-2.151764942127106783e-01
1.471192135312420213e-01
-5.486511878089794791e-03
-8.081029657437022173e-02
-6.202319880304562050e-01
-2.810915546234621920e-01
1.660942085464346962e-01
1.772092091744636999e-01
4.764252950671837850e-02
-5.092223260970706322e-01
-1.984771616527966076e-01
-2.234639142412373491e-01
-1.347437850573320883e-01
1.116536108949525152e-01
3.858232598492144505e-01
8.820181457973014227e-02
3.528809980284255410e-01
-5.314099926077598957e-01
1.314226844190291565e+00
-1.751250419869790909e-01
-6.873797889806233519e-01
1.334857247288039783e+00
-9.866185891553918008e-01
-2.292169349493573982e+00
-3.766650321265279988e+00
-5.436571816903988719e+00
1.235718459238313471e+00
-4.435293944727369819e+00
1.957572548535051027e+00
1.245434683005539611e+00
-8.683074842645766012e-02
3.596932666552241642e-01
2.407893964084776073e+00
2.685873312070524932e+00
4.576832233761482627e+00
1.269235808578017100e+00
1.512657370467240137e+00
-8.090216313782216950e-02
4.808943280677888676e-01
1.427484927440536566e-01
-1.512917785022550365e+00
-1.930037535937098703e+00
-8.971380339357473144e-01
-1.701278783745158840e+00
-2.024691853451647816e-01
-2.733301378754602773e+00
-6.472263325912015475e-01
-9.410219574790001928e-01
1.369092657832479354e+00
2.515058429595473655e-02
-2.338969556822512175e-01
6.805812931738115523e-01
-1.050542754453811511e-01
3.091779006764880933e-01
3.236092889210515633e+00
3.132104748314135545e+00
6.380759364381493048e-01
7.269848728457658504e-01
5.723078525615554746e-01
6.287125496333840768e-01
4.256119824229300797e-01
3.219109321599442630e-01
-2.879040468742282144e-01
-9.267645227608818370e-01
-6.010127171941737068e-02
-3.249297066030867320e-01
-3.170528617601102717e-01
-7.646097541446256196e-01
-9.452149288985730591e-01
-6.500397800735937537e-01
-2.438409094272475652e-01
4.560691674102861359e-01
-1.087105156175393050e-01
-3.708629983493351157e-01
6.811402359962077657e-01
-4.637658685040055850e-01
-2.664653964278136389e-01
-1.062354377392043636e+00
-2.917886408252418740e+00
-1.157743999139204227e+00
-5.874040823290576085e-01
-5.349745476922054266e-01
-5.123705800572553315e-01
-1.134358008545893526e+00
-1.839697247562034121e+00
-2.496812677062296260e+00
-2.884240194785599343e+00
-9.574419877189370709e-01
-2.017986392235886939e+00
-3.094314825595336771e+00
8.274048989514461994e-01
-3.089709606480318627e+01
2.411846296885641294e+01
-2.437615296477499527e+00
-2.205063901076282917e+00
-1.177928713288260099e+00
-1.472199662660443664e+00
-4.262406140874190896e-01
7.814332778077570651e-01
4.499365198688835221e+00
7.221278967265234883e+00
4.550207964404165750e+00
5.887806543881909604e+00
5.921314140040688123e+00
6.951429405672499229e+00
5.696450915937911752e+00
1.460754885079004417e+00
-5.739805085130136320e-01
-5.047733053725904639e-01
-1.077947764084955296e+00
-5.680121103920070524e-01
-6.575058780576781281e-01
5.627817089252928895e-02
3.316263554954601567e-01
8.318891293301433620e-03
1.118236422423999343e-01
1.040401633159388162e+00
1.267412626286799515e+00
2.479797536619294362e+00
2.506078748433694159e+00
2.466190864152062900e+00
1.323940056363982265e+00
-3.659087550306683312e-01
-5.539164589052525400e-02
-4.374057164115185969e-02
1.220250442861294360e+00
1.413364282748291956e+00
2.145908629195634632e+00
3.021968062302949676e+00
2.322031128465798844e+00
5.457932241025353903e-01
-5.743202111498426632e-01
-5.934647243347264123e-01
1.273670697407496277e-01
-9.101454058003426439e-01
-4.100362262321144868e+00
-1.095115836585137004e+00
5.880969662916939455e-01
3.656366194528221314e+00
2.582267324387643725e-01
-7.175362908591793598e-01
-1.205594603207451598e+00
-1.539042651709738863e+00
-1.796164137176212705e+00
-2.965697897886778733e+00
2.335180052955632135e-01
-1.524296075417854723e-01
2.059318545653887611e-02
-5.914760021002400947e-01
-7.120174312464175870e-01
-1.894221699119068347e+00
-2.203479458423363013e-01
2.595050118899518310e+00
1.548144360586155344e+00
1.568789126761137354e+00
1.427230764797208451e+00
-1.749166488700268474e+00
-6.887631463845487190e-01
-9.863648053138618366e-01
-3.230521618170278941e-01
4.503385810374904707e-01
4.213696095638024275e-01
-2.277889277510757537e+00
-1.398667809308728138e+00
-5.128846474563442115e-01
1.022729524441119864e+00
3.527106257227483610e-01
2.937964061983148412e+00
-1.227592371159408557e+00
1.746936978623727654e+00
1.544924601013525134e+00
-4.818393416491346670e-01
-4.111934801516259341e+00
-4.425498265393255082e-01
6.798058235646676550e+00
3.629693442357357469e+00
1.870058158784800639e+00
2.058959248473602344e+00
5.740845251764845614e-01
-1.819205852049705641e-01
8.839805113527390290e-01
-2.673886786622787781e-01
-6.669494249296619159e-01
-4.491163758722546362e+00
-3.067886880680095629e+00
-2.353386607373316508e+00
-9.267949553713350497e-01
-4.611624543082246674e-01
7.294556384414558892e-01
4.009297974580405821e-02
1.913112977097433998e+00
1.493595392658750853e+00
-6.012135616548661687e-01
-6.314160419110770306e-01
-1.262635284835155858e+00
-2.279982260009607131e+00
-1.898884428375984257e+00
-1.435622543118773464e+00
-1.367210166881372757e+00
-1.379051171902236916e+00
-2.988480687039380079e+00
-3.612904489112373607e+00
-7.862561816159767680e-01
-3.351451000041318018e+00
-5.060688938854090324e+00
-4.472638061418554578e+00
-3.707552219054662146e+00
-2.003613426540969300e+00
-1.682672466108702025e+00
-3.244142793211647557e+00
-6.308473609321936237e-01
-5.782794566468965058e-01
-2.101831906293313068e+00
-4.151653234478253296e+00
-3.950599627551309112e+00
-2.404211201813303944e+00
-1.909142179905011005e+00
-4.372817285556536149e+00
-3.067138796882488805e+00
-4.362458107737673174e+00
-1.758558779290240182e-01
9.668503908467513952e-01
6.534023022614221077e+00
1.393121210027848278e+01
3.426336760225307643e+00
8.358476858943824084e-01
1.316996040951405433e+00
4.304015790327365920e+00
4.809937116490150544e+00
3.861819650770868861e+00
3.831235110871254790e+00
5.677292781672062638e+00
2.377036026423837267e+00
2.379595446866328956e+00
-6.046853396407101400e-01
-2.551784663820386712e-01
-7.562840575866545123e-01
-3.682693655616131601e-01
1.720471330187445247e-02
5.476254823203063893e-02
-1.822695259973601267e-01
-7.272896874810230727e-02
-2.321487319622501211e+00
-1.734071506671163831e+00
-1.410468239190735273e+00
-1.131547985524163913e-01
-5.435683762454446288e-01
2.063836086878172438e-01
-3.705306912809929187e-01
-3.709669359261242860e+00
-9.098204046022253522e-01
1.653069553754331622e+00
2.419341895896472749e+00
-7.356137755532046185e-01
7.161305895141003575e-01
2.592544958550462297e-01
1.466987450535497395e-01
6.009010326434411908e-01
6.328137421167898680e-01
3.047772515266300886e+00
6.007979818913742331e-01
-1.157233139863482529e+00
-5.869876912384799361e-01
4.437925576636165825e-01
4.846983801286784965e-01
1.675828777564032146e+00
-9.639645433417461939e-01
-5.844491057556611135e-02
-8.763083456690992090e-01
-9.599556753174443013e-01
-7.697397504767335974e-01
2.080528129271965732e-01
-4.452093954153863997e-01
-4.933367412364146887e-01
-2.469742396631309234e+00
9.419600523015612126e-01
1.423398051394891617e+00
8.589693354593308516e-01
-1.382950849417339256e-01
4.973380264367965875e-01
3.384687652133211433e-01
1.706089156078973712e-01
5.061956012046664455e-02
8.987942281821017509e-01
9.380896487213862267e-01
3.280169386902381801e-01
-3.355592760100443162e-01
3.553166251352335436e-01
-6.772633147395049624e-01
7.063649112510838046e-01
6.293378719451208081e-01
2.157228447839903751e+00
2.378349313740940829e+00
5.263083054271408656e+00
4.036883790674210104e+00
1.053182391393021256e+01
1.587326963056193563e+01
8.526219098453715617e+00
5.948347210547467512e+00
1.091336971913662524e+00
5.513589183511221847e+00
5.490067775422602381e+00
-1.424174122418335742e+00
5.277731202774006647e+00
5.515434042880144716e+00
5.332323678172215864e+00
4.381352875295405624e+00
3.965198216244857576e+00
3.656349140379973051e-01
7.520709408870658308e-01
-8.956553675689164606e+00
-2.408332897120462945e+01
-1.578068751370773981e+01
-1.170751465778962341e+01
-1.079394131366365173e+01
-2.643701181989893456e+00
-5.551047437028451270e-01
-4.385933165952431878e+00
-1.899082895641697633e+00
-8.837695986912859070e-01
-5.757342903690734204e-01
-3.306292087580970929e-01
-2.397830824675040162e-02
-7.820092899256891883e-02
-1.204045207723378752e-01
-2.922327491539000732e-01
-7.743871760411646932e-01
-2.921116569054453826e+00
-1.920794290215173561e+00
-5.083493888721979381e-01
-2.420089111904507817e+00
-1.012736193855852562e+00
3.036098582430801773e-01
1.010879451810806628e-01
2.222249175822900380e+00
1.893974692340062216e+00
1.881211278114047758e-01
-2.369620555306383825e+00
-3.899390091202396658e+00
-5.556014239803965804e-01
8.927985413885213273e-01
4.737004402923325475e-01
1.530059578123915243e+00
-4.681767503095074501e-01
1.711863167215668113e-01
3.314979940916910062e-01
-7.336082531264942475e-03
2.969585495674165188e-03
4.441425880346749899e-01
3.966751385423279430e-01
1.946443874862786583e+00
4.804434500935452768e-01
1.780058607303596219e+00
1.996637549090275243e+00
2.196879009459458132e-01
-1.060769860808061793e-01
9.726105444994637139e-02
-2.240651500618540126e-02
-1.735231447043583231e+00
1.931834925283464344e-01
-4.368298890747990271e-01
1.564535568261780085e-01
-2.369712535087069583e-01
6.050761383545477656e-02
-9.583463219957106816e-01
6.924304773266838353e-01
3.828998612151899295e-01
1.262347887029756421e+00
3.016208443996921673e-01
2.073245303157520425e-01
-1.519361658509943425e-01
1.639581048966451959e-01
6.903224293970566805e-02
7.348134405604280772e-01
1.715654539933545664e+00
1.108386915942460860e+00
2.536213387146883491e+00
-1.138341828372091413e-01
-2.762751484593053419e-01
-1.808361990388151597e+00
-3.557938282804329333e-01
-4.846135179717414587e-02
-1.028687374535243393e+00
6.301444470844970169e-01
1.107359344113246991e+00
-2.170634017689021533e-01
-9.812462484335302548e-01
-1.112382946867024103e+00
-2.052092576040678296e-01
1.225411473536830442e-01
-1.403760272815665289e+00
-1.664424730128128971e-01
-1.646906058243652105e+00
-2.039333582101971132e+00
-8.712303221016703958e-02
5.531645869200980670e-01
4.856761440809203023e-01
-5.697293248508028540e-01
9.283698406386076130e-02
-6.414673850652556908e-01
-1.947682425161145758e-01
-3.517355531684920322e-01
2.678659946955352922e-02
-1.153058646363215534e+00
-2.717623753281658949e+00
1.103633299323678374e+00
-1.280307166226610782e+00
-2.825876540595985142e-01
-4.395596295873743786e-02
-1.415546543984094185e+00
-8.996946020063356642e-02
-1.236893537543066746e+00
-8.768043368591351694e-01
-3.199503236628529201e-01
7.046230363928263074e-02
4.126459211786643877e-01
7.138648161949490145e-01
1.918752137888670717e-01
1.310445335414225587e+00
2.462076650255717869e-01
2.136982470836275017e-01
-3.939161253144352060e-01
7.213343236425827643e-01
-7.676477025245431740e-02
1.820492662629876524e+00
2.509108548193034416e+00
6.564845155876585459e+00
1.155288058418363484e+01
1.217469470479495897e+01
1.868337351672726498e+01
1.437330736499038863e+01
4.103044850065060700e+00
-1.273634218275759622e+00
-2.247709796062665077e+00
1.749355324125275502e+00
-5.948527852839653463e+00
-3.870063400171801504e-01
-4.405156073567106034e+00
-6.826217630040765982e+00
-5.604651204612864035e+00
-7.409610691794618731e+00
-5.225387929070429038e+00
-3.843745515735520257e+00
-1.885011529588300760e+00
-9.973509482732652032e-01
-7.364924957226666180e+00
-6.508006939140081215e+00
-2.593540388123471985e+00
-3.233316322838415857e+00
-1.798748109235850379e+00
5.246086867361210437e-02
-2.661006930852671815e-02
-1.874156353771061490e-01
-3.560245937488630830e-01
5.981136863067231246e-01
-1.111008983603944067e+00
3.613217789265181779e-01
-3.325104177187085952e-01
-1.144552143261460042e+00
-2.279263593722537617e+00
-3.574732641553112877e+00
1.192459053185105811e+00
1.116325886526428279e+00
6.194856605652575565e-01
-1.705433961829007083e+00
1.337077762332561370e-01
-1.255908448187904147e+00
-6.837934656770645603e-01
7.437092523895438845e-02
-9.809388110464389854e-02
-2.095882101169750378e-01
1.409448252401687807e+00
6.454476952999144146e-02
-2.092741242734623697e-01
3.269233884413815794e-01
7.172917918585832719e-01
4.553491441489287972e-02
1.034024907037846885e+00
2.431793867817274024e-01
-1.088544519024660762e+00
-8.982436751996525359e-01
3.677483941795076650e-01
4.647053035781978370e-01
1.479838364280211538e+00
8.355802896653492517e-01
-1.278771218720195613e+00
1.273148662714166157e+00
5.468791720032373238e-01
-6.912296578852410445e-01
2.608952132325390583e-01
-5.800341894379146268e-02
-3.296511415730196681e-02
4.596630517791742143e-01
2.858478476231669507e-01
-1.267517561664920134e+00
-5.185876690213064855e-01
-4.588224463606592751e-01
9.101860330787978626e-01
2.528356423885588233e-01
6.686821990851621322e-02
8.689939622002329500e-02
-1.378965458386103959e+00
-1.205667488587151226e+00
-3.199377078759280124e-01
7.681774972930679457e-01
-3.671495424412700714e-01
8.837894309035508877e-01
1.029468266026576595e+00
-4.255204761939853086e-01
-4.831790240772241840e-01
-1.042259969613552162e+00
1.874448331664511080e-01
-9.095657859212495921e-01
1.786073466217980021e+00
-1.105996814006985907e-01
-2.374768007508699652e-01
5.278487738990018663e-01
1.556586772926227935e+00
-4.274321520052711820e-01
1.688598162394595814e+00
1.379940009685975966e-01
1.630581863655438113e-01
-1.097299817516782516e+00
-5.552146986134303130e-01
-1.455563263285803988e-01
9.317392493586298396e-01
5.897917032683301919e-01
-4.280864071156749162e-01
-6.628908813380876008e-01
-5.578636743521172559e-01
-2.317841910713811515e-01
3.808390121383928850e-01
-8.324985782944738233e-02
1.421493586809059462e-01
4.403934374833211596e-01
1.029196608774697985e+00
1.458350684948710452e-01
5.105075210841367728e-01
1.926951974857314287e+00
2.630419412532400969e-01
6.525155802761517521e-02
-1.169926187136569595e-01
-4.518151664936294054e-01
-8.420970174220068216e-01
1.661211550419849914e-01
7.929889989905980485e-02
-1.935342219266615871e-01
9.133808088660693159e-01
-7.188702728263400843e-01
-2.285082877016178848e+00
-3.709683390516648416e+00
-2.869322939907248404e+00
-1.436693908917326290e+00
-2.972230345762714165e-01
-2.426862609424063066e-01
1.556185749538485652e-01
4.217536878839966974e-01
-3.148291825695332946e-01
3.029992269444647945e-01
1.288269222344459841e+00
1.909338407097517454e+00
2.096429867213655651e+00
4.521783030629230038e-01
5.621219608800288592e-01
6.952724991067232851e-02
1.329499741387698553e-01
-4.034819817033046263e-01
6.430696491807036397e-01
-3.128345456732950502e-01
-7.731756696666467477e-01
6.534289964161787978e-01
-8.966916513819667145e-02
1.421934777006113038e-01
3.769869623479813470e-01
3.117101374366672006e-01
-2.416468582334287518e+00
-1.823669652290072385e+00
1.874191978998713815e-01
-1.767676757210288052e-01
1.670261605501655033e-01
3.934336303745848973e-01
1.510435462418415753e-01
-9.267241422389993488e-02
4.111691070205303333e-01
8.906471051315409948e-01
-7.591175806281658112e-03
1.993714532293242581e-01
6.955184277187367314e-01
5.460284969592144044e-01
2.420951855542504139e-01
6.319323622046024713e-02
-9.949444248682668412e-01
-9.713575128510176793e-02
-6.489768380095861655e-02
1.410292981312057936e-01
1.750920888025706834e-01
8.098810815673249675e-01
1.161557476839312208e+00
6.307935971629541339e-01
1.679041730073267846e+00
2.842250070315710531e+00
4.226429708728264067e+00
3.930169917056115736e+00
7.189770820597718881e+00
6.086040875578639486e+00
9.915017519853819294e-02
6.557925043196437542e+00
1.084633648522547844e+01
2.628596589953041018e+00
1.886862761163655478e+00
4.517025875561905934e+00
4.368740168207160934e+00
4.603356170349620413e+00
7.602112669625995522e+00
4.840216771406588236e+00
6.106531894265756932e+00
2.453425517264122391e+00
1.004919667035935049e+00
-9.184901879850926321e+00
-7.533317488387950789e+00
-1.421134690660548472e+01
-5.495614458316318007e+00
1.559938963120174549e+00
3.596165756900951749e+00
2.297017367765192830e+00
-4.068489711202914805e+00
-1.162642903332000799e+01
-5.462464614638349758e+00
-8.302181790034119047e+00
-5.614192129759732808e+00
-7.524292390938004615e+00
-4.296650067548121399e+00
-3.625765437414233183e+00
-4.931029425201357341e+00
-4.997131723595039432e+00
-1.174877228168579535e+00
-2.074194840635549930e+00
-1.190953629831827953e+00
6.859711021171390755e-01
6.059362258751379571e-01
7.233242780842559227e-01
4.913527926566922943e-01
4.575091285857970647e-01
7.931189039299182397e-01
1.162944062622139452e+00
1.748277308148977971e+00
5.113846892499843699e-01
2.752348746662257595e-01
-4.389902825407376863e-02
1.038708171795307500e+00
6.071909578803884600e-01
-2.983479570761849997e-01
-1.845289092421587007e-01
-1.003815434443909305e-01
-3.020375280673269547e+00
-4.090326305829474762e-01
4.953382579402396679e-01
1.291790922456798940e+00
1.028950312833206482e+00
-9.433624718247954344e-02
7.362062351916479064e-02
-4.663589282941577041e-01
-1.908231044436600188e-01
-2.914989275117083611e-01
1.840211782637070081e-01
4.082962396341422995e-01
1.044814074713458441e+00
7.015062652513750496e-01
1.495151165308308272e-01
4.263763212704054784e-01
-1.657897351805888153e-01
-4.498733094855147385e-01
-1.127141809173331843e+00
1.091169868634486451e-01
-1.066297996706560419e-01
-1.418452261894588728e+00
-5.415901264626492573e-01
2.747471270641339558e-01
9.120331514966427688e-01
-6.996266404925566285e-02
8.607008112609583206e-01
-6.165964048539904208e-03
-2.924964285674772416e-02
1.292726187427293505e+00
6.207722546273195530e-01
-4.942680382624191626e-01
-2.557674989280670719e+00
3.482703676978835539e-01
1.403205669175114689e+00
-3.430491040445724504e-01
1.723391452052549511e+00
3.924764455580698197e-01
-1.552340432061486197e+00
-2.104429243559581941e+00
5.619652848747246354e-01
-6.036693939738230208e-01
1.071117706797641400e+00
-1.548421354701662034e-01
-5.057921642924136929e-01
5.203451028445644777e-01
-3.856250850416146903e-01
1.923412447877881348e-01
2.000965170513862579e-01
8.284143450274723541e-01
-2.519865721036135819e-01
-7.555098293316117042e-01
-1.790714883727385853e+00
-1.188991822831860112e+00
1.342508029407250447e+00
-1.039682713818694815e-01
-4.016291457688815569e+00
-4.599752545575209517e+00
-4.698950949287651113e+00
-1.448343552089699671e+00
3.184936276969557056e+00
4.249079242132470569e+00
3.109065583493530127e+00
5.980776724552733015e+00
5.776410817431472999e+00
6.298106170819988137e-01
2.265560650396191811e+00
8.582958152329815960e-01
8.089999169195039030e-01
-1.982257013030377379e-01
-3.556815328402250564e+00
2.070681855855300846e+00
1.973899708116427121e+00
8.738658481458116967e-02
-4.337161028501661519e-01
6.188586026385234362e-01
-3.134392300182202717e-01
-1.536305419082815149e-01
-1.924860439675431856e+00
-1.731079664818728325e+00
2.560821904803471938e-01
4.119871492159337123e-01
-2.911747444408412377e-01
3.317761703531161288e-01
-3.763679995694192648e+00
-3.630212117808327754e+00
-2.696417012305278860e+00
-6.393404009218142114e-01
-2.392696482975766870e-01
-5.456656569900770748e-01
-1.622393306355212061e-01
4.826475035912558553e-02
3.080921904745572704e-01
1.968739036256843544e+00
1.211455084762578682e+00
1.416620335957403443e+00
1.618948864463924664e-01
5.987311072177330384e-01
2.267431258189442467e+00
6.631202964018942936e+00
5.657063477251181638e+00
9.491880795407539040e-01
5.987118335207661346e+00
6.830866757358307950e+00
1.097656859735071322e+00
4.278748286291822467e-01
1.153544850088284335e+00
-1.886023890112973334e-01
1.472927520020153480e+00
-1.367017921967594418e+00
-1.181226817441238808e+00
-1.153320018631049493e+00
5.812791618880197575e-02
-2.034461251635669043e+00
2.692464730937160766e-01
-3.316559939620589148e+00
-4.380914617409484180e+00
-2.909398586647292007e+00
-3.772257987149133740e+00
-7.421678534040643704e+00
-6.757369359784133778e+00
-1.296839064453171542e+00
3.155586722215137474e+00
5.635271342775556747e+00
5.098820212825684095e+00
5.460331779761142812e+00
3.516210498210423196e+00
5.712148306151863864e+00
3.393509069590258775e+00
8.793021700077048308e-01
-7.951060846812296745e-01
-4.452955133937308574e+00
-5.634234298081100434e+00
1.628309953536685839e+00
2.614921659154866518e+00
4.216386497649935450e-01
-5.322890555457604478e-01
-1.961558243049200456e+00
-1.718559973136358110e+00
1.108538124227973043e+00
1.833232309297937235e+00
-2.390500675132848585e+00
-1.012071679509791267e+00
5.226941121991472983e-01
5.141303902417604377e-02
2.238518429022775535e-01
-5.672582117937352564e-02
-1.067002067603475268e+00
-2.483059624116915387e+00
4.467480266636449926e-01
9.053238777280512295e-01
2.375225852114706271e+00
-6.431237313727393712e-01
6.808648381650073134e-02
-1.970235908620498577e+00
-2.247087771675463586e+00
-4.728508597474796460e-01
4.224755353722375872e-01
-6.900439895447512129e-01
-9.548629492619316039e-01
-2.942277332731286776e-01
-4.321897996652825924e-01
5.117641803061125927e-01
2.775634133136559711e-01
-4.247199839438664526e-03
3.144886318244335399e-01
3.007126887593756237e-01
4.221864413512577130e-01
-2.540194933190349502e-01
-8.767689026606593217e-01
8.891461502910757986e-03
-5.970776633193413119e-01
5.039662337315657936e-01
2.214933285238487315e-01
5.715227144041268303e-01
6.304575214437679875e-01
1.230718133248883461e+00
1.157947896774214058e+00
6.939472232052494860e-01
7.997212976818701691e-01
1.068596643313110661e+00
5.905630059285229549e-01
3.114256443201668390e-02
2.243017964586648816e-01
7.483733264579583988e-02
-2.875530131142117085e+00
-1.192260567817225336e+00
-2.423665859765977260e+00
1.196652569112535147e+00
2.350204645323014319e+00
1.161012324305641386e+00
1.070503097390318459e+00
8.191497147995647765e-01
5.920768681145354151e-01
8.231422283455458455e-01
-4.161759400423434840e-01
-1.315667019707792207e+00
-1.508421115574229532e+00
4.388139939135520251e-01
7.298882775825745739e-01
1.355687534973974095e+00
2.377822802134765823e-01
2.151067409500413419e-01
-1.216237814463127620e+00
-5.260059138485424057e+00
-4.278597911301137202e+00
-2.681537871001291151e+00
-1.951049645802729771e+00
-9.139744705468224595e-01
-4.258915483515561817e-01
-2.836452331513875436e+00
-5.067848032796426594e+00
-9.395928102746109456e-01
-2.071281946218578529e+00
-1.709465944265904369e+00
-2.494086604206259494e+00
-3.041441603707960795e+00
-4.998305494397484949e+00
-3.469572089868687925e+00
-3.375002014728945454e+00
-3.558677263540321434e+00
-3.910017464850167102e+00
-3.076100703822604032e-01
2.461414617672339489e-01
1.527340039978593467e+00
3.895380895976998659e-01
-6.713114439859779736e-02
-1.471236355676055041e+00
-5.129581157380158629e-02
-1.497340669479889641e+00
-2.407318998874671934e+00
9.265297078971101996e-01
8.415167683689759315e-01
5.561539063508739389e+00
8.178741698977027852e-01
-9.077800066600403284e-01
1.426937290684644921e+00
1.231626932368058647e+00
6.092786203094370023e+00
8.249326852816244227e+00
2.539756122659261095e+00
1.313240801604351304e+00
1.276944445477088408e-01
-4.520375430653444937e-02
-1.044945304078813919e+00
-1.100335611333989050e-01
8.091768498842055735e-01
2.195986210590876730e+00
1.956787708856898345e+00
2.155723778253641143e+00
1.008619119139620324e+00
-1.247205860712614078e-01
8.018221142907600019e-02
3.555856167845614091e-01
3.287777403945222887e-01
-2.062796157322236423e-01
-3.680923261193853602e-01
1.171786812643496045e-01
1.839115532428320376e-01
-5.139910104273837099e-02
2.035142426238363722e+00
1.130432025622412073e+00
1.016265646054570482e-02
1.475729403822712005e+00
2.070693713518441115e+00
-6.252009559028799401e-01
-1.173935105146829194e+00
-1.130181574057615101e+00
1.215850239023561485e-01
3.344792009973645008e-01
-8.491630176298246013e-01
-9.059818361081872773e-01
-1.873164005899699447e+00
-7.418958750079736042e-01
-9.328869133614383635e-01
-9.489260600579907390e-01
-1.595405969982664818e+00
-1.019020521365938237e+00
9.086146882733814323e-02
1.761235148047415322e-01
2.066767447755628595e-01
5.682286568792958015e-01
1.899550915944741014e-01
3.560256010139490890e-01
-6.282464639699023579e-01
6.931873779971318150e-01
-3.530083459383761557e-01
-8.003245643538559051e-02
1.862045060475296943e-01
8.513778085178049793e-01
2.374309651843815150e+00
6.201174736438166413e-01
-5.879841315021550052e-02
-6.092862338223958840e-01
1.997829810266633088e-01
-1.896154061304752281e-01
1.084194285779277678e+00
1.759897906273514945e+00
6.050822870629325223e+00
8.885403204897915685e+00
8.147207784442386469e+00
1.109080200985142639e+01
7.013044889829544104e+00
4.602358154708582560e+00
5.673310797147280482e+00
6.953213664253709680e+00
4.056508460315590980e+00
6.192921006054078248e+00
6.421349291708693841e+00
7.273785455788015497e-01
7.858579650271764194e-01
2.159918236725630436e+00
2.684197784239316320e+00
5.372390374160431747e-01
-2.864527917315442096e+00
-9.447374071341997137e+00
-8.618795708834653624e+00
-1.072738815476954954e+01
-9.254454264235462801e+00
-1.008453184917830470e+01
-7.864464547076380541e+00
-2.529033952234090776e+00
-1.333033071672993231e-01
-3.342318058213990639e+00
-3.380175695163906369e+00
-6.175583401683795159e+00
-2.207647786521979683e+00
-7.816551582115254249e-01
2.384678039259364724e-01
-1.745871930706431208e+00
-2.857947005162878362e+00
2.672245821963992185e-02
-5.814108686305901053e-01
-7.214185513638606828e-01
-8.363191622835419725e-01
5.064581906495480013e-02
-4.993816000488626727e-02
3.141649602492848636e-01
-5.245510457787305736e-01
3.200204124898418101e-01
2.622673957072378936e-01
3.621265062709404514e-01
-4.038855389273849905e-01
-1.651787287390716896e+00
-5.243056851822719411e-01
5.007246534213177780e-02
-2.358482440097696142e-01
-9.974740333493714584e-02
1.471480997128418178e-01
4.429213851378328570e-01
-1.311180743712961339e-02
1.068779834747789259e+00
1.190903678470335292e+00
8.809552422117117310e-01
1.531713680495654373e+00
1.657580830060013888e+00
5.090897576466923979e-01
8.033433645406660162e-01
4.456128553260390035e-01
2.122321332794605553e-01
3.525097370918039985e-02
2.008659636951417582e-01
1.529470403433228043e+00
9.853575388189472761e-01
1.214294196122066793e+00
4.100876133688551306e-01
-1.297656806342970981e+00
4.409898289337714772e-01
-1.963760364144091497e+00
1.068119066169078479e+00
-8.750498990926747211e-01
-1.174943003253048346e-03
1.314781813526693099e-01
1.677049225783129316e-01
-4.340736071726372103e-01
4.053305362576491433e-01
3.004092951947363588e-01
7.507886979998747989e-01
-1.052835743732138951e-01
-6.026326649206126262e-02
-1.288366904763853071e+00
-1.125093013855090973e+00
-3.714842147250774218e-01
-9.577745735716831632e-01
-6.421571190068284807e-01
2.070182912885520921e-02
1.839855089487244300e+00
1.619138936517327210e+00
9.465638015674322503e-01
1.126231615343863623e+00
1.627085971597885816e-01
-1.723451022328593041e+00
-8.530540742042944657e-01
-3.006498574930445145e+00
-8.354512241272127326e-01
-1.257493111184690093e+00
-2.776286343678463275e+00
-6.806874269355678297e-01
-1.539804712613909610e+00
5.883683502341613414e-02
1.575559774823854786e-01
1.399260451647692527e+00
2.523263326049052679e+00
-2.777972521779799031e+00
-2.505408502527001868e+00
-4.088829374627720448e-01
1.950048983492949084e-01
-6.483194971328267719e-01
-3.726414715796648736e-01
-2.135496040826447839e-01
1.370551279408205092e+00
3.395087185293623744e-01
5.898082462845991580e-01
-2.558146052247789459e-01
2.965656316574222240e-01
1.430530135450171603e+00
1.521099598349597404e+00
1.240870920344592676e+00
1.418028477811695609e+00
1.456486070683374656e+00
7.873690529784624914e-01
-3.959525226164348766e-01
7.825583303520913248e-01
1.565236030697801262e+00
1.121823243865803121e+00
-8.644602360981501477e-02
-1.041415208779858048e+00
-1.762949357189883770e+00
3.429707395593428743e-01
-2.191824361300440671e-01
-6.216470483057765506e-01
-1.310594941976749084e+00
-1.034023942788802053e+00
1.088514222318934799e+00
6.728266610612880783e-01
6.286136967505351336e-01
-2.465927211589580281e-01
8.292379384156829403e-01
1.580639096440230595e+00
3.528433394525229971e-01
-8.548250203818952286e-02
3.436794663665221350e-01
-8.219737502176478472e-01
-1.866620178430797417e+00
-6.447361923611079959e+00
-4.641213822826725455e+00
-6.653259846440393588e-01
-2.587026906135754700e+00
-9.242180914898687760e-01
-9.891465945617241573e-01
-2.175705055077608918e+00
-3.661436193627380931e-01
1.172596210914598203e-01
7.057448126692484891e-01
-1.042274960843219134e-01
-2.328241408676303692e+00
-6.706553834354469501e-01
-6.293832816965050370e-03
2.343067026499353389e+00
1.876462788104083401e+00
-4.315717205833990988e-01
3.497899455014739090e-01
2.058197696318933900e+00
2.650474941698401032e+00
2.165949664577389910e+00
1.529250658368138227e+00
-2.303678123935113398e-01
3.373153912743485083e-01
-2.898819379042998357e-01
9.530191041248143868e-01
2.039689929642216626e+00
-1.977134665278217351e-01
-5.208179607764233943e-01
-2.199496187122076840e+00
5.382610131785559027e-01
-1.997616658023788627e-01
2.838649560704202823e-01
-5.501070284732425542e-01
-1.762466584262218916e-01
-1.210097410591548517e-02
1.207988080019495092e+00
5.360597836994025478e-01
-3.671572871476850852e-01
-1.292030796003760029e+00
5.005678958476464935e-01
-1.815849557252389168e-01
1.574093115120882569e-01
1.228780992140011685e-01
1.577000532973476421e+00
5.558733877549182356e-01
-8.483030888695344274e-01
-3.813612594181991500e-01
3.486493309622525905e-01
2.387522358134249179e-01
5.107754023973287705e-01
1.151484545493652423e+00
4.624776602986679919e-02
1.367963346415379533e-02
-1.123769599131126951e+00
-3.431355398678234359e+00
-7.039022310556140027e-01
-3.218592815437761878e-01
-2.331673127780642396e-01
-4.271565838192126208e-02
-3.752399994792643412e-02
2.509658071377129929e-02
3.188223710759903184e-01
8.254553646417139845e-02
-1.764348662529835465e-02
3.502879981459319225e-01
1.807415799087737085e-01
1.288126488003517922e+00
4.080516092654614901e+00
3.129596929926607096e+00
2.302331845766085294e+00
2.270612908587501977e+00
1.731372037831532040e+00
-1.087397052914981899e+00
-5.427148239211376790e-01
-3.673487431622667998e+00
-4.911582247616895103e+00
-3.112157268753955819e+00
-1.223353688855641774e+00
-6.291500424638001299e-01
-1.087724582440964038e+00
8.665163042959722617e-02
-4.490844554209028061e-01
1.222834326360935364e-01
5.132445057576897618e-01
1.468438611991065290e+00
1.633591405313836065e+00
3.203453439268888481e-02
2.838050570795445093e-01
5.652529369583584540e+00
8.633234032212049769e+00
8.216692759927884282e+00
1.282717293693773897e+01
1.432056450976021011e+01
1.193571686345486427e+01
7.935572015702653914e+00
2.381310489589495205e+00
-2.795124318380047157e+00
-1.197156363112341637e+00
-8.010304744947376321e-01
-4.426418026759733948e+00
-2.653337804608192130e+00
-5.017724206104531959e+00
-7.244142482825431273e+00
-7.890612828534436574e+00
-7.918690503014044424e+00
-4.467405658513857958e+00
-4.308417385612436590e+00
-6.510926291991658843e-01
-2.051164951655113811e+00
-6.518688813297476514e+00
-2.351935650593741656e-01
-5.040622834927402707e+00
-6.887122515093908603e-01
-2.097020961777280590e+00
-1.042373505569468506e+00
2.770266521674544791e-01
-2.446996394127663788e+00
3.344548911936200408e+00
1.151762673145466209e+00
3.311290346391242423e-01
-1.228485158406584787e-01
-2.057759829063010137e+00
-3.207924100933186473e+00
-1.963368042346460562e-01
4.719286454838766964e-02
-1.491484915550342016e+00
-2.441922269799480016e+00
1.086286362184197163e+00
7.329683085142546517e-02
4.239702116690530209e-01
1.414197441091719298e+00
3.332597390897129586e-01
-6.063666018743223418e-01
3.520518952474936958e-01
-4.496995672936443533e-01
1.740303025874851750e+00
-2.120044427381774454e+00
1.373393856313740669e+00
-1.647777930889028797e+00
-9.223888121266585749e-01
-5.586042850567205509e-01
8.304754798963467355e-01
-8.226098135491084484e-01
5.928030667079351446e-01
1.514817833621255661e+00
-1.825870266929134067e-01
6.396429834937887859e-01
-3.540186531939326087e-01
7.014599348248390376e-02
3.020443334922576772e-01
6.398579360993132958e-01
1.448175891751259936e-01
-8.236595129145984906e-02
-2.102719021151224776e-01
4.161737335254933612e-02
3.565500375311918546e-01
-4.419371258873123764e-01
-1.762209458557445929e+00
-1.084483141523771677e+00
-5.433379044508954703e-01
4.394402175810545597e-01
-1.041931577999410941e-02
-2.090543907257762513e-01
5.258590141801919859e-01
2.803719807668683117e-01
-2.568268161409459349e-01
3.765432536100568051e-01
7.718474380049666905e-02
7.080738397337908996e-01
1.869294085058643029e+00
3.663162820257277463e+00
6.749349411892897166e+00
6.613330904808444544e+00
5.821617352901238718e+00
8.640298883611261971e+00
2.862812190766234721e+00
4.895504043003377603e+00
6.636273750366157742e+00
4.037674640514453017e+00
1.512784910125546389e+00
2.033322743419446965e+00
5.899629508485233487e+00
2.692661296418840777e+00
1.000175429228562507e+00
4.923396407943542386e+00
-1.353378505725984837e+00
1.678103551113736103e+00
3.918525018803364901e-01
-1.155788850329358297e+00
-4.348729242175551235e+00
-4.234134726217625655e+00
-7.270793011349553581e+00
-8.083710107217456198e+00
-5.153042028687529807e+00
-3.356156132027528827e+00
-1.437980024896852171e+00
-3.521246774069080487e+00
-1.326202122173278042e+00
-4.140302865553536549e+00
-2.112910674724847837e+00
-1.823413444378029880e+00
-4.986632689738481616e+00
-1.868119813957958897e+00
-3.730312494198351203e+00
-2.108108392557964450e+00
-6.557501550569157622e+00
-2.571018390631834460e+00
1.602838187999668929e-01
5.328250879068663348e-02
1.314163601639631196e+00
1.440723830940047634e+00
4.143606342944305965e-01
-6.941043680223035750e-01
-2.757187589686853180e+00
-8.202340512892706270e-01
-3.503494495314740664e-01
1.291536933607684290e-01
-2.728483050588367265e-01
2.243866086739749743e-01
5.207860786667517505e-01
2.079484889477734022e-03
3.183014056210742293e-02
1.907049696838169217e-01
-5.575999097668080107e-02
-1.285322624897811683e-01
3.863681578216955348e-01
-1.265284262206968768e-01
1.762240798965822308e-03
1.275892686141035237e-01
7.776169368112731406e-02
8.707430424648473499e-01
4.983358241557267476e-01
-6.714604888161064267e-01
-1.471456613511635814e+00
5.597570645721117177e-02
-3.182140796145708217e-01
5.393999038797012702e-01
-2.157467467822562490e-01
4.460006864862353093e-01
-1.216778341588218293e-01
-1.112481954045448779e-01
-8.433893366471272302e-01
-2.157117704590023610e-01
-4.627993610600797947e-01
9.795607321695192216e-01
7.831467296171349401e-01
-3.040090741202191027e-01
-1.345827575661095121e+00
-7.706101767212580889e-02
-1.830192723553114575e-04
3.730960320852769740e-01
5.562408811924967056e-01
4.007286355161838731e-01
3.575100867500863866e-01
-1.126272249542903114e-01
1.466541311475655363e-01
1.700851714280911253e-01
5.116949419339158478e-01
5.582978090010271011e-02
-2.002452164617617436e-01
1.185707389043209492e+00
1.428139085740949499e+00
-2.154858161165660313e-01
-1.778947951670394767e+00
-2.504389284201039567e-01
-1.112004461120924104e+00
3.594724365384646680e-02
-8.068815003463343238e-01
2.589018448690768581e-01
-4.252583124976305751e-02
1.180662369339492423e-01
5.231037292567699559e-01
3.045596797546726853e-01
1.784006300057612571e-01
2.189160819223265442e+00
-9.897993199059844649e-01
2.405216972703418943e-01
1.886277492187662386e-01
-2.036326287481136088e-01
2.825899625863221853e-01
-2.861330255633731667e-03
-4.204070574135743144e-02
5.123675824742330853e-01
1.963173576201481918e+00
1.180363408785337853e+00
2.241279620014336338e+00
1.388491372479097485e+00
-3.418366139820960825e-02
-2.299657829940571219e-02
-1.181516223594705650e+00
-1.273917643989545212e+00
-3.105240738477221374e+00
-3.572941217332274544e+00
-1.594239373612185595e+00
-1.403629208970872400e+00
-1.071407094081379796e+00
-1.009789949419589661e+00
-1.887432024396947128e+00
4.862924062107705225e-01
-5.486021892922501308e-01
1.427183134605258807e+00
3.681479973990688936e+00
3.479669790142817298e+00
3.228864852074964542e+00
4.878742414030153185e+00
8.111690354478810150e+00
6.237669482194164061e+00
9.387562694533649221e+00
1.057895541075546220e+01
4.755173520398919607e+00
7.583154302804899771e-01
5.352234859525232480e+00
1.365298752471545640e+00
4.198097199625330234e+00
3.822481107536646050e+00
1.192276917459366814e+00
9.056571764378986700e-01
2.041345237137548452e+00
1.877428627831463359e+00
1.690509310938153931e+00
8.740691730817218286e-01
9.649557488857851695e-02
-5.189711306495752297e+00
-3.933686596888236409e+00
-3.314503080108011090e-01
-5.496678924541370748e+00
-7.114568489123577422e+00
-5.648559955823053258e+00
-8.527955476110136601e+00
-1.574081352347192819e+01
-6.673690298912005048e+00
-2.581421067068655262e+00
-1.600512030753513670e+00
-5.512839284583180621e+00
-5.464346643280635796e+00
-7.480583469138336605e-01
4.849031263048941831e-02
-7.008171440344705960e-01
-6.168041245761628488e-01
5.077435932866474211e-01
8.280841181462781364e-01
1.028994418180737558e-01
-1.988452607523167881e-01
1.128188591620679526e+00
7.431554798694557373e-01
-5.562371069675559054e-02
-1.532673487995472317e-01
1.026120573860199447e-01
7.870862488211083363e-01
1.360483394760487741e-01
6.015770620717295625e-01
1.443029721520472375e-01
-4.419733982956732810e-01
-1.488446070286821854e+00
-2.503719698224591839e-01
2.213515015545624576e-01
1.083915345238748218e+00
1.330241284252423606e+00
2.325410597523700496e-01
-4.653881151081011858e-01
-1.617047641626423449e-01
-3.815940518828506711e-01
-7.910175229371345651e-01
-6.205653096775122224e-01
-2.737100390127833904e+00
2.602147339890339417e-01
8.181493495870064692e-01
-2.494877916915623217e-01
-1.218641356503340489e-01
3.352484450707300390e-01
-4.271174184034138843e-01
3.983473760120019858e-01
-3.616759983011363921e-01
2.525937708763408285e-01
1.066413238206855851e-01
3.204363410474313500e-01
1.931301994816577938e+00
3.949128682466950258e-01
-1.639080013791925916e-01
-2.776715161288253464e-01
-5.271371397702692141e-01
-9.104471913157726748e-01
1.581114809341209737e-01
-2.146332640434605032e-01
5.062100522683650183e-01
8.862589933181619362e-02
2.627109353207600639e-01
5.879792044892008240e-01
-4.607793412438735969e-01
2.306325469540799200e-01
3.323026963474748907e-01
1.355826011736567693e+00
2.233678333574689034e-01
-5.846397870519570716e-02
-1.068137040632914925e-01
-9.537912064278999402e-01
-2.127649707411103375e-01
-2.169833398742448516e+00
-3.577789674632287920e-01
4.876961076070607248e-03
2.359936577791441614e-01
2.839107513971710350e-01
-9.811674433179191634e-01
-1.714667244139751467e-01
-1.391351136167928715e-01
5.179544744164126246e-01
1.152400760338390118e+00
2.080717422898815894e+00
1.143220598813467825e+00
2.600549408656953609e-01
-9.201615734122838841e-01
-2.909242890214104094e+00
1.854912791785348958e+00
-1.141810644583776124e+00
7.802152019090609070e-01
-6.486116257123679674e-01
5.656885409866546643e-01
7.517549709254423007e-01
-5.115913372236462475e-01
1.611658700439314140e+00
-1.243302904176335488e+00
-1.368372041274090289e+00
-2.388744417442478785e-02
-9.239146067658493555e-02
-7.389665869985098112e-01
6.884307968148568602e-01
-4.297827499767482573e-01
2.557203201447700858e-01
2.256736876128351277e-02
5.585746137414242529e-01
-5.154067507561291839e-01
-2.498761498351561583e-01
4.643370862408190969e-01
-1.172862426708612071e+00
1.473012717619622380e+00
6.677710040844883066e-01
-9.759548959973440851e-01
-2.869187808535206274e-02
-5.141647070861217195e-01
2.339138837180746444e-01
3.552917284320527558e-01
-7.516083628704499642e-01
1.017195030813305756e+00
-4.471729495130669085e-01
1.943173568736018542e-01
7.731930873753460887e-01
4.865118199705129043e-01
2.865192743438661482e-01
-9.570325708602589465e-01
4.713240245943844942e-01
8.743142630861177045e-01
-8.158930281924293704e-01
-2.405681544599002630e-01
2.985640240497258735e-01
-6.386281311716238696e-01
4.518952446139533619e-01
-2.082852694142300343e-01
2.644929833379107698e-01
7.387676298302121580e-01
-5.440022170523257650e-01
6.021060484060496432e-01
-3.580621408447248744e-01
2.664765146962304598e-01
-6.246337414052782755e-02
2.464341492320776261e-01
-9.032101708975992516e-01
7.671631345082994269e-01
1.469815309989883634e+00
4.473825346871358022e+00
2.808206216175017644e-01
1.477124267194489526e+00
-1.044559614374501066e+00
-2.539052733507407567e+00
-3.407433108739054806e+00
-2.155388154725337291e+00
-2.115904887265215528e+00
-4.959310154395346615e-02
-5.453558377684921687e-01
2.133041058061744266e-01
-4.159479605764408561e+00
-3.918224411644713356e+00
-2.616824121919641755e+00
-2.647694729100493305e+00
-3.458561378162508859e+00
-3.571441907119670134e+00
-5.850241105870154001e+00
-7.336984270080101567e+00
-7.927622635309141685e+00
-7.169072329899321971e+00
1.579786574957068979e+00
-4.850085485757702486e+00
-9.861058577712427109e-01
-8.303090700064714724e-01
-2.771578595961926794e+00
1.201455802741612899e+00
-4.076367514281287185e-01
2.363651422105434108e+00
2.421619276135317023e+00
1.801395556165040546e+00
4.859756904399269217e+00
5.974543746170532188e+00
3.690458460615595015e+00
-3.394262649006591914e-01
4.523084690010293230e+00
9.434811357109829544e+00
7.489728956293411954e+00
4.488660570189116683e+00
5.429081869644476477e+00
7.856053332354877128e+00
1.952652764012713149e+00
-1.131422969061990358e-01
-9.517068874339522644e-01
-2.016051234872725750e+00
-1.281842668166325527e+00
-3.186614050534963827e-01
-2.054664982734504264e-01
7.348128032529377407e-03
-1.750299745172614330e-01
2.689041360152468751e-01
4.103814300157183625e-01
-2.963154264133595062e-01
2.412211367934169459e-01
-1.002084423134941948e+00
6.635260655017480858e-01
-2.899378472111693306e-01
1.231406949007569640e-01
1.171501848929423772e-01
4.166911950153315836e-01
8.465400861692173873e-02
-4.091996884102205856e-01
7.861661798980130733e-01
1.002211654800357676e+00
-1.627089559417579601e+00
1.101790579552792249e+00
-4.578153095276786266e-01
2.576741520921108086e-01
6.903473002781773671e-02
4.555801296680024592e-02
1.188868604381620564e+00
3.287509703169697595e-01
-5.300167925058612006e-01
2.479870888968183085e-01
-7.407503151072748482e-01
-1.213868884195087983e+00
-1.112702177368345202e+00
-6.814712250065932952e-01
6.344569055687063752e-01
9.815986002707237645e-01
1.240218154128211347e+00
-1.612351886266949696e+00
6.727468186212957058e-01
-2.624173821748821300e+00
-6.332739501810897842e+00
-2.875495123423940314e+00
-1.918585112989148911e+00
-1.800494054777743713e+00
8.588706842618805126e-01
3.775520680547774788e-01
7.194732793850953101e-01
8.825048335559166901e-01
2.143531821803303927e-01
5.026519668193785151e-03
-8.486667539470538202e-02
1.229332065692496201e+00
-1.272620629953014060e-01
2.121894330510762927e-01
4.277044489899921587e-01
-7.560555767882704004e-02
-4.426166378035532034e-01
-5.902501322717057519e-02
-7.144192414146601777e-01
9.792782810821005768e-01
-1.725584325248945561e-01
-1.027146294275684824e-01
7.411621259012157736e-02
1.496856617980546034e+00
1.515474996781597028e+00
1.097596881780081191e+00
-1.130938076296279959e+00
1.923738057705040028e+00
7.242508370605396095e-01
1.085484455930452619e+00
2.453059951384914950e+00
2.529769010589628664e-01
-5.742026104846735812e-01
-2.710081819535364644e+00
-1.894829151034826964e-02
3.279462604660086100e-01
5.522792133224676547e-01
5.345961970069517122e-01
2.304867497363258799e+00
2.268520657475266766e+00
-8.276191031272677190e-01
4.552367640793411052e-01
1.751253712468343604e-01
9.050432472720670862e-01
9.114928769217818250e-01
-4.257597568664601706e-01
-1.132056664435232118e+00
-1.040164686508174841e+00
2.913254658677855158e-01
5.944034361538592659e-01
1.434255056887447033e+00
7.642849037822414537e-01
-3.821255019453042578e-01
5.449159879026233000e-02
4.349543255012893184e-01
-7.784247675354856177e-01
2.985522337098514001e-01
4.175647454285513760e-02
-1.478368287161696770e+00
-7.248959260630406520e-01
-4.150843419940278833e-01
-7.535879248516818008e-01
-1.133337377113059041e+00
-4.942045264116288195e+00
-3.063007234348489760e+00
-2.697234228738652817e+00
-4.627270024065200715e+00
-5.134671221735359836e+00
-3.363212149894810210e+00
9.556557089830164387e-03
-7.270278526939755182e-01
-6.815607260410924795e+00
-9.650268000029150528e+00
-1.150307335411374510e+01
-8.276049690008363768e+00
-5.670808622744232252e-01
3.207256638047581987e-01
-2.314945606692610625e+00
1.048134262381665849e+00
-6.847925783718338266e+00
-8.958707757441615627e+00
-8.531129693708820128e+00
-6.398775377072396964e+00
-3.924938905179971016e-01
-2.832673166085584171e-01
5.893708062390885516e-01
1.010940448167168881e+01
2.298982051330979459e+01
1.998164443158977122e+01
1.367015893935373327e+01
1.051645600060739127e+01
3.945464661639407566e+00
2.356067367476663676e+00
-6.580595848879156051e-03
9.337091149480851726e-01
2.235856106001106625e+00
1.569479456807091999e+00
4.063974397753742807e+00
5.893833901817126630e+00
1.593238034308077644e+00
1.941359049064628195e-01
-3.278443733670695082e-01
-6.178456612225158295e-02
-3.075545084319376787e+00
-3.808957634685254945e-01
-1.856445967348110404e-01
-1.201016621315811328e+00
-3.292527958722705206e-01
-1.499004248500692693e-01
1.162945250506255412e-01
2.989725155588715211e+00
1.951434659306162001e+00
-2.656684383480261147e-01
-9.640136182818710431e-01
-2.648480420209321284e+00
-1.651523308319535754e-02
-3.453536138444449621e-01
3.337590552623283524e-01
-1.542162469581041806e-01
3.255465278315595734e-01
2.656604233962848394e+00
5.929136442241782490e-01
8.701423739681279912e-02
-4.369314162625261844e-01
1.426385862198845889e+00
-9.261720225343266222e-01
-2.390022315902893268e+00
-4.284287096827662289e+00
5.050136031116214674e-01
8.255222075099220014e-01
1.762016573326292690e-01
1.631302478252820709e-01
1.395155740057911764e-01
-6.066595034453636792e-02
1.513789296394483230e-01
8.748218753989951413e-01
2.234958875397730971e+00
1.276090563806040690e+00
-1.291748012153215441e-02
-6.045135548362634559e-01
-6.896649257335474292e-01
6.991590697205978255e-01
-5.424110037605869294e-01
8.491404951862202566e-02
-1.599700141064890335e-01
7.876543873327561673e-01
-4.181074620452021051e-01
-2.027152210612022110e-01
1.086647489561280988e+00
1.691684515351874474e+00
5.331731492487099544e-01
5.815580046922219637e-01
1.376891510668346363e+00
3.467905773682910642e+00
5.790061319844461707e-01
-8.506172894118630978e-01
-9.600412120074786060e-02
-4.778979690993807594e-01
-4.333493617724730740e-01
-5.182400348961238024e-01
-1.791132790094049021e+00
-4.495889821760442828e+00
-3.685168629273892105e+00
-4.753406446970805277e+00
-5.861815464330201841e+00
-2.543594717694402263e+00
-2.049692988830484452e+00
-3.953153356389520923e+00
-3.097879738617535850e+00
-4.134928797503906850e+00
-5.937445045292605528e+00
-8.200310699332732156e+00
-6.965898220109686179e+00
-6.156577256026402267e+00
-5.793816658325440017e+00
-1.829820101534771482e+00
1.737354718725683256e-01
-1.054524685598252631e-01
-1.583833769582767559e-01
1.110377216474006445e+00
2.092289853052804460e+00
5.886258949775324822e-01
-1.895371006659729574e-02
-1.040453915466166279e+00
-6.920646040332343318e-01
-1.249979047493901874e+00
-7.374479457299116802e-01
1.813051155284753690e+00
2.706730448320158189e+00
3.605582034142535974e+00
4.179631103396239666e+00
3.108191658392634338e+00
5.644062963108211761e-01
4.652632968216060760e+00
7.528195179424429284e+00
6.120115107210541083e+00
2.509796911301219069e+00
9.568189309990664526e-01
7.354948110408702888e+00
1.216977221039118717e+01
3.366065584073838934e+00
1.843382410847143049e-01
-1.498347130214490175e-01
1.028979353532355479e+00
1.359121150318425841e-01
7.510256779585696707e-01
4.269993268315930846e-01
6.139203544888314212e-01
4.743991890664334132e-01
6.072752570965949115e-01
-3.548461097961830291e-02
7.877335694554110646e-02
-2.369011344229665639e-01
-4.514545813790893369e-01
-1.186947788400557702e+00
-3.894406796276442817e-01
-5.648922267200557901e-01
3.707761365340778714e-01
-7.313921918896094665e-01
-1.330784693340752334e+00
-3.340642265462694382e-01
1.325391133105968677e-01
-2.182337494293591362e-01
1.182454886524784365e+00
1.694286280263101130e+00
-3.612977642457800842e-01
2.514662872906016644e-01
1.243334399885982045e+00
3.189742240337087864e-01
-1.174775218749557482e-01
-5.240037989715689015e-01
-6.683894378522043933e-01
-6.087290958442278521e-01
-1.479833178623110035e-01
-2.847422225240598959e-01
-7.437288232104108943e-01
-2.654321562586958727e-02
8.698183155434549008e-01
1.084410573212889695e+00
-1.380474240465507929e-01
-7.483538190940415280e-01
-3.551626563546770310e-01
-6.340047759726972210e-01
6.954747219361622212e-01
1.618103982275381214e-01
4.718538924512974964e-01
4.934967879838129123e-01
2.781313381756519432e-01
-1.523763100690234129e-02
-1.882256601711047583e-01
-4.225861992253016619e-01
4.250473235917201498e-02
-5.396603370905581620e-01
1.555256762033367934e-01
1.032102337953164861e+00
8.317526834619609621e-01
-9.884189447405944406e-02
5.122088078874271755e-01
-5.788065001975279955e-01
3.275861915476288022e-01
-3.283620373599234199e-01
3.604872904145424162e-01
-3.514455349399558948e-02
-7.416946974658111813e-02
2.195403527870303240e-01
-7.485974303038300803e-02
1.251989805422684121e-01
-4.857378539997330158e-01
-1.260255171811963670e-01
-2.284157050360497987e-01
8.688246253456233248e-02
-7.268179363113292935e-01
3.738932681423575710e-01
-1.332128399276578889e+00
3.615416734500567220e-01
-7.384769136556861291e-01
8.506236060708406432e-01
4.946916171066003676e-01
-1.995230982812601361e-01
7.918240080397553893e-02
-1.036203192532881290e-01
-5.120085527776158107e-02
2.808379254669957081e-01
-1.755705954693292270e+00
-2.404701634768985130e+00
-1.315283620769301720e+00
-9.434805747495644823e-01
8.934767661447269305e-01
-7.649995653716139543e-01
9.360113259671987151e-01
-1.003013118298827777e-01
5.129239634896309852e-01
1.142157425543387728e+00
8.931725097446010508e-01
8.567972294368932928e-01
2.648269250753060078e+00
5.549345736326911194e+00
6.529552687276297007e+00
8.949207343442864726e+00
1.012776868067446756e+01
1.049977556693090008e+01
1.262865466792393221e+01
5.790745538223319500e+00
5.148598469829536839e+00
2.588778597251362612e+00
3.555358179072854341e+00
2.748216195776279847e+00
4.451952540563681282e+00
-1.337767611896410358e+00
-7.889304004960763450e+00
1.800390150537494094e+01
-9.120733807212218380e+00
-3.027384799154162920e+00
-1.514761490917194919e+00
-1.285654741325387818e+01
-1.912306102746143210e+00
-1.404335607495525551e+00
-9.412008611250286094e+00
-1.210370747914665657e+01
-9.783832890176892505e+00
-7.330343734340665662e+00
-6.202675129107264596e+00
-2.158154265790050985e+00
-5.898358344792242747e-03
-1.486707065600736399e-01
-2.632547480731954437e+00
-4.563928930039330645e+00
-3.756240910781666997e+00
5.451774092402315031e-01
-1.317481147598487556e+00
-1.472965523194156079e+00
3.039552824465543424e-01
6.702945832438627072e-01
-3.804491864658586797e-01
4.179009237686022171e-01
1.044181412964467537e+00
-1.684420533564277567e-01
3.451353694949392259e-01
2.097616501508973164e-01
1.645873191389610746e-01
6.150362134248088530e-01
-9.501329070947400757e-01
-1.371615367617596171e+00
8.380555510438626454e-01
-1.252373189813048127e+00
9.274110966949596913e-01
-1.047799761749277081e-01
-1.928742770731911305e-01
-2.070360546062139373e-01
-3.383161281633173534e-02
-2.515686673956512021e-01
7.295990546529897980e-01
-5.028110078602965327e-01
2.767893445308516331e-01
-2.228110699424938335e-01
1.038295887340963564e+00
2.602309778386012518e+00
-5.685706592330022069e-01
-9.129741032799205680e-01
-8.403917398790752280e-01
9.932730056474790015e-01
-5.063460124275769303e-01
-5.961947195975000335e-01
-7.959007060314252646e-01
-9.514325927392259796e-01
6.883065257315983398e-01
1.171876213488824092e+00
-2.278075346092189424e+00
-3.529444039564266777e-01
-2.040653906487666092e-02
2.742778089959321264e-01
6.757510040690362096e-01
1.343406363802255754e+00
-1.928120861590124857e+00
3.757351506431430010e-01
7.801100992973490911e-01
1.149288302956334773e+00
-4.243271815885647502e-01
6.953888903674090294e-01
1.376511904390615992e-01
6.601185479310298643e-01
-1.111747657026886937e-01
-5.667212232868643618e-01
8.074176873088312334e-02
4.020657704087540196e-01
-6.419732882313313738e-01
3.068576323908212000e-01
-2.815132083415623487e-01
-2.055189548923491705e-01
2.807014468924645678e-01
-1.472529276522260844e-02
9.233333345264993497e-02
-3.149427234774770934e-01
1.556883702611332465e-01
-5.447544478296186821e-01
3.715921688328132633e-01
-1.742658152418938844e-01
-1.139571836649790337e-01
-1.198527565566879227e-01
6.486813928798035311e-02
-9.158156428799330007e-02
-2.146170467578458751e-01
-7.775810182412556948e-02
-9.833497082809013190e-03
-4.126449597999942015e-02
3.174493884367163288e-02
2.185022250288235629e-02
-2.505563315781193512e-01
-1.283520823422046597e-01
2.072621828715881520e-02
-1.986491926754109794e-01
2.060238246149387886e-01
-4.939580026851320138e-02
6.165217828520669352e-02
-4.638214092561904200e-01
3.664678841201537973e-01
-1.862299298767643996e-01
-1.455906751842062086e-02
3.003991924320716378e-01
1.054711535984598769e-01
-3.800151907925422012e-01
4.549015859066753986e-01
-4.778265915967309097e-01
1.214113454769277789e-01
2.356559150954125326e-01
9.559652673803674394e-02
-1.855736864218339166e-01
2.316599884651970864e-02
-1.279576606919451964e-01
2.868421555552066460e-01
-4.910002092134529983e-02
1.952891408630286207e-01
2.794948247524017826e-02
-8.800128272416202213e-02
4.585620140265790623e-02
-9.094299425746663751e-03
-9.091051311129610957e-04
-2.134334465065832950e-05
3.422234862490063437e-05
1.051429387344388544e-03
5.509494993903900838e-05
-6.541885062316820833e-07
6.541885127671790872e-07
-6.542162880824511655e-07
6.542162872957504693e-07
-6.542440738158433068e-07
6.542440713457640484e-07
-6.542718576468272948e-07
6.542718560641278099e-07
-6.542996369994178593e-07
6.542996394919556669e-07
-6.543274265326479770e-07
6.543274248190585025e-07
-6.543552065143636869e-07
6.543552057020252092e-07
3.515094367210223477e-15
-6.543829900295629925e-07
-9.156572707516728773e-04
9.156572387498314878e-04
6.544149877993885944e-07
-6.544427772789971854e-07
6.544427819116129681e-07
-6.544705565689985797e-07
6.544705525025893822e-07
-6.544983454081232077e-07
6.544983447409917999e-07
-6.545261247092082398e-07
6.545261293266704971e-07
-6.545539103576715639e-07
6.545539075756964572e-07
-6.545816896499257481e-07
6.545816896152191025e-07
-6.546094733852904101e-07
6.546094737135868280e-07
-6.546372610595415536e-07
6.546372641465638237e-07
-6.546650391985361339e-07
6.546650336114663680e-07
-6.546928173131029192e-07
6.546928253366811691e-07
-6.547206138820908758e-07
6.547206049789266143e-07
-6.547483799307314551e-07
6.547483795288762609e-07
2.510338956900725517e-15
-6.547761764584036856e-07
6.547761757192871827e-07
-6.548039722296684003e-07
6.548039735135454611e-07
-6.548317578795817389e-07
6.548317600331647014e-07
-6.548595403401459334e-07
6.548595402234787917e-07
-6.548873227856973160e-07
6.548873191356521401e-07
-6.549151084391714752e-07
6.549151101266146309e-07
-6.549428908883144893e-07
6.549428885717765756e-07
-6.549706690226801403e-07
6.549706697302665829e-07
-6.549978043682258192e-07
6.549978028483248276e-07
-6.550255786503294601e-07
-9.156557670764700792e-04
9.156557350973998626e-04
6.550575594515755816e-07
-6.550853449346976509e-07
6.550853454920617414e-07
-6.551131249629696797e-07
6.551131245163481589e-07
2.364096346529624335e-15
-6.551409092178550119e-07
6.551409073868952523e-07
-6.551686907282001761e-07
6.551686936358740193e-07
-6.551964722297462563e-07
6.551964729106881128e-07
-6.552242600835948544e-07
6.552242578841322464e-07
-6.552520352226812209e-07
6.552520371338191075e-07
-6.552798230888879238e-07
6.552798195970797256e-07
-6.553075982090920202e-07
6.553075982172775348e-07
-6.553353860726717563e-07
6.553353847953120846e-07
-6.553631627762497875e-07
6.553631670080116748e-07
-6.553909452783499367e-07
6.553909390543111827e-07
-6.554187435091447498e-07
6.554187518061934100e-07
-6.554465402854393615e-07
6.554465384860460847e-07
-6.554743132699090678e-07
6.554743079963197370e-07
-6.555021021463236860e-07
6.555021074004022481e-07
-2.114824748882014739e-15
-6.555298730100959546e-07
6.555298737737478255e-07
-6.555576608490320083e-07
6.555576600670740612e-07
-6.555854455210765142e-07
6.555854425511014919e-07
-6.556132238169946417e-07
-2.712370591059936101e-05
2.712367800375780645e-05
6.556411316504635330e-07
-6.556689137821471746e-07
-9.156551800035341330e-04
9.156551480463710887e-04
6.557008685926659891e-07
3.438747950114289138e-03
-2.554186444396548336e-02
-3.120641201716824187e-03
-1.065587162283832337e-02
-1.628692706337310503e-02
-1.221962857380132911e-02
4.717657126121675704e-02
-4.440010326372952343e-01
-4.500900311176539437e-01
-2.557189100173491436e-01
1.349991712911984276e-01
-2.784237423921238630e-01
-3.970829621153693090e-02
4.879825653448383038e-01
-1.526520271383736693e-01
5.200785244397914120e-01
1.299044912278354280e-01
5.123090073052277704e-01
4.353775360842617181e-01
-9.058305926389781382e-02
-1.583846082966354207e-01
-7.368299526819588330e-02
3.010029531265359104e-01
-3.218423492835467137e-01
-5.645077410136312146e-03
9.682016935609383257e-03
-1.017981784419097258e+00
-2.747083285886339432e+00
-1.859516282529164233e+00
-4.851182367217000468e+00
-8.238487342493179710e+00
-1.237996995055721783e+01
-1.225699065652874964e+01
-1.452557185791827266e+01
-1.142008092136865827e+01
-4.889554490235241246e+00
8.459919356897671605e-02
-2.608953417920602647e+00
-2.556758366676248784e+00
-4.867872100574999195e-01
3.377313030860875642e-01
-1.231196539407505952e+00
1.631323916458939038e+00
3.716749467881399482e+00
4.383802983117419672e-01
3.589518813567920574e+00
4.074595392435469421e+00
4.583447288218408744e+00
1.995144633412721191e+00
8.056249462062694988e+00
1.055384328534721305e+01
9.494947353393740741e+00
1.656607684128658775e+01
3.479317022481929200e+00
1.126145500631528407e+00
2.063773365801527149e+00
2.096665195028347028e+00
4.435745354549466057e+00
1.204786536839462574e+00
5.253019138650870667e-01
1.284223597202425182e+00
2.338439330522803505e-01
1.871122359653394351e-01
6.332728898368134018e-02
-1.095183691701068218e-01
9.496528744699387348e-01
-1.860963538634909931e-01
-1.473377397218402773e-01
5.407162301910293234e-01
-7.348420628342600125e-01
-1.320938789270672320e+00
-5.789398717341205369e-01
2.644049363473410796e-02
-1.738533536385360456e-01
1.222613739022689883e-01
-1.437195660260539576e-01
-1.878812050971926384e-01
1.523752451498683103e+00
6.521916355121899489e-01
1.114213663399151955e+00
-4.535840010751841511e-01
-6.600173801044066924e-01
-1.800857831951183652e-01
-5.929340802938658506e-01
-1.982707396227412877e+00
-8.636585312829081484e-01
1.327834738692916794e-01
3.422645044260752556e-02
2.776897645156903849e-01
4.901549563887972472e-01
1.253628541476050628e-01
2.251075485800095866e-01
3.071218307379487422e-01
3.149880245384933719e+00
1.833199976590349500e-01
1.363655021356344754e-01
-1.166987310614828965e+00
-3.246263172180172685e-01
-1.472775195967131356e+00
1.849747126629537608e-01
-1.566634560288155120e-01
-8.980256122696911314e-02
-3.087313812713080030e-01
-3.407794012321341270e-02
-4.229831586889484241e-01
3.523497388710246092e-01
2.147392846275618661e-01
2.389880259630950410e-01
1.153552081202965818e+00
7.437963440557693318e-02
-4.725378535572007932e-01
-1.796696539923141600e-01
-1.996687173456729858e-01
5.710345469176544286e-01
1.114416832108140465e-01
-7.731460224057090658e-01
-6.677270680583161644e-01
4.683911441505804740e-01
-1.647024725348657237e-01
2.353726729425046627e-01
-1.622733915968197771e-01
5.343654205850359995e-01
1.454335839250039619e+00
7.737015345746864892e-01
-2.864530431706517888e-01
-1.547434000368257401e-01
-1.843835675935512342e-02
-1.812130225293193675e+00
-4.828786714449189166e-01
7.570131734066598561e-02
4.297873291822569275e-01
-3.710813272026364240e-02
-1.951831914230853504e-01
-4.872336791057567118e-01
-6.261071577566054147e-01
-5.473780319705578989e-02
7.107492958756188584e-01
-5.867519949668255075e-01
3.902911872658514358e-01
4.317558710026236923e-02
-4.149814838071743672e-01
3.209034911180159710e+00
2.256774995376105153e+00
-3.828379216638344573e-01
-1.930561073502464087e+00
-2.583784734519471993e+00
-1.100779842372974660e+00
-7.830832452244362862e-02
1.946366110907462588e-01
-1.971358370048931219e+00
-4.159818488091072908e+00
-3.360264812132458090e+00
-4.829190609892663133e+00
-4.631357132035116564e+00
-6.800298973708692074e+00
-2.651269770675430237e+00
-9.964144924214011212e-01
-6.747817859822333730e-01
2.767843021593918706e-02
3.920632041200633466e-03
3.124082254088214938e+00
-2.045626931869470866e-01
-1.885025509877390704e+00
-3.280150968592991489e+00
-4.720550618279439448e+00
-3.739248374253890006e+00
-3.592845327094735808e+00
-3.410524628590835050e+00
-1.890512099190857498e+00
-3.135274490275008930e+00
-2.124976219780009501e+00
-3.257399217295031235e+00
-3.041068720344654253e+00
-6.888883091736275333e-01
-2.683821618994635116e+00
-3.545554912411290616e+00
-9.313663233763520566e-01
-8.356258312927451470e-01
3.011077703831205099e+00
6.257931480310809036e+00
1.389866758925806778e+01
1.547950807887119140e+01
1.040004067101962804e+01
6.051798436699357353e+00
5.771232137137005225e+00
3.719606479947400679e+00
4.083771454387614241e+00
2.074641602333744395e-01
5.659043220757229431e-01
1.748315948667237274e+00
3.079452767762188015e-01
2.081968659183575376e-01
1.661421121326828176e-02
-1.826263336197212261e+00
-3.071735430757909224e-01
1.631712386716682950e+00
-4.725625803846406070e-01
-2.132233012482621648e-01
-8.329149569780667228e-01
2.079299140582517857e-01
4.432603087389346275e-01
-4.890171210418208236e-01
8.692943792168222883e-01
4.251743878318177128e-01
2.636970827004234130e-01
9.268765610822415901e-02
-2.570925609744647566e-01
1.425757592562147957e-01
-5.665040580483567956e-01
-1.457378308845366233e-01
-1.305069134508066719e-01
5.465190586403401163e-02
2.726192708591729241e-01
-4.402798533633534017e-02
2.173715112681346984e-01
6.479524425263476495e-01
7.741457898155756912e-02
4.101837291854209533e-01
-1.971270714256223577e-01
2.306124756385504737e-01
3.483863398325078853e-01
-7.266276876419244246e-01
5.839549597183124607e-01
-5.272485853503604547e-01
-1.217802649658303427e+00
7.059765364801289245e-01
1.229158172188506093e+00
8.526527679822808459e-01
6.768215982759544502e-01
1.210549895864335923e+00
-1.719339075331409727e+00
-4.288867141845859265e+00
-2.029917771592274711e+00
1.532690731537052820e+00
2.365858157882100965e+00
-9.960271258174013820e-02
6.876975891774160798e-01
-4.401801756949782485e-01
-9.075490356348717147e-02
2.665110840975842277e-01
-4.149684083877126506e-01
9.830475196805757432e-02
2.356357451161817385e-01
1.260761504278307688e-01
7.588303370670002046e-02
8.762236439355289841e-01
8.587267227944566095e-01
3.078768109590939162e-01
-2.839961083010744680e-01
-7.345955714454275309e-01
3.766898649350081119e-01
-8.686258054078099811e-01
-2.726018870294654173e-01
3.001520852807256778e-01
-3.896852309249840274e-01
2.523109112880034810e-01
-8.365173866044814943e-01
-1.650913373413730456e+00
-1.566983508862689778e+00
3.248485163175978130e-01
-2.149543492917083132e+00
-4.843778449535225405e-01
-2.235214441133167362e+00
-6.127861044127551615e+00
-2.655806737082516022e+00
-5.782277099084172534e+00
-3.067576210082297195e+00
-5.487061172459938518e+00
-7.199191059343348797e+00
-5.917601494035892529e+00
-1.333840776155710728e+00
-2.348601219703702725e+00
-5.699117669870169323e+00
3.633422182674976852e-01
9.597134237519497901e-01
-1.845020858745300529e+00
-1.208830821883339013e+00
-2.515402251749264906e+00
-7.256473655744244411e-01
-1.213026846064941822e+00
-6.749893254383039221e-01
3.867953227983825570e+00
1.089724883307290781e+01
8.504483436377185512e+00
6.817494349125581721e+00
5.271679911457873402e+00
1.350561356184680761e+00
5.911793209900640278e+00
5.192970704105217550e+00
6.633902905293723506e+00
1.866088095236833055e+00
6.964964516919280868e-01
7.955842365229757185e-01
2.041870381156122960e+00
4.087313084156607434e-02
3.978429470872424933e-01
1.625944389348088048e+00
-2.103308165158528364e-01
1.878656331172597449e+00
1.272076457131456895e+00
6.622835183348598775e-01
-5.115395194843408433e-01
3.547420708467248218e-01
-5.784948621553258619e-01
-1.354391716672954882e+00
-3.340360293079608578e+00
1.345970449186183471e-01
-3.620431533095633259e-01
1.480350739085455891e-01
6.393132378242967206e-01
1.937387988667333416e-01
5.798316864750554522e-01
1.853502380097399760e+00
-2.968780102374966035e-01
-3.381964963801533663e-01
4.393006157423577918e-01
-7.612696437610531053e-01
5.215103746061588996e-01
-1.977713206988069850e-01
-1.430165484588994396e-01
1.107250674570967597e-01
-2.451568249684337175e-01
2.474500762513538454e-01
-9.903818266399504466e-01
6.668154557686345463e-02
-1.497168000658422038e-02
-6.035764262088749721e-01
-1.948088994371897753e+00
-6.337377254575800034e-01
2.568706695972187148e-01
-5.899190259101061429e-02
3.905183473885565082e-01
-1.167510995697789156e-01
7.126813358783845587e-01
7.981508509619115177e-01
-2.963737235795607106e-01
-1.566555714790452691e-01
2.532494803221115864e-01
8.925310534784447469e-01
1.009862182516440221e+00
6.578002433328666854e-02
3.288695514682844490e-01
-6.400480955708154340e-02
-2.943062432638605674e-01
-2.687828524924175788e+00
1.320966236380153314e-01
3.849500224853619201e-02
-8.076853743727985258e-02
2.444168606563490442e-02
4.095945942401821860e-01
-2.455178303778378091e-01
1.726371346224290448e+00
5.495117024131142003e-01
1.115064478190053165e-02
-1.839398474491593660e-02
-5.728789695642833024e-03
-6.184608957713444433e-02
1.774237176092796631e-02
1.861960601299348372e+00
2.228282741705630343e+00
1.673693691299665609e+00
3.116152685503602804e+00
-1.545628398631093248e+00
1.191002146793533001e+00
-3.080977177888613028e-01
1.862375426294656577e+00
-5.314667063403994973e-01
3.863350205226723233e-01
-2.979340523699161025e-01
-4.810928302685422153e-01
1.205465795282396613e-01
9.224965814551655541e-01
2.163050089188498504e-01
1.983814814514968106e-01
-9.553540309718755452e-02
-1.767659658443863080e+00
-4.380954293384229814e+00
-5.763733756595996738e+00
-4.717565058992668980e+00
-4.177560443521954880e-01
-8.669698170223441025e-01
-6.519497283383435260e-01
-9.718075822290348498e-01
-1.570665902863617625e+00
-2.298276517907275718e+00
-2.875809943487737996e+00
1.336666756447186799e-01
-1.629513756247078504e-01
2.756895524073126325e-01
1.650610916743824319e+00
1.283603974102458523e+00
4.400990483668287823e-01
1.760262370273006027e+00
2.334587989145512132e+00
2.373769242532564050e-01
9.427306012452243422e-01
4.048304887196181312e-01
-3.417043332160067948e-01
4.779086221559039060e-01
-5.781565864002136124e-01
-1.982836360750877880e+00
2.379020586745124177e-01
2.594778581568958131e+00
2.060823916534593625e+00
5.740017987647734188e-01
-6.147642679287779188e-01
2.456751677757211816e-01
3.363355105103400522e-01
7.982880310022657522e-01
3.415027022286263314e-01
4.301916367669347707e+00
7.626587401201985195e-01
-1.542759446696593706e+00
-7.935988171821044546e-01
3.461762988228329618e-01
-7.426832636041069691e-02
-8.704158081026314164e-02
5.015584156418384509e-02
-6.487169224606119666e-01
-1.142731276393094575e+00
-7.122307286429997442e-01
-9.688816903984723283e-02
-1.491828535845284964e+00
-6.644892336077508066e-01
-7.831129669378440461e-01
-2.894183063197057315e+00
-1.949083425239431122e+00
-1.971135571232380812e-01
-1.140617388017970413e+00
-2.500567358945270158e+00
-5.403498497276189028e-01
-7.668658573749969065e-01
-1.336900044290983303e+00
1.528112182725472223e+00
-6.336442993642759092e-01
1.294989507118405214e+00
1.902086228502337661e-01
1.617312307136179683e+00
1.014237374804007885e-01
-6.863733115828374309e-02
-4.032299389666000877e-01
-1.143195513179973588e+00
-6.240387441296313398e-02
-1.117850253111054570e-01
7.834669094352424423e-01
6.220697019385408311e-01
6.488533282010884307e-01
-5.406524265158410003e-01
1.625144910183966118e+00
6.311385646740870214e-01
2.603509942279202960e-03
8.150341804152994030e-02
-1.248085772259617698e+00
-1.111268210197895456e+00
1.299059855981532507e-02
-4.605716097883369997e-01
4.560253927229318549e-01
1.351995967709953561e-01
2.184584259315425214e-01
6.192494185256069983e-01
2.398842086485352354e+00
2.968194898578868646e+00
1.591617054555613198e+00
1.752986875762142960e+00
-6.287004713261934441e-01
4.103534747845569708e-01
2.872623988835127928e-01
5.157768584781803334e-01
1.741075401516595900e+00
-1.204907956490564036e-01
4.691161763417313058e-01
6.818186535452979147e-01
-1.080614149311212024e-01
-1.419225212077139364e+00
1.168029086541166883e-01
1.192489639553717673e-02
1.036315453166279710e+00
-1.694657374253918380e-01
-6.030404828253239646e-01
-5.482042070282071577e-01
-1.067774235371139913e+00
-1.025652497603270596e+00
-2.311393847710481175e-01
4.358270827455632546e-01
5.486536298133115608e-02
3.480248303386467290e-01
2.280433321195929341e-02
6.387286799968361350e-03
-1.005182920091905130e+00
-6.639581371209348770e-01
-2.356483788711789984e+00
-7.700345503683960757e+00
-1.013652507021573435e+01
-8.526209203551214699e+00
-4.343306672273083535e+00
-7.136152549402503098e+00
-7.143394602933121007e+00
-1.949858069747733680e+00
-8.472510743104976427e+00
3.116966162393318029e+00
7.868106060912296584e-01
1.773217396369794585e+00
-1.127737949926888916e+00
4.413744848763201389e-01
-1.232346304448398655e+00
-3.036260733955721491e+00
-3.308098578684678159e+00
-4.356439385924204544e+00
-5.883955127287137543e+00
6.040322859477910811e+00
-1.628753111694740596e+01
6.638308505027382012e+00
-1.134023555983688425e+00
3.465504380728191336e+00
1.058700594303054032e+01
1.956472969424722663e+01
1.139792342700601324e+01
9.221678428486676182e+00
1.056569658291987679e+01
2.919073556723700946e+00
2.979989578731530919e+00
4.326266102922536660e+00
2.143055393735622260e+00
-1.784889721121580841e-01
-5.645333083617249947e-01
1.043092664127367453e-01
9.836402722563541978e-02
-4.356142084855056940e-01
2.649263179131835511e-01
5.076658567218275131e-01
2.385774889138895460e+00
-1.199781418471967953e-01
-1.957906305679373293e-01
-1.588206997321667258e+00
1.959804116136399488e+00
-5.063679604625588304e-01
7.999884149305234171e-01
-5.153433430630705026e-02
-5.119536985432482368e-01
9.466728362384313478e-02
8.745223525652456864e-01
8.349952591977505278e-02
6.228734170978236229e-01
5.672677013662914547e-01
1.987226292596266930e-02
-7.897989993747240867e-01
-2.022358874322494060e-01
1.601950622978802308e+00
3.706684270286340066e-01
2.215462439555366814e-01
4.877197730039410928e-01
-1.757466382396009053e-01
-3.632978452348512022e-01
2.421545555906714497e-01
-9.917186849874237708e-02
-2.472825690897639817e-01
1.880452228561093619e-01
-1.875527710823339689e+00
-3.179654674169731354e+00
-4.285487756033108941e-01
3.522342760010988560e-01
-3.742236981714771038e-01
-5.816940195913675726e-01
2.105878478489020544e-01
-1.836695226092872613e-01
1.008862946210107525e+00
-3.644850971702914277e-01
1.203735816427137673e+00
3.316617754756658876e+00
1.091442307320793947e+00
2.250146108339997397e+00
4.143316680865212653e+00
1.215813700731553482e+00
1.124372038940453677e+00
8.598893911960185932e-01
2.673089713590892202e+00
1.287611779029571579e+00
2.423817848873508041e+00
3.133593465018158497e-01
-7.728229648502349391e-02
-9.512292828076311935e-01
-3.296107922394462264e-01
5.262305476696162998e-01
3.843216717837592000e-01
2.672084144304264441e+00
9.642920875743747899e-01
3.895886124354817071e+00
-2.348498571392063639e-01
4.711180750458545674e-01
2.358767933323409949e+00
2.950570951917868001e-01
-3.217516462670289457e+00
-6.301926555851974143e+00
-4.086792093721882679e+00
-5.152405908860107075e+00
-2.462977880821279442e+00
-2.571609830866722568e+00
-6.727399034466180261e+00
-4.015578870405271950e+00
-5.700890227415396083e-01
-1.224499830716917259e+00
-9.441312658287079884e-01
-4.162494228613109470e-01
-7.006668688237862597e-01
-3.224060922807332474e-01
-1.909865666866313205e+00
-4.933226605942948595e-01
-6.519764676010915139e-01
-1.035423244005666987e+00
-1.024049724719198196e-01
1.723376640457914277e-01
-1.843971808339652796e-01
-1.471285499526898022e+00
-1.374336811064170050e+00
5.812183002444015756e-02
-3.737718726980769901e-01
-4.536789070343258956e+00
-1.345688873816776265e+00
-2.967624601981100341e-01
9.163312519120800914e-01
3.286748726576114166e+00
1.780474396497167433e+00
2.521364052652451448e+00
2.750698400872924054e-01
4.069279153857507936e-01
-4.968754284598588811e-01
4.455117345906174364e-01
-6.857875263995776294e-01
-1.657194815696421131e-01
-5.905499921380297224e-01
-2.902673534895576779e-01
5.291949815731307183e-01
-5.799464481600580257e-02
2.976615114954714869e-01
-1.664322075864633987e+00
-2.034405378078128379e+00
-1.127139452007110521e+00
1.499921885552346623e-01
2.205595396423877474e+00
1.535326570962098458e+00
9.232262372527131333e-01
-1.265854469783462832e-01
5.369636791162264444e-01
1.134853907535912754e+00
1.992694401707790774e-01
-8.322490938266025040e-01
-2.109550478648133165e+00
-2.390588555102093338e+00
1.745791963408649394e-02
7.269896804971303084e-01
-1.004027439250158693e+00
-8.555592590033676004e-01
-1.033294036403233918e-01
-9.617666757223730656e-02
2.738574130175308596e-01
5.115758776704630861e-01
-6.112991260208033850e-02
2.045918555801264915e-01
-2.478481564792573977e-01
1.339416555099413486e+00
3.058220136418356105e+00
1.013270718114418045e+00
-8.504669276508174391e-01
5.950218803645181964e-01
-1.017349743636511761e+00
-1.332237481036413485e+00
2.730809525899680068e-02
-7.108893594782657033e-01
-7.255419127491080644e-02
-2.573131841975317968e-02
7.043278602476732431e-02
-5.871927111851960035e-01
-3.026187949992031889e-01
-1.090332887763105774e+00
-1.706617571791220200e+00
-2.533206102892510359e+00
5.343513929443339805e-01
8.530884400059584038e-01
1.391017942757493131e+00
7.777853983308240515e-01
-1.093899875304700231e-01
1.260616057936370993e+00
2.440559667471493555e+00
1.897848589747495041e+00
1.957666482763414706e+00
1.535300415759859760e+00
7.435300588173223701e-01
2.566591329159410684e+00
4.268012856989853887e+00
2.289989478612821650e+00
1.141448688213022589e+00
2.357175939908392692e+00
5.122421626041385068e+00
3.502897857312870400e+00
6.337633629927115209e-01
1.201506473867119951e+00
4.142295112838498383e+00
2.757912801242028422e+00
-3.371312503491452617e-01
4.407089664417647157e-01
-7.569230343254993443e-01
-1.797673530446921575e-01
7.803693406188756398e-01
1.723823450141264146e+00
3.610182687050205175e-01
6.538478889483521073e-01
7.137838331028945049e-02
1.118707546068701930e+00
9.189849642731573454e-02
-3.788108614652436756e-01
-1.811799131650886352e-01
-2.283214108901230333e+00
-1.506510752499032435e+00
-4.728690224097800154e+00
-5.934429039643841719e+00
-1.052532820481150821e+00
4.426456295271469443e+00
3.768108935333996712e+00
-2.528362255937111058e-01
-1.498658447204839206e-01
-1.693030510129442945e+00
-3.508319427447196048e+00
-6.735136074630257319e+00
-1.319278983786865034e+00
-3.079235130505879603e+00
-1.176445015961675722e+00
-2.334174241497531277e+00
-3.948676704323426101e-01
1.430047943769950258e+00
2.626046941117651912e+00
-5.912424711344188566e-02
1.005418978078775893e-02
-6.367677851477383522e-01
-1.688452711350974189e+00
1.025502234227921861e-01
-6.456737848404270341e-02
1.223102175675562009e+00
3.163356530992742055e+00
1.803541126197861111e+00
7.727875103262693557e-02
-2.376737750278960171e+00
-4.062308267666416839e+00
-6.703479372273071224e-01
1.906776121081188435e-02
3.822418935466047607e-01
-1.006770486931172215e-01
2.096478636588268163e-01
3.409823114787406961e-01
2.441641969841412241e+00
3.711329122844178041e-01
-2.318245979033810578e-01
-1.102971324667938235e+00
-2.396703642207457463e+00
7.108099246556301987e-01
3.455890067260161125e-01
1.604041851448512190e-02
2.146642666430748636e-01
1.210145315487654583e-01
1.353292298681617045e-01
1.599183453856180270e-02
4.802631133843384553e-02
