-7.654550962614994347e-01
-7.430086096620955871e-01
-7.162365433347428478e-01
-7.186389519808464854e-01
-8.063286592115339602e-01
-6.630748503601289201e-01
-6.890269528593329085e-01
-6.487375286828154231e-01
-6.092938531606719721e-01
-5.602820216931956310e-01
-5.242192452582763451e-01
-3.725801480688719636e-01
-5.692322232928237469e-01
-4.813031992601430886e-01
-5.241324285646413728e-01
-2.103237777018698296e-01
-5.238429359411647113e-01
-4.722985798805900970e-01
-5.420351280561774843e-01
-4.409929011190953929e-01
-2.201621709665921856e-01
-3.305112503285911885e-01
-6.544756040308286060e-02
-1.778967135488223050e-01
-4.356657998001978171e-02
1.141826793908720106e-01
-1.314892218889269770e-01
1.250230778718020019e-02
-2.447042573621232009e-01
-8.813061289889745353e-02
-8.820016452375156746e-02
-2.182458219159784107e-01
-6.396161264769162358e-02
-2.682254507146097922e-02
-2.593310936789272603e-01
-1.738166712767892363e-01
-1.949634656813579170e-01
-2.373273357950260731e-01
-2.627981237547203364e-01
-2.912538526228942715e-01
-3.298363534258328400e-01
-2.691872853802763643e-01
-2.914965225683801009e-01
-3.495642483484360241e-01
-3.651665084722317545e-01
-2.569676527929516396e-01
-2.656687545933458239e-01
-3.844690784839812636e-01
-6.036870567294272405e-02
-4.608014761699159578e-01
-4.431932852216746710e-02
1.178444278891177532e-01
1.845851844232484495e-01
1.524523068530712067e-01
1.153120073750244501e-01
6.533815270384124574e-02
7.260440776254384332e-02
1.757826489882390320e-01
3.496722826934615114e-01
5.289874725828234148e-01
7.236685931281527928e-01
1.336433058910674987e+00
1.323936662834213962e+00
1.086340537987098287e+00
1.258975394808199866e+00
1.234492855142587331e+00
1.472463104461350980e+00
1.441215811506719291e+00
1.618899463256537885e+00
1.523253162108684222e+00
1.436200317787729830e+00
1.257785271467516175e+00
1.088990808861244552e+00
3.978919596156860194e-01
1.753158758104778059e-02
1.019401762141836087e-02
-4.172879694161935049e-02
-1.677326674580834620e-01
-4.351820539178454794e-01
-5.943143336687439771e-01
-7.147053000934517897e-01
-7.792462682438303645e-01
-7.711818921941233640e-01
-9.714077878248961184e-01
-8.809584059654120836e-01
-8.668084235311646069e-01
-8.502217468388479915e-01
-9.318641915797769570e-01
-7.572039923800524264e-01
-8.453799270092332563e-01
-7.958444917343356906e-01
-1.841238142083097884e+01
1.618656540017902401e+01
-6.750533094748760732e-01
-6.981871348028896307e-01
-7.037001114958805204e-01
-7.144696854271188613e-01
-8.157903283070275791e-01
-8.396835221664531446e-01
-6.280031227535260996e-01
-6.970077503306768563e-01
-6.104890598379775213e-01
-7.424859969811734572e-01
-4.806107393619072354e-01
-5.144780221828320066e-01
-4.925179006001876303e-01
-4.164571385668871528e-01
-6.994152848565775571e-01
-4.665163914200931572e-01
-5.484209861996873769e-01
-5.630373774513977025e-01
-4.695520894670863754e-01
-5.513196965286368822e-01
-4.151336692143807738e-01
-4.053535733860478274e-01
-6.080356904712012067e-01
-1.178098815882862027e-01
3.235918825347994243e-02
-1.448506704998493433e-01
-2.274321192676111991e-01
-2.365384709005837749e-01
-4.025575985568607962e-01
-3.985013419636516119e-01
-9.987649376395069112e-02
-7.410539933339777008e-02
-6.562292368106170670e-02
-2.712762039387683899e-01
-1.055973354415584708e-02
-1.432475873845504566e-01
2.614077482192556090e-01
6.955389002716572122e-02
1.799720167885254796e-01
8.810444271745154765e-05
2.258316685374026633e-01
5.260896228057987400e-02
-1.155838368949986261e-01
-5.765556398686300099e-02
5.980951002200640687e-03
-2.477639678717764582e-01
-2.242819033417475794e-02
-1.166740998797237694e-01
-2.809796786905494059e-01
-1.533617829126399101e-01
-2.131919786806832917e-01
1.263122025317713337e-01
-1.412211616036387341e-01
-2.276102091206908540e-01
-1.921473522196919248e-01
1.021176226925675223e-01
-1.332214158774718271e-01
9.023909777703664759e-02
3.694871451202956791e-01
6.527391838505991473e-02
3.575701379605717989e-01
5.766925787970933470e-02
1.564489187362667622e-01
-1.347484294345733247e-01
5.560354253965726912e-02
-9.385870015773889463e-02
-7.124561073646873410e-02
-8.598975378126283431e-02
7.596161005421464552e-02
-2.544035457681488310e-01
4.956858470806935202e-02
-1.415087569737991657e-01
-9.941796028421379106e-02
-1.161944798395992962e-01
-1.670799998411354181e-02
-8.320174835525762091e-02
-4.149453195434205099e-02
-1.477419232922372316e-01
1.132435606386863469e-01
-2.889726113821922127e-02
3.737067388554180525e-01
4.970054296173032071e-03
1.178647453015386759e-01
-6.635661546484783457e-02
1.230119273672301006e-01
-2.377649295701687038e-01
-1.491390619925567762e-01
-1.597440259438727139e-01
2.248787351206118501e-01
-1.708113006332325767e-01
1.231123319825471185e-01
4.352925407625036769e-01
1.053968529565523227e-01
2.909670874934064955e-01
3.898271668385646649e-01
1.481198493315005749e-01
4.560445013151479543e-01
1.631168980266508584e-01
1.162744044574282043e-02
2.112407973101824155e-01
5.950358542648359617e-02
-8.254036747757709236e-03
1.517237252792895674e-01
1.169287123451496768e-01
1.781314492164653984e-01
1.369664082394876914e-01
5.833202891932387502e-02
-3.032441564873522566e-02
8.340686435195365789e-02
1.970534240686632188e-01
3.066333391965834210e-01
2.208098148510373449e-01
3.086601267515263203e-01
3.140077270316616875e-01
2.994119983103225024e-01
1.472951724057693923e-01
1.979495528716412878e-01
1.707688245197616084e-01
1.566825135729921215e-01
2.411467802705402619e-02
1.102042894507100357e-01
-3.735334734655637590e-02
-8.676122121088170047e-02
4.021142721606096870e-02
-2.071076369497966141e-01
-5.628237464652130484e-02
-1.357023199049649520e-01
-2.009614879087244788e-01
-1.027476530531465926e-01
-4.779868263907509629e-01
7.475645833447330801e-02
-4.855864378645513568e-01
-3.821566945928367431e-02
-3.353029070142454771e-01
-2.827065026066009068e-01
-2.149096251464079899e-01
-1.149806578757335274e-01
7.058169781109313590e-02
-3.390127015489809992e-01
-1.543830103304273393e-01
-2.812655835212396482e-01
-4.238856428066171134e-01
-1.594414549793228275e-01
-2.884248684566728116e-01
-9.753233328488875031e-02
-1.083235771903545697e-01
-2.614203079056522938e-01
-1.960942908222804704e-01
-1.326917110360668062e-01
-6.214010822480986462e-02
-3.849621719302049883e-01
-4.519370316849347091e-02
-1.654402842609812296e-01
-2.762607577759297328e-01
-1.867385609248159994e-01
3.043552599400811687e-03
-2.292982042368407747e-01
-5.354615169244070216e-01
2.324053980983293854e-01
-2.478356166481177070e-01
-3.961294205045788885e-01
1.180279708560050267e-01
4.598348239831295814e-02
3.290865023945386270e-01
4.209473674316797087e-01
2.511465165185171600e-01
2.621962715149876999e-01
2.373391749500584069e-01
1.080714685968828803e-01
-7.195985421006412253e-03
9.692393591635095618e-03
-2.575618905593728414e-01
3.305232947147089817e-01
-3.379181087984193255e-01
1.035273677860928387e-01
1.007817696022144105e-01
4.023843021208932669e-01
2.349752417593578002e-01
2.461310952388728879e-01
3.089822464148355152e-01
4.170011939619442387e-01
4.244028747418582270e-01
1.071920717766658981e-01
4.573136412292768682e-01
1.797620340079504331e-01
2.405935626428856722e-02
4.880577544624138397e-01
2.203758483375608535e-01
3.146859341053591663e-01
4.229303431107425126e-01
3.123505551896599286e-01
3.798838232253061165e-01
3.085311697507471251e-01
2.920834891968979719e-01
7.463619891955595165e-01
1.046043157151771652e+00
9.861044752078171882e-01
9.973533451546678918e-01
7.314729580612464588e-01
8.644977835401945754e-01
9.638128379269268464e-01
1.002047208202302642e+00
7.206741870463417854e-01
9.275462485475394203e-01
4.234630054967247759e-01
4.970672223540653079e-01
3.345328996782122033e-01
3.160615859411173290e-01
1.014092610570607178e-01
1.614396357704812601e-01
-4.550686975485263019e-02
3.761879512473953469e-02
6.261068731994967607e-02
-1.064798367404797830e-01
7.638158762389579692e-02
-2.790714384139256765e-01
-2.167107113165869237e-01
-2.358162622491839500e-01
-5.486371029004715183e-01
-4.373433787046074883e-01
-4.410183546121864140e-01
-6.198916559244551649e-01
-5.464110318975770042e-01
-6.620637136735645356e-01
-5.281298657759911919e-01
-5.602986157000593437e-01
-5.627712683410628358e-01
-6.134221013200864547e-01
-6.861851138609829093e-01
-5.141516519955580122e-01
-5.635100058227848763e-01
-5.883128891408695438e-01
-6.287170858111679195e-01
-4.657205362997594023e-01
-5.435617902585363481e-01
-5.882204034505029711e-01
-4.461150692503679238e-01
-5.719911376651793944e-01
-3.746350703901946133e-01
-5.951308686839382744e-01
6.263610170620381723e-05
-7.453475800826225850e-03
1.688500529439096454e-02
-1.399129057938495180e-01
-2.446576452761668463e-01
-2.147020335138947189e-01
-2.870354807577015777e-01
-2.783078763048365545e-01
-2.915838502203627058e-01
-3.027155157869003688e-01
-2.739719917240108771e-01
-3.900501244434479986e-01
-1.045640682110615671e-01
-2.130247932054842863e-01
-2.741832512824302626e-01
-2.378854481392380649e-01
-2.769980375230574055e-01
-3.772031892399994035e-01
-1.322552802920284876e-02
-3.979724106372017900e-01
-2.194550003400763671e-01
-2.980392993255662759e-01
-3.229091811880735463e-01
-2.360311130231522725e-01
-1.761708147732434782e-01
-3.239644629941835774e-01
1.555480925821299820e-01
1.779342958121219453e-01
3.178154628383893510e-01
3.700815952795650787e-01
9.089940726024536843e-02
1.187904745617984759e-01
-7.217885684642055821e-02
-1.705472636081069027e-01
-5.338450846373348213e-01
1.316038318981540556e-01
-5.251913700946957420e-01
-4.310136973639728808e-01
-2.216541184682299104e-01
-3.863529845995685719e-01
-5.234553697280688311e-01
-1.046756561297002008e-01
-3.499123958908896270e-01
-3.135348487882154700e-01
-3.577552880780530131e-01
-3.825164051055836012e-01
-1.488831799658214550e-01
-3.188006569880528218e-01
-3.239843630098562244e-01
-2.418673305262402096e-01
-4.153646604815008914e-01
-1.980494033949611321e-01
-2.098120176253317481e-01
3.640435431044934944e-01
1.760132751636902526e-01
4.890751649549400781e-01
1.806533007267248081e-01
5.994671367936632578e-02
1.366103819796080643e-01
1.707233429427219562e-01
-1.421104464997569039e-02
-1.032668351460870326e-01
2.633006404132487432e-02
-1.269451855435903553e-01
3.342864232854836359e-01
-9.486639443813515982e-02
2.364863161997234897e-01
1.410174052941997047e-01
4.982300237767276485e-01
1.832935350071167591e-01
2.442568812100631703e-01
4.141962813603186078e-01
1.902695958555611355e-01
3.715872450292323492e-01
2.726240200533425195e-01
2.152541846722186847e-01
2.046755937287372262e-01
2.276783074177970434e-01
5.965880660005424829e-01
2.166456979062090227e-01
3.080436352395565791e-01
2.719668890793016658e-01
3.370874794163896127e-01
2.534524545361733772e-01
4.896356701625492747e-01
2.358478690830523306e-01
7.901772160830162761e-01
1.029641255963163360e+00
1.225978494315977940e+00
1.145342013919457003e+00
1.270861228694634804e+00
1.213632473078678942e+00
1.072685535050123207e+00
1.103450405220730346e+00
1.171533429461604214e+00
1.056951596173746566e+00
7.181753810285442796e-01
2.825447783983534578e-01
3.839002618721920612e-02
1.311242848719729182e-01
4.361765742038876681e-01
1.924065994478354469e-01
1.749656150249272457e-01
4.259016665336332608e-01
-9.784090539534773256e-02
3.116584664063104526e-01
-3.244628828749185345e-01
1.008102993896560662e+00
-3.880639187715253513e-01
1.741378157403836724e-01
5.978038689534415084e-02
1.236594167084739126e-01
-4.327657018439268199e-02
1.458511827393280669e-01
4.198285070531682095e-02
1.030683353135550817e-01
1.635631224629037206e-01
1.754768177532177731e-01
1.162405171984026708e-01
9.318187188498328055e-02
6.188929621794869718e-02
7.078507586766491499e-02
1.593706420047134031e-01
-7.989453090223008758e-02
-1.728077437564223828e-02
-2.689559288492375799e-01
-3.303141284167878666e-01
-2.634223235807198193e-01
-5.074226582417828979e-01
-4.105672925469114887e-01
-4.964071919554164936e-01
-5.084161474864998809e-01
-4.559214164676674841e-01
-5.084069054717801350e-01
-3.063429315459735847e-01
-2.578751890540154079e-01
3.398459543856837684e-01
-4.222869994252285153e-01
-1.427229722566032422e-01
-6.331218197019694571e-02
-6.621876443116647692e-02
-1.676459371462080128e-01
7.677242831063324502e-02
4.085238983327101892e-01
1.471356139595627610e-01
3.817816535277529510e-01
1.966110557532729786e-01
5.195808888239028533e-02
1.921739534522259873e-02
-1.394174878984948407e-01
-2.110130119398299087e-01
5.117823308831006557e-01
3.533659565631452892e-02
-4.678878420728729282e-01
5.194583371407972550e-01
-1.257147459899350395e-01
2.661918632065365387e-01
4.654277065435046268e-01
1.495479962115275896e-01
2.359289180853565426e-01
1.875343571907350793e-02
-1.239042257658589108e-01
5.252484881992813825e-03
-2.375225250813031153e-01
-4.287298272668600418e-01
-4.838420624826227368e-01
-4.222445653170971980e-01
-4.306873422508346039e-01
-4.905580565660336845e-01
-3.937556300123752351e-01
-4.610920101134041715e-01
-2.669744146912584881e-01
-4.256184659236197376e-01
-2.890265515453798173e-01
-4.979661537067521238e-01
-3.183615098318881564e-01
-4.814842429008834301e-01
-4.459967197179466325e-01
-3.725841845757820181e-01
-3.874291012754085273e-01
-2.678818017369586357e-01
-2.540116196690895833e-01
-2.239698876014877271e-01
5.219428026244443686e-02
-5.136440820366310334e-01
-6.962914815919774014e-02
-6.403011543962513485e-01
4.052246961073535658e-03
-1.596753439851248402e-01
-3.761039079586758760e-01
-3.161905243035718627e-01
-2.355529582628648200e-01
-2.216574676544382783e-01
-2.385553839896310535e-01
-3.384323528188488694e-01
1.599523922139098886e-01
1.610483756762874918e-01
1.686228488018883809e-01
2.852126911581720492e-02
1.957060797828873433e-01
-7.414003136561220231e-02
1.666547898549524120e-01
-2.476162796370431352e-01
1.827724097450413865e-01
1.467865302045012754e-01
-1.203788804719287953e-01
1.782441041993010344e-02
2.214894255629218378e-02
1.047943277422085373e-01
1.996141865923348746e-01
2.851884052828488336e-01
3.726041010337759474e-01
2.608269333803185930e-01
-3.840111235237131382e-02
1.646744252750451665e-01
1.348636603069373052e-01
-2.265563498997025249e-02
3.783236906485853979e-03
1.084672181456980411e-02
-5.582355370982838849e-03
4.543797609563071660e-02
-1.842652504836657101e-01
-2.205671756143736673e-01
-5.197439176739138134e-02
-2.263515335524033389e-01
-1.712795203888788365e-01
-5.933765635674603800e-03
-1.135932011823790333e-01
-1.674725565401722349e-01
-1.478257368365838431e-01
-2.825918856341615992e-01
-5.655899740823855382e-02
-9.535488003668746160e-02
2.631352653186169732e-02
3.055751986894961192e-02
-6.131701534522733255e-01
-3.325588385202138397e-03
-7.378055003357530950e-02
-4.078729370111489061e-02
-5.103509169047271143e-01
8.750533936477467023e-02
-4.312995707815829860e-01
-3.584043515531121216e-01
-2.870387378740701934e-02
-2.929572755221840907e-01
-3.887939322794409236e-02
-4.060074752779812002e-01
5.691131998644749501e-02
-2.967226152141364537e-01
-1.814186035838574185e-01
1.083059736183926702e-01
2.707723134293189560e-01
3.645199542620929378e-01
6.694300288042143166e-02
1.979977285935703435e-01
2.952312931951013297e-01
2.169007032991103756e-01
4.598068238740964375e-01
8.196166254431318521e-01
8.383944166764827344e-01
1.136244149764088718e+00
1.227493220459884071e+00
1.150764957153860735e+00
1.210665600608663794e+00
1.170667766389389186e+00
1.208421504083734277e+00
1.190579872246107840e+00
6.953652049610639096e-01
1.537420686794064295e-01
4.683434680038196518e-01
4.258615066419757511e-01
4.840161856503293336e-01
2.729625279838678864e-01
4.672505448205193090e-01
4.764153535262565242e-01
3.817673744668255154e-01
5.714781124440051485e-01
3.166757204167822692e-01
1.934727694464122294e-01
9.837496807390166964e-02
1.943914932140380358e-01
4.089889458828821489e-03
-2.194366921949217897e-01
-2.888231571437600564e-01
-6.211646539121638000e-01
-3.284769035324757169e-01
-4.433331296380593756e-01
-6.357138648633231526e-01
-4.380327670042092336e-01
-6.721228207190179660e-01
-8.033068934091076585e-01
-5.726165869981620915e-01
-5.567798929211242864e-01
-8.952650552881635804e-01
-4.090188752211538770e-01
-8.562018841205301101e-01
-6.833689622415626275e-01
-6.376314316146043382e-01
-6.531847295139598941e-01
-6.265721665641272864e-01
-5.546075933588383577e-01
-5.077060063595659756e-01
-5.118446538935224055e-01
-6.283042304948089907e-01
-3.927134084721828344e-02
-1.846597073706632841e-01
6.443143481729762811e-02
5.368402737208732844e-01
1.515308019003498430e-01
2.201201097782110594e-01
1.496521365467629039e-02
4.089294672229470962e-02
-1.136461791512921593e-01
2.029950635271049464e-01
-4.256146414822836732e-02
-8.430178592636394797e-03
8.821956265722619150e-02
9.582377307339129402e-03
2.993496212855397687e-01
4.933559841026280424e-02
3.470238568871408802e-02
1.128453339107728937e-01
-2.144422418431446431e-02
-1.895824183996062118e-01
-2.847719856188497545e-01
-4.088096985081790535e-02
4.848398073283277654e-02
5.783383362317451315e-02
1.658458340633295336e-01
3.145921298309986014e-01
3.653688123569978075e-01
6.552127168838239868e-02
4.887934405647342828e-01
3.916482707237420868e-01
3.817297369554850661e-02
5.051888563143407396e-01
-3.751761587749165017e-01
1.280941459062802323e+00
-2.407205253107100873e-01
2.554663831159906806e-01
-1.838842595396883439e-01
-1.198750451799277528e-01
-1.315791388132332429e-01
-1.863234357689549370e-01
-3.043558278522731086e-01
-5.414677056172898517e-01
-4.385598851174776769e-01
-4.528635945748540337e-01
-2.069248908185450375e-01
-4.265259294648018340e-01
-2.292828177348553709e-01
-1.934586418961750098e-01
-2.018097460129446574e-01
-1.881885068473003741e-01
9.277204761546542500e-02
-2.151052050560622320e-01
-3.602939424727225060e-03
-3.998161448497228321e-02
1.665663861672328494e-03
4.371435206296574449e-01
2.079053573225841944e-01
9.802256918166918354e-02
8.065608956249548100e-02
9.627831264669239886e-02
-2.726176581382588893e-02
-4.623878152866112146e-02
-1.862390747381112988e-01
-1.799933626193350733e-02
-2.616971635026779097e-01
-1.361468958423586173e-01
-1.261357897562440655e-01
-2.916116224401221757e-02
1.723562695007885281e-02
9.311368802422137492e-02
-2.803774403459158293e-02
-4.522064529045621839e-02
1.277025055713600921e-01
6.843725393703081750e-02
-2.234406178653358666e-01
-2.150492270043997678e-01
-1.609628062714065777e-01
-1.218060506262119702e-01
-2.796090654043403845e-01
-3.501205860465077535e-01
-1.443127213735806436e-01
-9.356015524926775129e-02
-1.470148640109414373e-01
-4.292132946569999774e-01
-2.203749224861581979e-01
-3.033675700794589147e-01
-3.810183554570443221e-01
-3.401006058419753231e-01
-2.761884449828713173e-01
-2.612692295020693223e-01
-2.708109918273180483e-01
-1.518502462891291316e-01
1.042240738023920699e-01
-2.338154450068188339e-01
2.883775032170063923e-01
3.783107379493770850e-01
1.055512682979582451e-01
4.802142351130882503e-01
1.399172221858151488e-01
1.759733946224812939e-01
2.286237182111250377e-01
3.473579820460344081e-01
1.928938715107300084e-01
5.672789870072136864e-01
6.090151423655996155e-01
1.333883708678875735e+00
1.010469934297354655e+00
9.660051906175475267e-01
7.140894464696501132e-01
3.269262573765878699e-01
3.392687821348516763e-01
5.100061388866450329e-01
3.991064217693427452e-01
3.857297799142322958e-01
2.944883504271409436e-01
1.840292351884151856e-01
3.835661375519094918e-02
-6.904543613022440240e-02
-3.106501601328304218e-02
-1.867959827826375374e-01
-7.043733282387165673e-02
-6.154096553743215736e-03
-1.279862628054431184e-01
-1.027732557148013370e-01
-4.503490278442612293e-01
-1.017784214228562689e+00
1.255550671617641001e+00
-1.055555185133407292e+00
-2.208808294507562664e-01
-7.481577085984163489e-01
4.137369017461338672e-01
-4.665768110937555946e-01
4.401317991939244223e-01
1.228751966998800071e-01
2.344646906854563895e-02
-8.293469183084667407e-02
-7.011307848470238469e-02
-1.486816286952148403e-01
-6.744183334020092957e-02
7.721413017778289145e-02
-2.434900823562990979e-01
-3.284663736265187595e-01
-4.103349955090926926e-01
-2.783222796528583842e-01
-5.427790143949948742e-01
-3.007629502278135192e-01
-5.262095234872461447e-01
-1.143039317938274735e-01
-5.524727637470867592e-01
-2.277766132003549160e-01
-6.775961282776989947e-01
-2.431923267705009550e-01
-6.728522741662956719e-01
-2.050871385057817520e-01
-1.446416040032403316e-01
-3.480449033136494563e-01
-2.454394848309888744e-01
1.054337204913906589e-01
-4.638200307474988904e-01
-1.814928126719621559e-01
2.741226046674682948e-02
-1.432016221662237854e-01
2.998446815467303850e-02
-9.259726482535057812e-02
3.620985383128996205e-01
2.395367195949944517e-01
4.864400371557664471e-01
4.716243745595960490e-02
3.721743577043881146e-01
4.909739303067084393e-02
1.900960897990700005e-01
-2.078122272727043196e-01
-1.293093162493619275e-02
-2.607938241118503697e-01
-6.725662457128578353e-02
-3.058634727459264013e-02
-3.166418658366438876e-01
-9.067628148095252527e-02
-5.586941727653353951e-01
-1.977169041359658763e-01
-3.691707088909339518e-01
-2.806904947286668062e-01
-2.222088154855867970e-01
-2.391370566246351359e-01
-3.158457977946724782e-01
1.596991063901498364e-02
-4.353445565582561017e-01
-2.196860795668413857e-01
-2.880316166849397064e-01
-1.156756850813565052e-01
-2.756117135751878777e-01
-4.540173013210875297e-01
-2.532356703980198631e-01
-1.092402251150872416e-01
9.752464514743053314e-02
-4.133384710561500697e-01
-7.492954252209216293e-02
-5.957683802783009241e-02
1.670423233602846835e-01
-9.850401725010016207e-02
5.129059382156953006e-02
5.864078008620765559e-02
2.575431339723550650e-01
1.035215603982564403e-01
2.127957899488919224e-01
-6.630046014336699045e-02
-6.593702245790922234e-02
2.634070260152299170e-02
-1.232530517211216647e-01
-3.840433942816190438e-02
2.925213432315842965e-02
-1.787595660957919108e-02
-7.112700997139853598e-02
8.822687695920450324e-02
1.481742435959887416e-02
-1.355314027848422143e-01
1.735667920829158106e-01
2.279064806298904955e-01
6.756702027007364109e-01
1.811525821478099374e-01
4.550776139721861568e-01
4.841230711970325729e-01
4.907399638620688620e-01
4.485752069837971590e-01
4.438645580132956070e-01
3.669682095836108715e-01
5.659670176352449289e-02
3.527911085177635186e-01
4.182110237849911982e-01
1.480401902696115712e-01
-2.239530615484852660e-02
5.849297337898882176e-01
-2.234709629529163522e-02
7.341847578276627928e-02
1.501327717969793696e-01
9.793589525335022472e-02
2.061081000869116053e-01
1.116386863850777900e-01
6.908584032158415766e-02
4.357333267874352600e-02
-9.769936573436410754e-02
1.694175372501760535e-02
-1.267869846641360709e-01
-5.501359394036953177e-02
-5.116881284283181230e-02
-1.451831626408406350e-02
-3.343917226570169987e-01
-1.713300393141388156e-01
-3.784072875420676496e-01
-1.915269926552127799e-01
-2.366813102525284762e-01
-5.306361449383700801e-02
-2.281849090261900415e-01
-1.330264168373744837e-01
-1.224505542527651869e-01
-4.566667118765579403e-01
-1.156204848072093228e-01
-2.160101010309674052e-01
-4.848568316612045237e-02
-8.933992297615134248e-02
-2.663616080761599392e-01
-1.686703494761516708e-01
-6.669036270488248874e-02
-1.011306286451301162e-01
-1.902612795696896342e-01
-1.611375113507662604e-01
6.394800808216416499e-03
-3.542130704600623403e-01
-1.042203183105456787e-01
-2.451197426817088854e-01
6.536053611325343127e-02
-2.895740465953764442e-01
-2.381380464175393286e-01
-5.641880432395396383e-02
-1.492718014118494807e-01
-3.546940880051394629e-01
-1.804783130826663751e-01
-1.328589600421494765e-01
-5.795311901801625254e-02
-3.633334289447347487e-01
-7.736678902207216879e-02
-3.264205458100093438e-01
7.932280251013423822e-02
-1.079863372185414505e-01
-9.856293432606832994e-02
-1.393624012298317894e-01
-1.197096318458221731e-01
-3.147940583529944547e-01
-1.664932890179571245e-01
1.160702432387807903e-01
-2.020379526028932560e-01
-1.212834152734387771e-02
3.896950024482492836e-01
-1.643826001187633778e-01
2.895869019075902884e-01
1.372990269200755620e-01
2.367554994224221332e-01
3.776336983900918653e-01
3.363622957431928739e-01
1.353393580888422321e-01
2.539043098998732262e-01
3.914766140647358839e-01
7.714041214392821644e-01
9.957204261206840101e-01
9.702706397462961263e-01
7.030199066431848109e-01
3.148275958375776895e-01
5.542401157668450651e-01
5.072132505226143451e-01
8.165705266282792252e-01
9.157526884404312284e-01
1.339322378780032352e+00
1.203997341057643666e+00
1.348766235312449879e+00
1.256296662219956062e+00
1.213456490194634085e+00
8.640685920363857520e-01
6.117152738454336713e-01
4.303982922400066968e-01
5.712779806042256325e-01
6.862852023563448256e-01
1.031556391027827146e+00
7.833949350057132222e-01
5.398518750702052671e-01
3.826897336750185730e-01
3.607856671138200966e-01
2.102016229678902448e-01
2.962361593078632893e-01
-4.385464862006571707e-02
7.395756562008415358e-03
-2.235998237806349209e-01
-3.630207240116263279e-01
-4.569403981877222520e-01
-6.435005095130463815e-01
-5.400637151738365560e-01
-7.034131040857154460e-01
-6.291223663895628704e-01
-8.057673173561248348e-01
-6.280753289668297157e-01
-5.839271249253066287e-01
-7.983161437224381984e-01
-8.437999703770522331e-01
-6.052232807489801303e-01
-7.984578025357080833e-01
-7.210074019139298684e-01
-6.719873626836871949e-01
-6.647255701320453625e-01
-7.221898471980807699e-01
-7.299689902810477804e-01
-4.179355014902661480e-01
-7.468265789816790345e-01
-6.417598022985444572e-01
-5.986716206632713977e-01
-7.258146181210598513e-01
-5.968282297542160109e-01
-4.736596697690202973e-01
-6.150934212630190245e-01
-4.090513373385107343e-01
-5.736413442201921953e-01
-5.366458521526311642e-01
-4.938735487879242214e-01
-4.974645157302504117e-01
-3.543284174866201397e-01
-5.924985041364223548e-01
-2.308996206800415507e-01
-4.110238759839290879e-01
-2.263264603861898649e-01
-2.517719465795096312e-01
-2.989319928105516055e-01
-3.724818057429146734e-01
-2.829211045068973363e-01
-1.753286925067314428e-01
-4.787720196604681178e-01
-2.471777483616577342e-01
-9.356769897090089216e-02
-3.991014699874568805e-01
-2.706476968145139494e-01
-1.328729123817069535e-01
-1.931717471915703754e-01
-2.710415133494876727e-01
-4.851549559400325506e-02
2.390173040593737142e-01
3.810983353143342356e-01
1.998770090848580594e-01
3.275128717569018022e-01
7.109943014443587117e-02
-1.961195042706052050e-01
-1.424085222931239514e-01
-8.421203900400797693e-02
-9.046678527034401895e-02
-7.369325056392028728e-02
-2.609831688456694110e-01
-1.308918735195661043e-01
-2.083848829119716584e-02
7.547198194615134526e-04
-1.422190912574663457e-01
-2.446590902462162376e-01
2.389275730437745437e-01
-2.598020683456709889e-01
-5.987507395788327358e-02
-1.350188603150641597e-01
-2.309152806830709892e-01
-1.335042984657448528e-01
-3.285691038875455661e-01
-1.915937023767639857e-01
-6.112062095294845676e-02
-1.473242040768809602e-01
-2.081447212682405734e-01
-1.301390084092965083e+00
1.957575690153944947e+00
-1.253632362296251301e+00
1.195539284285445092e-01
-4.813680582318369261e-01
4.542144522969309151e-01
-4.432558151302146143e-01
1.797925040690770970e-01
2.122577116954502685e-01
1.132088341140402576e-01
6.581383488969692053e-01
1.897046887646993696e-01
1.900014140208483582e-01
2.357662857883724428e-01
9.856893069955674491e-02
5.331513774672913542e-02
7.436557448138358950e-02
6.971551595547254010e-02
1.238350356788018303e-01
6.299059365822046175e-02
1.211655791095012091e-01
-8.981562105040552524e-02
1.246695207493146995e-01
1.461649025588869222e-01
1.982463513962784418e-02
1.652768394261698859e-01
2.757659728465711169e-02
9.733786601589855536e-02
3.054261255680756904e-02
5.186000948296509705e-02
6.241330497450547909e-02
1.117115211482655468e-01
-1.924036121645187336e-01
4.471794372915383065e-02
2.392825280224286644e-02
1.505797695320154617e-01
4.883848170746674100e-01
1.795166773781318170e-01
1.027907737519839770e-01
6.342378883152122171e-01
-1.375039418620644938e-01
-8.281186269985596482e-02
-6.135842648269118627e-02
6.786659852075871413e-02
-1.205964461670561150e-01
-9.338847709142328313e-02
-4.435227906759564576e-02
-5.692835372984461628e-02
1.161274766537587766e-01
-2.488567683412057363e-01
-1.641887122582232905e-01
-6.539027579818679214e-02
-3.517114998471626564e-01
-2.996814343989484541e-01
1.105164744585209746e-01
-4.952297724668071055e-01
1.204023088555317145e-02
-2.736584345274550856e-01
-9.406135017233197004e-02
-2.028217494873274518e-01
-3.783402968031168712e-02
-2.805142219707192908e-01
-3.508898501958057636e-01
-1.600520569768661971e-01
-3.267850326105445902e-01
-1.153250335906008672e-01
-2.023467137422514384e-01
-2.608168630430540702e-01
-1.147392325139406921e-01
-3.247520779263055601e-01
8.207446242032290229e-02
-3.451430487898150545e-01
-1.593320774681927787e-01
-3.715240426568797716e-01
-2.582547372557542076e-01
-2.533454599701201460e-02
-2.228876485710031830e-01
-8.063392448896422593e-02
-3.289613118132450609e-02
-2.799010091421720858e-01
-3.235081474569057036e-01
-7.605411845746345989e-02
-1.986612132050851187e-01
-2.246778624073897390e-01
-8.739281976756529957e-02
-2.488502208047194131e-01
3.001762520738608941e-01
-8.864195743602465427e-02
-1.468505880337360736e-01
-4.619643049598138873e-01
1.180586192419710301e+00
-6.572950101337440287e-01
9.688462179150292286e-02
9.331380453220106119e-02
-4.347100799503778035e-02
1.391259408324714286e-01
5.365032119062362881e-02
-1.648709091399069848e-01
3.982588610840309684e-02
2.157255256773993324e-02
1.988044510884776628e-01
2.363541132292255043e-01
4.060640342489563182e-01
1.082970584335782860e-01
4.008390062410995824e-01
1.191985785734814840e-01
1.403070029516868544e-01
1.481799122716367378e-01
3.101730358878711513e-01
4.395374794253257278e-01
2.943472232019743728e-01
1.193234373910740942e-01
5.913946690665952133e-01
4.438266234464336435e-01
8.064621451521958306e-02
4.288850697464070549e-01
1.379696051421461789e-01
4.965134007233444891e-01
3.344889082049959939e-01
2.560590444553554335e-01
3.936806690240359785e-01
3.636546467350925127e-01
5.043311350056924880e-01
2.755973573606809168e-01
2.885394303496440216e-01
1.768283193824871091e-01
4.770755508827946301e-01
3.942187372061027872e-01
3.314398089044985340e-01
3.937960549823387169e-01
5.789769237684367909e-01
8.257690226056553229e-01
7.829436794164337243e-01
6.239835519537066943e-01
2.379599975315969118e-01
4.478385286402613019e-01
4.847254560359459674e-01
5.057946584969315040e-01
4.828647222264095262e-01
8.169494377668087282e-01
1.145182034119105907e+00
1.256847101690912183e+00
1.377790413880759957e+00
1.256951983722526478e+00
8.950149454185272191e-01
6.552894338312178490e-01
4.009045479647532773e-01
3.825687315125279042e-01
3.642269707175600502e-01
2.360170120110467451e-01
-2.594054863070134331e-01
4.578304720978216835e-01
7.696501907865638259e-03
4.173480991109208560e-01
1.977021606104543139e-01
4.345691517864125331e-02
1.743892401124504943e-01
-1.228185828676515712e-01
2.408583098938521516e-02
-1.339352308682784098e-01
-1.052554197501720523e-01
-3.063278728905167725e-01
-1.376509714754025282e+00
1.883763592572687884e+00
-1.304726507383193734e+00
-1.693426255139129921e-01
-4.077115638663109110e-01
-1.070936054208893040e-01
-4.803697316105299819e-01
-4.208068788128827009e-02
-3.960514378920301226e-01
1.198987061087564143e-03
-3.486878001776290148e-01
-1.358727235962540192e-01
-4.002757142332598050e-01
-1.670541781066852138e-01
-2.510859115179258083e-01
-4.117626024898122239e-01
-2.165234891783995863e-02
-2.955814606891138396e-01
-5.044263233223595932e-01
-1.158989292301519924e-01
-3.209643765474545773e-01
-2.344741093961211220e-01
-2.741914774675215938e-01
-1.295023672439796769e-01
-2.652258653802554988e-01
-2.686220998470076893e-01
-2.191611339509940137e-01
-2.487753877129925684e-01
-1.481772180677118911e-01
-4.422415805289219293e-01
-1.075554799755309432e-01
-2.140041185787815436e-01
-2.511017117825780076e-01
-2.334578483703708685e-01
-1.290994612053744106e-01
-4.232197134313686604e-01
-3.547006941215613551e-01
-3.177069849687228498e-01
9.080303559324676144e-02
-3.053118717173433083e-01
-9.262364300182213128e-02
-9.063217172849391545e-02
-1.920790689820606190e-01
-2.006142656492713172e-01
-1.610836579141334823e-01
-3.386442251425947347e-01
9.877871140984240128e-02
1.185274522767159056e-01
-3.651909566761943893e-01
4.867129592776393565e-01
3.194877677226699575e-01
2.999798074296791128e-01
-1.922175055819508316e-02
3.899848825903475813e-01
1.377867468017868191e-01
-2.959888449442615865e-02
2.820579651657411091e-01
2.553197612933217897e-01
5.146092093476219986e-01
2.508663345670427702e-01
2.910198457065931166e-01
4.822048309299269420e-01
6.341122325884569477e-01
9.820291950607611398e-01
5.049136348486271686e-01
9.208467448535557764e-01
5.650093884109743669e-01
5.716861484100732582e-01
6.520644116834866111e-01
7.636869089201034910e-01
7.442164494320273604e-01
7.720692823431356544e-01
8.066877622017827321e-01
5.551056315053770618e-01
2.396021010477191737e-01
3.230776014138534435e-01
1.087090533413146431e-01
1.747543645305817961e-01
-2.606982914398088269e-01
-2.671688945467209919e-02
-2.043131846100649796e-01
7.338764550426901678e-02
-3.851763265353724819e-01
-4.784440711409985170e-01
-5.647788055435682963e-01
-3.546073881451228260e-01
-5.898060669898086417e-01
-6.627043228500113514e-01
-5.430550469880195408e-01
-5.543702199056319557e-01
-2.801601076424908854e-01
-4.686502833859051975e-01
-6.156321763568932681e-01
-3.726977559660795691e-01
-5.994250723593417263e-01
-5.938737357543040218e-01
-2.842666869662018314e-01
-7.183001218803610755e-01
-4.798776649990017518e-01
-3.308890635303569638e-01
-6.552389757054193353e-01
-5.752414517003003880e-01
2.292649061978124791e-03
-6.525640533925241016e-01
-3.311955166225004632e-01
-6.021728287605228047e-01
-1.607876976355768761e-01
-2.075895911668510507e-01
-5.520821911500277679e-01
-2.834767033324965269e-01
-4.724552285376191207e-01
-2.294644191646355580e-01
-7.056073574908339197e-02
-1.895032724842664607e-01
-3.270452426255374689e-01
-9.756533989658322525e-02
-1.120700695471867903e-01
-2.478025324558004172e-01
1.859689152817551872e-01
2.718321208361942354e-01
2.588359561401745168e-01
3.342953406719715304e-01
4.662618805388447640e-01
2.450328232743075318e-01
3.319672210927748779e-01
4.686099583318608097e-01
3.610968679117334545e-01
3.485945242017862711e-01
3.002578067563632658e-01
3.325113229322411712e-01
3.891449747063546738e-01
1.019541954568694564e-01
-1.343969151841406529e-02
2.542681111030447028e-01
3.656555428053209766e-02
9.048963659358122413e-02
1.000109050934341326e-01
5.360183342670410411e-03
1.901519183862490081e-01
-1.074158765992336839e-01
-8.300078036945635063e-02
6.480797658068127021e-02
1.113879914931104054e-01
-2.042452000593542039e-02
6.221098529876911698e-02
-1.418732012471792814e-01
-1.996211354364127999e-01
-6.829666425101521554e-02
-2.582904843323099442e-01
-2.711004640086969175e-01
-2.043430261263168290e-01
-2.333438618434371392e-01
-3.118973907548436841e-01
-1.289401935524878695e-01
-6.564964982430794294e-01
-1.074509667853362771e-01
-2.903967272158922697e-01
-3.079195249548831725e-01
9.269714717100896451e-02
-3.799211672394378070e-01
-1.784827378699418432e-01
-3.803569058733486941e-01
-1.061281914323899400e-01
-2.842848456468942686e-01
8.924193439451499898e-02
-1.736222401478570987e-01
-7.880998976144582002e-02
3.732805854749230434e-01
3.425106793864287624e-01
1.899137506206898252e-01
4.282421756668171042e-01
3.603255646430696402e-01
3.563788548177342363e-01
3.580314356206528714e-01
2.650411866544857276e-01
4.562115501856354172e-01
3.412352894427712613e-01
4.010429995326489916e-01
3.486519193215222856e-01
1.656415913044472887e+00
1.784102511599350294e-01
4.839751748801042197e-01
3.430410084304149620e-01
5.852618640191167287e-01
7.133715054555516133e-01
6.978754915977170015e-01
1.021450536075636961e+00
6.432025477884977249e-01
1.041407733746869013e+00
3.397176794353100604e-01
2.223720598293681405e-01
4.822030625324806863e-01
4.909660966515794200e-01
7.702878997855293619e-01
1.049961968622046271e+00
1.149863072032928812e+00
1.104879708738017996e+00
3.340064320587146085e-01
6.405788400710150654e-01
4.624564343746584427e-01
4.899325314535118991e-01
4.932711591166309972e-01
2.622158859613463733e-01
2.186289307652842240e-01
5.116750156340881261e-01
7.708264021132293919e-02
9.061107113579325301e-03
8.765519760190088050e-02
-4.529387989945732329e-02
-2.179420864474597153e-01
-4.400730421930649783e-01
-3.759188527201544616e-01
-4.468569644701965160e-01
-4.591923564727231621e-01
-6.725360881069910590e-01
-7.050342236048265931e-01
-6.106658477609130387e-01
-8.810444670583521543e-01
-7.755027772052649482e-01
-7.483623406762482944e-01
-8.624137804970146703e-01
-8.514726811804607109e-01
-6.819943859477284320e-01
-7.702316706342102748e-01
-6.726323103869340514e-01
-7.460971800572480106e-01
-7.573356369254504727e-01
-7.449602559772294796e-01
-6.877012203556560621e-01
-3.948071424712296107e-01
-6.455502113785520635e-01
-5.109757565211658914e-01
-4.820177511494136979e-01
-6.575140176893583543e-01
-6.204159648896840906e-01
-6.659542839639982503e-01
-4.450691559214021709e-01
-2.513470254884495603e-01
-1.855587792549684423e-01
-4.190824588101733639e-01
-1.308489697304295873e-01
-3.268074724538507780e-01
-2.543675565846186259e-01
-1.360490256191724256e-01
-1.540325545738170376e-01
-1.458269754151686470e-01
-2.348240343562366661e-01
-6.673139131267191715e-02
-1.620408255732854741e-01
-2.836230981172889187e-01
-1.762760493418298324e-01
-3.065519049250724493e-01
-2.329590630191589185e-01
-2.352218370742065190e-01
-3.223313693740905705e-01
-1.899584775845468698e-01
-2.645392140711209095e-01
-1.517749101015155588e-01
-1.207810270480749182e-01
-6.661926262616688632e-01
8.087068994741741790e-02
-2.908944537527204943e-01
-3.173122271644501780e-01
-1.802562386769110958e-01
-2.129257826243815543e-01
-1.703311336768322803e-01
-2.358178356772100415e-01
-2.875548592401173664e-01
-5.492988379337049309e-02
3.495563645488743987e-01
4.201464992180703462e-01
-7.966522253707140067e-01
2.527740918844912699e+00
-7.315261511813702100e-01
2.743557808203931359e-01
4.018831616242124483e-01
3.987360390698100332e-01
1.068166629964153458e-01
4.830370874518479241e-01
-9.812288949392922177e-02
1.141197313486870257e+00
-1.952890953212644831e-01
4.647339962403549407e-01
2.473270370507307803e-01
2.799986321372429643e-01
2.994399001660923432e-01
3.177192872594645223e-01
3.063522780570409054e-01
3.089695920876351920e-01
1.994513223257499135e-01
1.343187875301694589e-01
1.309121609024685995e-01
1.105247763394814342e-01
1.161173355550602082e-01
-9.261577321402114649e-02
3.244319739318228812e-01
-1.663590861876969029e-01
9.658477835024825708e-03
9.675746893547199079e-02
-3.164701460141117195e-02
-2.156545058559800054e-01
1.453344683435489060e-01
-4.103303711430470457e-01
5.594963643104549078e-01
-4.752335013851123335e-01
-3.804326551900771847e-03
-1.784787782192864825e-01
3.142879381383067994e-02
5.682756903478036747e-02
2.582834660145252315e-01
5.761097729745756624e-03
-1.421366825614214235e-01
5.399496427737204840e-02
3.418031918672213010e-01
5.649429549386155713e-01
3.561821907713671465e-01
3.524403488443645927e-01
1.188658465206735571e-01
6.196986603521281722e-01
-4.009161657947402091e-05
3.433723431475321775e-01
4.173256271355896274e-01
1.464390384390554800e-01
9.067325906204217745e-01
9.963137048483616809e-03
3.603676955187289366e-01
2.280202710901555463e-01
1.960063482225820053e-01
4.662152649274844407e-01
-8.377266836149743767e-02
3.614565840611305703e-01
2.058387241766759246e-01
3.208979471096142788e-01
7.227468112134509681e-01
9.991186798851288131e-01
1.000901036561877788e+00
1.435403507312845051e+00
1.197957508628466172e+00
1.016932721126661221e+00
1.119024334781638430e+00
1.182120087142536136e+00
1.127620175875090780e+00
1.039057338101308403e+00
1.130538743545706382e+00
9.792901307459587201e-01
8.539587216458031094e-01
3.358274782095538313e-01
1.323308603143225071e-01
1.497184531357262927e-01
5.387475041440836776e-02
1.021851496188510566e-01
-7.079577219209909344e-02
-1.138812387338692389e-01
-8.798506899573155238e-02
-2.006884309739032091e-01
-8.255144951012205468e-02
-2.891761207476211126e-01
-3.621708508572769603e-01
-1.982086942989411682e-01
-3.830429406916913138e-01
-3.705209160938967017e-01
-3.899065525214187033e-01
-4.490842825011540640e-01
-4.083863391865847348e-01
-4.085049932323823185e-01
-6.781049612377518798e-01
-4.461945308836376967e-01
-4.273596000008268447e-01
-6.869530170117883472e-01
-5.643616694182327365e-01
-4.560766026913469773e-01
-5.706985246387255017e-01
-2.340742858833166906e-01
3.764292506323840826e-02
1.383417099213701817e-01
1.998803894986593832e-01
2.812213813515285210e-01
1.489794982932544087e-01
3.926511507632355347e-01
1.591771870050848747e-01
1.533749759200659923e-01
7.175187176708419656e-01
-5.811457624296068047e-02
3.518659818255294169e-01
1.573985459991362745e-01
3.227189895725253166e-01
3.174245295193145466e-02
2.276407499992707528e-01
7.914108170571765299e-02
-7.985323445158343247e-03
-2.007804158205601652e-01
-3.615511041646719548e-01
-3.116819434390443178e-01
-4.602303765355664211e-01
-3.359775617868443476e-01
-6.314308459944619756e-01
-3.955625116490857351e-01
-5.659246055262450170e-01
-5.303962181347401383e-01
-5.955254556099198737e-01
-6.378662689255421014e-01
-8.867506546234089626e-01
-9.070386362618876319e-02
-9.684989958240493024e-01
-3.692753769069128111e-01
-5.992755112555983033e-01
-5.810968288011331140e-01
-5.110797940823061936e-01
-5.890309281998646895e-01
-5.071949157235842165e-01
-5.895739702341593613e-01
-5.669222319777027508e-01
-4.421648653308061228e-01
-8.016751622921454157e-01
-3.145571226200978288e-01
-8.474733707101336222e-01
-5.610770232750148523e-01
-3.795285354471111816e-01
-7.702080661039474307e-01
-4.627020204878320442e-01
-7.977554619882099018e-01
-3.394068137429258059e-01
-6.215614154374122791e-01
-6.148216745794528038e-01
-3.955241412149135272e-01
-6.380984467500567803e-01
-2.961523964471339809e-01
-6.234405779603733322e-01
-5.225853766154386904e-01
-3.803498386486197091e-01
-5.595133528793212463e-01
-4.076851908771033095e-01
-5.724415893568135516e-01
-3.570601441941292364e-01
-1.643560691652865557e-01
-5.036869405241262143e-01
-3.224143368248704178e-01
3.222104948812898328e-01
-3.406642219607505240e-01
-2.189864957435787574e-01
-3.342262477229098749e-01
-3.179128127257513370e-02
-6.628432067302725272e-01
4.632746548064972103e-01
-1.488223483746509146e-01
-6.796490887458617181e-02
-1.375276079671508001e-01
-3.371048546547825708e-01
-6.976229386086885143e-02
-1.925508110426292774e-01
-2.884898301281992872e-01
-3.917727467703713273e-02
-1.667375509254256372e-01
-2.249060871458965494e-01
1.099809968658149728e-02
3.964630106497892825e-01
-7.725802633945733078e-02
7.915757568616683670e-01
8.011101337075388074e-02
-6.346921586747100719e-02
1.433131276171906165e-02
-4.563357539674228747e-02
-2.062134319806787630e-01
-2.353532284419443954e-01
-5.022606647327876317e-02
-4.129686242970294074e-01
-1.382607415592786992e-01
-6.137693967686885799e-02
-6.304564373092560459e-01
6.236373995439734585e-01
-5.972181684423247816e-01
-2.852393055385249454e-01
-3.488739876084423486e-01
-1.132299078008998094e-01
2.438110014953522864e-01
-1.642833034272612736e-01
-9.098962518673658906e-02
3.156143217184848027e-02
1.707576398474657253e-01
4.688627420019955139e-01
1.878919277606598826e-01
3.101304964209674608e-01
8.681631183552624975e-01
6.991269829035218208e-02
2.889126253894431784e-01
5.755236395066205546e-01
8.072397292968247484e-02
5.464338470242680046e-01
7.815936117219237644e-01
9.879881283731393182e-01
1.088664413963975619e+00
1.117610908655265689e+00
1.029535583243664121e+00
1.129202165971889826e+00
8.718382670486732877e-01
9.725171374586025763e-01
8.437983112092055649e-01
7.675299307095464485e-01
5.215010222768334813e-01
6.620132010071095863e-01
8.886343899913988764e-01
1.169148891396755374e+00
1.108716914713642865e+00
1.211348612051502016e+00
1.083879535929078486e+00
1.099113309444465614e+00
1.143581518195244229e+00
1.132314149655403668e+00
5.196417634214611780e-01
2.834200492866116861e-01
3.898544441068558797e-01
6.628686670321570773e-02
7.191881640733299719e-02
8.746272965613499650e-02
2.576993294350877761e-01
-4.231587532278524577e-02
1.104683406678539370e-01
1.915955168053073976e-02
-3.357138613249688319e-02
-1.978978155179014209e-01
3.267255480208675067e-02
-1.127134620754439709e-01
1.358014421247233372e-01
-3.269229734000944632e-02
2.550043180649730346e-01
1.556109369579061763e-02
7.791537639131007609e-02
-1.968267602718398734e-02
-3.268204677256001389e-01
-7.925563252879541665e-02
-4.903125847605771526e-01
-4.235089093263368909e-01
-4.036768816554427985e-01
-7.592378739086527162e-01
-2.463015011432396761e-01
-6.976218972249448314e-01
-6.838379885424892279e-01
-5.913822268396842219e-01
-4.724008358318094736e-01
-5.766420511994923004e-01
-5.850015893592441785e-01
-5.912895859983251512e-01
-4.866521172805811091e-01
-6.051798400861656546e-01
-4.929526195514242204e-01
-4.861966395159882381e-01
-4.765515538190570055e-01
-5.224338794716985035e-01
-4.931735929029770205e-01
-4.878331507717916793e-01
-3.616377332297382452e-01
-5.312158062461875829e-01
-6.540298110012265909e-01
-1.510377403881442149e-01
-6.331350978041996314e-01
-4.998659499539925832e-01
-8.353298910344904016e-01
-3.361688123225547997e-01
-3.354738946456166104e-01
-3.819670980897527102e-01
-4.386372546749939261e-01
-2.286274547639166599e-01
-6.741194476297351912e-02
-2.460897950843303761e-01
-3.321580970909963071e-01
-1.042026169523211365e-01
-9.055200367377835846e-02
1.146398233431966673e-02
-2.490788324173465185e-01
-2.256210580079240913e-01
-1.311502887059390332e-02
-5.422612101553880848e-02
-4.169808768694949208e-01
-3.775350156357859532e-02
-5.522813003005921928e-01
8.115760552414812423e-01
-6.902167642269958492e-01
-5.616519591687563207e-02
-1.890068096971120326e-01
2.069124086298756993e-02
-3.262816873875351575e-02
-1.461232018489724283e-01
-9.544335849014373707e-04
1.685259468185122955e-01
2.052273811704026230e-01
2.627012421365861883e-01
2.770404861983024603e-01
4.045419336487654505e-01
1.890830272615673380e-01
2.289113628294217051e-01
6.509625993393086674e-01
1.082515863552629298e+00
1.007036450590170773e+00
1.290255287992103206e+00
1.201964491958761982e+00
1.350442509902745059e+00
1.333521525268501762e+00
1.263871464659224841e+00
1.332741086857303969e+00
9.550144102595723439e-01
1.427596271449768750e+00
9.372934455378789664e-01
4.814648585509573309e-01
3.811595476692382078e-01
2.848804238825977109e-01
5.220643551919046388e-01
4.091981378104954103e-01
6.109789327697541239e-01
6.256477227096439719e-01
4.967942949427133215e-01
4.873274128733946498e-01
4.429158055615971534e-01
4.985656744401367746e-01
2.636987135168773477e-01
2.815594925379301117e-01
2.009192389459002470e-01
3.206281003559041665e-02
-2.462982741374375451e-02
-9.427760881550284466e-02
-3.714814848050806972e-02
-3.867105123992722326e-01
-2.306846404275688656e-01
-2.096770105505072479e-01
-2.678876833194046014e-01
-3.593802714973151069e-01
-3.382659119532966940e-01
-2.748959038908616037e-01
-2.741357682327816292e-01
-3.974502017579553126e-01
-5.772747915690246145e-02
-5.243750938371753989e-01
-1.361269260867672415e-01
-3.922055164736946153e-01
-5.211774584906052610e-01
-2.695523525790690655e-01
-4.164407757191241899e-01
-3.588060431420032614e-01
-5.370558114411316808e-01
-5.932631285631799756e-01
-5.185475200657911898e-01
-6.258770227939116637e-01
-6.194401702184393343e-01
-5.040170797590661778e-01
-4.586691948885111003e-01
-5.859690426481805048e-01
-6.072959216353552847e-01
-4.741787634784877525e-01
-5.718567090448587464e-01
-6.573748008149529198e-01
-5.191802748063807371e-01
-6.139184059033269136e-01
-4.282969080241620929e-01
-5.234345768640338292e-01
-3.167386603638213671e-01
-5.134632392904450171e-01
-6.142457282916922168e-01
-8.709728496561481847e-01
-5.245419823743944221e-01
-5.419724057202373046e-01
-4.605436061331289466e-01
-4.457884798172315755e-01
-3.306595555922982044e-01
-5.778810533755631695e-01
-1.576171888850339542e-01
-2.881074444051705541e-01
-1.985624474915894666e-01
-2.107529094617888177e-02
-4.541061474274243892e-02
-1.020546046987149680e-01
-5.340968647345931686e-01
5.563301535082132432e-02
-1.603251891789909678e-01
-6.739476922305698281e-03
-3.248403542709397129e-01
-5.506040214944363242e-02
-1.748711407129093232e-01
-3.890819414032051782e-01
4.514155966482746862e-02
-3.942536922346562278e-02
-1.812003241615158800e-01
-1.213845217985962677e-01
-1.648775388727017344e-01
1.273583772688553495e-01
3.013939859469871863e-02
2.129841421949976166e-01
2.084692269840715539e-01
2.973491101759222488e-01
1.812512263651626654e-01
9.095356497265072448e-02
2.045607119507053540e-02
-1.685107328837247564e-01
1.801941149621342220e-01
-7.051649535185333662e-02
-5.202675194371906287e-01
3.403778095133489501e-01
-1.189860353216687372e-01
-1.848901476501936259e-01
-1.157221724302672783e-01
-2.130886845461787971e-01
-2.135607604394706982e-01
-5.798247190147520769e-02
-3.344769944141674500e-01
1.275075258158864244e-02
-4.655336352147614321e-01
1.031943121705083399e-01
-2.808284924688848605e-01
-5.850625212812587961e-02
2.590229212708550222e-02
1.056224935930032416e-01
8.656314246783125554e-02
2.736308754364884521e-01
1.372293821186758578e-01
5.095502353402281415e-02
2.207657590259515246e-01
-9.550892668100630090e-02
6.431729901342677636e-01
-1.442415984892235770e-01
3.948717429053232308e-01
2.818395318146471595e-01
8.347156623425888711e-02
3.229930989168821043e-01
1.642431189961541804e-01
2.539059898851192543e-01
1.669077846006885579e-01
2.284801712748318891e-01
3.065613711887280601e-01
1.373975114993513102e-01
1.773760070606229533e-01
3.253127225924927757e-01
2.793453447725369188e-01
3.898791104359986548e-01
2.667010868471280105e-01
4.620602849629591447e-01
7.409302203572991630e-01
8.207744897394775307e-01
9.529967480252850009e-01
9.474767820083691561e-01
1.433333662375066098e+00
6.916154912306389235e-01
1.059791693048406813e+00
9.111317510202177061e-01
1.612909565382580013e+00
1.165453474204745987e+00
1.324451483150316022e+00
1.022098847857144222e+00
2.942663022405653805e-01
5.153634130245343670e-01
2.111274689366346990e-01
4.188364880721842098e-01
1.881880907274435799e-02
2.404792946384048946e-01
2.340982377123168590e-02
-5.086729096293751695e-02
-3.371238500797026916e-01
-2.742799298809615038e-01
-5.097735434192145476e-01
-4.656483294865978451e-01
-4.301649753286120870e-01
-6.008938605739082561e-01
-6.125279833565322463e-01
-3.969623008220288796e-01
-4.685356722512388217e-01
-6.833929469253234856e-01
-6.243142099340026618e-01
-5.293383211670210642e-01
-6.312857798264204234e-01
-6.488235291467638888e-01
-6.160656406673474805e-01
-4.820660822093678632e-01
-5.651641971791505625e-01
-5.280815520955108866e-01
-6.663874889531271606e-01
-5.894668479712876774e-01
-3.901970343957579246e-01
-6.464315650701735194e-01
-4.658886598611005070e-01
-3.946413689136392122e-01
-7.669567289886458639e-01
-1.187855449734485092e-01
-5.544742597437419818e-01
-3.196858193080416299e-01
-5.107055152406871912e-01
-4.387299044534032078e-01
-2.678123538493935030e-01
-3.636472746048440285e-01
-4.675185534107200169e-01
-9.393528278533835874e-02
2.732049583603597398e-01
2.551320407381467703e-01
1.383361079975742314e-01
5.299699651032838688e-01
2.005162588068358787e-01
3.411942097817828312e-01
1.690320160513323344e-01
1.413419338063945929e-01
2.704816830747844847e-01
8.509420741825834966e-02
2.194018663950885184e-01
2.666985052187698102e-01
1.311845948158918418e-01
1.051421790496576136e-01
3.934072130350116936e-01
3.148756132200603020e-01
4.562038815691735749e-01
1.234969842396793638e-01
4.710833221144312688e-01
1.714227197756059695e-01
4.633341890861757406e-01
3.720073998755779598e-01
4.304226587085189237e-01
5.176726942015577038e-01
4.391045123950689799e-01
8.752163528350713761e-01
7.547613572118088143e-01
7.705634944518102714e-01
9.705563393816660778e-01
1.072544837012642915e+00
9.435957436011577215e-01
1.009148867748670853e+00
1.155632992913737667e+00
1.033692570299859170e+00
1.177579619221987173e+00
9.763390079989662240e-01
5.212067085643816711e-01
5.283422674247510997e-01
8.931832684513523191e-01
9.159260466089236274e-01
7.716754034265029816e-01
7.728087738544626717e-01
8.252148992106160819e-01
6.505506854363147795e-01
7.511144699488614407e-01
7.489139426665261112e-01
7.253667258542808582e-01
8.750684395468564247e-01
7.201565719627325279e-01
1.070769675512165620e+00
9.481062619944591319e-01
1.020218619387346592e+00
9.198494089651374495e-01
9.415530798971332160e-01
7.683358498364252220e-01
5.828108079256621998e-01
5.154667713521932093e-01
4.454662080763656107e-01
3.927456335519983188e-01
3.304679733646207485e-01
7.865919543063792929e-02
-2.549893058822854108e-01
-2.479929625728345410e-01
-2.491727677851904854e-01
-2.728399560825378600e-01
-2.537909050601356853e-01
-2.544964900789179474e-01
-2.649635720352083723e-01
-1.926226689126888658e-01
-3.162550412018418911e-01
-3.531572650804046809e-01
-3.401703915561595792e-01
-3.281918218095274398e-01
-3.266914722198004384e-01
-3.138239840417194060e-01
-2.569170599008794298e-01
-1.152341949980000280e-01
-7.284454400324058554e-02
-1.146010120046447867e-01
-8.627924896379202124e-02
-8.856636274471174630e-02
-1.184612281303216719e-01
-7.202756513466557209e-02
1.229609191183698158e-01
4.946084400380863499e-01
7.369512362209542644e-01
7.905899769102644470e-01
8.990713409691908353e-01
9.375450644051865901e-01
8.314789166730935932e-01
7.196244214993245958e-01
4.610922114684482542e-01
2.705486180590229925e-02
-1.434555030435788123e-05
1.433539378797692165e-05
-1.592372628409551710e-05
2.267056589614500819e-03
9.339066821644959786e-04
-1.600453514909554718e-05
1.600453424001856140e-05
-1.599708506748272392e-05
-5.484866982255129364e-12
1.599708874797702842e-05
-1.600453514909649586e-05
7.449172535973005993e-09
1.599708505370232457e-05
-1.599708554958246274e-05
-1.790592901815962756e-12
1.599708506748296786e-05
-1.600453693968901820e-05
1.600453558985481979e-05
-1.599709146142335803e-05
3.666708619674483027e-12
1.599708644488051284e-05
-1.599708689941901929e-05
-7.450699435293962197e-09
1.600453509399666382e-05
-1.599708548066271219e-05
1.599708454402414166e-05
-1.599708590763968810e-05
-7.457810453448485838e-09
1.601199379967440956e-05
-1.601198923886309978e-05
7.450549971221116438e-09
1.599708545310269954e-05
-1.599708638973991481e-05
1.599708501234367087e-05
-1.600453822064593968e-05
7.450949389783577057e-09
1.599708681671764966e-05
-1.599709319593649879e-05
-7.447297402054424767e-09
1.601198921130452370e-05
-1.601198925264442070e-05
7.450095432768883558e-09
1.599708546688380362e-05
-1.599708637596084361e-05
1.599708549444538836e-05
-1.600453783501081233e-05
7.444570169091307976e-09
1.599709232820317761e-05
-1.599708864865348424e-05
-7.450508631405431195e-09
1.601198377062387572e-05
-1.601198969340461489e-05
1.600453828954977956e-05
-1.599708914453397478e-05
-5.924677306916315001e-12
1.599709826166737393e-05
-1.600455060197502884e-05
7.456460610983034823e-09
1.599708731259998334e-05
-1.599708868999563096e-05
1.599708685806088058e-05
-1.599708955773179817e-05
-7.449613334575052453e-09
1.600453827577013916e-05
-1.599709490381412609e-05
4.547245202992170054e-12
1.599708867622257709e-05
-1.599708914454115762e-05
1.599708823546414473e-05
-1.600454207552267109e-05
7.451403970709430044e-09
1.599708816656063011e-05
-1.599709041169404414e-05
-7.455591952864508778e-09
1.601199518997312014e-05
-1.601199197996577340e-05
1.600454052094702970e-05
-1.599709086623268611e-05
-2.755922660219178866e-14
1.599708907563785983e-05
-1.600454181566526857e-05
7.450908093688344419e-09
1.599708955773635182e-05
-1.599709634917797422e-05
-7.445053288088589530e-09
1.601198966593502470e-05
-1.601199148408915889e-05
1.600454002507033387e-05
-1.599709177531002426e-05
-4.407589202469475165e-13
1.598964075703830168e-05
-1.598964209309467572e-05
-5.055964083814853960e-12
1.598964579922339561e-05
-1.598964214821372524e-05
1.599709043925524941e-05
-1.599709633447654513e-05
-7.450990771205520669e-09
1.600454187078561913e-05
-1.599709222985040095e-05
-1.363615573539075920e-12
1.599709221607013713e-05
-1.600454910271652069e-05
7.454600174129633050e-09
1.599709312514658081e-05
-1.599709312514658081e-05
1.599709134833342782e-05
-1.599709315270794871e-05
-7.450976991917480224e-09
1.600454322062285330e-05
-1.599709499842133661e-05
-4.105545086839287872e-12
1.599709637673535768e-05
-1.599694849921862085e-05
1.599707545326572219e-05
-1.600452773875513947e-05
7.449558258243102471e-09
1.599707705277116239e-05
-1.599707853859204170e-05
-1.118982203795187563e-01
-3.440259684109446825e-01
-3.285100635981439976e-01
-2.668044848985585693e-01
-2.714554104862680894e-01
-3.106605407183502532e-01
-4.068322198814697810e-01
-5.654900242334512939e-01
-7.030215032552997734e-01
-8.118009607034935016e-01
-7.869610253843113412e-01
-9.114756989306442847e-01
-1.005952466670557932e+00
-9.984842376343694426e-01
-9.657763000479828719e-01
-9.594675174996734057e-01
-9.171910903127180603e-01
-9.418240922744391952e-01
-9.016128034775867661e-01
-9.492431825475069473e-01
-1.052981753434645285e+00
-9.947370289391130882e-01
-1.031960420018807056e+00
-9.619170824446321433e-01
-8.742661025014939469e-01
-7.191592784292737406e-01
-8.784337069325616199e-01
-7.771350612516165768e-01
-8.053820866116971899e-01
-6.302526576760172361e-01
-7.114889603662817308e-01
-5.575489762843410801e-01
-4.272750861255900645e-01
-2.781445940768492164e-01
-2.736655838457515699e-01
-1.431711629883523074e-01
-1.317394141750298786e-01
2.088275957495184798e-01
-9.446067294261339953e-02
-1.034742239305614930e-01
-8.993920647284170400e-02
-2.824298588825371326e-01
-5.253973499890918220e-02
-1.804657237610918230e-01
-5.784080839374681204e-01
-4.183539283502284434e-01
-4.365456181124649504e-01
-6.465400398209020238e-01
-3.157731944412560665e-01
-3.901336195764173453e-01
-4.687545410721014605e-01
-5.907983574430097917e-01
-6.556400921758935851e-01
-4.355117169258768683e-01
-6.079009954016392214e-01
-5.978341119044969787e-01
-6.786548097206797081e-01
-4.986598952137484275e-01
-6.021655878409717388e-01
-5.374284491035510314e-01
-4.888408334887444084e-01
-2.757355266748291456e-01
-4.947709816418282003e-01
-4.711642175935466526e-01
-5.075132769150201284e-01
-4.777068106959063698e-01
-3.165450160162777138e-01
-6.107761633813737490e-01
4.146998538282531399e-02
-2.048926425919290750e-01
-7.891001180701096018e-02
-1.158414434830277173e-01
-2.340137226233665046e-01
-2.931993701829114229e-01
-3.759023194387367539e-02
-2.339348712128028751e-01
-4.705882816879380925e-02
-3.098308020266173912e-01
7.654546606055134816e-02
-2.193946410177929351e-01
-1.281093181889474408e-01
-2.590507498167937683e-02
1.277045926621056537e-01
-1.174196469816095600e-01
-5.907485676893742266e-02
3.427910474756572512e-01
1.567330009119984879e-01
3.329700361657188523e-01
4.651244655666673111e-01
1.822799766090739126e-01
4.348987768310834667e-01
8.653323547296807305e-01
9.484387087176173736e-01
8.539346898044612999e-01
8.587146143556267930e-01
2.142651746829145054e-01
3.561900268737829833e-01
3.735742846191101307e-01
2.724317063401997530e-01
9.503386995532991932e-03
1.076509630151747388e-01
-1.308579201938613323e-01
-1.316516789397468301e-01
7.219752324267858512e-02
-2.508672257529056537e-01
-2.580029237585961255e-01
-7.892451367359143433e-02
-3.512389095442074449e-01
-2.141978740783656576e-01
-1.838830753861699918e-01
-2.941287015746780753e-01
-2.269227347732254430e-01
-4.812727321851681950e-01
3.916579274581124537e-01
-6.012960508777283053e-01
-2.355471459570139814e-01
-4.210096104419847052e-01
8.801368905804451970e-02
-2.646310749216738145e-01
-1.800349684000011052e-01
2.389885468915053934e-02
-2.325404812693463441e-01
-9.681911263451326022e-02
-1.762230984413974966e-01
2.362986738251038332e-02
1.457765192967528378e-01
3.788843544882993797e-01
4.253936138568974457e-01
-1.812388395788389062e-02
5.406560438052494533e-01
9.320461617006969846e-02
4.655442056575864740e-01
1.986342583969786801e-01
4.904035528454286919e-01
5.078976550037594961e-01
1.560699533934695182e-01
3.720350061479393844e-01
2.670900252984935719e-01
3.263635142033791681e-01
3.685594388718591574e-01
2.320518981160759608e-01
2.205720380529889724e-01
2.450790776788203118e-01
6.258797408800518269e-01
8.262679631553915272e-01
1.040668474125435949e+00
8.839704298174240193e-01
1.003488399788682983e+00
1.002982851984111079e+00
1.093891322515670339e+00
1.002184781448349327e+00
9.272687997239472679e-01
7.472302141261053521e-01
8.409165171049046705e-01
1.106303042022876326e+00
9.717178453402688376e-01
8.257696410029211620e-01
9.502653202556565759e-01
9.678981698818986956e-01
1.015733277607642648e+00
1.009531036842760798e+00
9.825204673301275449e-01
1.419071058060392687e-01
8.922921508601611151e-02
-3.136828015145329829e-01
-4.529444048002595480e-01
-3.474603664959872162e-01
-4.294750965387130748e-01
-3.330503736612993038e-01
-4.694635784824523483e-01
-3.507800945495613831e-01
-3.919134731945863592e-01
-2.967866533432541587e-01
-2.973231440759569466e-01
-3.808428539184234296e-01
-3.713384229104903511e-01
-4.040815562556687723e-01
-3.245865186826399906e-01
-4.248462573598459358e-01
-3.220852499103870059e-01
-3.867723720223530393e-01
-4.580860278709550926e-01
-4.187448028102096487e-01
-2.311619305728740414e-01
-4.244250449626107979e-01
-3.474651742294625478e-01
-3.895549745547235432e-01
-2.534256599805324583e-01
-3.325030300388434057e-01
-3.907509793777350637e-01
-2.820611112861151071e-01
-4.587354329563062549e-01
-4.750934291804966847e-01
-4.492419968352088233e-01
-5.543794872783003314e-01
-6.105036116635922383e-01
-5.474976577607826300e-01
-3.594896854951983300e-01
-6.509223563076069752e-01
-4.988380783258321571e-01
-3.924932975986799022e-01
-4.916562292579449434e-01
-4.378780279697629396e-01
-4.729161654820082106e-01
-4.611404083827146394e-01
-3.150159839169468512e-01
-2.811407242300916209e-01
-6.043385381270987011e-01
-2.625090341294864515e-01
-4.458690831032683377e-01
-3.904481184178933972e-01
-3.764697371051326513e-01
-5.241393485245637862e-01
-2.561812622617765101e-01
-3.855433353779957883e-01
-5.911045717445873038e-01
2.357458811050605618e-02
-5.235404440319300079e-01
-1.423448012392967144e-01
4.206131883300656682e-02
2.092819700118226933e-01
1.636168137384785837e-01
4.408144818414569954e-01
-3.801013089512821352e-01
2.159874373868078123e-01
-3.656315861696413094e-02
1.675691611098528710e-01
-2.458796879529856483e-01
9.648103412225594866e-02
4.514069136141785066e-02
-7.812880082988726826e-02
4.664912791253073010e-02
1.050030836237354492e-01
4.711879062135437835e-03
3.954689805069762087e-01
4.551241717893645955e-01
2.179761659860872669e-01
3.890877936347649779e-01
2.181494792663585258e-01
2.779302240239758248e-01
8.465286463971821718e-01
6.283647783186907532e-01
1.883502436749807885e+00
8.350954660354297232e-01
1.156692195235152099e+00
1.310958127029458353e+00
1.210111035052158002e+00
8.991036051488592307e-01
4.867767042141259992e-01
9.111849961290801048e-01
7.492781222337185909e-01
1.054682310147477153e+00
9.481285391187306288e-01
7.486041979292679116e-01
5.819631469101658183e-01
6.826724713636309616e-01
6.370347673513734321e-01
6.586660018516496962e-01
7.251427031883217467e-01
6.910198349293352749e-01
7.518402731400293248e-01
5.174207548067109030e-01
3.049160639520565041e-01
7.460388756305391667e-02
1.070912011672255915e-01
-3.283209774915434309e-01
-2.949899153221942072e-01
-5.878448661380808460e-01
-5.029216613826346105e-01
-5.320965100431660488e-01
-5.914561356621970134e-01
-3.954314385562991419e-01
-6.058786635324082681e-01
-6.323143998189593162e-01
-7.495685880389189037e-01
-6.757647190247162428e-01
-8.259686413243727543e-01
-7.538509311235266352e-01
-8.082764871047061206e-01
-7.256681620109652897e-01
-7.138269321730277284e-01
-8.772204403229473257e-01
-8.284168169218446565e-01
-7.005992912168075293e-01
-9.873600735854424215e-01
-9.030211919123196651e-01
-8.372796907681063772e-01
-7.143098720427403236e-01
-8.294385169266078606e-01
-9.983386839681571701e-01
-4.896186073160464503e-01
-8.551208291155596442e-01
-6.994855377383757400e-01
-7.585022923399264982e-01
-6.233054247610851917e-01
-7.103573621602095045e-01
-6.209173966103875841e-01
-6.778107679220255477e-01
-6.668823947255333451e-01
-6.591819328006280898e-01
-6.609353478254433867e-01
-6.072602896294370112e-01
-4.414172479075872957e-01
-4.535398160334480622e-01
-5.668569869994399824e-02
-6.123955187186069793e-01
-4.235741221499651488e-01
-3.684032712191438463e-01
-3.576612521480839746e-01
-2.538912537456781138e-01
2.505041436460899718e-01
2.094583381645733766e-01
-7.728361005313644227e-02
-1.019579913329593523e-01
-1.679751377792797484e-01
-3.327808136219942980e-01
-6.173768876652019344e-02
-6.845273729194332191e-01
-1.363354894025903263e-01
-3.391157256364607520e-01
-3.895000449770478212e-01
-3.299226654541200787e-01
-2.086836507745388758e-01
-3.431007156040948303e-01
-3.458910435693809404e-01
-1.650665455674626969e-01
-1.973017791208633298e-01
-2.172057097590140984e-01
-2.708221251065836555e-01
-2.396213584486019954e-01
4.583062962403516849e-02
8.347801005984933909e-02
2.030239042030501651e-02
8.581314226499614506e-02
-5.859222095645577610e-02
-1.515472648642699482e-01
-3.857378787069123405e-01
-2.804188121481132612e-02
-6.633219812949917582e-01
-2.019062003095086766e-01
-4.155293805311046640e-01
3.226762021480453768e-01
-1.495659275624916518e-01
2.973713739996028949e-01
-2.049030488919072468e-01
2.652001429217278883e-01
7.879229540152721256e-02
5.636013617039949963e-01
2.078176465692394004e-02
4.398914071563808648e-02
2.161947505570864791e-01
1.306070611621734656e-01
-1.318123396371788658e-01
-3.876864909498323186e-02
2.479437382545697233e-01
1.166337950530618173e-01
-5.274116902964465226e-02
2.063953838612064828e-02
-4.934343203792934673e-03
2.170420085741540106e-01
9.737406497637124403e-02
7.983395815763572045e-02
4.914000494423831356e-01
4.223566787267003519e-01
2.167185149150014922e-01
1.533231294496744113e-01
2.038788740520089959e-01
-2.584666371718924438e-02
5.641936505450217965e-02
-6.353101938780980618e-02
-8.380480846395954586e-02
1.865718616034541810e-01
-1.102810390765256443e-01
3.266976873958782335e-02
1.547000734663583899e-02
9.876630931596963592e-02
8.153512066579793327e-02
4.908746917947581778e-02
-7.966439818652304439e-03
6.711343660776236675e-02
4.400171843767708424e-02
-7.520247269720670147e-02
1.584854241951560994e-01
-1.129440408747015567e-01
-1.531410433943207750e-01
-2.817779979968548787e-02
-4.477862601275361953e-01
3.437653138569416456e-01
-3.845269783294114063e-01
-1.561188389442236257e-01
1.679057178779430615e-02
-1.573759460455192993e-02
-1.826259942585224394e-01
3.403041403985582747e-01
-1.454750381828660011e-01
-1.405370786102508873e-01
1.440057629970894482e-01
-3.164714688053607006e-01
2.220596082346659728e-01
-1.212969008757767142e-01
-2.811223029844711618e-03
-3.718228598728856582e-01
-2.508746869193103635e-01
-1.476056165462580338e-02
-5.174866884437463455e-01
1.744348559486113004e-01
-5.422105988620060657e-01
2.764967725065048398e-02
-3.904390449652339612e-01
-3.972204388767082150e-01
3.155578288188820579e-02
-2.768792978638643376e-01
-1.367606081135548379e-01
-5.478347253699666908e-03
1.664343978674338587e-01
2.016225028610847403e-01
5.008459223076826561e-01
2.769199078069846109e-01
4.200410596390753426e-01
3.945429965684397189e-01
3.717674425497037305e-01
3.146646506091741458e-01
1.930237036430426656e-01
1.547261183518031658e-01
6.466156468494688170e-02
-2.744832682715525607e-02
1.487482381457283509e-01
7.439970305976828513e-02
6.979365804065906786e-02
-8.440619139980753971e-02
1.919540224504387993e-01
-1.609976175408149857e-01
1.507328534289200661e-01
-1.831630049852464026e-01
2.200988191117403403e-01
-2.409940429982029286e-01
-5.294274512651497844e-02
1.640663930919643576e-01
-1.211048049842844421e-01
-5.181299524878113516e-02
3.833770934532054753e-02
-2.201492832067373229e-01
1.205774123894371996e-01
9.055948749497844119e-02
-1.177183559527108514e-01
-7.028885500776027584e-02
7.665401323444598347e-02
-1.271366905770676681e-01
6.931279088653496956e-02
-2.258178183796388794e-02
-2.118596742322580440e-01
2.829068131925822627e-01
-5.130882783590351437e-02
1.396541987418231656e-03
-1.790837463312655586e-01
4.068662385959314065e-01
1.613767341917267117e-01
5.601821985598078868e-01
2.492925073364560262e-01
3.309875223994680482e-01
4.384026705612029673e-01
2.742601777351012515e-01
9.142469800607955221e-03
1.527585971471978610e-01
2.079788376391036309e-01
7.506745599004460701e-02
1.804648437744020839e-01
1.158413961353943478e-01
3.141105903628655938e-01
5.156810600539074585e-02
2.455843127635262135e-01
1.296265951072257394e-01
4.071927947440485696e-01
3.322046210139788514e-01
4.390384663444422131e-01
2.790689181930758878e-01
2.895946866062786285e-01
7.340352263569869251e-01
7.052817751850426475e-02
5.039115383720371710e-01
7.444405011137078532e-01
8.645586743768873816e-01
1.164074554662498429e+00
1.020098385223050741e+00
1.399752050210231857e+00
1.261881928309296796e+00
1.255975574913787085e+00
1.135255640603272553e+00
1.103180609692572034e+00
4.721954215720067793e-01
8.262487415822903358e-01
7.532861701797308740e-01
3.831634247555442130e-01
3.582056958806241198e-01
8.995791669615194053e-01
5.587208623880073333e-01
5.159630829147872078e-01
2.969373537546466935e-01
5.641493598830358280e-01
2.768648288109787359e-02
2.281116790163579822e-01
3.119760534955169362e-01
1.299385219050464002e-02
-4.017012708784406527e-02
-1.959921831706346040e-01
1.496916887970556331e-01
-2.226284513803094001e-01
8.484140071274737238e-02
-1.428663301058534785e-01
-4.415060862450950196e-01
-6.054241271025873061e-02
-5.421257756677988482e-01
-3.564914652730308831e-01
-6.358818107879677939e-01
-5.556138658002360842e-01
-7.130549458511268313e-01
-4.879901980617695756e-01
-7.310602754961941230e-01
-4.077561620622347505e-01
-6.765457863360744284e-01
-4.199163397511114226e-01
-5.855569894369310191e-01
-5.313777916875928042e-01
-5.047784652908013925e-01
-4.636794892562150494e-01
-4.688003666185664997e-01
-5.811711110861033092e-01
-3.989437427012205717e-01
-4.816263053118632342e-01
-5.672712067736505048e-01
-4.312818214609279721e-01
-5.242627523835565739e-01
-4.360331052658423800e-01
-4.388996536581757368e-01
-6.997175421560157815e-01
-2.732813444425801208e-01
-4.475141565048588177e-01
-3.287919166840680418e-01
-2.128020586932848346e-01
-2.484992609016103415e-01
-4.877031911450373514e-01
-2.139211092085773203e-01
-3.662313849581479985e-01
-1.277893800417402304e-01
-1.469115231771027652e-01
-2.795221451462310824e-01
-9.874034258624675431e-02
-3.478192168023852560e-01
-2.952738661593912184e-01
-2.672247922922537100e-01
-1.462157792246188137e-02
-3.930303526606522269e-01
1.275035486533226958e-02
-3.058043976332101010e-01
-3.686369464745808955e-02
-6.643787360126651720e-02
-2.600868176602233461e-02
8.956277110908672512e-02
1.920859699775547824e-01
-4.027508619763864317e-02
2.668545849236920731e-01
1.974480532123479293e-01
3.176251138654322403e-01
2.610423279231213201e-01
2.925279328334795537e-02
4.511117754119382539e-01
1.190890784758522614e-01
2.467063195868277603e-01
3.472424131538716097e-01
1.442349563101643639e-01
2.558255431818210468e-01
2.151103107380336610e-01
1.834649421629563903e-01
2.516783174146652868e-01
4.533859030168372328e-01
2.408668633019672711e-01
3.512433780138266570e-01
5.202959993058229315e-01
2.589464853156613344e-01
4.699276541658292672e-01
2.834670941702626124e-01
1.963827180036332720e-01
1.478290331995353313e-01
-5.644232871571119858e-02
2.090055342581109699e-01
-3.095829131257232802e-02
-1.806422288148326061e-01
-6.196519654635324059e-02
-2.906511159785409859e-01
-8.823547551940436051e-02
-2.903138525714155094e-01
-2.893939352635825912e-01
-2.400899903310644845e-01
-2.305699390469015952e-01
-3.426134329353942576e-01
-3.209841862324083195e-01
-3.176707995231495829e-01
1.315045648782842136e-01
-4.694042434796728003e-01
-9.571245612524847957e-02
-4.122514042618234953e-01
8.913003893393067756e-02
-4.121483510139896111e-01
-2.778102350449032087e-01
-6.306939406857026142e-02
-3.108749985013972150e-01
-1.097744608141368872e-01
6.902033034923960031e-02
2.411444422493858042e-01
2.578038609935688896e-01
5.901765266579417357e-02
2.085536006339054893e-01
1.470116924706843520e-01
3.274004966362156210e-01
-5.229454864281279924e-02
2.688732257062298459e-01
-8.685731316184330808e-03
1.750512753538515653e-01
-1.301479359426878091e-01
1.041073693739633654e-01
4.224971181263725839e-02
5.907088565019336102e-02
-1.019635208181242092e-01
-7.344612083245039003e-02
-3.917245918804468374e-02
3.616297655179323556e-02
-1.811426993969433852e-01
-8.611140811945006135e-02
-1.873893959484718152e-01
6.547463487984828134e-02
2.214583158514358274e-01
3.545112519087609826e-01
3.539178011566406212e-01
1.105806423658464155e-01
1.072592677327008914e-01
2.475929477844545090e-01
1.168778666399177268e-01
7.231425944496550073e-02
1.981372366108757888e-01
9.313136657495135751e-02
2.797949303133151489e-02
1.462473606326142317e-01
-5.350658406096187036e-02
8.357576070898176113e-02
-1.435319139813771017e-01
-1.639049656855817716e-01
-1.250854085799772974e-01
-2.067346744631208821e-01
-1.866232142856389942e-01
-6.575690285990276607e-02
-2.676865526095042469e-01
-2.452035608534686162e-01
-1.471712493254599963e-01
-2.098062734845953514e-01
-8.004207072124103206e-02
-5.190078591535325359e-01
-1.687022064239158681e-01
-1.769477831704548976e-01
-3.070454421315105265e-01
-2.373765044523921119e-01
-3.114211914185958108e-01
7.564324531010413466e-03
-2.930780451452505986e-01
-7.179175407187443625e-02
-3.954435638691151667e-01
1.487679836413065004e-01
4.374458334487414390e-01
-1.595753131032253691e-01
1.972228721093856052e-01
4.130157202583006892e-02
3.710397983302726743e-02
3.143670780528395881e-02
6.843465621059863224e-03
1.142790723572630895e-01
9.287510867915216295e-02
-1.936344089883306196e-01
2.593462518401352668e-01
2.283149500681389554e-01
-1.681913514017949751e-01
2.621723511099673942e-01
3.682575785887820530e-02
3.100781437597106560e-01
3.472707335323761413e-01
2.039827466745407492e-01
3.821997292136103397e-01
2.501027195052927254e-01
3.717160229659768333e-01
1.914231353477546804e-01
3.097819262984629063e-01
3.323291398677952202e-01
3.221815798518221641e-01
1.313443836439986967e-01
2.321958227504126171e-01
3.020494632763330856e-01
2.714149749394323408e-02
4.457599405073082721e-01
2.243576863279486133e-01
1.234041342486946746e-01
3.859727730296924619e-01
-3.647276037908397939e-02
2.658325991270977795e-01
2.192900637564534350e-01
2.085051132088722170e-01
2.343760360684044031e-01
4.124880527212191339e-01
1.869824985401251638e-01
5.910447914514023182e-01
1.179095976850668137e-01
1.701432526286943414e-01
1.875733934302878936e-01
3.101281026386182305e-01
4.446280047546977698e-01
8.202847197553211345e-01
8.969557640164573797e-01
1.026816778661032714e+00
9.694154892411894764e-01
8.495875341177381301e-01
5.268587587867550326e-01
8.471551848021938724e-01
5.007391230525612968e-01
9.578906950832433154e-01
7.349530724737540766e-01
9.892143759731339969e-01
8.176091555307394287e-01
1.044537148431174955e+00
1.063390080840061813e+00
9.544123023802058015e-01
9.316233272337068883e-01
7.353669316748145945e-01
2.629225398387671220e-01
9.789986776965164950e-02
1.968705698897839085e-01
1.151096148093326832e-01
7.485496666283886213e-02
1.615592209534373325e-01
3.553242320660210396e-02
8.072181740662820459e-02
7.550971586137755764e-02
7.279083748423964551e-02
3.950252145817145788e-02
1.676227515627228826e-01
7.899061501163373578e-03
4.676824806297652515e-02
1.153367656687240839e-01
2.184812715410373585e-01
2.853756084559719852e-01
2.496402051741632988e-01
2.972412916385227533e-01
3.103274436333354203e-01
3.411408363640866526e-01
4.929888820775403246e-01
1.042158589993753992e+00
1.204491132260612218e+00
1.260546291981500922e+00
1.240069727696210933e+00
1.237826563304579963e+00
1.099557846583196330e+00
1.046538096895996084e+00
9.291951907135773681e-01
8.246325112100865162e-01
5.095805287439367781e-01
