4.395284669080777064e-03
1.004219158744663453e-03
3.213770213688216118e-04
4.054219912101431457e-04
4.100237511444180041e-03
3.053833363158494100e-04
2.402522561277236745e-03
1.228818117757546563e-03
8.810257164653515264e-05
1.895634730977558855e-03
4.256372345500070847e-03
9.272917871080166860e-04
1.566501574073599296e-03
1.315950967341739672e-03
7.660695868665522894e-04
2.528691619690615240e-03
8.818709555537640292e-04
5.006159438995053676e-04
2.860692106522253874e-03
2.119572100737013905e-03
6.828566981007907935e-05
3.142107001275753694e-03
5.695005002254470428e-03
3.203248266601823636e-03
5.884682622581670700e-03
2.351674560337525723e-03
4.117123827593797622e-03
3.643843241811777975e-03
2.417927580234159601e-03
2.609249620952417640e-03
5.490521665134539403e-03
1.334034326352369175e-03
2.665828839005812169e-04
1.288524747486582652e-04
1.566036552234577545e-03
1.626165330482546439e-03
2.289035772726360357e-03
1.788936987832534173e-03
1.426945567647167762e-03
5.987390600432323639e-04
4.269407199656067957e-03
8.471899688263782521e-03
7.760860448072403467e-03
3.540152699682617803e-03
5.813782479462117556e-03
2.744060334492140138e-03
1.402266188731427941e-03
1.380959194400245863e-03
1.194704915224448303e-03
1.054606059243450239e-03
9.515468669568137930e-04
1.082854236286325857e-03
3.547024386624001661e-03
5.416554592824291900e-04
1.657156622779956635e-03
2.007302802385218035e-03
6.662663947673281954e-05
9.931496254907833283e-04
4.182920362571369540e-04
2.940343430877685873e-05
2.298726218086589654e-03
5.897131448111066383e-04
8.609797685197754851e-04
1.773461288192851142e-03
3.202651346493187376e-03
3.239908648016130450e-03
1.486066876430684020e-04
4.776067825031225789e-03
1.407790377628883043e-04
2.374658882634347531e-03
8.245056179110623858e-04
3.507823748911589185e-04
2.934220276668511856e-03
1.006706793539891140e-03
1.659877349264432512e-04
9.872782152119488099e-04
3.051413311396913896e-04
7.817014836294576509e-04
1.428785866983082672e-03
3.103903818161092131e-03
2.528275192345188897e-04
2.232885272580871494e-03
9.383985999697040279e-04
6.602585311068172639e-05
1.986983382468931851e-03
2.188815641879202772e-03
5.011443599162824581e-04
2.164807631261737690e-03
1.423379113838080462e-03
5.927783788246935876e-04
6.017211183035265504e-03
1.248500410580701381e+00
9.312637335133591154e-01
1.798289592394490197e-02
8.885496414721244865e-03
5.553582882971544454e-03
1.532393820100706912e-03
5.419352919932241171e-03
5.196196502252472399e-03
1.696035766830827907e-02
1.047945723148509820e-03
8.488710584727840805e-03
2.928018776161074761e-03
2.804141601859062600e-03
8.237494877585363907e-04
4.500968266483670898e-04
1.223052179601450979e-03
2.195669626948005583e-03
3.407144366698432441e-03
3.761215880382331100e-04
2.089123374946167018e-03
3.709881232856658486e-04
1.825206950044481460e-03
1.579361670835439328e-03
4.547843581748227696e-04
1.236455207572511065e-03
2.240435403910186370e-03
1.375629188280467997e-03
3.635893915248429847e-03
7.112999199832120961e-04
5.127637712136210238e-03
7.852646123817318396e-04
5.309731264338191569e-04
2.566250868967299113e-03
1.251561994583257542e-03
2.133097827603925092e-03
4.862504561236448940e-03
9.881559722882777771e-04
3.031567360188506827e-03
1.098216630148719829e-03
2.449086631298170048e-03
2.537560115718616449e-03
3.722926242353011023e-03
2.205052256460291685e-03
3.397372572813197548e-03
8.468593738687384218e-04
4.663857795550077623e-03
4.015766637153396490e-03
9.336362896141832792e-04
2.149457105764239831e-03
2.341752410266875490e-03
2.189291370925254814e-03
1.184817592873216351e-03
7.936401966653703743e-04
2.422964179987224451e-03
1.041149728449310098e-03
1.981370596047125540e-04
1.432071986363561179e-03
9.012416742017760043e-04
1.809021534967072443e-03
1.252586656572344647e-04
5.064767194621514835e-04
3.517075093675552707e-03
2.695917481931631469e-04
2.966740552183246438e-03
6.631219931291221486e-04
1.605603622719254785e-04
1.083063338189299693e-03
4.668719625861695796e-03
3.744750756598420340e-04
8.016930830939174041e-04
7.988838227897534453e-04
8.766521599694393962e-04
4.467087351683049663e-03
1.045054440181345488e-03
3.125712424655115868e-03
6.510621874893995431e-04
4.400614303435528940e-04
1.527687968453805877e-03
5.474302877189450318e-04
5.105138128606442286e-04
1.519823156548684830e-03
6.253910483789968701e-04
5.884724721508565598e-03
1.302101681232165032e-03
8.804824271642508124e-03
2.983054438330003978e-03
2.404644045804768451e-03
9.672456687029757152e-03
4.509896954312518982e-03
4.116297588764978276e-03
1.044936801409407774e-04
8.895162615823574287e-03
4.598765336432266912e-03
2.646240817030777459e-03
1.039781353808436146e-03
9.213009959455954224e-04
3.519434857285471015e-03
3.292230199164033946e-03
2.820754514753828508e-03
1.838970760811660301e-03
3.213669188228454252e-03
4.319870143251076759e-03
4.597916409891283744e-03
1.240131963975764666e-03
1.127780247417424974e-03
4.685423236347310838e-03
2.754541468894746055e-04
1.785523896508451475e-03
3.359318646801483167e-04
3.416462441139112970e-04
5.730308853336004652e-04
8.066682962558980371e-04
4.305070479873113719e-03
7.387994329194963114e-04
8.288544099519104882e-04
2.475679732662439884e-04
6.799820410957620024e-05
3.515381037637326130e-03
2.769997623218357300e-03
2.936190421808599748e-03
1.399516207319738805e-03
5.144034216534283145e-03
3.817836900373312164e-03
5.297735964620919197e-03
4.826468010733804895e-03
4.608384937551323127e-03
4.643854370831201027e-03
2.599733466965838732e-03
9.083878170171791680e-03
9.885287020866249247e-03
1.680338825098852710e-03
9.962389189980663459e-03
1.668623080537558201e-02
5.936611454628705833e-03
1.067624745511435574e-02
3.027870599234403198e-03
6.012819819895096236e-03
4.445612571363935592e-04
3.466172900317272777e-04
3.163080706295283515e-03
2.662613663632647839e-03
2.283505195804255532e-03
1.026428286695815978e-03
3.107421553921899202e-04
2.957818649508724335e-04
1.833369643719843763e-03
1.522257671628705943e-03
1.385405684314056952e-03
3.679471643470278927e-03
3.138847812297231813e-03
1.707174612972812153e-03
1.594341640348947357e-04
1.577686970085696904e-03
8.914462729009055980e-04
3.927654131513411313e-03
3.626276930372477844e-04
8.272800172227868978e-04
1.084721391287100456e-03
1.391498417124827590e-04
1.898922378691264914e-03
2.259874303583985031e-03
4.093175339074322551e-03
1.161517819230172997e-03
3.355403294425931843e-03
1.435005879223427727e-04
8.137381432112398985e-04
1.163422885263486976e-03
2.222913335918251087e-03
9.258476597100827191e-04
2.453176741954195186e-03
1.799742646437048213e-03
8.809848330594871092e-05
5.886385819323683389e-04
1.650609209705845501e-03
1.893506975318389081e-03
2.189699681026456395e-03
6.020868113940683677e-03
2.847473356298774877e-03
1.203683896345435558e-02
3.392126242661147985e-04
9.639406901557487839e-04
3.087638039292412828e-03
2.319467085072740055e-03
5.366489254294677875e-04
1.974706140155056949e-03
2.635603606687460503e-03
2.865839774327034583e-03
2.998121659110849092e-03
1.369249317308862896e-03
1.645241568131127624e-03
6.407881365634470654e-04
8.435007784718083490e-03
5.439816855096936280e-04
1.976000866419032331e-03
2.728923231574906239e-03
9.673625448079394701e-04
3.512200901218987068e-03
1.250471618989918094e-04
3.320016451990493930e-03
7.406514959329315098e-03
1.058970266336439758e-02
1.251669789558031544e-03
1.907632283134586774e-04
1.761076177316213344e-04
8.638002143179229634e-04
6.175598958877429739e-03
5.269606529048094859e-03
2.051832049581549244e-02
9.603945572999074420e-03
3.423426618423370399e-02
6.991588709624498021e-03
2.172070119683146977e-03
8.738165971158133941e-03
2.374537005168092865e-02
2.360273621464527641e-02
1.413925527339452738e-02
3.128490498656769786e-02
2.442586125130751309e-02
1.558869129321010377e-02
2.531204518111464935e-02
2.595519715667999119e-02
3.487238645019411637e-02
3.033044050178227563e-02
1.021824706596643779e-03
1.813956532554340936e-03
4.256773983590411529e-03
1.264836111335733036e-03
5.002187902649224849e-04
4.098780218778223620e-03
2.395097219984661404e-04
9.169137869006128289e-03
2.221167862269471122e-04
3.964006296434148882e-03
1.045669511064403626e-03
4.503926423995312060e-03
7.601249501651826009e-03
3.598715125306381317e-03
1.036694625359598420e-03
9.721175440580706118e-04
3.983100340477408363e-04
2.459096375748338718e-03
3.938291570899702526e-03
3.963620045414096259e-03
2.863230575628056968e-03
8.642713445114019429e-04
2.314479252149463726e-04
2.205428763177188708e-03
1.629348394856641171e-03
9.210660318935751361e-04
8.654751734465350108e-04
3.846946811752216186e-03
7.465775165020675742e-04
9.043013010864833692e-04
2.671010718694224063e-03
2.113293139884272597e-03
2.201279208803030851e-03
3.410360356705811023e-03
3.369429384994891610e-03
1.875603510426734292e-03
1.302765689865308324e-03
2.034380934156600294e-03
5.951109795287149069e-04
2.001474746773178933e-03
1.175351827189632372e-03
1.669115630841985082e-02
3.939163409425101327e-03
2.762254016596598239e-03
6.051019902573756548e-03
7.923252345517809228e-03
4.451289650521276370e-03
1.340283381764762003e-03
4.114361712064608964e-04
2.695054398594986991e-03
2.091974197013439767e-03
1.155460020401305726e-03
2.579931593270409079e-03
3.941196780452222923e-03
2.552948868459766103e-03
1.861255465707089239e-03
1.495071281645945658e-03
9.190951772576954823e-04
7.965345225331945571e-04
5.887019851817220772e-04
3.345818945788073262e-03
1.289336239204878646e-03
1.673472207954347169e-03
9.876742995092477155e-04
9.649940263334997768e-04
6.488004581764568934e-04
3.597316333950200101e-03
4.906842469726485807e-03
2.617868536986728712e-03
2.506611871771244338e-03
3.197795682349254594e-03
2.728840116138379034e-03
1.252957972545051943e-03
6.817113497649966887e-03
2.933571779459805563e-03
8.053469201126768617e-03
8.322138571436426798e-04
3.285876123997943064e-03
1.085572242307927121e-03
5.400301320388741291e-04
3.633523124139100956e-03
9.841859416270538549e-03
3.576895008700837434e-03
3.870089688175875394e-03
6.407368275671678284e-03
1.126748959794752472e-03
1.297463684208611644e-03
9.477517240002784546e-03
8.787799115683184170e-03
1.457575866190939087e-03
4.272551248663322004e-03
1.072430711392222341e-03
2.797668935596652352e-03
2.204732310622129193e-03
1.157006292778217649e-02
5.256725958807701923e-03
2.473278204165325466e-03
2.943032679810516413e-03
1.049398487100348769e-03
1.996256023233560981e-03
2.577029036517761249e-03
2.785243656783453758e-03
1.278578837492163993e-03
9.824689007363076026e-04
3.151806547186797986e-04
5.180082579262540628e-03
6.066970912941878000e-03
1.661614689479881321e-02
7.360210083814859409e-03
5.143076739555312721e-03
2.332434242815131916e-04
3.065756383577046204e-03
8.019587282497681394e-03
2.027402378655154738e-03
9.845924711923308755e-04
1.178077063408375369e-02
1.485242213897848378e-02
2.857270600746946929e-02
5.865478097889362946e-02
2.371853258298443207e-02
4.218164448118846138e-02
2.649950408723222503e-02
1.098881984626965585e-03
2.561209344535201465e-02
2.305373243746580529e-03
8.519601888691609795e-03
1.965326724092204477e-02
5.579627011170811002e-03
5.733228882145204909e-03
7.238083528778040641e-03
1.298603855475637982e-03
7.674872020822409019e-03
2.453535519917957389e-03
1.656764071781698447e-03
4.090654637735680228e-03
1.523447752437291332e-03
1.526732965666458084e-03
1.647949081917632298e-03
7.549574595789751387e-04
8.618756486032383218e-05
2.302811942849874224e-03
1.617529730343838503e-03
2.057314758590651424e-03
1.039882212393699636e-03
1.422048171575809958e-03
5.888764442403822234e-04
4.279521551662136434e-04
1.593742764236738768e-04
9.492611061342695221e-04
4.379239862423303718e-04
2.928382563472364895e-03
1.859745642028004379e-04
1.751267067730701943e-04
1.315222782016134580e-03
5.595874835898403260e-04
1.643615948699126165e-03
5.238701619755582913e-03
4.400411237972012661e-03
3.726581963682494558e-04
2.609097681369780476e-04
1.079716403063736346e-03
8.013596793221696227e-03
1.479735979491673785e-03
9.567258570471287539e-04
8.749007590813607724e-04
1.540432016760972384e-03
6.083202928701258051e-04
1.280346783092853715e-03
5.924762586070754077e-04
1.442782673825358450e-03
3.090859775046112846e-03
5.712437331915086458e-03
3.373436030908109895e-02
8.795776528755735318e-03
1.158878908886809556e-02
3.895773065336221187e-03
7.139571807370141167e-03
2.923263435754549361e-03
2.829664908426018401e-03
9.077377432056545027e-04
1.952449122432408377e-03
4.239010141147739850e-04
6.642345635445851123e-04
5.158461606333574530e-04
1.142883321061565708e-03
1.036528345901190171e-03
8.040947523705200412e-04
8.384194269411554675e-04
1.512484259535800540e-03
5.093664888156009809e-04
1.099742291154017822e-04
4.250128847235084325e-04
3.573952908887485162e-04
1.295343937955640255e-03
3.197724892182232485e-03
4.772486896483415760e-04
7.526855921889314717e-04
3.410819989316669649e-03
1.139098952702864796e-03
1.526016644321869994e-03
7.424159423040522371e-04
1.360680772344970276e-03
4.855404986282458061e-04
2.959348155463492440e-03
1.915761348365328451e-02
6.356315857292725059e-03
3.968165710452238332e-04
3.191803009070270578e-03
3.232781689042970468e-04
5.569554880819104284e-04
7.195896002487175633e-04
1.958203089892035162e-03
6.952547062290607678e-04
3.090761084578538646e-03
2.759611737392796485e-03
2.249300815156270259e-03
2.670157332470265554e-03
9.951310404033299976e-04
1.131161919383140901e-03
2.426989995056774013e-04
2.936038766720846290e-03
5.916094092551923370e-04
9.615253733775100831e-04
1.340220956343651879e-03
1.934692138727073457e-03
1.096485310722297409e-03
2.601867595988544869e-03
1.567996511684777118e-03
3.477589625582288776e-03
1.316582679820660438e-03
3.440289644150776142e-03
1.153845155934897721e-03
2.289024614145926569e-03
5.756919909344771212e-05
6.234644592486168974e-04
3.877609436134596063e-03
4.150337993215342500e-05
3.219236173257039569e-04
8.005815657395490368e-04
1.694361093711779136e-03
7.369960903958777025e-04
9.378308279273914238e-04
2.051193550074904663e-03
2.380495919567207261e-04
1.563541310908816810e-03
6.556881801514524320e-04
2.875612336709716579e-03
2.525774615923095674e-03
1.253108773770592911e-03
1.679005280855578718e-03
4.469238765128177881e-04
2.098817325305232242e-04
1.765881917618301183e-03
7.884997895570478380e-03
3.947400500163635549e-03
8.316317679748844172e-04
1.455655270629702873e-04
1.190742566887437442e-03
1.267731125158580137e-03
1.779558437858752389e-03
4.374806617523654788e-03
3.143945858920588719e-03
7.745464188487381980e-05
1.542251174893746963e-03
1.494996039434792843e-03
1.886920151489545781e-03
6.883650653916916547e-04
2.633911718636613390e-03
7.124631110331323264e-04
1.772412273159469122e-03
7.435511191000529095e-04
7.117970191296357167e-04
4.681604469253826568e-03
1.608038187464217112e-03
8.417881696478481763e-04
1.359758298182299789e-03
5.982292799127089319e-04
1.618792600067927613e-03
2.789338098914181246e-03
3.960384354264906426e-03
1.571026467930431271e-03
9.194045651968951131e-04
4.740163232116408921e-03
2.657326074351921486e-05
3.092018591820119584e-03
1.674173519347528245e-03
2.345173952514889321e-03
6.934210922299810856e-04
1.201219256117149522e-03
5.445199162775068123e-03
2.805549479774130210e-03
3.342259041971176845e-04
1.556145668117019489e-03
1.434374491143898360e-02
2.391697893351771385e-03
9.299296773747869893e-03
7.070739706208172166e-03
2.485625823630494956e-03
1.296728938800063499e-02
1.523108057892556821e-02
1.501803437327592188e-02
1.632105813502323158e-02
1.370125603317849140e-02
3.997439703150620915e-02
3.608212543309731457e-02
4.934352135766732761e-02
1.589575336441529860e-02
1.113392436453699424e-02
1.073220321656579053e-02
2.421472005924573800e-03
1.951708317810464926e-03
7.533534984702278635e-03
1.450629910916549463e-02
2.207462072458993979e-02
7.445131770135497706e-03
2.759647610677432288e-03
1.915339807997955713e-03
2.478950481895454260e-03
2.426703031633091218e-03
3.933940937557390584e-03
4.774647650037992970e-03
4.141650949128142917e-04
5.650055254349538141e-03
3.838041152599125762e-04
2.841452565480438470e-03
3.618376185424580825e-04
1.333252007626148242e-03
3.005453793702182047e-03
2.637334298833844681e-03
2.167251251909978367e-03
6.930275181146356442e-04
2.536470300153490041e-04
1.633591837643120007e-03
1.165031701679536055e-03
3.068516229920674053e-04
6.520072616593982706e-04
9.324217608301969221e-04
1.476294359163220389e-03
1.307879358340947699e-03
2.633137842935902306e-03
3.563381515467912183e-04
1.023864836288059400e-03
1.957596880090644708e-03
5.318963203819034253e-04
8.332117551100343307e-04
2.031016644702534485e-03
5.052335003064425479e-04
3.890282191536834685e-03
4.953183497828483189e-04
1.725195387612024731e-04
8.731387230806259480e-04
3.481280932972385771e-03
2.914721164535691495e-04
3.772242248273805897e-03
6.208218287946729984e-04
1.068449342460130744e-03
3.264295845579736287e-04
2.266052763378051480e-03
2.246278968976378725e-03
9.933148825740294001e-04
5.719064740476111249e-04
9.669856756472089020e-05
7.700835044630398828e-04
1.130753648126726300e-03
2.454682181659877810e-03
3.390870239369990583e-05
1.279389976979011734e-05
4.088354867203904163e-04
6.171296242581993932e-04
5.620795292132524813e-04
5.207514421114361807e-04
1.568203619849298193e-03
6.823230123271620566e-04
2.535113998376742469e-04
1.433566840345748333e-03
2.178828030857475704e-03
8.603984033734778060e-04
7.238119019565081649e-04
3.121986072020001279e-04
1.677102083294558944e-03
1.221114230096270086e-03
5.884756520229166487e-04
1.760207558290727628e-03
5.522263650707757987e-03
7.652511428959744269e-05
3.063968395959833745e-03
1.582640921645044909e-04
2.462971601842905370e-03
1.970859603483788268e-03
7.589285116303987142e-04
2.070912366217818063e-03
6.507153488416243759e-04
2.504888463760799981e-03
2.003797078899651656e-04
8.757047215351656437e-04
8.821746536961740147e-04
6.763758757375631968e-04
8.443023751798246074e-04
1.934667748185458624e-03
3.086542491841432010e-03
8.728160902219802772e-04
2.895410358281484946e-03
5.675117589485135540e-04
3.050042352384815217e-04
2.180733169532451683e-04
8.438771048652914022e-04
5.639040875279460567e-03
2.292964745237012383e-04
1.354979950381117850e-03
2.019178158387774195e-03
1.978066877176208951e-03
6.421905609855700116e-04
1.484814772724535716e-03
6.654522469532765921e-04
5.774013539561081943e-04
4.469173823169805544e-04
2.892585532073070533e-03
3.148769650263630749e-03
4.585704822271184210e-04
1.883871162416674147e-03
1.405431218763180919e-03
5.766123957230853345e-03
5.726569504017967917e-03
8.134321997045113918e-04
3.749565439423304877e-03
7.291886914506816222e-04
1.322734768638700971e-03
1.612141170478492529e-03
7.161876540580600428e-03
5.011266851528705518e-03
1.592989457802736425e-03
6.278387528716785487e-04
1.348288709824206361e-03
9.197151851875306604e-04
1.139162790926168296e-03
3.305767636913274979e-03
2.239368711399849826e-04
3.495822186919415268e-03
1.035361917748551914e-05
6.608323880953262527e-04
8.388167649488444122e-03
1.184655556384617801e-03
4.197531227285475168e-03
6.806090904733305517e-03
7.713775775936246868e-04
3.594888870949529587e-03
4.743696698178698386e-03
1.398506992583281941e-03
3.091446472990453526e-03
3.084164671417452801e-03
6.881344662141422597e-03
3.438385021542800062e-03
2.458039285937086587e-04
6.346917600607848708e-03
5.991317953336103112e-03
3.255912630728555017e-03
4.090163549236404579e-03
4.780706834028235382e-03
2.748916578086050937e-04
1.166439175050255342e-03
2.435861847128772994e-04
1.242619625567556777e-04
2.455313743947386100e-03
1.921512641912300444e-03
3.992319299520877209e-04
2.575501615081245057e-03
4.532608212026030016e-03
1.933537032211919910e-03
2.224582033981991822e-03
6.834307020865258708e-03
2.448521625771186983e-03
5.512389867286664495e-04
4.848417175822152892e-04
4.163617221207212803e-03
4.389364068569102419e-03
6.563952468866619859e-04
2.875477439818941664e-03
2.623356652688577529e-03
2.782883560964095806e-03
2.843365028420298708e-03
4.470626103345783108e-04
5.024795602116338212e-04
3.308578839467985529e-03
3.671849018886505674e-03
5.445163627877280159e-04
5.082135810458542069e-03
3.322918367229885615e-03
6.796802676041085751e-04
3.574749138584220817e-03
7.768108267409445412e-03
8.671761598659794967e-04
1.672881143508094491e-03
6.705261022854550187e-04
3.555089647906061693e-03
1.026002484299144658e-03
2.679908650842336131e-03
1.464590877529608429e-03
8.366844594794526149e-04
4.866707166370953970e-04
1.170577069614690217e-03
2.730409965709270845e-03
8.005487098153702113e-04
5.084859726971471469e-04
5.555010417274506163e-04
2.686154528809607273e-03
4.342262246085008652e-03
4.526833537550279860e-04
1.746818380115302974e-03
1.940167523175060152e-04
8.532026399000328717e-04
1.422248793125591387e-04
1.948322043293754810e-03
1.371652479929217358e-03
1.793503025974102320e-03
6.490159610032943767e-04
2.659992916503246905e-03
2.565857325299889078e-04
1.429249191222975663e-03
5.138782945439659446e-03
3.307459554271946489e-03
1.340896551081962023e-03
7.229382436821515066e-04
8.340826244668665505e-05
2.628675469476293800e-03
4.329947218153939906e-04
7.448126484179252473e-03
4.192841850783073543e-04
1.633180972173311173e-03
6.837260483428177216e-03
1.354411473466874891e-03
2.707935556923020577e-03
3.955489456980752251e-03
5.671720501821207738e-03
1.853788667397140684e-03
2.902109951395385155e-03
1.333904297729157369e-04
1.438236837170404252e-03
3.012539277723594398e-03
1.848658890248082052e-03
3.272362799114349793e-03
3.525400554728032754e-03
1.852728142409615451e-03
5.523675312738499620e-03
2.790604137076165437e-03
1.548995039737102990e-03
3.591189890356532698e-03
8.178037258230513775e-04
9.959013271173726770e-04
2.518116798288547609e-03
9.724775601930447499e-04
3.010562344236610184e-03
5.677005159575663606e-04
1.037016229387575320e-03
6.585062192942347896e-04
7.696241883688585998e-04
3.269171360493703000e-03
6.395299147783693825e-04
1.007946086815293034e-03
8.426850224658544858e-03
2.834354383276216621e-04
2.362893780193795444e-03
1.685641953307246820e-03
8.760381735109368587e-03
6.579031741584383253e-03
1.641739935144129799e-03
8.302149747893819778e-03
5.928794866112070336e-03
3.973551724348332696e-03
1.025952920370336698e-03
3.022573743017465883e-03
1.028217860218315523e-02
1.149068883429642772e-02
1.659480360409845484e-03
1.699716093760794688e-03
2.814459853873308489e-03
6.606772435894854405e-03
2.399514875918248684e-03
8.676759233336234917e-03
4.697682997700410035e-03
5.877501564919479504e-03
9.675517463716372391e-03
6.128269808441839939e-04
3.208026378461323151e-03
1.121474285241261075e-03
1.489672809575827645e-03
2.326684776193282316e-04
2.444193191523229020e-03
2.124468889857691022e-03
5.067741160419096799e-04
2.424943597738839478e-03
7.541014904350855233e-04
2.192029873884209206e-03
1.067178054032456034e-03
9.510802128704352355e-04
3.981044210721690520e-03
2.381467001638248957e-03
3.661586557598119681e-03
2.041427651339819058e-03
4.726314412371394533e-03
1.730074774290698246e-03
1.366436145365097950e-03
1.122396346706242172e-02
1.673518233781102474e-03
7.930492096533475147e-04
2.871487311711707052e-03
1.228196749196517300e-03
1.644384907141059138e-03
1.373845581336739004e-03
2.969961974432608516e-03
1.738643306978781807e-03
3.721992935099350305e-03
4.844993047102234677e-04
7.118225847377679903e-03
4.261581226748923854e-03
2.951357736367918403e-03
4.622980368371279285e-03
4.583910010879620189e-03
1.843778744894705507e-03
1.080978910023354042e-02
3.515391417855515035e-04
1.516807957537679309e-04
3.254562530534352467e-03
1.142793031402046782e-03
8.961073513889743864e-04
3.224873326482095327e-03
2.425930352191700036e-03
3.522074275246222554e-03
8.024997662062081233e-03
2.445326463757097231e-03
1.180939432449110800e-03
1.591516031345815768e-03
1.338297297499431568e-03
1.183786099876578402e-03
1.062612101598558664e-03
2.276594857798743769e-03
3.481223962484222834e-03
5.226950044326506180e-03
8.171880870656277399e-03
1.067024010794307039e-02
6.362820711133207810e-03
6.603348845862770655e-03
2.516715885562638769e-02
3.200734209810738012e-03
1.309934024246160213e-02
6.441396085034093756e-03
7.822743446346130253e-03
1.768296679085257575e-03
2.930880529324460942e-02
2.048063622263027878e-02
2.530433618049906033e-02
2.599975406611721926e-02
2.333154009262370862e-02
3.993231629071071140e-03
2.831141969611872602e-02
2.286004839120829579e-02
1.447266852564141164e-02
4.451728663981918688e-02
6.055971408897070987e-03
7.906167235320895118e-03
8.801070492601301143e-03
4.920162813326136100e-03
6.360202106325534444e-04
8.477399148475173174e-03
6.073366225276281317e-03
4.054792296475673644e-03
3.688771565126075687e-03
5.657981001966307620e-03
2.072796601754966995e-04
1.957890319495384900e-03
1.097114303319209321e-03
9.327299097349443444e-03
8.493375700992455112e-04
8.573538268294815523e-04
1.670482610606310999e-03
6.618564610366423594e-03
9.883877193231401913e-04
1.316450301490806971e-03
2.163635711812163156e-03
3.123439686692295898e-03
2.580045410275818955e-03
6.301767816246796718e-04
2.357735828341550859e-03
5.209833945915431789e-04
4.325027437217192523e-03
1.300848693673527755e-03
2.627123209072745966e-03
8.339468837079479788e-04
1.866757730944349890e-03
1.370129107763821833e-03
9.593972030758792088e-04
1.374408322374122979e-03
4.292333027944316196e-04
2.602549508469337823e-03
4.108655156535654350e-03
7.960157624827744706e-04
6.007955834506114971e-03
1.193516553203960006e-03
1.351279025179410141e-03
4.899600002231267737e-03
1.753821291460804302e-03
2.666621083106592450e-03
5.230091350027200880e-03
6.593903273999379526e-03
9.426671289236186399e-04
6.561389243152404615e-04
2.201523432556506173e-03
4.128681197905239002e-04
3.955990281640043259e-03
5.355804878109964549e-03
4.006648573867423874e-03
8.756134402662232386e-04
1.020517219576552986e-03
3.816016447378489489e-03
3.799280508137378026e-03
6.887713455692606214e-03
5.012251266505957992e-05
7.414773891089036697e-04
5.534173486991309995e-03
1.241043938222546579e-03
3.596985595156914663e-03
2.570096563756615188e-03
2.624158054151971668e-03
1.473385929320366770e-03
3.824009708426324289e-03
2.099954312159916636e-03
5.807171189296610582e-04
1.152061517231671569e-03
1.183432215019391501e-03
1.308098316325536888e-03
1.140992754755500898e-03
1.338824854112250114e-02
2.490243563861991010e-03
6.415722339522540729e-03
9.647481888119299742e-03
2.642017215296391802e-03
4.890113642332771793e-03
9.847464978618549261e-04
7.757088822546659782e-03
4.629928721656613759e-04
4.196923020712515877e-03
7.368064415019333260e-04
1.420414206046176483e-03
7.147017598673484351e-03
3.867470624289858546e-03
2.147873421748016081e-03
4.905036597457997777e-03
5.386159187095730140e-03
4.169262296350033890e-03
8.798365155971673776e-03
2.787651731678657697e-03
6.054905867867050326e-04
1.964100641196944372e-03
2.953465348274250321e-03
6.811807076448915576e-04
1.016134964798124990e-03
5.063422699555132286e-03
6.395476505546898380e-03
1.492164235758430824e-03
4.275836818774155119e-03
1.778284714009150617e-03
5.873896655283387209e-04
3.724191357339905889e-03
1.541641491987089368e-03
5.510755194486441702e-03
2.491054170654496535e-03
7.299550158070080598e-03
1.503357507228321498e-03
3.429612646184562741e-03
6.153328707343293756e-03
4.158596664200863227e-03
3.478568474176779897e-03
1.968516298489937644e-03
1.907624837014926678e-03
5.650465563555179434e-03
4.095339853824813726e-03
3.362992432032270180e-03
5.823729673892996672e-03
4.104653382547431006e-03
3.802171490576918521e-03
1.245867759274503191e-03
3.385103804935816769e-03
3.236184189808506174e-03
2.685426263754356769e-03
9.502322719976675179e-04
9.973842976691311285e-04
3.343636052996429818e-03
9.023516793292356807e-04
6.251561193174702893e-03
3.793098124966828508e-03
1.559001550206519197e-03
1.660286121107714535e-02
3.292636446368914747e-03
9.267792486573972477e-03
4.552024471878991611e-03
3.662278627406709633e-03
1.628291383977130500e-03
2.194004075983146691e-03
1.992904957152406148e-03
6.585026159435153131e-04
4.487134761749510953e-03
7.625132751051877551e-03
1.755958141134197383e-03
9.756772515782599501e-04
7.749316362835716350e-03
3.734612630425533392e-03
1.689664104459792388e-03
3.750011698471941669e-04
3.493696039593990107e-03
3.284441478715786119e-03
1.594570859914542203e-04
4.010542334008985153e-03
1.149211980837166504e-03
2.669396764765556099e-03
3.168550467514890962e-03
3.098166720206989929e-04
7.468727561681522782e-04
3.031624003663083849e-03
4.038811919640772179e-03
5.907553628237822291e-03
1.113038779707549832e-03
1.612736580943295670e-03
1.262440701334163469e-04
8.373101481060785806e-04
1.242755126520864867e-02
1.116979669605525950e-02
3.619468017827500144e-03
7.925643252471381919e-04
2.234574522361130935e-03
3.446138147297341057e-03
1.475851228219361407e-03
4.015747541564912773e-03
4.228760478655387706e-03
2.083152572543175637e-03
3.917771891328157563e-03
1.735590243884953157e-04
4.214193017620934852e-03
3.059668674728710167e-03
1.079029365861800850e-02
9.204056295014117692e-03
6.335169963936192888e-03
2.649122086247481336e-04
1.710607198779253964e-03
3.991353873628434678e-04
8.830319878000776786e-04
4.036911385072029616e-03
5.456747997442207461e-03
1.445538630767633642e-02
7.243606511556238432e-04
7.909270737479583840e-03
8.523505656399907315e-03
6.483279870092340837e-03
8.821265127120188950e-04
2.173567209888372254e-03
4.060479005600630721e-03
3.195343882465830673e-03
5.472201948878383307e-03
1.749549971471114906e-03
2.967020612231011448e-03
3.450799442154056651e-02
1.779839362114242962e-03
6.785486389856058322e-03
6.894586476504828074e-03
4.184759966151763329e-03
3.112543069930196783e-03
8.704177027007078005e-04
3.271019716195274971e-03
1.756192419177198330e-02
1.493578839243235471e-04
4.898415503210209326e-04
7.594783611630322694e-03
5.844930974990741705e-03
1.896010706183045690e-04
2.145780599105152984e-03
4.248871676857721331e-03
7.608502827102778254e-03
5.239056319334852579e-03
9.982626082304676615e-03
7.703256295201673124e-04
3.205394272506383729e-02
4.264218863404482807e-02
9.856668849760545636e-03
1.437909679236440072e-02
6.157783544502447477e-03
1.059588381252227207e-02
1.192427480304118596e-02
6.724621560458763671e-03
2.338778365019421324e-02
6.654748376214382824e-03
5.891982680059878671e-03
9.347439692452049614e-03
8.948033569695560243e-04
1.249195745880706324e-02
2.319172603519346898e-03
4.694987410171052580e-04
1.912508062213631732e-02
8.791100754617605859e-03
4.123462483739732021e-04
1.574554579925545664e-03
3.797300982747885221e-03
4.695157195615388621e-03
5.681552611963906069e-03
8.015281517621205415e-03
7.962045832804600515e-03
3.465789833124276968e-03
2.723044976153988789e-03
1.499474424818694317e-03
4.942304654793290347e-04
2.029729899252765649e-03
8.504547584444757885e-04
1.633569489620549046e-04
9.152049789432792348e-03
9.866542810733353996e-04
7.748752226367307304e-04
5.457001960388558996e-03
1.569027485140697111e-03
6.462746211185932572e-04
5.583567171190233214e-03
5.497757399715426374e-03
3.839755439897784249e-03
2.309586300376033807e-04
2.845604665828449942e-03
1.576534140084951980e-03
1.320839942024430334e-03
1.079528552389836735e-03
6.707321920386173121e-03
4.414794933862052021e-04
1.559249233652350904e-03
6.184390283168536041e-03
3.501950205078457022e-03
3.037128678713673854e-03
4.455473849618691098e-03
2.258271925617356696e-03
7.261092069526883623e-03
1.661679719630766760e-03
2.663499550806001665e-03
4.577939925029572742e-04
7.935285939841446893e-04
9.697960378656992741e-04
4.408113845699403372e-04
1.566377110377301140e-03
4.333099599613463569e-04
4.568736541870826312e-03
3.859853045218570428e-04
1.940785911384403702e-03
6.767970289589949565e-04
5.352214791309611690e-03
6.062276764079307326e-04
1.245097122512687626e-03
3.816662445223859695e-03
1.388141381143429172e-03
6.860014720282846170e-04
1.208636453443322949e-03
1.152205986953192164e-04
1.831019583628148116e-03
6.589339385987061370e-04
1.205794876537336600e-02
8.869757508526787768e-04
5.317806503236467697e-03
1.756778511744744526e-03
1.037681853755493405e-02
9.346103268546372342e-03
1.785985763768388511e-03
7.323650687942804410e-03
1.223070509288818816e-02
9.053511358440239493e-03
6.307916598513521947e-03
8.562058940240049876e-03
9.635200031286181993e-03
9.471140595916660923e-03
5.724236767050327503e-03
2.093167040649434110e-02
1.327471100847921019e-02
3.266605224453104916e-02
2.107679318872432081e-02
9.841167874419586709e-03
1.507637875567379229e-02
2.150172552295664605e-02
7.293801506856894927e-03
5.620640179644777884e-03
2.287282359812703100e-02
1.521750128733584222e-03
1.393327345684783510e-03
1.152492520758991671e-03
1.049689257076323601e-02
8.493079319205718448e-04
2.085302926666619990e-03
1.627957832762364030e-03
4.233561913775672585e-03
1.230020558353523644e-03
2.086311389506687302e-03
6.515165207492626008e-04
1.578304616295623467e-04
4.175117974896583707e-04
8.775634806642661559e-03
1.363561653523893752e-03
1.310001936031237853e-03
2.759754152885238870e-03
2.088017028923660080e-03
6.168528487517749639e-03
3.303508216650425603e-03
3.841728851938586500e-04
1.908946850422393220e-03
4.399008191458229737e-03
2.422022350249921534e-04
1.940002695200969949e-04
1.375016554282650332e-03
1.896626119532154355e-03
1.901592989823519932e-03
7.354994435434810096e-06
3.777967365272477326e-04
2.163028152845741271e-03
3.329795574046714654e-03
1.952483227741272321e-03
6.879108462209793757e-04
8.360786719763688363e-04
2.032854210025285095e-03
5.009972378412373174e-03
1.891958921173551075e-03
3.374564163368174493e-03
1.537336853390922856e-03
3.028031727208849600e-03
1.060997328515795885e-03
1.095072510496235968e-02
8.680161334085200082e-04
2.439013860338604903e-03
6.858586022438722767e-05
4.991723409043428246e-04
2.421062159037643165e-03
1.586098206209735463e-03
2.082731009563137600e-03
6.021519494997532897e-03
1.463405796596390935e-03
9.581147671916001064e-04
5.369691931336606364e-04
7.037748969653775163e-04
1.557666514574127100e-03
1.472579334251764190e-03
1.064875592169010725e-03
5.018344266462498003e-03
5.654725396331166439e-04
4.675211191770153873e-03
1.769069995347751119e-03
1.305281623024655453e-03
6.604938015694109509e-04
5.211223063394140702e-04
3.537232211808854707e-03
4.596037371310326427e-04
2.117121865449247010e-03
1.994742994080367805e-03
2.135021598063813284e-03
6.664356503366061259e-04
1.825239936792156202e-03
1.716575554474010891e-03
2.360470546395492149e-03
8.728418428201760448e-03
2.001980916266427307e-03
1.394800375654775375e-03
8.092876681419933433e-04
2.680050126965846484e-03
1.980022251689847034e-03
6.136745263964510713e-03
5.815429150885584189e-04
9.974143615500100524e-04
5.319397412753997228e-04
2.862490980226683329e-03
1.151698786969480729e-03
1.896640875663802321e-03
3.496474750043854132e-03
2.049859283627416054e-03
1.231756906272719280e-03
3.076479232105360558e-03
5.868436204368946557e-03
1.623520415698574779e-03
3.525083837139006155e-03
2.538647567789138835e-03
8.716432975510344464e-04
2.719513132363909555e-03
9.056790819809134316e-04
2.618733174480337121e-03
6.609574151621751400e-04
1.362252981710605055e-04
3.613202155002411767e-03
1.879273950439986848e-04
6.631592494209211975e-05
4.583769759008908366e-03
5.146347946150142292e-04
1.330612660356779138e-03
2.292226694211601959e-04
3.424964183438653116e-03
1.239160347446491284e-03
8.826168786248108841e-03
1.762685479631732281e-03
2.659431971814450388e-03
3.534160269442965067e-03
1.493436535656959656e-02
1.889892714040454155e-03
4.801482507326385041e-03
1.734797953538126658e-02
6.197728737203123638e-03
1.469426580615361584e-02
5.934965890201817154e-03
7.185626172717954167e-03
1.869768248020627077e-02
1.628810974606018092e-02
1.132929800854454508e-02
1.000355461757458826e-02
1.647488311384557452e-02
1.585324645970765528e-02
2.206721263315932283e-02
8.480606468354020405e-03
8.248527601335934462e-03
9.727349838248454741e-03
1.396690604105388193e-02
3.996018341039332678e-03
2.498403197959232509e-03
9.240765089231964659e-04
4.921765224169863916e-03
2.520911830757416230e-03
1.304081633579869896e-03
6.499325182533362256e-05
1.934319402257871860e-03
1.023576143019253341e-03
5.591295615642179846e-04
2.085838360946761102e-04
1.122538892804988975e-03
1.585106868755428895e-03
2.065354111634548542e-03
3.758949322456375006e-04
8.950162428245984252e-05
6.651743467812054611e-04
1.418458800857661265e-03
1.848284217005914708e-03
1.492211992589717899e-03
1.186832426547447181e-03
1.455640492275548465e-03
1.793232096821034173e-04
1.386861487804996133e-03
1.284564087504489090e-03
4.998132568573400783e-04
1.039086787618639192e-03
1.042454321082709632e-03
1.208240874532352967e-03
1.819527657478299922e-03
8.384955115314813179e-04
2.800765500281140064e-03
6.915663556041482451e-04
6.890224590582614194e-04
4.546497725469970269e-04
8.555819418375379794e-04
1.617692912760730064e-03
2.724613780978204602e-04
1.016473615990593328e-03
4.342136809243346725e-03
5.485197288017415289e-04
9.931460629898944230e-04
1.383591496294762652e-03
2.734424891270098145e-03
1.749663557358759286e-04
4.581742814961836435e-05
3.310919607536292383e-03
1.617800291319699017e-03
2.420815477059256021e-03
1.282496275511663987e-04
1.678680573589811601e-03
4.291300235941992135e-03
1.998322329348986744e-03
4.867403154344940655e-03
3.241337647888551353e-03
3.467458885742727513e-03
1.129770349534228323e-04
6.419435064304455235e-03
5.915088497064545326e-04
2.589999307538173694e-03
1.068623469105346897e-03
5.199185905498612988e-03
1.035818456791940843e-03
4.746516637417533789e-03
1.684284323417245760e-04
3.930126143919276602e-03
1.207092539526116812e-03
3.039375285922044589e-04
6.834742316856061341e-04
2.264677365250796284e-03
1.190185129205621967e-03
2.723066236371917380e-03
4.533008076288946560e-04
2.774877734929630420e-03
4.923520593884840851e-04
1.179864366571516283e-03
1.424917609943857294e-03
6.453363710820726653e-04
8.466150031454128559e-04
3.679222315682652332e-04
2.272385843559106278e-03
7.863810227897395991e-03
3.881904645122894165e-03
6.294315408722092554e-05
2.358061103473291730e-04
6.420195439578444026e-03
9.832026958031736194e-04
2.671070047260598644e-04
3.542323441408943359e-04
5.983222825204175237e-04
7.910304210089827426e-03
5.654546308082246224e-03
1.396763037043029102e-03
1.270019391838511993e-02
4.757086866887970042e-03
1.763833207699683431e-03
2.155332186356439649e-03
4.101325502841400746e-03
1.604562007633946125e-03
4.361827134760953677e-03
1.025849600842461753e-02
2.159511843542527305e-03
9.989631596862467988e-03
1.309564128265348253e-03
4.112719544748731290e-03
2.930481212314840767e-02
1.423357356841413457e-02
1.244667797685833268e-03
1.012412479745997303e-02
1.071515750145090456e-03
6.532108214608736176e-03
3.968477999906339787e-03
7.622676743837673852e-03
1.988438653841048502e-04
4.250327234712277316e-03
6.492283375234617418e-03
1.025116476976207624e-03
1.726179411040052684e-03
4.553458829054331941e-03
1.435247332732175578e-02
2.410669418277553485e-03
1.010717192130585265e-03
5.471840610672695955e-03
1.339237564819777994e-02
1.054767574477535061e-03
3.908436919010722932e-03
9.035578427198528127e-04
1.321794711411653812e-03
3.757117812162025054e-03
1.233756774898769849e-03
6.119534094946295875e-03
3.302217498096598992e-04
9.604931708131262107e-04
8.017519629599300724e-04
1.439538747922759505e-03
2.716340822224960240e-03
5.761466641333885981e-03
3.166955177884075903e-03
5.325358824672186530e-04
7.209265095748457414e-04
1.094435800392305758e-03
4.427270319706317486e-03
2.819980822307488304e-03
1.473614702162811011e-03
9.967163260275606915e-05
2.818369892017634059e-03
1.218236343348359004e-03
4.379274356852853531e-03
3.753228797487003464e-03
5.531241254767076902e-04
1.017592210954796923e-03
4.521940518329858210e-04
7.419224816939044929e-04
5.598645364176314289e-04
1.972955502832151112e-03
1.162863602901026286e-03
1.415346930576108302e-04
1.265173396504190454e-03
2.346034407244168823e-03
1.754721072520295643e-03
4.302613562390441779e-03
5.533452712962865297e-03
6.661512218692874215e-03
2.153096402135752652e-02
4.801075604030384872e-03
1.145565587176730453e-02
1.011652685274409130e-02
7.767268912122715814e-03
8.069990226389467045e-03
5.039477815905061067e-03
1.195721804567585755e-02
1.813673164292498377e-02
4.515595097149943324e-03
3.236718792256549401e-04
2.667109394743998052e-02
6.290961746571950390e-03
3.278891209267297750e-04
2.539949133005868151e-03
2.930269725611499374e-03
9.197778927321976139e-04
2.176899614040121635e-03
5.620156546950562382e-03
1.186269865917724715e-02
1.065433026136693032e-03
2.190306620850160282e-03
4.500066789519670610e-03
1.721503098573916486e-03
9.988891763317578131e-06
2.729289042732491690e-05
6.046507739648135501e-04
2.022101959667571211e-03
2.879644422593080426e-04
3.279080358939917908e-03
1.512189734479015956e-03
4.081329799971825946e-04
2.247366234251772267e-03
3.032969038052246626e-03
1.423086229404214214e-03
1.581030463956557830e-03
1.562048423898328240e-03
9.319492645677299788e-04
1.571736407103608429e-03
1.903109252929501612e-03
2.096809712829665780e-03
4.620797332991832622e-04
1.296757382731190435e-03
2.792582976399422302e-03
5.527524136610711589e-05
4.498029996883997836e-04
2.773690712745160731e-03
3.338119141194634937e-04
9.865439810759948479e-04
6.123337539740699581e-03
3.851299671723189635e-04
1.340257651289767857e-03
8.190314980511304065e-04
1.898822913091272827e-03
8.587038481951813490e-03
3.353365737307429165e-03
2.344129977731256986e-03
1.618547389603119209e-03
2.927537529822728680e-03
1.292850377632621603e-02
6.160268312730686827e-03
1.102357299845015993e-03
3.490911931766174821e-03
8.171978220406028379e-03
6.824180505033468173e-03
3.182953345944083794e-03
1.207617737462299626e-02
8.552233283354649870e-03
2.258258156272116308e-03
5.194668414825619543e-03
3.918933174733110780e-04
2.153266334334828520e-03
8.114812888377580594e-03
6.918285374495168963e-03
4.657201651077221352e-03
8.965632590616426714e-03
2.766153981897195857e-03
6.872342540430677674e-03
2.080354899012223143e-03
1.001510256878435264e-02
4.486370971563570639e-04
2.646528149654547857e-03
1.708885673528532040e-03
1.405903687764302988e-03
1.409134264783020243e-02
4.143182335044279376e-05
6.977035329451864473e-05
9.110324562788712707e-03
1.068809442523863248e-03
9.890523357176871869e-04
3.491201464061075791e-03
9.248955092204533615e-03
9.888523588632810654e-03
4.616111484981415269e-03
6.067360463897421285e-03
2.380121048899953330e-03
5.601407009789446251e-03
4.233500458849309526e-03
1.240462433754306766e-02
6.661455980338640065e-04
6.008458438608530947e-03
4.262822758507701053e-05
2.015737008885039663e-02
1.567272667365932027e-03
4.427480773499109512e-03
8.363562929707073212e-03
6.674850906800033901e-03
1.869277201235863134e-02
8.210754011503307651e-03
6.069686722967528210e-03
4.856915263438786254e-03
4.914576516206779289e-04
1.252990670609281480e-03
8.559953400968158335e-03
9.660599919632540658e-04
4.768031951807833770e-03
3.680906617881512513e-04
1.604512186217064117e-03
4.755751996786068518e-03
7.062343183598288922e-03
1.404854766604491127e-03
9.062961306602274406e-04
3.101409006378993104e-03
9.832266773194878445e-04
7.575817714767347187e-03
3.774524331083150175e-04
3.622173167266385004e-03
1.150451827434808205e-03
1.234836560539913711e-02
9.828788488047642859e-04
1.247386521580702741e-02
2.212373513229895332e-03
6.173336420156137067e-03
2.233818735633199756e-02
6.537283945294911211e-04
1.933087457555516045e-02
3.493256261713510811e-03
3.492019352440659669e-02
3.107137281940752088e-02
5.309833221144462378e-02
3.186510413243151107e-03
3.544562321250253889e-02
1.908831802427606722e-02
5.372938427033639198e-03
6.802713603387823549e-02
8.910064526448715008e-03
1.223720570485795772e-02
2.194431929113963703e-02
3.123846954110260851e-02
4.108373889637183252e-02
1.289890668960142796e-02
4.547273535673852785e-02
9.449517083315780649e-03
9.859770440235398822e-04
4.313099456458192350e-03
6.255285594063020316e-03
8.744118130974854602e-03
2.158250296312618551e-03
3.010738862289761512e-03
7.388536758871046750e-04
1.265930557043417433e-03
2.220591042094718394e-03
2.633905102518855571e-03
1.447808303529571350e-03
1.135517410295897251e-03
1.088193059616172345e-03
1.158175589906064104e-03
3.787671091659615928e-03
1.759247657320529195e-03
1.081666573933686608e-03
1.005626925811278468e-03
1.523408463579940244e-03
1.139790058763775864e-02
3.647426877051829219e-03
3.410791437383146885e-03
2.492722079516093638e-04
1.508258080881421954e-03
1.433290727147449933e-03
9.026461771787407584e-04
2.732790853949456419e-03
2.684754682224013960e-03
1.904611474891473649e-03
1.017406148059800744e-03
5.077155365630310396e-04
4.758414380632723130e-03
1.038438332089178934e-02
4.646037952330039911e-03
1.315097642287270342e-03
3.988560687180806551e-03
5.344117621341503213e-04
2.563759661582015823e-03
2.643763595162644357e-03
8.657555757317602881e-04
8.362310166903214742e-03
3.544391054923729336e-04
2.511444386333922581e-03
1.030700371204739318e-04
3.578153030724743645e-03
3.303091903636348661e-03
1.703738966091086033e-03
1.007551423287540195e-03
1.466899132253403999e-03
1.977996570902685897e-03
4.698558687135648976e-03
1.433494917636731142e-03
2.612115114563968044e-03
6.985170327532495014e-04
6.269094744443628499e-04
1.241962511792196614e-03
2.276436036841324000e-03
8.500287128093201444e-03
1.376014494417600017e-03
2.337722785447266232e-03
1.708892906240320033e-03
3.779016511442781848e-04
2.075181258329028035e-03
6.353191176406656863e-03
1.918816051931833454e-03
2.273350126790722823e-03
2.158754988439842161e-04
2.389173312649208684e-03
1.803580532885491099e-03
1.801148149465515297e-03
1.405857113214841738e-03
5.703527314194214385e-04
1.182716681836057772e-03
2.530633342126037150e-03
3.051259149707783239e-03
3.166222296050500307e-03
6.259746831217253074e-03
2.668002389098755867e-03
6.100232551981689226e-04
1.847777299815331299e-03
7.029371420507444373e-03
8.188877677624396487e-03
9.285446828780069897e-03
1.110048712381613185e-02
5.367740043428166630e-03
1.687960460437918850e-02
2.348225872362637995e-02
1.451033941770471080e-03
1.658545786955833989e-02
1.900544576446135114e-02
4.960012282603155041e-03
1.302047701438959447e-02
1.063649893895312303e-02
1.513578750937710771e-02
9.131938469366437244e-03
1.372715844986398953e-02
1.273126730837224364e-02
8.702854060006681367e-03
1.534744864930539382e-02
5.256006829880033315e-03
1.071160139149315849e-02
9.350142645056548629e-03
2.769732151047753742e-03
8.455978868588505870e-04
1.323111797531305658e-02
1.435637795647414297e-03
3.429248987455523791e-03
2.281107359056808582e-04
5.496665644058315765e-03
2.755649076577728739e-03
2.035571666006428734e-03
8.619195389692493837e-04
4.341513614723260545e-04
1.431471562707007858e-03
5.355824875646487526e-04
2.621526568280142019e-03
4.733963742281221292e-04
8.407880392606763352e-05
1.424183442430750220e-04
2.770736769184234632e-04
1.332216391610450447e-03
1.704827547155080697e-03
1.682041167139452023e-03
4.993179254911849808e-04
2.667397902861958544e-03
8.454833768593563934e-04
2.404939731828729162e-03
2.499251092066752302e-03
3.394993738804697662e-04
1.485506920257304323e-03
1.421987146038018691e-03
8.893345829178674923e-04
6.925428115646340560e-04
2.031624185705369588e-03
3.948337021499478960e-03
1.239679139272724905e-03
7.106941360138572909e-04
4.742224632902598889e-04
1.042648782257264792e-03
2.193210786822754211e-03
1.501077160178386364e-03
4.653583738192473384e-04
8.291055059319207181e-04
5.383897067525773720e-04
6.166879445313679271e-04
1.367779080267108455e-03
4.313357924995788600e-03
3.356521619227438536e-04
7.541712040805089237e-03
5.141907038686228081e-03
1.455966091861658469e-04
1.590241591903205753e-03
5.964523899756928255e-05
7.762647368500420406e-03
6.098913284608822915e-04
7.287397023452212377e-05
3.199822743691613670e-03
2.958004839197480793e-03
2.747606639234874545e-04
5.629387434296394873e-04
6.013039967518732853e-04
9.377678715058884035e-03
1.717714344591643374e-03
1.452316655912629919e-04
2.243853811620983608e-03
6.356933713849752905e-04
1.342734189486781676e-03
5.301771597457516881e-03
2.083345999334359089e-03
8.350631643183481371e-04
4.100513912495747440e-03
5.809817146029987688e-03
1.383743917961972360e-02
9.596985260252707990e-04
1.929919807594410609e-03
2.361473862219397226e-03
7.768923998938468897e-03
1.717559231393110328e-02
1.161097429034202736e-03
2.480066040768220351e-04
1.242034000256894352e-02
1.653214074893291294e-04
2.033540799245402847e-03
2.322989339745869155e-03
6.490947304302246978e-03
1.172879537137096456e-03
3.426334615759718451e-04
8.721621938913285592e-04
2.798984607095937778e-03
2.248853227993015836e-03
7.836868736002210872e-03
1.625004480144104152e-03
3.399312563519002982e-03
2.875767611512969595e-03
1.125486374099887032e-04
1.992409119424807824e-03
8.416989273176177580e-03
1.208286427778265757e-03
8.408712478602076851e-03
1.036160454036873148e-03
5.449446867076998243e-04
7.807187455368911353e-04
2.970132829548534793e-03
3.519893545047207521e-03
3.464457292931837854e-03
2.156575083577558487e-03
7.079693527498336428e-03
2.640072874830920631e-03
7.104140926396444039e-03
6.168332844464850806e-03
1.201022803172896187e-03
1.063126863440357929e-02
7.480705522091243322e-03
1.267834866054862522e-02
9.858839816117655544e-03
2.226001766078782376e-02
2.091377801882443946e-02
2.239926884055478545e-02
8.784414001094769178e-03
8.752774933171350580e-03
2.607506125982936990e-02
1.731244438515565018e-02
1.264024367209524123e-02
2.795873098234657669e-02
9.834212902282885721e-03
3.172987545825158018e-03
4.377391949344162751e-03
1.599624539651902516e-02
4.692734358436782480e-03
9.645036681073793344e-04
4.008005562422838584e-03
3.224877230274149267e-03
3.738729977841189628e-03
1.238817315075627611e-03
4.840351244524304674e-04
3.004265925016641296e-03
2.484208224347091154e-03
5.980610350290809733e-04
2.657484118310464829e-04
1.764029281023064919e-03
1.361115357565039407e-03
1.439543595949708578e-03
3.383900859520428371e-03
2.464516564774255937e-03
3.934328480352649324e-04
1.326897291641234442e-03
2.271342550627360255e-04
6.234478572914458770e-05
1.522043280260578901e-03
5.986631604861101163e-04
1.421262558234292084e-03
2.435803194495525807e-04
3.606839112894410105e-03
3.220555404742278375e-04
2.493497654669432715e-03
1.262636845264683257e-03
3.801914139031106169e-04
9.661552350407005612e-04
1.174984242592702014e-03
1.554943845995322661e-03
2.320068308529409703e-03
7.899289256651909454e-04
6.844907467687942094e-04
8.947215185989450519e-04
4.541191176676593689e-04
6.326529819758339125e-04
8.522698892085159642e-04
8.317449490023304248e-04
1.262697453290111300e-03
3.470749771422872165e-03
9.685731238415849070e-04
5.077067552893806471e-03
1.293499196169829333e-03
1.056032084254495242e-03
3.002343809617808324e-03
5.131192298594548524e-04
1.418631829169621911e-03
1.819339271834412297e-03
1.196340781330697137e-03
1.998130496153407726e-03
2.300421310286035123e-03
2.290566867632106308e-03
1.249153089695688077e-04
2.263854954111447441e-03
5.637377417273901035e-03
1.063686345048657283e-03
5.474627531697238460e-03
2.757061248199829499e-03
2.563569914253509513e-04
2.822813968366089869e-04
2.855163700764862342e-03
1.093123397240308671e-03
5.343062153643679578e-04
1.228442727693619500e-03
6.314412709221492448e-04
2.303169124677892452e-03
2.650944172428680839e-03
3.423366588596280934e-04
9.183298465768348481e-05
8.251867014903773931e-04
3.233373736061129905e-03
4.276776751465533066e-04
7.960892227404574133e-04
1.014288925031206273e-03
1.944789154246411153e-03
1.208081709518693753e-03
3.621346829756730452e-04
6.223731336680117304e-04
1.406214669410534197e-03
3.936232761056442298e-05
4.436443303883836264e-04
1.138012475404970761e-05
4.216209967604618125e-04
3.239959851291866039e-04
2.798953780226817365e-04
5.602199382714050536e-04
1.412485099260124194e-05
2.913853761100518650e-04
2.800186756424344033e-04
5.830238119266524077e-05
6.849175004485316296e-05
2.866261468278433438e-04
1.139412817074773041e-04
6.425158342878476792e-05
1.513544257513292227e-05
5.001913166697835849e-04
3.175484886197871715e-04
2.759947018935356980e-04
1.035368224580802575e-04
1.062361834848158000e-03
5.224011385787152362e-05
5.107166836534372811e-05
1.132382344933129803e-04
7.082572025575333604e-04
8.260885401059800371e-05
7.158656337763371746e-04
8.556510299148102367e-04
1.592943869100269926e-03
8.621161317606046079e-04
2.216321928546637250e-04
4.711060691634387011e-04
1.095492273979644087e-03
4.559578239173321993e-04
1.955479278036477899e-05
2.016042568309050435e-04
5.739182866682680112e-06
5.900724133214969803e-05
1.054141417500953218e-04
1.987250693211164391e-04
2.704962411089409792e-04
2.539852930997876809e-05
5.446696732814494480e-06
1.576124380735330777e-04
4.464096878819524773e-05
9.242363896209484928e-06
1.993551269371977776e-04
1.382186908634567310e-04
2.480444080694902526e-04
1.709067220187010524e-05
1.148102592484563682e-04
6.302000877346902849e-05
2.488181593862387402e-05
1.719564552997120675e-04
5.133084880351978515e-05
4.019407529600290069e-05
4.180654482089026533e-05
6.694260340925145194e-07
3.987937903528942439e-05
8.160121189963519156e-06
4.736003465447747783e-06
5.907495115534346271e-05
7.069170911628541699e-05
1.330897913260834253e-05
9.718960904280543334e-06
2.164958189132303026e-06
1.066409796120818508e-04
2.723097021131427832e-04
8.172693217842017129e-05
2.907370919303777033e-04
4.425613716315173959e-04
9.962102784494542538e-05
7.463449471819460980e-05
7.974862099388458497e-04
3.957527859343870982e-05
1.269896145541396873e-04
1.799800271487151824e-04
4.487518775523949684e-05
2.527241517939873882e-05
1.755712282045429531e-05
3.453853351376479672e-05
3.163520227956472561e-05
5.907290357815333235e-05
1.180291929188342323e-04
1.393504006609213230e-04
6.389216694696622464e-05
7.610448214312989302e-05
6.182010472041728481e-08
1.417721334434614646e-04
2.779443283730188404e-05
2.843952054838038042e-04
5.764446308453026035e-04
6.145805041484290728e-05
5.062766376773315547e-05
2.694686534655880939e-04
2.403500676542008867e-04
2.464093605167753431e-06
2.419640556986547909e-05
5.446457812952300781e-04
8.957839714673836271e-05
1.272490347975395388e-04
1.796022419934417301e-04
2.007470447340138252e-06
8.088035033678727488e-05
1.554611338282503694e-05
2.234039646950298347e-04
2.838464114150046364e-05
6.330620208076045724e-05
2.711472035845839353e-04
2.353990015878867914e-04
2.376600089313785094e-05
4.022078325109969141e-05
1.370519830432705784e-04
1.002346948794943140e-05
1.030532773841969418e-04
1.103360459630836355e-04
7.537179492921406842e-05
1.966623827114416276e-05
2.803912151470681360e-04
7.541184229960015803e-05
2.884389974194239824e-04
3.410518246832442584e-04
1.957393582676296786e-04
4.499604944320196134e-05
4.316645035922935874e-06
2.448259102070800101e-04
6.070117895759137447e-05
7.705333588759453491e-05
1.298672356041778589e-04
7.683892341452320304e-05
1.300546322308372075e-04
4.644297063664944115e-04
3.523548709141246935e-05
4.517045160715911522e-04
2.799126342059158376e-05
3.619470501541465244e-06
2.297852625419486675e-05
2.066959208258949441e-05
6.717099071389531632e-05
1.169989637243952561e-04
1.956477209839182574e-04
1.083276914992243547e-05
7.090527898139778375e-05
8.473969464808779958e-06
2.088636712812346418e-04
5.316019306657486032e-04
1.747215452161519260e-04
1.065610483014138280e-05
2.154561268459292327e-04
4.243056153879574814e-04
2.333125704462268813e-04
5.232065454393349923e-05
2.146393428745832477e-04
7.999459342572184484e-05
8.857602375446553089e-05
7.324793425664083912e-05
2.998098525695314684e-04
1.845813043012452671e-04
1.494144915126529823e-04
1.628001441135153648e-04
3.289507313342666917e-04
5.319967070686346198e-04
2.572214798568961576e-04
1.738265254090753294e-05
3.569792243812496902e-04
7.048582636701155191e-04
1.304715094573898537e-03
2.319503853955590263e-04
3.168584233629072799e-04
2.581823781732757645e-04
1.691157749051569893e-03
5.650153559993975876e-05
4.184510601220497224e-05
2.299760961203027522e-04
2.422270871630037537e-04
1.535856095383840686e-04
1.428711843625670775e-04
3.877196321038936608e-04
2.601164163671348495e-04
6.672925313608705535e-04
3.882554633167972021e-04
1.198001609140193579e-04
4.056158596119572570e-04
1.560583705656258893e-04
4.128120041516954034e-04
1.050131881127015906e-03
9.556061061434710860e-03
1.967194412900171753e-03
7.150074780258642605e-03
7.445398003495433750e-03
2.018367318506229108e-02
4.324717771467260358e-02
1.541075303627854193e-02
9.077601949519275085e-03
3.064548438284424997e-02
2.164624695975591109e-02
1.684736632575583454e-02
1.356878793091897267e-02
2.473665443074474918e-02
1.095184837835228367e-02
2.222744515302126078e-02
1.599224125102185340e-02
1.056833235099107447e-02
1.742668092524108509e-02
5.004301176517714569e-03
1.393071545991576149e-02
4.452681111891202033e-03
5.461607842055907040e-03
1.288898165034875996e-02
1.533488308750856430e-03
1.927658782623391720e-03
1.721360555696730072e-03
3.012783916186583411e-03
4.190366735418311374e-03
4.311383889155583592e-03
2.231578838325141197e-03
1.346831463418392792e-03
1.175556555731300298e-03
2.353451933929431839e-04
2.544677819522658466e-03
4.234361502422395100e-04
3.674673520621484337e-04
3.011419538253653442e-03
4.875138930399798218e-04
2.168022447448563619e-05
1.290935145450548306e-03
1.947070222476534121e-03
3.963479528256058692e-04
6.369075936399711977e-04
1.347171749890218803e-03
7.406996613292481362e-04
3.322041652432365481e-03
2.172378335908454246e-03
2.414803890979469979e-03
1.016659738095068623e-03
1.162051900201921785e-03
7.518283089613382424e-04
2.916234806753147547e-03
1.418185310144388228e-03
2.576175675543366139e-04
4.296106088641212482e-03
4.530645557890712605e-03
6.275944625088154295e-03
1.855081184823972060e-03
3.673911457461198453e-03
5.537795716193089947e-03
6.805875508968843059e-03
2.071458845173200069e-03
1.810945178961065154e-03
3.830669492438440807e-03
6.676600621708174725e-04
3.363630256911308682e-04
4.173273861332784523e-03
1.008689126406006002e-03
2.532886168562683595e-03
2.452492282813803753e-03
8.322414874013895963e-04
6.532733730587039420e-04
2.012095882493013764e-03
2.990713303466736644e-04
3.174381496991910507e-04
8.402965588542370091e-04
4.132442059395103479e-04
4.840910773127335073e-03
3.606966964304947169e-03
3.850068510169711599e-04
2.663193938558104830e-03
5.023691538630852644e-04
5.050598671278221270e-03
1.621769043453662228e-03
7.087661652828539148e-04
1.828253767925840708e-04
1.693242885864179939e-03
1.214351328540568898e-03
2.634670089671951269e-04
7.550781747758676492e-03
3.880398011073116129e-03
1.756462305809461605e-03
3.371066433858861200e-04
4.325378674337622582e-03
3.644031515793244645e-04
4.016308616268779615e-03
3.860258209760087864e-03
6.039740043305706933e-04
4.505373780799327987e-04
3.252712777615000220e-04
1.625096638789027669e-03
1.406936395843977729e-03
4.299882270188737365e-03
2.812578079065862404e-03
2.929043980733889597e-03
1.414611903149579075e-03
2.126989601216204819e-05
7.662281163398248877e-03
2.039962239540151802e-03
5.195978590935091193e-03
2.821192683854658375e-03
3.577106831975999414e-03
1.609894291025686141e-03
4.115877655899923340e-03
1.801442322830350013e-03
7.963456224023151425e-03
6.895824312832121586e-04
1.149097597390136456e-03
1.003681935599599938e-03
6.698591706168289042e-04
2.393039803487998808e-03
4.705057276243688850e-03
2.167769011576542188e-03
1.025154781107312160e-02
6.445291088037345337e-03
6.264953506509357214e-03
1.371673325609246716e-03
5.360896610004130085e-03
2.934416554961169488e-03
5.681595141598501375e-03
4.537398381770143055e-03
1.686972602373016609e-03
1.056329892947911221e-02
1.077186997580091175e-03
7.336370903426268734e-03
7.485467201694545603e-03
8.100435779962795318e-03
1.869902969858882767e-03
1.319532357397516092e-02
5.590040007963962936e-03
1.365271095589444712e-02
1.068640363212794257e-02
1.294993822173303583e-02
8.794768214122433009e-03
1.832222750082333415e-02
1.365264884042941169e-02
1.252021133491583102e-02
1.803930288220119069e-02
2.468308305042364852e-03
2.547784564468181384e-02
8.069837842296759961e-03
3.787384477737796348e-03
4.648866384453218155e-03
2.186081018016219901e-03
3.188099848186274048e-03
1.318296467196966495e-04
1.174341842578130934e-03
2.392585480697755063e-03
5.340922068595542992e-03
1.007941343964260548e-03
6.269159057517814356e-04
1.068570225775900088e-04
2.256898742851687844e-04
8.703203321351813933e-04
4.447706731044828894e-04
3.946786705448140963e-04
8.189940142650418975e-03
1.463076582331869577e-04
3.303517001387033022e-04
2.053154834549124862e-03
2.855168129714862058e-03
1.947753451718348258e-03
2.899374760646507721e-03
2.605718382248215642e-03
6.559273012055105625e-04
2.130649505764887520e-03
7.157311345862063783e-04
7.889037759363597396e-04
1.901691932202951175e-03
1.547156009767457294e-03
6.401095011303340680e-05
1.127022709648678889e-03
5.739992062601498822e-03
1.614342832848495194e-03
2.201759021920286080e-03
5.312662717658238939e-04
5.666613117402691767e-03
1.154982519412808047e-03
4.782176936596128740e-03
2.959737957522280260e-03
4.434907348077619981e-04
4.086256370425684833e-03
2.464893574125800405e-03
4.135778230540950590e-03
9.216959576571398310e-04
5.805422797512048774e-03
7.746794110793749815e-04
4.523910118319421012e-03
2.911741739948993379e-03
2.590527644451398950e-03
6.194053311479556919e-04
5.439357651857315221e-03
3.914422067459889971e-03
4.740351024307649930e-03
7.491133692438564466e-03
3.369625515983040807e-03
7.931073049081423893e-04
2.958139085353256835e-03
5.391301782869138692e-03
4.275347354977242567e-03
5.102001892599117121e-04
1.098372197408074326e-02
4.683471023655071640e-03
4.936383100126967398e-03
5.500839186970876704e-03
2.363369162031210644e-03
5.483815920568284969e-04
2.890262785014871246e-04
1.113471860723808842e-03
8.440903193879033956e-03
1.393932833749543868e-03
4.845071252341794435e-03
4.710968725013748096e-04
7.559952929239011250e-03
8.808980619442995650e-05
3.304766244222029099e-03
1.890508710707783585e-03
3.310124097416649192e-03
3.442215099143918974e-03
2.531774217200342004e-03
4.480434859047786184e-03
2.615557635706364735e-04
2.277881868224957036e-03
2.140547539782539001e-03
4.844490685313454330e-03
2.540719349516880592e-03
6.625859885276205209e-03
2.879949420732670195e-03
9.058936764596570157e-03
1.547542791749411534e-03
7.095322339557373799e-03
1.322371556919588013e-02
2.703430546724992691e-03
2.057031620088090387e-02
4.041973230701413622e-03
1.521243004848049814e-02
2.118343779724134613e-03
1.560006412960531635e-02
1.175202082823769388e-02
1.858071486008310838e-03
8.274972478922573704e-03
2.914653377022827143e-03
3.316879595164134564e-03
7.801236993953832889e-03
9.589382497033852037e-03
4.245232418625201169e-03
1.716083654671564168e-04
6.337863071921022093e-03
2.198795158124464393e-03
2.083772341717623176e-03
2.502314218185250089e-03
3.494503068592142749e-03
1.536030008019508529e-03
1.818828499678821521e-03
5.450725846959029834e-03
1.150221111767714540e-03
6.414018309457358239e-04
7.504732877355262295e-03
2.447039715525853087e-05
2.066762233967608074e-03
3.728738632627866321e-04
1.406547087640800395e-03
1.854442614040284097e-03
6.244764098435065742e-04
1.498393222964826497e-03
5.509720274814624685e-04
3.449045509657831538e-03
4.093202744777616094e-04
4.502310882723743746e-03
3.488046421741745548e-03
1.194665775291327368e-03
1.078716972635584232e-03
1.239696489221863091e-03
4.993235815374147922e-03
9.963924100372647998e-04
3.502421745281307074e-03
5.255695551065868183e-04
1.834686469118468333e-03
1.383924525683155127e-03
9.997370327312678912e-04
1.153872240777507018e-02
6.705890762042644206e-03
2.204930502276328079e-03
3.115652310958037102e-03
3.142624061678759434e-03
7.370690494050086486e-04
1.642235983172696603e-03
1.952792591082547777e-03
1.744281448702576049e-03
4.005284223669372534e-03
4.117845546712625877e-03
3.403101580446157241e-03
2.327667560884967655e-03
9.162285712240666883e-04
1.919614729322505209e-03
4.184559798900190815e-03
1.115510039723035304e-03
1.790447372907435965e-03
2.299622968861276227e-03
4.014614924320615390e-03
2.474901072328278186e-03
2.139508278296784090e-03
4.605085611787723861e-03
2.007298961974075130e-04
9.185832658161767819e-03
2.584584694653606352e-03
3.798928980291707645e-03
2.120929285880831724e-03
1.277640723436671488e-03
6.822412068925867538e-03
1.209980270228603640e-02
3.330535845666707587e-03
1.713445735675611648e-03
4.928003046171789726e-03
1.732769769491833423e-03
1.442232148982337207e-04
9.354369689243591419e-04
5.933467208692898461e-03
1.244369348135161701e-03
2.619467344181461866e-03
4.972697095671530475e-03
3.612343467969427596e-03
6.638890798363047269e-03
3.702024572206681283e-03
4.791402758828936480e-04
1.150492329281268579e-02
7.399586955888044163e-04
1.896633124938803009e-03
3.245254752687378071e-03
7.928912254181505470e-03
1.509495560009700959e-03
2.700062648043012083e-03
3.200499030440860648e-03
5.259012944545840389e-04
5.157787112159283212e-03
1.886653175543789483e-04
1.294418852417421025e-03
1.121223050905275839e-03
8.667995137369254380e-03
1.137398680940503387e-03
1.882644367618007374e-03
3.354022018455584189e-03
2.977497707994666647e-04
2.338173188438203657e-03
2.081736120435864670e-03
4.909558620935641294e-04
5.547326789623462529e-04
9.681401745410688972e-03
1.676091896050541270e-03
6.782143012523110829e-04
5.856336195607777552e-03
1.655791476792448720e-04
2.800242966068088469e-03
4.457781929233354829e-04
2.928022218421094756e-03
5.216132677640494993e-03
4.636119503430621153e-03
9.251346051338659587e-04
2.163526792685827385e-02
2.196849100535078377e-03
2.498784934821827140e-03
5.744155223315449386e-03
6.196117894836322346e-03
1.895520350301385703e-03
8.865518127855607144e-04
3.317870292539945934e-03
3.803214134480125894e-03
2.571460554298028180e-04
9.271485037543330740e-03
2.051307840174693749e-03
4.928549834199978143e-04
4.226259230353703999e-04
2.291032169320002167e-03
1.916798398333527777e-03
1.613183949393363860e-03
1.950576915131103581e-03
5.103506636189233947e-03
1.132087594191274896e-03
2.865718736316657991e-03
1.544343627256784595e-03
3.298873822765383511e-03
3.363013659101312790e-03
1.223709783486405869e-03
3.276959955754158837e-03
1.150611103733573766e-03
1.356652766554650169e-02
2.977832587490076253e-03
2.194395994889038800e-03
1.767064382920888839e-03
1.232525567369767081e-02
2.164219958260992470e-03
2.436191529686609555e-03
1.209772017977526690e-02
5.816913270440890980e-03
6.133528513294580521e-03
1.369481355245689719e-03
4.031810363943042624e-03
2.562228266997117285e-03
8.518228595274571907e-03
2.238425705632407590e-03
3.709424040333120318e-03
3.725396152600622852e-03
3.382000201578077496e-04
1.452737622323230920e-02
6.060747003898146572e-03
9.318511662091878310e-04
8.620189872140738424e-03
8.173396850029842828e-04
8.785212998850459951e-04
5.985369376173108220e-03
1.727018033339311432e-03
2.827175104481292021e-03
3.265451460693286957e-04
8.354441356478470651e-03
6.972196409175676146e-04
4.233340472473215432e-03
1.535402367222391332e-03
5.002287142716346779e-03
3.975096022941316393e-03
8.473097652258860385e-03
1.031267492190243024e-02
2.753452414264408350e-03
8.746061890971644839e-03
2.836098604761194903e-04
2.965652737955536567e-03
2.738638417342700599e-03
3.622254537718636209e-03
6.018869128185413281e-03
4.516382418816001186e-03
7.078290835723645121e-04
6.559539911616995081e-03
1.812799435417277935e-02
1.548342018328166753e-03
3.069882800268651599e-03
1.736844450051311297e-03
8.626265170622076511e-03
9.395570426009019083e-04
7.245715679349276281e-03
1.249766705565793319e-03
1.598406251202887443e-02
5.484138015034831400e-03
1.742575421766443932e-03
3.013528521430928510e-03
5.691121830117412683e-03
6.681829585627704123e-04
1.147593325536267958e-02
6.978382400508080681e-03
4.599732354587784088e-03
1.355456271455193502e-03
5.254714317206930600e-03
1.177884671322376297e-03
1.109103561356441191e-02
2.688976491017754707e-03
1.391649778228671447e-02
9.850545209159202592e-03
1.088684615616618105e-02
2.836665390966642067e-02
1.521978404476826037e-02
4.430751596628912381e-02
1.452196124283237390e-02
3.176764854310189755e-03
2.796319281470627596e-02
3.240962581838926354e-02
5.389795025368630116e-03
4.777020550396320758e-02
3.393677524355950912e-04
4.883989309874300910e-02
1.419441250863245386e-02
1.897306618782446802e-02
1.213091134365889244e-02
6.644979444506325487e-03
1.303572569453576892e-02
1.392018845283663625e-02
3.460099359349017023e-02
1.561725832187908954e-02
7.162378188757818898e-03
2.279886691513412222e-02
1.220568322355828142e-02
3.025328415318869011e-03
1.825701151641400495e-03
1.122846491013241178e-03
2.181994138756472492e-03
1.976709907019755415e-03
1.804303689643617272e-04
3.567936668548955196e-03
2.389648610529421582e-03
1.017226974949264097e-03
1.838503768188193190e-03
2.831701464675520229e-04
9.719181711178309516e-04
2.326038103728041238e-03
1.092208144325420866e-03
1.909916098877045007e-03
2.897490672962151244e-03
4.462941344023777131e-03
7.907503773841758872e-04
7.502134207986994961e-04
1.177062323057981476e-04
1.457211591609445926e-04
1.640821234834854243e-03
3.158516055500358750e-03
1.755639868540097943e-03
1.312526410845326133e-03
4.414181370600736391e-03
2.819784852231777862e-03
5.080406787983693037e-03
4.258898978874286860e-03
2.849590936238746513e-04
2.726232640954073111e-03
4.056453806613889192e-03
8.556902418235200723e-04
7.463312815750133399e-04
1.942319198397925118e-03
4.760917903616882526e-04
7.778955754373867784e-04
8.719802439577760823e-05
1.627548686616296300e-03
2.170423873194858751e-03
2.248686598768406559e-03
3.465756808590960639e-03
1.559565956331202333e-03
5.603832064999478453e-03
4.586061881214151779e-03
1.449684490875691786e-03
1.449828179872703765e-03
7.476071217084170667e-04
4.070421968959098244e-04
2.484647744020837979e-03
7.004346626915068088e-04
1.897008679937955706e-03
2.196877968788180611e-03
9.778315718266992421e-04
1.422303829979855438e-03
5.532817002956475980e-03
8.291793536772642509e-06
4.147131330705489116e-03
1.184417356642718504e-03
3.155655323387429839e-04
3.535990651796347612e-04
6.843362463632322173e-03
1.973395775691154071e-04
1.449254529550297356e-03
7.876397266349850421e-03
1.759154505566745826e-04
7.260589277953145328e-03
2.825902015289001113e-04
6.873582872081612262e-03
1.623378659575508117e-03
3.015047760552835420e-03
7.082969215701750455e-03
8.606267104629623452e-03
1.154908351451602042e-03
3.533173734883005707e-03
3.929598980950090763e-04
1.818703744787690145e-03
3.536341078620655696e-03
2.790673190160389196e-03
2.849470006849061030e-03
7.751974435712738259e-04
2.027760073738539125e-03
2.200475439564797669e-03
3.782681948167688438e-03
4.821288286792078763e-03
1.509418926852122396e-04
3.249430594352662339e-04
3.987733946136874826e-04
2.452341533294058028e-03
2.576646602429172013e-04
2.537165599036637215e-03
4.695397655420777139e-03
2.294276955784881565e-04
4.683426153257519496e-04
4.492657122553236383e-03
2.701912724579533416e-03
2.922446138327712767e-04
1.440601877143841405e-03
2.390016524222499193e-03
7.078825919380530435e-03
7.092685986452848057e-04
6.188807116373618369e-03
1.443986905286650732e-03
1.475544756642524968e-03
9.580197057588093080e-04
9.132271487698466985e-06
1.601209217320150296e-03
3.685754619264243036e-03
7.208214482760835762e-03
2.573057122435242947e-04
7.297996425310124095e-03
6.008881438528432088e-04
8.469578075310245412e-04
5.014364280358731343e-03
8.813235699077021307e-04
6.374196320359203083e-04
9.962938634004301491e-03
5.155629935190380979e-04
1.905471961089327641e-03
2.203518577706832689e-03
2.205902943054799652e-03
1.252933500813644590e-04
8.348946374334678591e-04
3.896146150067744326e-03
1.429032873382746118e-03
2.847571038251863178e-03
3.472251437145645620e-03
9.196516993636493029e-04
5.120704510843880446e-04
3.071874197512230141e-03
7.329196213975162954e-04
4.010333636321183610e-04
1.928683762934647579e-03
9.060017464302216970e-04
2.953348919650485710e-03
1.928483438659704848e-03
1.561288788092662179e-03
1.990058842859528977e-03
8.882073506680171005e-04
3.053094921788252619e-03
1.643000407582856175e-04
2.581158753394764715e-04
1.308008653395295812e-03
2.860399305669307588e-03
2.120965318430088984e-03
7.963073677345825895e-04
2.852724930217698284e-04
1.008945589168105820e-03
1.003049153050748505e-03
1.844029519160921568e-03
2.194541954648202009e-03
1.367743254053099345e-03
5.352555039249637554e-03
1.654525625773980112e-04
3.415738883455616257e-04
4.919247801694705269e-03
1.916607650338898912e-03
5.640258548325137455e-03
4.478774502333084453e-03
5.431078690482734131e-03
7.448095927485532883e-03
9.376130212802600075e-03
1.604631010058941336e-03
7.596656325367504882e-04
2.436107792993089886e-03
4.057267957622675745e-04
3.209898521546089394e-03
1.045548584265446014e-03
2.220436991938634533e-04
1.502581050262749704e-03
2.056222227718428660e-03
4.636042793694079259e-04
9.966958288992904848e-04
2.473253350319168983e-03
3.832138476623263550e-03
3.531439517799158843e-04
6.716451695640186098e-03
4.663460575996741862e-04
4.654666435939826784e-03
5.839973095785125096e-04
3.455569443207190047e-03
3.124995665859404709e-03
3.237577559955889979e-03
1.251222335700758392e-03
2.633844837630044088e-03
1.538893538336180049e-03
1.764074117305031164e-03
1.087545872174003250e-03
1.302313653191575736e-03
6.374629608202116854e-03
1.157056877516210273e-02
1.743766315185591277e-03
1.864608077224479479e-02
1.239015854874418862e-03
1.493342342937427304e-03
1.551422397003978087e-03
2.698176074041347752e-03
2.095190846797000822e-03
5.668981659824802455e-03
1.650157972076397861e-03
1.014920503947543302e-03
1.224575975931188176e-03
1.778438104630457534e-03
4.327655428939733255e-03
6.487251304425234889e-04
5.911791305655704530e-04
2.060975169511889207e-02
1.846521912803298715e-03
1.315972840399325106e-02
3.971226439736522053e-04
1.117464987783463835e-03
2.777620364989617048e-04
2.396221837028054101e-03
1.377748784067532454e-04
1.105698808845116113e-03
2.140402788208733541e-03
6.928314898884761200e-04
1.294683473447092760e-03
1.366365036590640918e-03
7.400324938952137404e-04
2.184455063731161051e-03
4.578906847483943908e-03
3.310980636620565985e-03
1.622649662469535868e-04
4.274451916194530230e-05
8.438811436508406733e-04
2.424849807667104826e-03
1.752547867492872048e-04
4.308623791111396259e-04
2.606290706169951763e-03
9.662257310849823796e-03
3.427469991964045455e-03
2.154548955018482318e-03
1.948802722489352329e-03
7.610979841275147990e-04
6.260935336910424063e-04
2.114635416787184752e-03
3.815829325712940525e-04
7.693773097119217070e-04
1.150340352783704289e-03
1.037509347883390108e-03
2.808646626686045868e-04
