-9.984988327574707140e-03
1.869482775710237799e-02
1.388537687345557225e-03
3.393301650126759328e-04
8.484371752373050246e-03
-1.645888931871932609e-02
-4.422456954769193871e-02
2.959135056905022945e-02
-9.348337840710669450e-03
-2.976110358728490182e-02
5.314749771719324417e-02
-1.160391812293663089e-02
2.701232993684605371e-02
-6.307286072551879924e-03
-2.490421670921784056e-02
4.971214929945783761e-02
-2.877045768876617532e-02
1.701119331729977410e-02
6.172428593716392659e-03
-1.923808597171434639e-02
3.293939958536092581e-03
-1.580080087979072317e-02
4.507692614879888100e-03
1.883939318187570836e-02
-3.600594502367907013e-02
2.508424970316409930e-02
1.466782545713741712e-02
-8.019060163293139157e-03
4.906721145874051032e-02
2.752933419571752804e-02
7.397858784179514591e-02
2.857931865874913796e-02
-7.531911812976472241e-03
1.134132556981886850e-02
-1.958731026052086197e-02
-4.519343399530140193e-03
2.654744238355448080e-02
1.952942112262946381e-02
2.607006561244780939e-04
-2.719199752797960522e-03
-2.799381843108567081e-02
3.168764012257355156e-02
-2.045338578595191220e-02
3.531668346849668738e-02
-4.130160727701053663e-02
1.047207283742795578e-02
8.996139310781928189e-03
3.517710771542244437e-03
2.798364550177547677e-02
3.224369252832167548e-02
6.603562815337210394e-03
2.137553352648316821e-02
5.553591286016655582e-02
-2.309870923260820205e-02
3.275408252102310347e-02
-2.394394576346824469e-02
-3.985701201552494660e-03
1.189456699706502134e-02
1.735946155222356860e-02
-2.990077929257674554e-03
3.583383912680099953e-02
-1.467822979106753190e-02
-2.605654997206151291e-02
3.470514161806276948e-02
-5.428602529967711116e-02
4.195140425677470683e-03
-3.429257990668932964e-03
-4.391425842078151148e-03
-4.790723007856073634e-03
-3.067720434793095533e-03
-7.188728735792642224e-03
4.623103649482930046e-03
1.141387428298210743e-02
1.091857122740533780e-02
-8.648632666968985097e-03
4.741248816034515125e-03
1.230047973292502060e-02
-2.027433675540155078e-02
1.223679680291316421e-02
5.450542896681326993e-02
-1.584089140684989336e-02
-1.178657631582065088e-02
2.214749297550781815e-02
-5.607290919856048120e-03
4.455197671893095651e-02
2.240317494015698491e-02
2.225503862710189601e-02
4.613224731147378549e-02
8.816256137234353835e-03
7.790428607144945714e-03
7.480187589494591283e-02
1.747588714991033243e-01
-1.810332851164082879e-02
2.750526930155663269e-02
7.445554707949104956e-02
7.432588131473691351e-02
3.881668770683811137e-02
6.811112370181893194e-02
7.150974947778523938e-02
1.292124427750809823e-01
1.124196180740675080e-02
6.806902802263134489e-02
3.120971163260197884e-02
4.706646441764707200e-02
-2.073931260228815965e-02
-9.053455800942857359e-03
3.203848482065121267e-02
3.803667279298816178e-02
-1.747285097904736906e-02
1.605294412147426075e-02
7.835685453771678438e-03
1.834468089543993610e-02
-1.587205115531552246e-02
2.582517902322561260e-02
1.020250723250926920e-04
-3.023783892594325323e-04
-2.922621664235191055e-02
3.397039959418651778e-02
-5.563943634435322694e-02
1.546523644722900756e-02
-3.930287421714623308e-02
-2.708965434134473840e-03
-4.512974926317459695e-04
-2.087723261129240115e-02
-1.398359461284340299e-02
-2.507402552820427177e-02
-6.233208377452575943e-02
4.435104289945212414e-03
-5.497044317653046464e-02
2.720350113201378678e-02
-4.894926614508382512e-02
-4.479461679325952989e-02
-4.054689058544716507e-02
-3.539986732229717659e-02
-5.073225143231537004e-02
-2.111984672303978544e-02
-6.503179935582011073e-02
-1.281208049183615687e-02
-1.051617186179084652e-02
-4.620277814515054426e-02
-4.153368508454005625e-02
-3.340414082881251051e-02
-3.091053389658440786e-02
-2.488218056726849634e-02
-2.397976236772326672e-02
-3.098626304442831172e-02
3.417090316339185113e-03
-2.928380411628129024e-02
-2.937658460047175984e-02
-4.222862881968231230e-02
-1.065493597986695920e-02
-1.787586431654750174e-02
-5.544788025022909239e-02
-2.267670104897470326e-03
-5.430521037231318682e-02
-2.071898999961548082e-02
-8.807307308109219024e-04
-1.723828768828240127e-02
-4.190993934954728717e-02
-1.766571918067815980e-02
-2.344641234034416238e-02
-2.305245528305256003e-02
-2.173975527320345241e-02
-2.864423982491045087e-02
-3.191696073663865402e-02
-2.364555776642669749e-02
-2.533250663194687446e-02
1.577160622773716991e-02
-3.470127661509461031e-02
-1.592920816467493714e-02
2.154324776315973480e-02
-3.828794416462087680e-02
1.549797349373180713e-02
-4.974546275132317452e-02
-2.270260430399992368e-02
1.335053071517595946e-02
-5.146493622244267818e-02
-1.992311602035023999e-02
-8.399391457100613412e-02
-1.373727695289261863e-03
-5.658939642820005889e-02
-6.289002341445949773e-03
-8.453332157534612645e-02
-6.683654019629156617e-02
-4.657076531378324946e-02
-9.340053634808505312e-03
9.871739058496774299e-03
-5.767286969740133273e-02
2.496485043139768517e-02
-4.903121193202860523e-02
-2.115991579795934580e-03
-3.489733554202108928e-02
-4.895232950548025763e-02
-6.679242868928181309e-02
-5.661355349266577325e-03
-2.838513378277503912e-02
-6.768960794386266744e-02
-1.442198489187766428e-02
-1.534446464564422942e-02
-1.126481957071638791e-02
3.853318930505644432e-03
1.081224016554379816e-02
-1.488141219585857426e-02
6.335669127556527169e-02
-2.314933146227537639e-02
2.354587984800088005e-02
1.368985181392435441e-03
-7.943859708250837481e-03
5.906415290602683166e-02
1.485656425517517878e-02
3.945560803126296062e-02
1.603541152567553030e-02
6.303192267696326734e-02
4.648674400069689738e-02
5.625147028617007161e-02
6.780796449975562412e-02
5.910313463707540099e-02
6.811040755278734149e-02
4.339586388609052020e-02
8.812591169057831797e-02
9.875153273969092260e-02
3.266277331095897990e-02
9.934798188265507590e-02
6.008776604709596680e-02
2.898528011800193330e-02
9.087293169876919929e-02
5.159815052120327039e-02
7.730488159124826453e-02
1.809476770797821543e-02
1.331253489227200715e-02
4.343236156821478344e-02
-4.689461976595673924e-03
3.571038019120875706e-02
-2.788361940478924824e-03
-6.506005390695165057e-03
1.661682196167727985e-02
-6.126038205328098590e-03
-1.320704258516603932e-02
2.914127583575501848e-02
-2.019296453606966163e-02
-5.276150987660205294e-02
6.498400484149792836e-03
5.811373717134636283e-04
2.990420330871034968e-02
1.668501180686484189e-02
-5.553415768024631827e-02
-7.110528444116676235e-03
-2.454162066610510867e-02
3.236370170191603390e-02
6.827307502317856922e-03
-4.198639833776279112e-02
4.095903260578298566e-02
-4.266316314381568553e-02
3.274707365611163878e-02
-2.292831069847865375e-02
4.700757168016093078e-03
4.336603244905747230e-03
3.290384814123987339e-02
-4.684857010113344100e-02
-1.348212671140833555e-02
3.861528008095725661e-02
-3.250736666541488573e-02
1.096271697370230580e-03
-2.148228979757860202e-02
4.058767555390925541e-02
-2.172274835915346050e-02
4.592715302191423266e-02
-7.620508628889342828e-02
-1.053502872779422429e-02
8.512892785134097695e-02
-1.295076325491132177e-02
-2.804053141095192575e-02
-5.225790836433950176e-02
2.244216100484515072e-02
-1.185665857823588187e-02
1.192582726656627248e-02
-1.427743012675233500e-02
-4.810949591358509164e-02
4.355591336195810404e-02
-3.691628609561361379e-02
3.835869123977903722e-02
1.981974932109721241e-02
5.160163270398141627e-02
-1.965763774794267865e-02
-2.959265866016920488e-02
1.631006455731854113e-02
2.832946070342984984e-02
2.054275277877922606e-02
4.527430666075922538e-03
2.155318296080179635e-02
-8.587164011220244086e-02
4.588363617255471899e-02
-1.881784051057488333e-02
-3.175993159377603348e-04
-1.217024525050877139e-02
-2.340349726524431490e-02
-7.666132666963193509e-02
-2.370490168755183535e-02
-1.212283007510871202e-01
-9.284728944674362772e-02
-1.838053639808487905e-01
-7.451600288490622948e-02
-4.463070628184255539e-02
-9.127432799763027238e-02
-1.405139360037551133e-01
-1.533165619575160010e-01
-1.119274550610920294e-01
-1.750413367809658116e-01
-1.537040773185690268e-01
-1.238747482296105595e-01
-1.584135488596634389e-01
-1.609964954429515815e-01
-1.844482092765814540e-01
-1.736084590024323249e-01
2.396860463984791523e-02
-4.106315989182958426e-02
1.002348524448443134e-02
-3.029289716213183839e-02
-2.095549872958940574e-02
-5.382375980115366998e-02
-1.475366476904947655e-02
-4.787847279566678771e-02
-1.299181675579667156e-02
-4.844126183906882765e-02
2.936801613455280319e-02
-4.138427585251806123e-02
7.895375512636327101e-03
-5.040500511464982708e-02
-3.107493386988709541e-02
-6.321431917002908255e-03
1.685091279690573759e-03
4.924548061068788340e-02
-5.474302849797550719e-02
1.218570042224734369e-02
3.101908728339129034e-02
-1.806292827203618417e-02
1.258458910899181923e-02
1.242372718723411089e-02
-2.203610021102047137e-02
-1.878709363640792412e-02
1.801699233180012807e-02
2.164811635824602509e-02
-2.504128407518746435e-02
-2.971517091554162771e-02
-1.799459663482728608e-02
-2.494400200332105161e-02
3.691702746059506018e-02
-4.839926812450070365e-02
2.315094556225771177e-02
-3.922768742291270205e-02
-4.834062146068364083e-03
8.236223758017047550e-03
-1.316444293523718126e-02
1.557606199950943571e-02
-3.376457132779333431e-02
-4.076866218493048477e-02
-4.458669503402275247e-02
-1.193504158802234129e-02
3.565260800532288679e-03
-8.720894710564489061e-02
-3.641425189830800602e-05
-3.124613033319689065e-02
4.954329551040666593e-03
-3.014918038301588055e-02
-1.817801132528908126e-02
3.230729929851419019e-02
1.875561494179128416e-02
-4.630190786734817571e-02
-4.958186582120829161e-02
1.561141957400705681e-02
-2.741735577428870696e-02
-2.657582617599114905e-02
-1.030451629168280432e-02
-1.508478715034345004e-02
-1.314766840580076923e-02
2.723740962130014737e-02
-2.020699093188951107e-02
-7.457042685079934285e-04
-1.159769952265823217e-02
-1.173142924620994981e-02
-2.048168427220827328e-02
-6.667802020623631032e-02
4.671362903313210774e-02
-2.795460217543797171e-02
-4.517304147660693853e-02
5.499086617368323382e-03
-1.462727796352214157e-02
-7.561442215224070673e-02
6.722272402113524392e-03
-2.589943432635868903e-03
-2.706314804917389974e-02
-4.528438503126842180e-02
3.363962693599719181e-03
-1.166898467085505930e-02
-5.876648208248146099e-02
6.557134452594462481e-02
-5.963614636951261594e-02
1.770839364753839379e-02
-2.421541691691316694e-02
3.149572941688279226e-02
-3.518101464927427674e-02
1.185605683835979154e-02
-8.583147634075737054e-02
-2.643739338824138696e-02
3.655420975561849556e-02
-2.506704047019121459e-02
-6.095685431133285098e-04
6.127219784910479432e-05
8.767845898360130882e-03
-4.502050837275151790e-02
2.185998064807054622e-02
3.497088763261865102e-02
-2.757929864596093267e-02
-3.667687184532873734e-02
4.417960733442728716e-02
-3.190373612843910855e-02
-3.504623621620933660e-02
-1.110416288630392337e-02
1.572458885283803398e-02
6.264379976872375133e-02
-5.646387744030417766e-02
9.047828638437263593e-02
-8.550987383452961221e-02
9.402451296120148405e-03
-1.165831191135323873e-02
4.058172746242720563e-02
-5.071198505601874629e-02
-2.586702684912861594e-02
2.974134537254885177e-02
-3.633627708184695992e-02
-8.021361587207651023e-02
-1.563230161282584407e-01
-2.387049912402312568e-01
6.383009845424600370e-03
-2.012969070469991517e-01
-1.281510065442174606e-01
-2.897553642164795579e-02
-1.594598081445390281e-01
-2.489564193042155538e-02
-7.236248895837819883e-02
-1.363205518257171456e-01
-7.469186260663263077e-02
-1.945441584103464044e-02
-8.484145817386118393e-02
-2.477075791011671552e-02
-6.804091725198449514e-02
-4.840693662328413027e-02
-2.241453971015835989e-02
-6.100332859924495477e-02
5.903124262573365005e-03
-3.398199607871212058e-02
-3.203524903816904260e-04
-2.099482033579332801e-02
-3.663729546669614642e-03
-1.775009359212252266e-02
2.779831170747588953e-02
-4.454561966604669160e-02
-1.555767126217567388e-02
-2.149585296193376113e-02
-2.356840687261642017e-02
6.125936912234663037e-03
4.749946501789703221e-03
4.605885510480252354e-03
1.169581555975322644e-02
-4.171373372033591355e-03
-1.342662359972029637e-02
7.934555566613194985e-03
3.153505635377946287e-02
-2.176566115888187852e-02
3.807099447041260160e-02
-2.945524971944834050e-02
5.023026666095608411e-02
-1.714152988180080855e-02
7.838048826656169536e-04
-3.062441503078828370e-02
2.571297635102981136e-02
3.151116072802564311e-02
-2.786452586975539727e-02
8.044743613862103543e-03
6.014118667935551207e-03
-2.272166092362536832e-02
1.935336197346519335e-02
-2.348715996725082508e-02
3.513153501898579750e-02
-5.374629100041286578e-02
-7.146009241730779532e-03
8.497984167787719922e-02
-5.368287635833106017e-03
-7.608140956417346057e-02
4.063374520525183525e-02
-1.704370052330348231e-02
-3.297841372588480868e-02
-2.716585639524240949e-03
-2.848504794962239059e-02
1.956336230787433447e-02
2.052248077842585422e-02
-2.489676317259081548e-02
1.938693951328855983e-02
8.337974902862149360e-03
-2.396192547816574508e-02
1.924095695676897658e-02
1.275619945768136781e-02
-1.322672173818933115e-02
1.688775529171487530e-02
-2.100402450474444984e-03
-9.054460452195963252e-03
1.152686356180928316e-02
2.832968809595885068e-02
-6.356868376523997638e-03
1.985678953306979633e-03
1.173283410729499855e-02
1.845037946269775450e-02
-2.401768564660843042e-02
-3.803301775799071416e-02
5.426200664845514526e-03
2.044021076000935785e-02
1.307839863906570463e-02
-3.411579584249117142e-02
7.643235462496307531e-02
-6.059393397780246660e-02
-8.187330553555362614e-03
2.659674652313604587e-02
-5.628337813506422566e-03
1.240452817700637110e-02
-1.588587874280003587e-02
3.466650945631866848e-02
-2.111298012564654866e-02
6.918766636980189753e-04
-3.874181904465519299e-02
4.084230350998117876e-02
-2.196866951037710486e-02
-1.638552135400094673e-02
6.891244494199038825e-03
1.091953445669919566e-02
-3.103546151837225167e-02
8.133699718117460772e-03
3.004923464794905311e-02
-1.478149691426923311e-02
-1.609264087361172643e-02
5.997301466134945767e-03
5.043956230428485454e-02
-3.627567631139862886e-02
-8.802662109905230042e-04
-2.202547574412280773e-02
-3.596797383764260836e-02
6.832466186132664550e-03
-4.215790449280968841e-04
-3.239244874775960500e-03
-2.124942518752753404e-02
5.520683445453327190e-03
3.270613378980421603e-03
-1.467040254007200006e-02
-7.383618437536717573e-03
2.325771502459082762e-02
2.534116284416056131e-03
2.953486796723149913e-02
-5.396821040960813297e-03
1.675405188487242777e-04
9.410209985235420266e-03
2.530206384010759424e-02
-1.884182422975177323e-02
3.421530972747841015e-02
1.555422847462422167e-02
4.518328597771681387e-03
-1.534830188005757712e-02
-1.079321190236777299e-02
1.948917901863211552e-02
5.909428936572652669e-02
-9.713594908019453772e-03
-2.601263857960318254e-02
-3.700794397294552597e-03
1.138235016756281547e-02
-1.103583674413143208e-02
-4.014421687460310167e-02
6.921381749355652938e-03
2.467638766156332597e-02
7.597825658188858342e-03
-3.776097945105046094e-02
5.012342927056906428e-03
6.170265591267669672e-03
-2.259633654224323107e-02
4.170506163051434373e-03
5.734025433103928822e-03
-3.293226568437374047e-02
-1.947278018004121314e-02
1.594597666619484641e-02
2.502645687746870434e-02
-1.077153875949715331e-02
-1.757961507815229696e-02
-3.577601153097126341e-02
1.812768936931108410e-02
-1.344500788703642882e-02
1.007011999370012630e-02
-3.376654578733928602e-02
1.450249517561808324e-02
2.128270322421821695e-02
-2.261615013022442999e-02
2.561106645852569835e-03
-9.889853425827306241e-03
2.147152647786454774e-02
-1.310217950702189174e-02
-8.549354152327126935e-03
-2.886267226061644750e-02
-3.271690797143192442e-02
-3.781438661163566417e-02
-9.487550304647554555e-03
-3.840353269864024699e-02
-1.179696799888359932e-01
-2.432221460386712816e-02
-8.370018340867874107e-02
-8.386042305586999257e-02
-4.784991477054068715e-02
-9.048594495109715807e-02
-1.186536136779526435e-01
-1.041534621964707308e-01
-1.218793449441240156e-01
-1.020221177190973882e-01
-1.952966080380691138e-01
-1.738727780266773604e-01
-1.881059287920278655e-01
-1.221283165915139357e-01
-9.360819545165954825e-02
-9.513030495844773671e-02
-3.231003607684957563e-02
-3.332185660529421445e-02
-8.629135969984047527e-02
-1.199767155702512744e-01
-1.169722241145659813e-01
-6.725115227593031486e-02
-5.199263267634775948e-02
-1.063595949344733199e-02
-4.655809190117889129e-02
-4.297690968548229656e-02
-4.621244222672309110e-02
3.143761376841943539e-02
-3.796097665016671084e-03
-6.984275754116585355e-02
1.851618321303734327e-02
3.263784893740069581e-02
-3.565765081283943372e-03
-2.283130492323221655e-03
2.524714450158782944e-02
2.307999688078170991e-02
-3.584483995191531380e-02
1.992696110503976506e-02
1.389837829013727474e-02
2.640741205595929092e-02
-3.111995631025924261e-02
1.521558821087928663e-04
1.400631436026731833e-02
-2.050807051359559985e-02
3.572511909276244318e-02
-2.093769739059844759e-02
2.498651472928226092e-02
9.448784880383406587e-04
6.186837856458745656e-03
1.871846580438438559e-02
-1.255317033663220019e-02
3.974572645718413635e-03
-6.997898799394298812e-03
1.719060182649745361e-02
-1.138609793912445656e-02
-2.799841036947398228e-03
-6.987024308470159671e-03
-9.194016041055871544e-03
2.098213190269926365e-02
1.668873996847590989e-03
1.567065545819264216e-02
-6.462197931725748891e-03
1.911569754083379622e-03
1.686364044078684718e-02
-3.424320554954239648e-02
-1.533452584261850091e-02
3.145278916268510333e-02
-2.375202837500032388e-02
-1.089425747211501426e-03
-2.613355511431660408e-02
2.050402549090876367e-02
8.397254842200578204e-03
-2.364216500605899763e-03
-1.286053308966234217e-04
-1.230790832322240479e-02
1.961529177507715868e-02
-5.049023629530106569e-03
-8.745938676494462855e-03
-3.431444674154910529e-02
8.403773735299633479e-03
1.390161671233976215e-02
-1.773719411702761803e-02
-2.676676951783543007e-02
1.571089944590724902e-02
-2.464993559324752531e-02
-2.544785978515503796e-03
3.876787311304467909e-03
3.144516729794095272e-02
-7.447571383034986593e-03
3.244311348950446039e-02
1.053728359698909156e-02
-3.774432584766896671e-03
-2.609932547775962314e-02
8.039666489652895487e-03
3.395301368170675765e-02
-2.500800387480524994e-02
-1.706746963450843368e-02
-1.527946538639349955e-02
-2.424319787260168640e-02
3.288007559778368533e-02
-5.381136041240600250e-04
-2.633696869217942022e-02
1.888482517777006001e-02
3.483412789279612121e-03
2.589392313459688844e-02
-3.250710497439449065e-02
2.307867325586522578e-02
2.896342344760049689e-02
-1.577612441624899609e-02
1.740288503332841630e-02
8.796062082968857804e-03
1.008632839980747042e-02
2.789063029186595113e-02
-5.872897307727065891e-02
7.322883653303097901e-03
-4.314024007989076918e-03
-2.889702345586277546e-03
-4.296530620095316555e-02
-2.322687768800195743e-02
-2.115165350968369051e-02
1.170916053026466522e-02
-5.575219946833612564e-03
-1.769022440022493051e-02
-2.719237290645949018e-02
-3.301922774530903493e-02
-9.165490460359394798e-03
-2.039312544357289869e-02
-2.574277624945956605e-02
-5.200156302068127678e-02
-4.218599977200922918e-02
1.218767997137155425e-02
-1.532864530381747477e-02
-2.065112112477238485e-02
-5.960997269053678639e-03
8.949026238554409415e-03
-3.114928095779981657e-02
4.804468614804455195e-02
1.196409213068613158e-03
-7.410956993283387625e-03
-1.315798490380329019e-02
-2.833331768599062911e-02
-1.411091002667568678e-02
4.403121091032202727e-02
3.070087115620679687e-03
-1.893957416474575245e-02
1.656628193369584934e-03
1.903375324752733591e-02
1.741021905234996919e-02
1.153117313785305062e-02
-4.236048030612987736e-02
-6.889592174697721505e-02
-2.085604813287282588e-02
-5.060449516304384165e-02
-6.500281282353126411e-02
-3.091155246500510573e-02
-4.138729532991929083e-02
-2.418653187022821310e-02
-8.039443877446671161e-02
-4.283194822826824621e-02
-4.177701298707679062e-03
-5.296452213471587733e-02
-7.304311924855005911e-02
-5.539206932792288540e-02
-6.152480471179658239e-02
-6.774187138817898413e-02
6.234598073955653283e-03
-6.891037844972945810e-03
-1.409239876685943436e-02
3.747104488411481631e-04
-3.511975629005684163e-02
3.292406001508853958e-02
1.604307245001601601e-02
5.061809154783455944e-02
-5.598805766001879736e-02
-2.914562874451127883e-02
-3.475995418077282295e-02
-8.261450566741956880e-02
-3.925230542775731690e-02
-2.118795347537671958e-03
-1.291226768789865281e-02
-5.743120017603327992e-02
-7.524744148401853183e-03
-1.641953334769412354e-02
-5.299051864397515826e-02
-3.463631845977005463e-02
-5.120001147383850676e-02
-5.023031667639994702e-02
-1.062751370170268543e-02
-1.206459135046995118e-02
-5.403523227234712650e-02
-3.880855348211897926e-02
-3.029412023955513344e-03
-4.264397417689757414e-02
-4.403518930029420853e-02
-2.396521395608395416e-03
-5.407157811301012418e-02
-6.491564190231946530e-02
4.668173842170861981e-03
-3.632854354710132738e-02
7.974761786995417101e-03
-5.466361907103176043e-02
-7.926763521722418604e-04
-4.393293909569659372e-02
-3.612567409154687770e-02
-2.550767235542653055e-02
-3.076531254441287888e-04
-2.477544272087768909e-02
-4.074736871616347483e-02
-3.747434009907364000e-03
-1.044161242280776739e-02
-1.926315031634807592e-02
-4.768351133217539617e-02
-5.455229589645829713e-02
-5.297344051623756322e-03
-3.847089473604465432e-02
-9.479413979461281947e-04
-2.390547397934782159e-02
-9.220549358526852063e-03
-2.801003801763914114e-02
-3.586862365146666759e-02
-1.495084844801669241e-02
2.437780638273247258e-03
-3.676267506408237296e-02
-3.758516442402376825e-03
-3.467645250111621447e-02
-5.397492699587257137e-02
-1.853071799240455300e-02
-2.256106808183861931e-02
-2.526334543866227619e-02
3.597324746873260121e-03
-3.551554603075818967e-02
-1.508660579967293323e-02
-7.544409986310438021e-02
-1.203534605886295156e-03
-3.780643049886416029e-02
-9.801247721972775745e-03
-2.779362304726978178e-02
-1.763991760575604403e-02
-1.188753800407154476e-02
-7.392553022926498518e-02
-3.995450375986771274e-02
-5.294281247173061866e-02
-2.805597641820284371e-03
-3.749582993723572788e-02
-3.447766754861213839e-02
-3.182764467172909117e-02
1.865773373348970920e-02
-5.459085604380380097e-02
-1.263200590173436250e-02
-2.291784501060149110e-02
-4.640964784656954889e-02
-1.786395693384729144e-02
-5.831645631045965367e-02
-2.714385092713966080e-02
-3.078537368289922804e-02
-3.193167630172070136e-03
-5.625015866528981084e-03
4.119253680393295675e-02
-7.101836148267022183e-04
-2.848030011910510778e-02
2.332428099331408655e-02
2.606727184654156204e-02
4.450064321506488896e-02
-2.477677306289670367e-02
3.615695101012780105e-03
8.983475733552374887e-02
8.583768149967363481e-03
4.751425142762038395e-02
2.796172352120831345e-02
9.349059448980509557e-02
5.805712021090431857e-02
2.951908652207587552e-02
8.682419705036187318e-02
7.254177453052729208e-02
5.618085687821722241e-02
2.977516400017658424e-02
4.958566858185987913e-02
1.011495520417914074e-01
1.059955787734474519e-01
1.893451210436575619e-02
4.112850586884108511e-02
3.512574870699904095e-02
8.026453396112420702e-02
4.741027930313451710e-02
6.671690293864908361e-02
6.349591510260779725e-02
-1.156975118400640004e-02
9.532608887677231080e-02
2.447902847580850708e-02
2.671178036751375995e-02
1.942914207147057766e-03
3.673175355724005164e-02
1.407288404964641797e-02
-2.039231783230323683e-02
3.306317187456761508e-02
1.859494437152728677e-02
-6.310692881470798821e-03
-1.503590577787147949e-02
2.955026029075647973e-02
3.078814872745039635e-02
-7.630593365655941041e-03
-1.235627796956454381e-02
1.987947259208138265e-02
2.031477880849196296e-02
-2.665088178061853635e-02
5.579598503534455300e-02
-1.923696748050390815e-02
-3.920316466930042019e-04
-8.482199764575196199e-02
2.346673015976779089e-02
2.560800280956269936e-02
-5.090971244174925109e-02
-3.012768634943190776e-02
-1.967945283762506659e-02
2.204216689006292806e-02
-4.766995732029701005e-02
3.801753636882487797e-02
3.358261572795679349e-03
-1.927656996234694206e-02
-8.052652802512721975e-02
2.686558951452126462e-02
2.444810095741276838e-03
1.891880483878777969e-02
3.595764874376443376e-02
-2.038240276785548144e-02
-6.186950266450618602e-02
-1.191987028364582812e-02
-9.894828852988580420e-03
-3.877785134476978944e-03
-2.828238133400008680e-02
-4.452913132389529210e-03
-1.714048516988026308e-02
-1.620927559422428998e-02
-4.481452668085565694e-02
8.817122764553042558e-02
1.038616007569519162e-02
-3.124591603481947921e-02
2.129846102638928429e-02
-3.015964471048590556e-02
3.153057923968777265e-02
-1.740864351578340396e-03
2.238719414047062040e-02
-4.064509692484241654e-02
1.845962894106654983e-02
-3.794063296579942152e-02
8.478792018796130203e-02
-7.969437493939619810e-02
2.812191234831257908e-02
-1.529081172092912611e-01
-4.693521448273380026e-02
-9.757029942064959771e-02
-6.950851936020766009e-02
-5.964944829780245011e-02
-3.743937917462608622e-02
-1.708200298124544769e-01
-1.414847701760021947e-01
-1.359784417955166580e-01
-1.609032985427630291e-01
-1.524695150802810595e-01
-5.780122905150073681e-02
-1.671056232747052950e-01
-1.465112876112285578e-01
-1.195831435107728435e-01
-2.069179702071117788e-01
-7.562724072016055454e-02
-8.840999661293463818e-02
-8.754021255985744432e-02
-4.074782921823937726e-02
-2.421735097193062486e-02
-5.554089993411728821e-02
7.622198198117147161e-02
-5.213782824434667201e-02
-5.938915757457786937e-02
-6.383974394081622095e-02
1.014773534678635458e-02
-2.729697897123403716e-02
3.086061246468267336e-02
-9.644927214547770189e-02
-2.209105801872690567e-02
-2.783791915793721455e-02
2.056093757126711830e-02
-7.917212288871235126e-02
1.799778778499572587e-02
3.556077050911754522e-02
-1.345347962403964717e-02
5.538468523200743010e-02
-4.494374473467505765e-02
-6.773460539483511060e-03
4.594669743293802039e-02
-7.315742956767984362e-03
-5.830065988392819226e-02
3.422201288587962964e-02
-5.872930098326092224e-03
1.096533866371622676e-03
-3.716663646070398480e-02
-1.932481411225480533e-02
1.150726221586773936e-02
2.128301400132584162e-02
-1.643375443549873610e-02
5.717659801083449511e-03
-4.409101154480329215e-02
-2.608731745206407937e-02
4.498759671521159603e-02
-1.026364077745933225e-02
-2.478159737201377638e-02
-4.597110389014413129e-02
-3.991099673519485358e-02
-2.744902396701104710e-02
-2.218577958374533601e-02
-5.895235071224902423e-02
-3.038710243766772068e-02
6.131369847628586472e-03
-1.828891140023475304e-02
1.461255110756218972e-02
-6.028693611831323351e-02
5.213577773256897196e-02
-4.656526109919812556e-02
-9.526468597323315551e-03
-3.160570863595293239e-02
8.743723982147249066e-03
-5.340882445171872550e-02
-1.261052479784915276e-04
1.783252799053511653e-03
-1.947633788221049891e-02
3.933077556171543643e-02
-3.020205763402539906e-02
2.990114946432367513e-02
1.957744807629908240e-03
-3.598006325313520687e-02
3.552380882808232887e-02
-4.032727200142935398e-02
1.292105147845407781e-02
-1.616619601322577537e-02
7.660245327175348867e-03
-9.948524256533851709e-03
-2.488294643754834778e-02
-1.807460974433317685e-02
-7.229613780808795409e-02
1.254660431622125691e-02
-4.328524551592675962e-02
-4.746629027005290491e-02
4.538330348048814911e-02
-4.781474304298361649e-02
2.184066564090364135e-02
-3.415327413532960599e-02
8.898404316795102686e-03
3.279934809749881358e-02
2.056244497908728958e-02
-2.337191843878828543e-02
-8.319386047130268233e-03
-1.071776702922516700e-02
-3.448881421099841971e-02
-7.476678785462089957e-03
5.828509414801266025e-02
-6.043982168544725225e-02
-2.296021240997948507e-02
-5.156914595424126613e-02
1.784708147439785161e-02
3.177124810535444238e-02
-2.558525282700228193e-02
-5.467398062126749975e-03
-2.761297418028185388e-02
1.708742391681065476e-03
1.385810748815721402e-02
2.632995967141642246e-02
-2.946781914216480610e-03
-1.178124147783817313e-02
-6.950886681593715366e-03
3.527659104698187970e-02
-8.320783274430044660e-03
-2.698136283098352683e-02
-3.009947643697465092e-02
-6.117173800156186156e-03
-3.508887339490888990e-02
-3.436461035066572939e-02
-5.132873318118937045e-02
-1.933415000369131942e-02
4.336731024185177391e-02
3.066316181132459559e-02
1.237046170305202905e-02
-5.426219368061544618e-02
5.916012948061941806e-02
-2.541215270199891074e-02
1.245449929895357452e-02
5.734356067217264569e-02
-5.885669710887012768e-02
2.795837067352411817e-02
-4.356801980195842972e-02
-2.588953095651998215e-02
-1.018646614857527874e-02
-8.190331404027403894e-03
-1.908586546979609486e-03
3.162783671666324903e-02
-1.996682125417250514e-02
-4.030023354423161591e-02
1.910606750220451150e-02
3.754423589332647054e-02
-2.364631606711751002e-03
5.532458160853435947e-02
-8.178001507818111193e-04
6.701154710240393719e-02
-5.131164336851236352e-02
3.216476538619917475e-02
3.767925882328115178e-02
3.221410613301306514e-02
-8.935822516857767905e-03
3.593564348308703540e-03
3.529162897460103032e-02
-3.399437553368389597e-02
2.697233385791338034e-02
4.657485767204756766e-02
2.343763187580673313e-02
3.666651769572111530e-02
1.387092595649272800e-02
3.607948477439586882e-02
-1.187136671600084493e-02
8.185208726329516737e-03
9.260404489150107429e-03
-8.702305261683604496e-04
-2.722822775460625663e-02
1.548007300375490308e-02
-1.625178711375351373e-02
1.044759121892286161e-02
-4.912721231707015135e-02
4.558773491603136663e-02
-4.883571084339835555e-02
3.207288141001923831e-02
2.541572686662266212e-02
6.644922498071109684e-03
2.726446556272889635e-02
8.121182492081329904e-03
-1.002432447999797582e-01
5.641073897036987667e-02
5.203786717753608460e-03
-1.795707271936589425e-02
-4.091428288199441821e-02
-2.723499544473568113e-03
3.237985119184004328e-03
3.399144564381139516e-02
-3.755077819543854722e-02
-3.153784547802280375e-02
-6.901419673506450914e-03
-1.392515064592862034e-02
-1.901126119679838467e-02
7.105368688383222053e-02
-9.361820394525283140e-02
4.664277686436407722e-02
3.572767311452268620e-03
-1.482625512167324612e-03
-1.021165052856395222e-02
1.970698593881848454e-02
2.169463814248275349e-02
2.474743762804402364e-02
-8.556978863724636758e-03
-2.467413809587714821e-02
1.411716979704149937e-02
-6.902467704839028440e-02
1.037658540327671824e-02
2.447319160789050707e-02
-3.542695972412467781e-02
1.121201888486954637e-02
7.787875836873965618e-03
6.637288756103160159e-02
-4.150126888491503102e-02
-3.620778796660859694e-02
-1.272314530622401518e-01
-2.988162632463831417e-02
-8.233225073591175780e-02
-7.113085666063828638e-02
5.963190754614334371e-02
-5.294179113149164589e-02
-1.441676485693323476e-02
-4.415603395721361818e-02
7.871719369268399824e-03
3.533035205273685544e-03
-8.395419700218311604e-03
5.293643942459635987e-02
-4.398885119264622778e-02
6.287798530585295143e-03
1.955374215471981925e-02
-4.616280891648612966e-03
-7.471407628285580901e-03
-6.443078511933859887e-02
-7.002309826012188820e-02
2.758666607433741397e-02
-1.252178402712303684e-01
-2.057525552514248846e-01
-7.620261446520529280e-02
-1.146959697487336394e-01
-5.895666660720289692e-02
-8.128707327881502798e-02
-1.031854328190009717e-01
-7.383504650997069207e-02
-1.510157567013130919e-01
-7.375612579562769444e-02
-7.413347461271382888e-02
-9.355599229605042477e-02
-2.043917451702830651e-02
-9.720375052346279243e-02
-3.120378591225504705e-02
2.145993219370851204e-02
-1.266638858066350404e-01
-4.420550987911027463e-02
-1.618207704262184660e-02
-3.878636041247430361e-02
-5.778324071368283465e-02
-1.514584598258076134e-02
-7.369723447118500803e-02
8.195861724340698651e-02
-7.556690363894880136e-02
-3.502024891459436934e-02
-2.920721919709538469e-02
-9.068259875988929353e-03
-3.944693241795663337e-03
-3.816149474763849692e-02
-1.692672650720157546e-02
9.161975399642731388e-03
-6.205437471516861425e-02
2.746982153980960170e-02
1.660832173249467483e-02
-7.076918695131791288e-03
3.660258610912701244e-02
-1.147278203773378046e-02
3.044590484432905392e-02
-6.582723219312192064e-02
4.426166122160399979e-02
7.617299745358982119e-03
2.897865182020586960e-02
-3.737258037968436281e-02
-5.689926001026282890e-03
-1.496172735153018622e-02
3.560506318883587679e-02
-5.282837847423838863e-03
1.481226386292443069e-02
-7.005675387903799456e-02
3.436135157086307734e-02
5.236604243230453398e-02
-2.254722982400905740e-02
-3.609577422893490983e-02
7.982092354170552961e-02
-3.423252177786128420e-02
-2.042605775529176756e-02
1.298629153620668719e-02
1.171087313707353146e-02
-1.153022385916658774e-02
-3.727330949491467274e-03
3.774344316620891621e-02
4.138600538943740421e-03
-3.580654471699137864e-02
1.921607664089895057e-02
-2.593817628641177306e-02
-1.445388411654768834e-02
3.473104950467689658e-03
-1.663097963867040188e-02
1.701280727943156948e-02
-2.494489759454442471e-02
-1.764017207048184863e-02
-1.367027964672871618e-02
2.273101777322931658e-02
-5.569290722819494541e-03
2.264337115387959551e-02
2.388588564866199818e-02
-1.098514832293420902e-02
6.762118297365437083e-03
-5.859213280670291096e-03
-5.560492094363322924e-04
-1.120362468216862424e-02
-7.419860094525385086e-02
-2.925801460574229546e-02
-7.325293572202098979e-02
-9.085834549081300837e-02
-9.456051313135953318e-02
-6.492719913632635786e-02
-8.183111750661359318e-02
-9.590040281548645185e-02
-9.608892404652842612e-02
-7.527397362089399691e-02
-1.358268305159758271e-01
-9.321501847982202604e-02
-1.541118533010391867e-01
-1.176316810385194256e-01
-9.751280216112406807e-02
-1.198016074535209474e-01
-1.459512727396054532e-01
-8.116392462548237263e-02
-7.357735388205416394e-02
-1.510171038685581002e-01
2.372315912129407955e-02
-3.469515430272532286e-02
-3.051539956307847135e-02
-9.876352925298101382e-02
-2.866908452715995204e-02
-4.394835968675389615e-02
-2.123846320024559003e-02
-6.478063885516685549e-02
-3.172434499325037932e-02
-1.224015691636322171e-02
-2.520348582886843339e-02
1.007454792405145134e-02
-1.353528068643537058e-02
-2.884162183592468495e-02
3.667053778481117743e-02
1.618447921695310640e-02
-1.710009811242118455e-02
-4.560100645653310247e-02
-9.374745600152103661e-03
1.753208482489925640e-02
-1.116289637940980767e-02
-1.850163261436073986e-02
3.885585543496767463e-02
6.459187194214379953e-04
1.066284396552809668e-02
-2.792232172740496954e-02
2.651201241493677217e-03
1.699047156542474526e-02
2.027180860267312201e-03
-5.126261461941963860e-03
-1.900112731380124154e-02
2.086444357094176510e-03
-2.984432391582090421e-02
1.523488881092022705e-02
3.913960275881993647e-03
6.454030429694461793e-03
-3.661419603523657917e-02
3.849553130409459623e-02
-2.451802559140925028e-02
-5.483453734669207526e-03
-1.553226082720450540e-02
2.504538072402587648e-02
-2.945367725037252235e-02
2.821248137880308024e-02
-1.331030722493830622e-02
-7.093956127861181932e-03
9.769426797045354521e-03
-3.814513123274691775e-02
2.709836797826920170e-03
3.159393544274027854e-02
-3.954754925686183170e-02
1.604862295169245598e-02
1.802414913491811807e-02
1.650918274628723325e-03
1.412226550405842537e-02
7.120017498227554018e-03
-3.242458025752106149e-02
7.663486319921266297e-03
2.812504620869850716e-02
-2.039636841331937678e-02
6.583975903754939185e-02
-1.817960190302504372e-02
-3.094831342900730350e-02
7.822309800600210639e-03
-1.732737375712922745e-02
3.627614211990361909e-02
-2.369307065397322290e-03
-3.277363728118722584e-03
-3.444897891008413121e-02
2.119016406502286995e-02
1.289948580179331623e-02
-7.489299896224400725e-03
-7.686752743076641706e-03
3.690123465218547727e-02
-1.225608199516580593e-02
3.546345507756514664e-02
-1.759416272726182368e-02
-1.199142891953958873e-02
-2.473477429753848100e-02
4.437408399110230606e-02
-2.362976859242468808e-02
-1.795601171687237832e-02
-9.764607165607404327e-03
2.326999060506575179e-03
-3.201963779445268776e-02
1.958870308563775975e-02
-4.200608301140483850e-03
-5.523641472944978287e-02
3.638532439435440691e-02
-2.472934322905134125e-02
1.615336807206842890e-02
-6.021289007362139178e-02
3.878655744949655038e-02
-5.146805923683680714e-03
-4.726047337373303486e-02
9.605863102827752464e-03
-3.644889669572418806e-02
4.598472291080080328e-03
-4.866859012055566036e-03
-1.051651794549025333e-02
2.507098377510758036e-03
6.028784231196151339e-04
2.188944301891941960e-03
-8.119502798626823323e-03
2.820738421551303131e-03
1.768973643820447722e-02
-2.298374788335244556e-02
-1.377697057301065404e-02
3.311051560073224181e-02
9.343015769777153999e-04
-7.853211528346445980e-02
1.380975834836425595e-02
-4.033706738137771142e-02
-5.701476405428161642e-02
-1.175441361846043253e-01
-3.412649532312036355e-02
-5.914688641520235435e-02
-1.076731276536864040e-01
-7.493082306675381832e-02
-1.152712468182376659e-01
-6.747534192561144284e-02
-8.267491467073836975e-02
-1.358948771608443629e-01
-1.233362234538130237e-01
-1.057326603706777030e-01
-9.976753164885210357e-02
-1.267408667434264946e-01
-1.235791723060520875e-01
-1.397633539338424546e-01
-8.849492801621550164e-02
-7.727564795857148894e-02
-9.813528559259962480e-02
-1.133104464995911831e-01
-6.188673890572937014e-02
-4.791527623031791028e-02
-2.582263053782639373e-02
-6.976161325261687196e-02
-8.718654732736221685e-03
9.444735943091834771e-03
3.841764581605155646e-03
-4.312783232083524515e-02
1.198760577830597363e-02
-5.628162847474478536e-03
5.136165218751426523e-05
2.002366901603632593e-02
-8.669530468470722229e-03
1.126496829484411460e-02
-8.202201062335670589e-03
3.065373072940445493e-03
-2.385654961743968738e-02
1.895158118310730222e-02
-2.624801473371583815e-02
-3.472809655680918206e-02
-5.076971146155068518e-05
1.295820052746949474e-02
1.253067445328962318e-02
-7.907269297254285179e-03
2.950974671530336851e-02
-1.374136646064864041e-02
-5.267904910740915311e-03
2.397205979509197879e-02
-4.760925124321123761e-03
-4.116723985754495996e-02
-7.209395463193042468e-03
2.303239393509432312e-02
-2.466554658952128942e-02
-1.171671802373642352e-02
2.105915531598520629e-02
2.692066131723513077e-03
-1.335571069246242575e-02
-1.616040412779452817e-02
-2.525169966239502670e-02
1.919969051484426634e-03
1.481789810009035563e-02
-1.917306164634941315e-02
-2.833649078771955862e-02
2.106688134792781761e-02
3.966743875196608766e-03
3.086592901491044556e-03
1.628700473920292879e-02
-3.838505448991111346e-02
2.517235388205192603e-02
5.442164599559783100e-03
-1.589211581644301569e-02
1.480813604883672759e-02
4.324449901735932106e-02
-2.922719151542294003e-02
2.583265582272837452e-02
-1.635174982868153881e-02
-9.740445653043012381e-03
2.147449802887729797e-02
7.932043337209215145e-03
-2.841409184428486841e-03
-2.796541219203015766e-02
3.026471913449698889e-02
-3.102126574415147928e-02
1.347357034230182039e-03
-5.845390685703126879e-03
-4.217106536751568518e-02
2.233640995594780073e-03
-1.998365073622253903e-03
8.721884922261674208e-03
-2.824842650944566283e-02
3.032567447767430674e-02
-2.884132161395416144e-02
-2.049750975839396971e-02
-1.504318446285729527e-02
1.478719215890302897e-02
-9.777125631736272027e-03
2.431149764397310883e-02
-6.706505887904027838e-03
-8.841217753268377534e-04
-1.763456888230614458e-02
-1.402699143928148699e-02
4.508317070257326226e-02
-4.599475896580009632e-02
-5.316852888354389566e-03
1.190490970568194168e-02
3.036231840174090368e-02
-9.293215629291529112e-03
9.789405415937632582e-03
9.286629537306124310e-03
-6.552105756151503299e-03
2.065658130810202331e-02
-4.966307685076457729e-02
5.754757033613516586e-03
-1.012375351826635267e-01
4.720812599107994390e-02
-1.493317723606989948e-03
3.724571734659719996e-02
-3.569274590836796039e-03
-2.608396630476652808e-02
-5.366279634321903524e-02
3.293449912100465671e-02
2.470453439729141179e-02
4.195772375826286281e-03
-1.214489429381290612e-02
3.039540668804133552e-02
6.801712117020486392e-02
-3.565799774182375897e-02
-1.234590607232483039e-02
5.072642267814084227e-02
-1.642949171784095774e-02
6.702263755593239336e-02
-5.940203494920693467e-02
4.262138176287492974e-02
-1.313067461103537698e-02
1.705869904112137028e-02
-1.117999574935993161e-02
1.560577645175864961e-02
1.363251706536571482e-02
2.386369422742616597e-02
-6.521375535439562221e-02
3.559470277418303602e-02
2.895262652096472142e-02
-7.314377565873926568e-02
-2.813463071113022577e-03
-3.109906190701229936e-02
-2.685385926601374651e-02
9.988262330681754037e-06
3.057232569143065667e-02
-6.124702596394500376e-02
1.468840476148786101e-02
-5.113229957540810916e-02
1.653458456864903905e-02
3.037106971390851270e-02
-7.332137096292457371e-03
9.104147791130839593e-03
-1.939234114150625062e-04
-5.656194658538843401e-02
5.493308411092140409e-02
1.629343742997073005e-02
-2.547865058181118456e-02
2.571020760537252522e-02
-6.303219646723831615e-02
2.813642609163630529e-02
3.107739299735522154e-02
4.430283410054142688e-03
-4.880251571410106765e-02
2.023923848896932998e-02
5.271748602791560823e-02
1.469379946127427855e-04
1.962611446760795589e-02
-2.718618191730412872e-02
-1.336965021473893699e-02
1.230787706548286745e-02
9.813785541020745781e-03
2.201709558260347283e-02
2.178467824699997779e-02
4.040347755679952330e-03
3.289390541009466762e-02
2.764650193473750309e-02
4.149886511782559240e-02
6.447418773140012327e-02
7.346457934447195304e-02
3.377424163924430678e-02
1.360846440633605992e-01
6.731591947477225113e-02
1.042570747776959128e-01
9.391076787321690766e-02
8.178204596186666731e-02
6.262608801971136785e-02
5.028974334009679581e-02
1.075846715393952990e-01
1.302902323999600709e-01
5.969035926839597050e-02
9.321248222357580993e-03
1.595703886229618562e-01
7.796722413991549749e-02
1.392177983683602453e-02
4.932348448809163038e-02
4.921622783502054010e-02
2.415628561902032068e-02
2.274572117045192340e-02
4.060136578219178047e-03
-2.063562828188449105e-02
-2.413516194707325535e-02
3.220156413246426375e-02
3.113781362490022561e-02
-4.110510677394534768e-02
1.745834823504168430e-03
2.518678640418787768e-03
1.881848121633878171e-02
-3.182423138283596575e-02
1.252842486651282485e-02
-5.627467850754423739e-02
-6.021017463941557082e-03
1.414280618735701614e-02
-2.100656454968691592e-02
3.332575732370389975e-03
3.543156752108626850e-02
2.935447362676414651e-02
-2.395267283274875314e-03
-2.827629233915435886e-02
-3.840233702441135655e-02
2.762214781949705322e-02
-5.970611603245944317e-03
-3.461797233350217586e-03
-1.703209952011400588e-02
-3.554575409791791568e-03
-6.157874394440820097e-03
1.609404465206781126e-02
-4.119193103019440361e-02
9.705792637914455179e-03
1.058516912498013926e-02
3.816084839900230757e-02
1.899750963018464849e-03
4.587836987028485504e-03
1.314881609041690380e-02
7.300861962973704752e-03
1.749281706970256048e-02
-2.646952795649715889e-02
-4.752596667638704642e-02
-4.665192700756595409e-03
4.729738287048231710e-02
-1.808206882326388737e-02
-6.404839585035210225e-02
7.681577769535698381e-03
1.701119596408954063e-02
7.050945326672457616e-03
-6.121814703001973723e-02
-1.842744711713722658e-02
-5.659193093414641856e-02
9.230712934175445972e-02
2.932560194774096879e-02
8.667960307693439032e-03
6.451180586131076769e-03
-3.410090767547006158e-03
6.664462919966715471e-02
-6.886893962452014795e-02
6.297222698893975568e-02
-1.350502926052192174e-02
2.135293341875938583e-02
7.252433299841817838e-02
1.129576324797967359e-02
5.640249176894550354e-02
7.562277979185303214e-03
1.207434357287942572e-03
-1.308700988259530254e-02
-1.252702487798461675e-02
7.775771583263745013e-02
5.262058342378039127e-04
8.340577010470733715e-03
2.568804027012411284e-02
2.118651824933325684e-03
1.228440806560756465e-03
-1.628637799016771290e-02
1.315304441573857119e-02
4.691510677565029902e-02
3.883236778226065861e-02
2.523938363585472369e-02
-4.590558938742698991e-02
6.619304539246523289e-02
3.197003571789408527e-02
2.776185024802711385e-02
1.944311151503526347e-02
1.071955242267011010e-03
1.805545417178461677e-03
2.673833914666696315e-02
-3.284208569373962827e-02
3.356226801582436192e-03
2.835540522235553522e-03
-2.889237250174684149e-02
-4.199815519646546425e-02
-1.882129751318119965e-02
2.977524265995263198e-03
1.075724983658554214e-02
-2.043408846973427881e-02
8.271089897276762137e-03
-1.709958860423753738e-02
-2.714325023626887670e-02
-5.104088432282984089e-02
1.905765967580331025e-02
3.310477576417627382e-02
-4.595191476943161213e-02
7.251116896562347092e-02
2.670418440261812607e-03
6.747202674062384789e-03
-3.290638891326493065e-02
2.213948580865257934e-02
3.265008339297880563e-02
-8.781338793975562024e-04
5.404241130515263780e-02
8.760195875483212102e-03
3.165161923206591399e-02
2.712428412882613230e-02
7.206145137132084766e-02
-1.147198807038833993e-02
7.566016400763712901e-02
1.072702097932007187e-01
4.192479768567920068e-03
1.369317564843623714e-01
5.057136739758447824e-02
7.199953267525714684e-02
6.875022958183876765e-02
2.229725902414953775e-01
5.000324806493198354e-02
1.666196666746337929e-01
1.372712050261320205e-01
5.739622543645975239e-02
2.538337951255104086e-01
7.808034410591778440e-02
1.077362282706772617e-01
1.459987631720336965e-01
1.623744178585000419e-01
1.434550746635241958e-01
7.340962263551611966e-02
1.623901078249009033e-01
8.890784391575526358e-02
2.155168714003035876e-02
6.331775544189793825e-02
5.570542909334163378e-02
4.942059942156495217e-02
4.512617581452983001e-02
-2.593470806040683654e-02
2.709399767805980783e-02
3.554727442246201352e-02
-4.645463963315820538e-02
4.161715414245163724e-02
-2.467864730417269198e-02
2.229813847282728287e-02
2.199036601914350006e-02
3.334453652130379975e-02
-5.201723530646099741e-02
3.640297465444468361e-02
2.368289273109198609e-02
2.848367928704294977e-03
-3.804980486977530690e-02
4.703998557089350552e-02
1.288099354610444322e-02
-1.075091334386994377e-02
1.396604917292786768e-02
-2.612262219719044612e-02
2.350182002066570491e-02
-2.921667765636935810e-02
5.084505226556955415e-02
-3.056739072197081283e-02
-2.780370376688121731e-02
6.958697842287917164e-03
-4.442835075566738644e-03
-3.511229283610887986e-02
2.034814051971133020e-02
-5.923127143702208025e-02
3.533401933271448914e-02
-4.744751630199135761e-02
-1.453230334680576455e-03
-1.693906649992816746e-02
-4.265030104089040375e-02
2.905874976953614838e-02
-2.566179704675396536e-02
1.236982191227936796e-02
-4.929001696809540145e-02
6.345374460858076507e-03
-5.560113282149337088e-02
-1.946145459143180240e-02
-1.545213173000591945e-02
-6.214819520085776428e-03
-2.018200824639005894e-02
4.288734322325957193e-02
-3.324270569470383352e-02
3.143070863960284456e-02
-3.970612878922841205e-02
-1.625948208465994443e-02
1.865164067006602061e-02
2.543199576336716700e-02
1.076678793627107965e-02
8.597154817214094913e-02
7.869248076592158525e-03
2.141182618552371283e-02
-3.229770987505149044e-02
1.782005032225607299e-02
-2.274252021792801809e-02
-7.440231418965601029e-02
1.859959440217074864e-02
-4.203317672080051498e-02
-2.202587685667094057e-03
-7.339980077471152178e-03
-3.718177231613810363e-02
-3.243355294045674464e-02
1.993089355601834062e-02
7.363289462233227681e-03
-2.856401356872074332e-02
3.523283463120847545e-04
-2.246992035892204226e-02
4.216860075622240467e-02
7.901485369939248438e-02
3.822306564064091583e-02
-3.129431525399264252e-03
2.629048262524365590e-02
8.339924606364480797e-02
8.228477627070832079e-02
7.406102173486762974e-02
1.051732224449631048e-01
6.428277365544302069e-02
1.121971160994873207e-01
1.529629926407242990e-01
3.788391892529435062e-02
1.248764525254334179e-01
1.355156777633660936e-01
6.753541086345486721e-02
1.110424484909926929e-01
1.029937153773397979e-01
1.217432199664262860e-01
8.681655310918712232e-02
1.125839648565041540e-01
8.307087059081233460e-02
8.921968464887594652e-02
1.235357143520126044e-01
7.211796686906404852e-02
1.014879102169095604e-01
9.516468559389330839e-02
4.505280667523955257e-02
1.997415387225606742e-02
1.148809490921470916e-01
3.783721117137493761e-02
5.677576621018282088e-02
-5.135849725355271997e-03
7.403174860227561271e-02
-3.601294906121404321e-02
4.331732973349456534e-02
-2.933119494328075352e-02
1.632600155580102731e-03
-3.589586284535400962e-02
4.299714894199153578e-03
-4.420804808213350812e-02
1.396732366797933701e-02
-5.774598629713483325e-03
5.209512834267397696e-03
-7.131010143554549451e-03
-3.233912550864489685e-03
2.758361782402930437e-02
1.594940530375548934e-02
-1.149211682978485208e-02
-1.799919351145137097e-02
-2.395480036629657819e-02
4.792256147965207741e-02
-8.332182939581066206e-03
-1.063383914384456903e-02
1.465470382780214610e-02
2.986557131184505720e-02
-2.267109718264728041e-02
7.954453756810413168e-03
4.665671203546642790e-03
-1.982386535581124459e-02
-5.350580625740905885e-03
-5.596273897905424191e-03
5.515650801514152338e-03
-2.527526228987597712e-02
3.646640600480261646e-02
-3.697514925531922986e-02
-1.542693450075820032e-02
1.253489917640625458e-02
2.371066831696270680e-03
-1.418700544207257899e-02
1.050861452282919259e-02
5.786241415876049177e-02
-3.089538514793233395e-03
1.275501245371535655e-02
-4.977977358663485813e-02
-1.603592837374046226e-03
5.146999505800659361e-03
-1.430900625920087819e-03
3.525772976051849521e-03
-5.625652859345436040e-03
3.026917793697486703e-03
9.374054369426600142e-03
-3.197154775698787983e-03
-1.638722502112096788e-02
2.161670917652931678e-02
-1.756765661897225590e-03
5.004189909032560196e-04
-3.977925434824439166e-02
-5.265290866341632708e-03
7.508797157990819426e-03
-4.921622223884512121e-03
1.838914726259597079e-02
4.965311193804690382e-02
2.616651783285012939e-02
-1.005992136602833903e-02
-3.649972345949321212e-02
3.408090726183627545e-02
-2.553087627675911658e-02
2.435423939340314661e-02
3.803783249326570665e-02
-7.835336616299655443e-03
-4.147919118156284668e-02
-9.934035363603342661e-03
3.021769902842204314e-02
4.389716377997848404e-03
-7.073428677836657123e-03
-5.221071479885751668e-03
2.842968974916738889e-02
-3.908900185769070834e-02
-7.251400851814861215e-02
3.249344528033671492e-02
4.021114968920254037e-03
-6.045471539848625182e-03
1.272807598437696031e-02
-3.733736262621485669e-02
3.735495810126314431e-02
-1.991410731796808796e-03
-3.457057642041670015e-02
-4.435106802758380373e-02
1.048532612225841834e-02
2.642561986841633626e-02
-8.568106951498885571e-02
3.457352480119498667e-02
-2.300285241734725122e-02
1.442361243959667388e-02
-2.756966631911638051e-03
2.362208920470156709e-02
-2.882272632534525064e-02
-5.072115005010169320e-02
1.559499673473087192e-03
1.216538429720786726e-02
1.001108915816696990e-02
-3.402232657558298956e-02
-5.325703675890175459e-02
-7.420924411188960235e-02
-2.012611674641220233e-02
-8.650572688210966810e-02
-8.424696353473296040e-02
-1.115277266555471658e-01
-9.828017267561206527e-02
-1.488368073628038024e-01
-1.338311648221092998e-01
-1.460350585525727052e-01
-9.280164883012660682e-02
-9.306142563250316413e-02
-1.603875096329180350e-01
-1.299803265595359525e-01
-1.095338766240605693e-01
-1.650099098374057105e-01
-9.270191788551171430e-02
-1.511437674025200434e-02
-5.822620798152144950e-02
-1.197865231361499028e-01
-6.628748361563362168e-02
2.263733232702090301e-02
-5.721987375583333091e-02
-4.578968788102498466e-02
-4.194844285861643041e-03
3.053687163677039351e-02
-1.926892232411175215e-02
-5.468564472510881180e-02
-1.782602407345065462e-02
1.510627848944686227e-02
1.283021588359740560e-04
-1.355757938842568414e-02
1.125125437332482291e-02
1.919209420648540845e-02
-5.754519966583603041e-02
4.532297197957584761e-02
-5.970840162539429660e-03
8.472015327550720329e-03
-1.483990361551659233e-02
-2.827787653814816532e-03
-1.285949513227054161e-03
-6.262476072471124915e-03
-2.651375196172765791e-02
-1.492128091714852410e-02
4.689931593338980687e-02
-1.600813502391948764e-03
1.039868262087577377e-02
2.994036269818365140e-02
1.079251884934078962e-02
-6.415777304100677694e-04
-1.131797095133066713e-02
3.615239380863861929e-02
4.713729725681297875e-03
-2.244686387224947843e-02
4.602778645134591225e-05
-5.426436276935793501e-03
-2.325306462580801429e-04
-1.858581897672790910e-03
1.826181746126619154e-02
-1.247902748086323309e-02
-1.826260831339563545e-02
3.391838468376574822e-02
-3.104947902632804527e-02
-4.358506221043530193e-02
3.588942656931037173e-02
-1.245481642449346345e-02
-5.166935791981870814e-03
1.043428166430855749e-03
2.473829791368095492e-03
-5.045922014431897078e-03
2.049073015442667844e-02
-3.539712136485426847e-02
2.334727760260611740e-02
2.949023889315571800e-02
-6.110813030288578598e-03
-1.423927008569638667e-03
-4.531796014330009142e-02
-2.813509806080058753e-02
5.102226071063586249e-02
-3.376073724732590181e-02
-5.179604334955465253e-03
1.662051643924775113e-02
-2.472721094734012942e-02
1.111898755029254882e-03
2.222046341352276050e-02
7.012308086062248556e-03
-1.917024140946798835e-02
-3.455226744036184877e-02
1.054171282982517208e-02
1.692034398107209944e-02
8.239443059946867723e-03
-2.540160392730863095e-02
2.288803269925844888e-02
3.324962812951048376e-03
-2.209490904047198279e-02
2.527965565982652832e-02
-2.255349188066946634e-02
-7.422617788877608480e-03
-5.889920535199045550e-03
-1.020008511744741227e-02
2.283803557852053662e-02
-6.269979376018660830e-03
6.596430608891411598e-03
3.367073073193136389e-03
6.026999342298385715e-03
-1.431873202989196979e-02
8.216190707651713221e-03
-2.104706984076635395e-02
1.177904089605434201e-03
6.278355183999704582e-03
-1.208231459360928350e-02
9.104110082940896666e-04
6.128717310043493155e-03
-6.607948988194191180e-03
1.063450029875820727e-02
6.089709800056439075e-03
-2.818485234518126620e-03
9.005665592707410433e-03
-9.475929358422267683e-04
-7.425728486139386054e-03
1.017220432709033812e-02
3.002832885499780863e-02
-5.466368342975935508e-04
-1.383953684364376850e-03
-1.056171516321311593e-02
2.637822155108646149e-02
1.998311350175720029e-03
-1.103262666644273284e-02
-9.700910642202093676e-03
-1.501970249837997380e-02
2.847701817195655294e-02
-1.110144906471379053e-03
-1.446308155612377813e-02
8.960390747556562160e-03
2.101419777689815874e-02
3.628613896999416302e-03
-1.387244255796768466e-02
1.104618174899257973e-03
7.577105566020971190e-03
-9.322220204511793770e-03
1.041963073563855965e-02
-8.212818919929533792e-03
4.573115037748434579e-03
-2.107597335254898178e-03
2.833871638611885554e-03
6.536121617470939602e-03
-5.270495683811783063e-04
-3.967687780261825760e-03
-1.127045073061989054e-02
1.455127890309770682e-02
-4.088801509188782699e-03
1.600967983846317798e-03
-6.497509607881385256e-03
-4.969081200103004671e-03
1.283507362963206937e-02
-7.016538064250538165e-03
-4.833534374739656414e-03
-3.961222635933600404e-03
-6.889765558525298011e-04
5.217618711742488119e-03
-5.298124492867374276e-04
2.166141469635279350e-03
7.592845901484679416e-03
-7.574862892408557556e-03
1.794254799563077540e-04
-1.127384764915112525e-03
-1.331142315990519126e-03
8.534409900108235955e-03
-1.533418648514839680e-02
2.158659565523788227e-03
1.608791884115134962e-02
-1.921070289538987994e-02
8.678180896053962548e-03
-7.430096124018626715e-03
2.700267896247385627e-02
-5.989499607200719951e-03
-8.850117899102059524e-03
-3.005044243072267862e-05
-1.287450056055486521e-03
-3.374853252363917665e-03
-3.738368972507369065e-03
1.566461573257107477e-03
-9.074261529645988008e-04
7.160600617903108492e-03
-4.562597877965088485e-03
1.040718732417644787e-02
-7.822873043597881534e-03
-8.198744291775030349e-03
-2.153054346697763275e-04
1.086522259856792516e-02
-5.042490144936607153e-03
1.162432654254530288e-02
-1.971209112027044741e-02
7.836533288582360826e-03
5.972919316910806770e-03
-9.231031633419206628e-03
1.451679287936734515e-02
-6.247960205598701577e-04
3.592302137591676242e-03
-1.707013942359605213e-02
6.224568383237950690e-03
-8.725193065791404454e-03
1.303849505313478714e-02
1.216372379700520010e-03
-5.348741545695917879e-03
-3.358714395456227284e-03
1.491392550357412659e-02
-5.326691955504080957e-03
-6.243305477710485961e-03
-1.633023575667049559e-02
1.533948915624461055e-02
8.957810813672369577e-04
-3.717419485809613476e-03
-2.693853840570510725e-03
2.933383036548775635e-03
6.353120798162634371e-03
-8.677204938464910811e-03
2.191485974739817901e-03
-7.273071667555085522e-04
-7.693312682960248144e-03
1.196330647672994235e-03
-2.706675978753652744e-03
1.333914358636434719e-02
3.514320381139011441e-03
-8.542151393271524285e-04
1.588094085697724272e-03
-1.320443601150600443e-02
5.933759096081128552e-03
8.934263271372736579e-04
-5.406472683640967461e-03
-8.732274962143229610e-03
3.499109125642225603e-03
2.071309340521404821e-02
3.262105597890741209e-03
-2.125275429210784356e-02
5.167330946262285903e-03
9.312546352747524655e-04
2.019614249217282966e-03
4.543939272905427734e-03
2.232767078072778796e-03
3.239544791414471626e-04
-1.369959027061895540e-02
1.496126529053632033e-03
2.092428419103953274e-03
8.456779722470758988e-04
1.344379304799758756e-02
-2.129849424621974713e-02
1.093705483904727598e-02
2.906391768373064750e-03
-1.088932022875431158e-02
1.743726529187503496e-02
-1.526494942910972333e-02
5.306168086169315602e-03
-1.390346209782820225e-02
8.782717700640634700e-03
-5.227954773260990763e-03
-5.294572467207983232e-03
1.491615670003761628e-02
1.648205773029397031e-04
7.720287714885188529e-03
-8.922940190950998801e-03
-1.773448496025924886e-02
7.054169400028743528e-03
7.190410327040559074e-03
-1.217724083384373514e-03
1.500048268280648051e-02
-2.626212903996447134e-02
2.231632239303840345e-02
-6.654394723889778956e-03
-1.748280279254966346e-02
1.571164282342409416e-02
-4.032890886120498071e-03
-1.248397464158648631e-03
2.704351084033724227e-03
-4.742287702198077007e-03
-9.096161674869603087e-03
-6.148524739113309448e-03
5.716423177253840936e-03
-4.554348331699033421e-03
5.028770671256859240e-03
-1.639100908935624355e-03
-1.071571551591626523e-02
1.748388417257937862e-03
-6.685547799742607659e-04
8.403269933653688753e-03
-1.471963045369545191e-02
1.844249226455684995e-02
8.040511261159349887e-02
3.014116957728036825e-02
8.362763718287721804e-02
8.560035481934763490e-02
1.331164946247246350e-01
1.785715243468378732e-01
1.232336176981116971e-01
8.604872452109328662e-02
1.681388524133600737e-01
1.431444036008172604e-01
1.275377608810841501e-01
1.075079797651945501e-01
1.502287817383568536e-01
9.813673610789813706e-02
1.475563099786944554e-01
1.240409232437759413e-01
9.596489381107305150e-02
1.308006189524992813e-01
2.328851724267505877e-02
1.081051856598377880e-01
6.575383790078208335e-02
4.859463598748986479e-02
9.550939600315666578e-02
-3.762299757174298459e-02
3.679850213260809494e-02
4.006941829009738609e-02
1.444917433048350380e-02
-5.715790635499081590e-02
6.320303107603232606e-02
5.218796228076215404e-03
-2.604612972890707479e-02
1.306051070832688413e-02
1.106100627318574309e-02
-7.385620397095025991e-03
-1.753136857027209894e-02
1.542247867041387360e-02
5.429829555762662879e-02
4.927425609861721921e-03
-3.997513652789478136e-03
4.614360672149225677e-03
1.292552241883861315e-02
7.842689587489560382e-03
1.721701949406846330e-02
2.902832066959010887e-02
-1.656360644430714818e-02
7.790735014557422997e-04
-2.990711722965630481e-02
2.539502955659742739e-02
-1.295861816181208964e-02
1.792011720655015301e-04
-6.729585279138370138e-03
9.663021519512376631e-03
3.048253626988473367e-02
-6.583883683891146414e-03
-6.513502163633969055e-02
5.431267180872292009e-03
4.207666748263631101e-02
-2.852212454315488852e-02
-4.845375201310561653e-02
7.211739370265440874e-02
-4.931210640829315761e-02
2.630895677605277899e-02
-2.348344521705734642e-02
3.183000691900070289e-02
-2.499952603243877150e-02
1.794717699784464937e-02
2.988076178240809365e-03
3.061103051541408208e-03
-1.294490881713289410e-02
7.775418044690954149e-03
1.660295912182850261e-02
-8.619420414132406352e-03
6.071621808418312463e-03
7.715550312839013214e-03
2.982737638021495073e-03
3.044122956441393333e-03
1.414630058947949527e-02
-3.983043473306895066e-02
1.297819625853975298e-02
1.622829328865851503e-02
-1.895311206003769816e-02
2.144190304514023010e-02
-4.132842071850423293e-02
3.116120256255797832e-02
-3.299598834479342338e-03
1.185117824382122924e-02
-1.187404309409239613e-02
4.819523487770206206e-04
-4.754042662881536110e-03
-1.228651860452145694e-02
-6.686421502519936805e-03
-8.266592289761049914e-04
-1.322819417428017924e-02
4.237225073851871165e-02
-1.745375067413694470e-02
6.024154892426706633e-03
2.077473910560318632e-02
-1.980635861701496650e-02
-1.831197792509215230e-02
1.585406283801183216e-02
-1.453934665330454228e-02
-2.320879180989853657e-02
6.044708617912423337e-02
-4.107452452423551031e-02
2.320125062615578659e-02
-1.633680025597021232e-03
-2.299319947849058545e-03
3.347764150547083428e-02
-7.868336169426053128e-03
-1.048095368460792882e-02
-1.756788223384007919e-02
3.906719088911217441e-02
-3.492486229454198898e-02
-1.990301730875865260e-02
2.670914374998820118e-02
-6.347859402682363983e-02
1.936915752162711446e-02
6.692569937166420631e-03
9.283967500740668288e-04
-2.217311161182825355e-02
1.875016488520658137e-02
3.312089352901796679e-02
4.629433852415953954e-02
-1.073342115653319259e-02
7.985318971149828193e-02
2.798159078613907461e-02
2.642526798373051947e-02
6.554509286173722249e-02
4.132861152869472809e-02
3.308448448889186183e-02
6.679939711224412713e-02
3.658884145847239588e-02
1.026506165238514207e-01
2.838906330873119249e-02
8.410114254424981561e-02
8.539512174092034336e-02
8.512317001919102177e-02
3.989156282555670480e-02
1.129055815899072668e-01
7.123599613749009851e-02
1.126900574870368099e-01
9.971170251287733710e-02
1.055967134584963329e-01
9.186183812364397128e-02
1.322410858236251208e-01
9.228941466240891955e-02
8.848325171217401308e-02
1.290140627982117594e-01
4.790275296843773956e-02
1.364412911931447425e-01
8.925789074995901795e-02
6.095437508422960060e-02
6.456919628472643224e-02
1.208997009380751060e-02
2.371443995565608240e-02
-1.564483882051536170e-03
-1.376913286096886208e-02
2.840551663633603466e-02
6.380929277551453116e-02
-2.966580290288917468e-02
-2.148411685628197343e-02
2.614753668220110364e-03
8.400261928362486724e-03
2.193890411761311929e-02
-2.083273646873991247e-02
1.319672510794837363e-02
1.952425732142828649e-02
-5.901922923580577018e-03
-9.726764919102914159e-03
-2.917500672100786438e-02
3.030177958680733974e-02
-2.085731520365655470e-02
4.581063628664470283e-02
-4.965769130121672897e-02
1.668540297095950573e-02
-1.993249061486815528e-03
4.673571723290833105e-03
-3.178133778795702927e-03
2.957197930637599920e-02
3.782183032926825922e-02
-1.107229505871916561e-03
6.435201921032028191e-03
-4.603415584773628416e-02
3.937797544304638686e-02
4.765267942785930168e-03
1.877337052124339323e-02
4.107064032600363929e-03
-1.593620104424200989e-02
-5.723901082169381097e-04
-4.499244130530236779e-02
1.768890282601940853e-02
-2.444314137242935975e-02
3.850858729891225990e-02
-1.610640716725947677e-02
-3.676742795488308242e-03
-4.943583036180990153e-02
2.729428282443727843e-02
4.209281720622490980e-02
-3.333950607075075040e-02
3.792431670959671430e-02
8.425473830195342323e-03
-4.045467806933761290e-02
1.177244322120017499e-02
3.808756425203884549e-02
3.840590650577334342e-02
-4.122473428120406597e-02
-2.536326206469748448e-02
4.412861417879566234e-02
-4.315104074156925554e-03
1.053801530276790230e-02
-8.911594421466660296e-03
4.981674604417394431e-02
-4.930478641171134879e-02
1.540861132479193901e-02
4.442427604309809319e-02
-3.824402222695341691e-02
-2.549726157259416849e-03
-5.100452603225521728e-03
1.811642644275592365e-02
2.449926376818037550e-03
7.010810605127638234e-03
-3.918050453529010185e-02
1.706786186022213672e-02
-2.458795220984589733e-02
8.591247412134843386e-03
1.500738150671545972e-02
2.363727771356506809e-03
-3.217272853958660223e-02
-1.758536461508772167e-03
4.999458041421170340e-02
1.229205318986175376e-02
1.223782600708484339e-03
3.816109698432525871e-02
2.149918785217382056e-02
6.445831022795628362e-02
-6.561227382606586375e-03
7.405019735888519750e-02
4.884964469069932869e-02
9.383089243994492679e-02
1.865425534632442900e-02
7.703064990848468296e-02
1.125944938577293497e-01
-2.537081877282294784e-02
1.394085037663183868e-01
5.495802585615749969e-02
1.200176412423225036e-01
4.481680538808225506e-02
1.166296105036327413e-01
1.076412815323427447e-01
2.607277726730831274e-02
6.126376046547461068e-02
5.318730556792058972e-02
3.304767646575829110e-02
8.759839210159124645e-02
9.737236413572533666e-02
6.060332284380817724e-02
-1.229608851630176886e-02
7.456432940218868377e-02
-4.535551461734573658e-02
2.325499163599041921e-02
4.871851335488752710e-02
-8.557355740820617521e-03
1.571351617320925625e-02
-3.633846164358195407e-02
6.846359397226566001e-02
-3.030611453081143505e-02
1.843760432362083045e-03
1.433552844947769828e-02
-4.814715283408465760e-04
-4.443688849945376385e-02
1.460309373788504922e-02
1.562867692422687665e-02
4.049545355188297752e-02
-1.045629652513338850e-02
1.824252155705920198e-02
1.311638336113254456e-02
-3.877617088644658323e-03
-8.408586940913297808e-03
4.121354206504736911e-02
2.057343855453757156e-02
2.931939165616965180e-04
8.962249324198189385e-03
7.899220624122934090e-04
4.753347122427244165e-02
-2.096236324980583349e-02
-4.505211097008806481e-02
2.192811038809677412e-02
-1.319667483593624929e-02
-7.896727737649133702e-03
2.294035679861771218e-02
-8.584871464292601062e-02
7.940203388844591093e-02
-3.972349153691571294e-02
6.596639085975674124e-03
-3.657517392798346340e-02
9.492357713361321281e-03
-3.882966083490179549e-02
9.161262628176319867e-04
2.581798242524519643e-02
3.911662969770306197e-02
-3.578520557496298049e-02
3.746776661560000197e-03
-4.541953755866736525e-02
2.563744957112081002e-02
-4.318883503117056100e-02
1.710439685745294633e-02
3.231159438378993637e-02
4.177766968394233671e-02
-4.667290537328217664e-02
-4.513209514784584375e-02
-4.236231411897362076e-02
8.146120955784614398e-03
-6.361708001150727723e-03
-1.815266058561062091e-03
-6.625928883475329378e-02
-4.451905083658848350e-02
-2.947668470197693791e-03
2.301293837086494133e-05
-2.743314931434996662e-02
-5.458015733080046755e-02
7.096605702524975967e-02
-2.082203152603380458e-02
-1.280274096018524724e-02
-4.574208051131149061e-02
-1.503685149708991128e-02
5.678334766199664638e-03
2.946076435224180556e-02
-4.235638439850104853e-02
1.655450410355492619e-02
3.223688695662696446e-02
-6.652618380261951514e-02
5.969575229181310616e-02
-4.948208961640090248e-02
1.367574053734154152e-02
-2.016429526011582346e-02
-4.201678290298378748e-02
-2.585607840741421456e-02
-1.852607456759081464e-02
5.630235535974560668e-02
-7.843211753429861488e-02
-2.371541736835005437e-02
-3.024694218591172934e-02
2.630984567349569508e-03
-2.211648590669516509e-02
-6.253164279902720391e-02
-1.003442291163710379e-02
-3.253784801240788838e-02
1.585950905902320379e-02
-4.285093980736001673e-02
-3.263428011275365526e-02
-3.207199485462126215e-03
3.719187370719348462e-02
6.244019817405337819e-03
-2.197102995093907010e-02
3.806943495230805108e-02
1.437433237881299494e-02
-9.359131303435276605e-04
5.228100478317658506e-02
-1.917556372180326263e-02
-2.595019176702743208e-02
2.444428708337681097e-02
1.013874780475077300e-02
-1.507162947043451558e-02
5.377504419826479969e-03
9.025899763971060447e-04
2.513228264401740075e-02
-5.888190072454188573e-02
1.945418252406201642e-02
4.657605610388092926e-02
-4.416526801966554061e-02
4.182978405629980689e-02
6.859804151228890423e-02
-6.719347692569661856e-02
2.835865554582720285e-02
-1.609814692226358215e-02
4.806263185578910600e-04
5.015770784737359766e-02
6.918474773004116424e-03
-9.519645969929968476e-02
8.492368350983520164e-03
2.194359888686804594e-02
-2.026393372849849203e-02
-3.207415419361924619e-02
1.345725838915172792e-02
-2.002468154530347155e-03
-4.209872296758952748e-02
-1.595277480258082761e-02
-2.823938277408391540e-02
2.064194067726887044e-02
1.223046426328242529e-02
-1.014180280173543379e-03
4.089305802037809974e-03
-1.736147349335062651e-02
-1.792246321364183992e-02
-2.877987939409033108e-02
-1.361734353334688279e-02
-4.703709682931547786e-02
-2.564685665673564763e-02
4.166672595845003629e-02
2.725681177145030526e-02
-7.526775219362440844e-03
-4.586620531946808410e-02
-5.668357946286007448e-02
6.408645438666052407e-02
3.324172537584816484e-02
-3.345692312328636675e-02
3.030898593446065478e-02
4.861520499575511245e-02
8.078317182657994422e-04
-4.549390843280017027e-02
5.852663165091495645e-02
8.380266356702780958e-03
6.562834123743562301e-03
9.168638249411412144e-02
4.983602877316603563e-02
2.508906536390535097e-02
8.904664145047685303e-04
1.653712608634363632e-02
1.753070626096425721e-02
-7.109008316338117153e-03
1.293630425265404095e-02
2.440204103314714407e-02
-1.226662592747041619e-02
-2.976357487354197237e-02
2.315491328081092925e-02
1.291760241461347054e-02
3.801236326564269574e-02
-1.872506022454448887e-02
3.212636063972273970e-02
1.904462455368182566e-02
-8.393396013901925634e-04
1.512316313859649909e-02
9.217579439888050341e-02
7.131403761342215535e-04
1.677456648650964971e-02
1.590728754199000061e-02
3.458495117239212407e-02
-5.826916449982604690e-02
4.027152766534085326e-02
-7.720734053256562285e-03
-1.927809086289379581e-02
4.465445224398911783e-02
-3.276522767520254759e-02
-2.244820653047264331e-02
-3.415450692843960412e-02
2.649861839348176262e-02
-1.228569202620334588e-02
-2.161299697706540318e-02
1.888336439314192150e-02
-5.125475747980280661e-02
2.921618934662202974e-02
-3.015572411070013489e-02
-3.512663203891300961e-02
5.425762487599794515e-02
-2.125240612731198880e-02
6.143441254972437093e-02
-8.245859920501669160e-02
4.831921116243908382e-02
-3.662501016520487013e-02
1.749327301412247071e-02
3.140556720115179196e-02
1.031559919720360374e-01
2.091527709254839551e-02
1.940470422737358008e-02
8.677024623495528666e-02
5.237429543635466200e-02
1.158835086016532234e-01
4.733752895751326684e-02
1.460463801032313991e-01
1.191458965964952710e-01
2.107279393227426065e-02
1.668930295779467721e-01
3.775202890425357477e-02
4.607236414471641006e-02
1.935693815567069431e-01
1.782888570018889562e-03
2.206333072907497028e-01
1.157880136443945329e-01
1.151701288130556333e-01
1.065403289055543157e-01
3.604487923736451882e-04
1.103960064481244868e-01
1.153454372255157956e-01
1.750042395857651090e-01
1.218060977498475056e-01
5.158841232115007197e-02
1.462272993501403662e-01
1.033193856982254355e-01
5.359257071794888694e-02
2.586241231083551834e-02
-2.607095220560392765e-02
4.663308587054819376e-02
-1.904186566260812272e-02
1.118372125779395695e-02
4.370095053401527874e-02
4.159216291795629628e-02
-3.017040804366368303e-02
2.784816657736338685e-02
1.294359535282573262e-02
3.025321326841514530e-02
3.747989418707762654e-03
-2.162529300314433318e-03
-3.014081937134868022e-02
3.761779367694494808e-02
-3.366299442401517877e-02
1.095993162829677486e-02
2.707736768446837930e-02
-4.710836253215470656e-03
8.837008492339787358e-03
1.398777713746571227e-02
8.861650104507026726e-03
-4.189216118498294283e-02
3.578393062571572775e-02
-4.137113610593209229e-02
3.628579311679406075e-03
1.685329926706203088e-02
-5.973187957740865722e-02
1.182279755009393862e-02
1.246902373420989349e-02
-3.066992847842591602e-02
-1.403863467992814799e-02
2.561435054784413565e-02
-8.677699204444713418e-03
-1.989174846391827609e-02
5.253470279090901099e-03
-4.185149544917708166e-03
2.307432128531371847e-04
-3.629915717785517359e-02
-2.372506347382057068e-03
-5.677195342717046567e-02
7.394921762557613021e-04
5.633044551752924844e-02
-5.987782056551044924e-02
3.081509543259772221e-02
2.986162384440440784e-02
5.658434497425226389e-03
-1.084268123985939435e-02
2.270964119255166822e-02
2.475462004229198390e-02
-3.750123788597606311e-02
7.557860077723548529e-03
2.412410478825777541e-02
-3.761850251648763549e-02
-2.995805808617699184e-02
-2.589570446081840976e-04
-6.102817821637390727e-02
-3.180551470206639114e-02
-1.357199988143476324e-02
-1.848825519185424288e-02
-7.759921220314423829e-02
1.081333626223165978e-02
3.544282963755661375e-03
-7.508277363687532180e-02
1.320245351710819248e-02
-8.323188303928316656e-02
-1.136026913586479087e-02
-8.196438478897090374e-02
-3.641787203705938031e-02
-3.421155862215638499e-02
-3.868893477330250658e-02
-8.584313717339986383e-02
-1.960129878790376617e-02
-4.148182936097849494e-02
-1.692923447889774918e-02
-3.897965509591398703e-02
-3.418845861527215757e-02
3.104029102289190475e-03
-3.690283736879351739e-02
-1.893505080449606887e-02
4.116641670841211798e-02
1.751930408921292814e-02
3.470040698946540852e-02
-5.403215517787892525e-02
7.607267283921199073e-03
1.635295650366406367e-02
1.428861876444513339e-02
1.825500165080105527e-02
9.703045292012784165e-03
3.528029355103728948e-02
6.273870250988373976e-02
-6.215156817667237196e-03
5.460331345055129126e-03
1.566682842537897233e-02
5.072201094611572536e-02
-1.115809549972967760e-02
2.673100366734425595e-02
1.742775228235670867e-02
7.082672387033371597e-02
4.737149862298825620e-04
5.632616199227084841e-02
1.836471952935240029e-02
1.160714783110856560e-02
2.534478724440733521e-02
-8.639145213603614815e-04
3.756616360866553428e-02
1.661378675946503791e-02
3.680107428769728573e-02
-1.466308509596297299e-02
6.695922816660476729e-02
-2.331707821956720966e-02
4.878416461018327682e-04
6.381795575570517465e-02
2.752697491169379604e-03
-1.600022844475871772e-02
9.508662134970326252e-02
1.955872338306923613e-02
4.331968594536800277e-02
3.110624125957326541e-02
-1.650875358901793266e-03
4.939820920602088633e-04
1.792518998318519755e-02
6.125946762081255215e-02
3.639791027771596688e-02
2.711610793796059155e-02
5.184054379637605126e-02
2.900722181985865636e-02
1.193332172972311547e-02
4.682399988940565833e-02
3.690745803105174860e-03
1.509368467273951991e-02
4.345650071910697743e-02
1.142034676482837213e-02
5.374101648302466450e-02
4.152761866578312533e-02
3.702325727848404524e-02
2.600780385438750467e-02
2.359573294927304679e-02
5.181963036474661333e-02
-3.657718724257751769e-03
8.795241243923512114e-03
-1.849480779731350888e-02
5.143698707179469171e-02
4.043173002478189088e-02
2.348976423661959523e-02
8.721496303386852555e-03
1.106979218116073242e-02
2.463807295249349077e-02
3.809463607768472093e-02
2.415748218568129074e-02
-2.305171836470960162e-03
6.581173578005797276e-02
3.515840342521867751e-03
1.169541780885646406e-02
6.558239652580397094e-02
3.069957390020964377e-02
7.208822946921400465e-02
-2.323503644728082754e-02
7.187939323194492136e-02
-5.171589228600309562e-02
8.854163413762997092e-02
-2.201017503651648069e-02
7.294913638054055863e-03
4.535080791847775905e-02
-1.411008451079835344e-02
3.404389216851402139e-02
-6.891493736978867093e-03
1.282914592451307560e-02
1.613160616466715810e-02
-1.387269261455320590e-02
-1.804328073310931813e-02
-2.994043012513507296e-02
-5.848606332287702679e-03
-6.315154424937704722e-03
1.771507694357420809e-03
-8.056534662567536864e-02
-1.749594575735397006e-02
-6.207161142013217781e-02
-2.211897287753903513e-02
-5.615091608240220522e-02
-5.295789545894016848e-02
-3.593340441836341548e-02
-9.597068016255334150e-03
-4.998067473602129523e-02
-3.342136343099831597e-02
-3.807759138344197353e-02
-5.078284983145296694e-03
-3.194971043064524785e-02
-4.027864915961920644e-02
-1.074675048178084097e-01
3.860820685980431016e-02
-1.223025127510961596e-01
-2.528146825079718302e-02
-3.106348710512128394e-02
-2.418258385970689650e-02
-3.345392945782750538e-02
6.971965046760373458e-03
-6.416682647193977518e-02
-6.889180682697882557e-03
-5.390912108804289671e-03
-3.409888643580938350e-02
2.740893322835027957e-02
-6.411403607330201648e-02
-2.001576278241518764e-02
2.115364145893596642e-02
2.350804945322858969e-02
-2.629126782576594185e-02
-4.054858568789589113e-02
-6.026542227873607320e-03
2.529921701912313595e-02
6.423623858084885965e-03
2.574025465681338554e-02
-9.352048033917476424e-03
-3.299949257810550624e-02
2.776210618228104957e-02
-2.509206670492423324e-02
3.479496833527184058e-02
-2.402405859122408449e-02
1.379126833796079712e-02
4.589122661267901193e-02
-6.169774848430571029e-02
4.029818286751388201e-02
2.104555248033310177e-05
-5.618915636907282490e-03
2.339161881261850318e-02
-1.192415651658573945e-02
-8.992967987840373018e-03
-1.861672326015544054e-02
3.539093401043259118e-02
-6.456732761167169321e-02
4.662411668464926801e-02
4.186363198497296267e-02
-2.708182563255948430e-02
5.021021316858971864e-03
2.212314251570225709e-02
-2.741701994511622567e-02
-1.039706240979784702e-02
2.765094818711886712e-02
-1.393858857516273170e-02
-2.170162275596882774e-03
4.385288431345366750e-03
