-6.542836781512773037e-02
-2.529777013965223142e-02
1.725678734064073350e-02
1.954765680179959553e-02
-6.324912035316976322e-02
3.825044649537256980e-03
-2.092983908803691673e-02
-1.869589872985832901e-02
1.593155800866385974e-04
-3.167036718050675326e-02
3.773659336845947010e-02
-2.812692425727647549e-02
2.892482429250708975e-02
-3.566885716087808689e-02
1.134958377166117582e-02
-2.353666793649011879e-03
-1.424823160086408080e-03
1.382811931641381165e-02
5.312806838579486879e-02
-4.173263113941527713e-02
2.966424088040486851e-03
-5.375109797555688296e-02
7.531933282893477077e-02
-5.336443427880932511e-02
6.763626474557304924e-02
-3.899482732136250185e-02
-6.168969498735710211e-02
5.969041029399790865e-02
-3.168121347448593639e-03
4.286156509396832348e-02
2.868583313636596799e-03
-2.196838531499545333e-02
-1.427428842067279824e-02
3.592353848989038312e-04
3.400921256311306706e-02
3.947393871286108968e-02
-3.974444432578838615e-02
-3.744795826802893579e-02
3.740583217086679291e-02
-2.409697903419538711e-02
5.903761614344471553e-02
-8.640071022663420308e-02
8.568770279961168690e-02
-4.788317810374920214e-02
6.408440721629915515e-02
-5.131079490362866480e-02
3.608673709567478127e-02
-3.680816596901381743e-02
2.004929162638413587e-02
-2.628159662158013887e-03
3.003415444029644554e-02
-2.488285191555172915e-02
2.139052881148906238e-02
-7.386192161451532456e-04
-2.365970589832211424e-02
3.764810664581452748e-02
5.737339505429206454e-03
2.841209758002949393e-02
7.585848193372379811e-03
-1.675175256528493861e-03
3.177918759521114467e-02
1.921525815097568923e-02
1.318949110679645820e-02
2.319440467746480827e-02
1.494733265898307017e-02
5.648691128137373063e-02
1.020626145751135638e-02
6.873106230761039104e-02
-8.641174834541409666e-03
4.823370138640992177e-02
2.713605315791545181e-02
1.760272550025887561e-02
5.285290463573694142e-02
2.970583141373644986e-02
-9.444249222126110954e-03
-3.106104299105405531e-02
1.240298603988465587e-02
1.925163491968157059e-02
-3.576375882287419206e-02
-1.152923550877660297e-02
-1.302052954542443075e-03
-4.574798278728930967e-02
-2.109619362497217043e-02
5.734486931716076263e-03
-1.231500981373812031e-03
-4.107166563880182419e-02
2.093564545452286652e-04
-3.517142360884628616e-03
-3.662569451143282695e-02
-2.306617426087365086e-02
-2.051082532210901643e-02
1.103609661507756856e+00
-9.648455210505810786e-01
-1.312186536369388534e-01
-5.768824891524260146e-02
2.934954528159838816e-03
2.709419751157904344e-03
2.792863510436482954e-02
-8.750631563755328912e-03
-1.600602959382202428e-02
-2.985773971621785705e-02
6.165100325338257470e-02
-4.411142832034964378e-02
-2.393803019136431232e-02
1.952191121535173934e-02
-1.178508910206765847e-02
-5.449542796858830584e-03
-2.668019460731163583e-02
-5.499116230062828237e-02
4.859258997912174749e-03
4.483040741514998651e-02
-4.769002137323230528e-03
-3.965369720428890687e-02
3.019090602423468717e-02
-1.804291018712667061e-02
-3.115262528476892001e-02
3.556941384664158434e-02
9.456407216744899813e-03
1.956978349929405780e-02
-1.466823604729272645e-02
5.845937775856668850e-02
-1.638018736601498659e-02
1.195572990180693296e-02
-4.102506278010720209e-02
-2.829179934857917189e-02
3.565978903759203789e-02
2.403859384043016689e-02
-2.335763281107672285e-02
3.120462002409229996e-03
-1.864464229806683804e-02
1.903667486865767700e-03
-1.621432261692046239e-02
-4.346098230600237144e-02
2.617658355520058322e-02
2.290193575377053037e-02
1.691554720716981208e-02
-1.734256506294729050e-02
6.085933427875689361e-02
2.865870655406821399e-02
2.441169787617880615e-03
2.483247377487973750e-02
1.208815689413089700e-02
-1.486018163637803369e-02
-1.266782218631767876e-02
-4.152550282072287047e-02
-1.752713618001777718e-03
7.581340249633417017e-03
2.219280093577902235e-02
-1.271394615899534841e-03
-5.063956182552065144e-03
-9.059965190050256467e-04
1.074366717102925861e-02
1.528265304353260134e-02
-1.066078403335524172e-02
-9.950167349650484994e-04
1.386572239061401035e-02
1.188624799920301456e-02
-2.329395803052669578e-02
-5.390286008565814413e-02
-7.515727267325633676e-03
1.571947362240289081e-02
1.629669292449209550e-02
-1.926090600160890176e-02
6.038699693281923686e-02
4.445566833744862834e-03
5.056479761032139919e-02
-1.822378979644323493e-03
1.313377317692365764e-02
-1.416750914601472289e-02
1.668443392313401219e-02
-4.811215691140180439e-03
5.484598828286113559e-03
-1.960039656739809288e-02
-5.600347538625660704e-02
2.220101784553030200e-02
9.236497553117528625e-02
1.437808176038402053e-02
4.293383930816618843e-02
-5.115743422910723481e-02
6.712105500400467051e-02
-2.717161033286785710e-02
7.619057955094099555e-03
4.177471274340005536e-02
-7.330552082043695350e-03
-2.137336744192230853e-02
3.066706055295176370e-02
2.861317412809638583e-02
-1.255788295543469602e-02
5.166197270594974356e-02
-2.032261257991052616e-02
4.278420931904269864e-02
4.425481639930062272e-02
-4.296771025587808879e-02
-5.325019245012718727e-04
-3.285537287033157838e-02
1.350376519360274585e-02
-2.394403000495426426e-03
7.749140574848656371e-03
3.926263056404399876e-02
1.337616530668706005e-02
1.638711226108169328e-02
1.531146479618961109e-02
1.970700303845362988e-02
-1.492218874334549916e-02
1.109062853812692317e-02
-1.655586139470810458e-02
1.521180235833408112e-02
6.500558042390469637e-04
-4.753671620269850351e-03
4.970730740418738414e-02
-3.687073791166417536e-02
3.286377289388608958e-02
3.396437362443682773e-02
-4.039922701795695126e-02
4.618151096205180828e-02
-1.509202775846962830e-02
3.336483339956664018e-02
-3.455959035882916197e-04
-2.556972093564957582e-02
3.616493051077562804e-02
5.229549144642575698e-03
2.449687038974390774e-02
7.528553939051718658e-03
1.143469876717975175e-01
7.113680808777322895e-02
-4.807814462699577795e-02
-1.816238003487224972e-02
-5.206546504141540410e-03
5.018723259168300643e-03
7.312740330398970201e-03
3.408498425186934355e-02
5.092447754463913512e-02
-3.168344547052903692e-02
3.171518139335205433e-02
1.520128937098741417e-02
2.887753776417145701e-03
-4.234464564494633265e-02
3.603255432563745586e-02
2.179455423019938110e-02
-5.691048879994697884e-02
1.771175808907043958e-02
4.078427192505085230e-02
-1.232116339088573653e-02
-2.596716916716301782e-02
2.471408078731895941e-02
2.903723381878675625e-02
1.750894346815456970e-02
1.322415266174159498e-02
2.538214164569119191e-04
9.545675304863721067e-03
9.623383102275617773e-03
-2.351623666936353274e-02
4.514746686298432010e-02
-4.938783713600347625e-03
5.308930382838950024e-02
7.564001349433358001e-03
-2.716022346610724725e-02
8.986485512596509295e-03
2.997852440407289265e-03
2.713625035733002733e-02
2.530309160737642671e-02
2.654361663778770364e-02
4.819201240341630665e-03
1.088502883784503439e-02
7.487989727867905287e-04
3.363652630392222065e-02
7.817533979989299553e-03
-6.797384948199258758e-03
-5.009893972456280764e-02
6.885892123951853350e-02
-6.764751103833788193e-04
2.358618994539263269e-03
-1.874664599910946805e-02
4.183356184705866454e-02
-1.959369411544642503e-02
4.280748106816334442e-02
4.892573133532573948e-02
2.343751755712819573e-02
3.227825736868039641e-02
-1.003175651083321185e-03
1.254213473524590228e-02
-1.487387827658670503e-02
7.587607604360480096e-02
4.228738075042537403e-03
3.309717610387497011e-02
4.958535789022411322e-02
1.249366244449179320e-02
5.555675319080788377e-02
1.020623846763868414e-02
5.341118213924134217e-02
4.877713820262918887e-03
9.187111282079363228e-02
-2.897856417062349976e-02
1.370253549481548205e-02
3.264415816147892002e-03
1.773762606717643742e-02
1.634318009644042391e-02
6.819998081888312136e-02
-7.536310553118075184e-02
-2.747183721838175607e-02
1.088182980555862933e-02
3.540192018190491119e-02
-6.761114048498439999e-03
-1.742954909598348756e-02
6.213656102609843579e-02
4.704284558159077534e-04
3.931682971360661583e-02
2.430355452924981563e-02
-2.623123457266474112e-02
1.042969469824184259e-02
1.282594061346142844e-02
1.919478352050418835e-03
-2.703999565057779719e-02
-5.790301078497650522e-03
1.422796534769354970e-02
-3.382413958863850212e-03
6.439932045046625753e-02
1.830994270359798115e-02
7.325569616638105686e-03
-3.454599222941023839e-02
4.012519751803722556e-03
8.292334444665883098e-02
-7.265259375183852342e-03
3.977329924785144577e-02
1.342901528976980785e-02
-5.274568491182618502e-02
8.635596654739452482e-02
-3.237100832338479783e-02
6.353696115152240864e-03
3.039584255557126191e-02
1.986398499150676678e-02
3.068374365819304117e-03
3.052514543940620939e-02
6.154696009851079452e-02
4.357021713266351348e-02
2.299371662038907083e-02
-7.125450961917412229e-03
4.528868851471701262e-02
-3.363619785427163222e-02
2.361540031720243960e-02
2.266715235070648760e-02
5.759904609138510878e-02
-3.231937311391153145e-03
-4.456286896800332187e-03
4.841754918006335728e-02
3.819068797450464459e-02
2.872611849725936750e-02
3.252058817424563486e-02
5.306355108034965795e-02
-1.834100309208608337e-02
3.576635939467420755e-02
4.425753804897114563e-02
-1.956273494445959216e-02
4.193202705899867766e-02
5.481715034867384873e-03
1.221495209985583585e-01
-4.368811469357103405e-02
5.102212696205565834e-02
7.752775859993654706e-02
-1.732463857023747167e-02
6.668846977600395576e-02
-1.573977752040400802e-02
1.957954116676585699e-02
4.116770979831096966e-02
4.118510823859455883e-02
-1.045488793832971552e-02
4.416818936826727438e-02
4.192754470920689869e-02
-6.842422513882340240e-03
3.957629863475231602e-02
2.723439033738905835e-02
1.357913628900186964e-02
2.624272208860434219e-02
1.900088852589432165e-02
5.630255869546818559e-02
2.307404337632235070e-02
3.470766900505539709e-02
3.111018405638965589e-02
2.837992429344238232e-02
2.187267843870088768e-02
5.635508869047134439e-02
2.011457503753444342e-02
1.790001731340451485e-02
4.152118902899903929e-02
3.104083210462205145e-02
5.146988842847255441e-02
2.224013598735519182e-02
3.314537615576274021e-02
5.296633744166046043e-02
8.964026634186694764e-02
-7.086740568151839170e-06
3.488084382712663967e-02
3.274195950641534125e-02
2.004354483099346496e-02
-1.281770934294534925e-02
7.304505227510960097e-02
7.978047517545050482e-04
5.963585538834959010e-02
7.597788344720024512e-02
1.056796020806549663e-02
-7.221103704248665878e-03
9.576698292119045774e-02
3.392764870428566226e-02
2.421190941034101485e-02
5.245668402065017943e-02
-1.776635869896958653e-02
5.250190367368201549e-02
4.432769195882091395e-02
1.036688503673435235e-01
-4.837493844371110185e-02
4.440606649085143687e-02
3.902444661264103942e-02
1.671728490143742363e-02
2.518419637801727617e-02
2.498344749979874990e-02
4.168089670425922932e-02
6.652298156286207131e-03
2.927863003736108638e-02
7.433554613722304083e-03
3.543401478660879178e-02
5.304192132486340583e-02
9.180628016709624362e-02
1.366669865405123474e-03
7.071825060703451626e-02
9.688303703481615514e-03
3.752822303002867343e-02
7.365359428973428102e-02
3.595084414370108838e-02
7.503388146002709647e-03
1.018666092659372691e-01
9.073602271647440709e-02
6.321965647720517723e-02
3.172412469100893695e-02
-1.513378059092900241e-01
-4.069341483568789108e-02
9.991496167668190154e-02
-1.589051547484854332e-02
1.357916565386618757e-02
4.100619899389124079e-02
-5.667834357424017533e-02
3.252928135288923883e-02
-1.080557066290843693e-05
7.215280973966931022e-02
4.777285059301528136e-03
2.592361424345468457e-02
5.515177680622773693e-02
-1.046187835030876201e-02
3.397502019307996335e-02
1.915332507244205118e-02
3.848204531529475503e-02
1.912320553306523507e-02
4.059096870870959606e-02
1.770027538983343085e-02
7.840748534064800879e-03
4.434935473826961960e-02
2.878896694504096132e-02
-5.791601405860768992e-03
2.766110938141963516e-02
3.065770053218663804e-02
-4.987638641953839880e-03
1.904086102947699644e-02
8.610481070150166616e-03
-3.039342201653982833e-02
-1.668849544739714474e-02
5.392826506354819749e-02
-1.776621897252361748e-03
6.169306257319151499e-03
-1.436677636389060986e-02
3.829230552711893054e-03
7.683954815123517079e-03
6.537461555250456691e-02
4.226401407997393278e-02
1.112912710013125306e-03
-1.389340313094256096e-02
-5.742007425900252926e-03
8.520947161620218147e-02
2.197969796024534794e-02
1.283689912128038735e-02
2.687507939891498054e-02
3.877906569578248863e-02
9.492673241276339269e-03
2.965345817695008712e-02
-1.642037239086402423e-03
1.124219020884931197e-02
-1.025056420724212991e-02
-5.146392939764465879e-02
1.500025162077625041e-01
6.272654371527863759e-02
-6.803566631787028030e-02
3.686137268035416525e-02
8.223951328551670770e-02
-4.273863626993557041e-02
5.293061079227556753e-02
9.756762008571673306e-03
3.953165920461132465e-02
1.273841631730832091e-03
-6.658937045576740488e-03
1.152305979564216543e-02
3.275463608927542403e-02
-2.097789605697153448e-02
-1.828635874970263586e-02
2.467297578094673760e-02
-3.461009708592199807e-02
1.294963346148292338e-02
-3.952314959304592534e-03
1.125140472188723706e-02
-5.762551907192881018e-03
1.782087499799933639e-02
5.594756887564278358e-02
2.087092789142586113e-02
2.286329142828336103e-02
5.539182735173753258e-02
2.298962701499940309e-02
-5.440050622888881193e-03
2.536974225920629600e-02
3.034207812120226500e-02
-1.695142179006303707e-02
3.514779995650330058e-02
1.153855573184034977e-01
-4.506652548869882757e-02
-2.933023412459601076e-03
4.950633703053908263e-02
1.518551317041461068e-02
1.945470149346539834e-02
2.123840836384705000e-02
2.710863959404763435e-02
1.404374385149065319e-02
5.517330890969907031e-02
3.541859567990668367e-02
2.291331081165104422e-02
4.676211706775657007e-02
2.695632958587257377e-02
3.284393260409457227e-02
-9.830894201281248357e-03
4.385041651049315092e-02
2.233373886580491963e-02
2.966402188069983126e-03
3.318825930437241389e-02
3.983288998079914656e-02
3.253459935149582982e-02
5.360444460313917858e-03
1.569070907513392399e-02
5.891074622540726224e-02
2.883502418634376063e-02
4.631977988502566923e-02
3.300133963102958035e-02
4.782543509708858664e-02
-6.857999576030948674e-03
1.310429377808719487e-02
6.200913158152809856e-02
-4.975348879379337674e-03
9.576616104985946620e-03
2.730407116444455440e-02
3.394525102818857221e-02
2.694029860070368265e-02
7.929126932269658923e-03
4.496284841433340063e-02
1.507252297119121565e-02
3.733724475668642739e-02
-3.640018499412311925e-03
4.977707332744718549e-02
3.673308762120575111e-02
-3.171708329256683889e-02
4.071859226909135820e-02
-1.442755337914425340e-02
-5.074052022258079830e-03
2.324684268511978402e-02
5.028508705404166612e-02
6.197506716261402815e-02
-5.039356745297318696e-03
-9.485861181067978265e-03
2.477544441319778912e-02
3.340907333206999397e-02
1.132539478248517639e-02
6.536827739987538521e-02
4.999034236176713719e-02
3.650927932567160639e-03
7.839433996164935081e-03
3.827331439812686753e-02
4.168277518179408503e-02
-1.282479591197205337e-02
5.102061959031267691e-02
2.605459591235881334e-02
2.621209796403967118e-02
1.883059408079068575e-02
2.135114718208885876e-02
6.271558015632772154e-02
3.800139285127057676e-02
2.214569972453661606e-02
5.939631300273084946e-03
-1.619355636059571779e-02
3.729693359482633142e-02
5.166325397432380839e-02
5.298468136411127460e-02
3.687212792469729550e-02
1.946203413574165708e-02
6.458360544854224727e-02
-3.600326460374336790e-03
5.452566807836523033e-02
3.479828530221706906e-02
4.623507351126354692e-02
2.467706742164721412e-02
-1.471333045567591036e-02
6.523640362244420565e-02
3.705754040358844037e-02
1.559744155106801422e-02
-8.772412312348931707e-03
2.038726499727583352e-02
4.208609908488947227e-02
-4.780424864668364471e-02
5.590146968237341696e-03
1.378365324307329054e-02
6.907621018722598372e-02
-3.305626148304674494e-02
6.456204593807712833e-02
3.827734318850528616e-02
5.458003183309090289e-02
-3.104941740646127712e-02
-7.026737032442942343e-02
-1.181454771758543298e-01
2.814163091888888246e-02
-4.851185718442518890e-02
4.031615445939951137e-02
3.707246029819022404e-02
2.769597728483197407e-02
-9.076144439548405884e-03
-1.052222601626273679e-02
-9.130510756934540062e-02
5.405839519258370807e-02
3.337593360169366363e-03
4.208870154054311641e-02
-1.528556934615332707e-02
-2.351434774474236988e-02
4.057123162813192074e-02
6.123008524779960382e-02
-1.997971319914948474e-02
2.774542812474223297e-02
6.257060146834581005e-03
4.183905565773238244e-02
-1.558539810010728388e-02
3.641438189227019784e-02
4.857448596248992168e-02
4.497656809099237485e-02
2.782927309535376814e-02
1.338324418896519319e-02
7.490040102562600666e-03
3.059672021533899056e-02
1.150316812792451238e-02
1.552835086467840853e-02
2.126989823439973115e-02
2.226192249589509231e-02
1.296626706129111462e-02
2.907372047086287381e-02
4.481899317026516449e-02
-1.875434355466887304e-02
3.137299697705397961e-02
4.002405440974299289e-02
1.864914064187384035e-02
2.826922669640108410e-02
4.446352283121246529e-02
1.439423436066378237e-02
6.069876978060428918e-02
2.019188888989997821e-02
5.199171945009073426e-03
2.626560561838586771e-02
5.462188260778377824e-02
1.685876970858424251e-02
5.911196417885755672e-02
-2.056177222723976072e-02
3.198679392082159900e-02
-5.030819419537202464e-03
3.259589337826329647e-02
4.462095273424360187e-02
7.805756198462354689e-04
-2.467046678370499180e-03
9.544367347511961697e-03
-3.716637230076980103e-03
2.039660628708017676e-02
4.785363226200356479e-02
-3.934256945437031305e-03
3.477728704958549244e-03
1.397212351768417626e-02
1.429145554291322284e-02
2.212481086475803771e-02
2.097962999313840449e-02
1.976623547785916202e-02
2.472803733765571721e-02
-5.939884090170544084e-03
3.336854854859816477e-02
3.670991773435683392e-02
2.418979338987137240e-02
7.280448763950397861e-03
1.565048967068838337e-02
3.966189601651404217e-02
1.495661143654003489e-02
2.276013495982409651e-02
-8.662255408225183473e-03
7.298373603197294557e-02
-7.605535136524066431e-03
4.679214272437959288e-02
-9.612664231971379536e-03
3.604014810972033800e-02
3.645560512226597716e-02
2.155205870484366848e-02
4.284974948416309104e-02
-6.735942847897913310e-03
3.773302029372849198e-02
1.176950076529492684e-02
1.204966955586850297e-02
2.285248158817032582e-02
2.561955607789978551e-02
1.315846727730307641e-02
-2.953551443656077247e-02
4.850176709989506563e-02
1.400850393935781923e-03
5.085390834109593250e-02
1.480919881205533528e-02
1.500806763054152171e-02
8.880110066713298167e-03
6.433655878839150688e-03
-4.662125376067294269e-02
9.638008447280910218e-03
3.583574036836978394e-02
4.438665976070943486e-02
-7.098288331371271909e-03
-7.176231971745217209e-03
3.006005299398406549e-02
2.169875232049101044e-02
2.064635729991337598e-02
1.055651493922216133e-02
4.588422817151327493e-02
4.456074498430462327e-02
-1.782560616640571638e-02
3.821749972241406113e-02
2.444375448830005126e-02
4.992906668182461871e-02
5.745602226191737216e-02
1.907289777315979151e-02
4.459073415369108062e-02
4.807750536605759351e-03
3.477235344336393474e-02
3.705125805019582330e-02
7.862786049712933156e-02
5.198762680342006171e-02
3.939648450171406857e-02
2.099436918757580095e-02
3.212204587167910574e-02
1.076750893168365586e-02
3.061966985262176699e-02
3.697007786337014323e-02
-1.032556024141451090e-02
5.546069351716953477e-02
-2.684410861591102204e-03
1.720111081468922443e-02
8.973211091360244751e-02
3.237765442346751676e-02
-4.897490501615009428e-02
4.536147408079438392e-02
-1.641588446170105797e-02
-2.118044231148763501e-02
2.247404656821072599e-02
1.807673800196907266e-02
-3.709924463516522941e-02
-4.983303516489567819e-02
1.921156297463966212e-02
4.004588276558873616e-02
9.624748232447855045e-03
-5.929421991129757430e-02
2.537311588178514654e-02
-1.367860171163903793e-02
1.643730788792185926e-02
-3.778648988848720691e-03
1.217895561362047907e-02
3.304607779506585352e-02
-2.874859997811674006e-03
-9.086315784105236659e-03
3.222482904590329156e-02
2.702496641516938247e-02
-1.175429128082239316e-02
3.582106475354063235e-03
3.577332399096655458e-02
-3.209907209158879837e-02
-3.150590822591614604e-02
-4.300570531359237947e-04
-2.968618049732407727e-02
-2.244838003163707185e-02
-1.518631729221864290e-02
-2.550377205045917250e-02
6.436045068119478074e-02
-1.231750817692578437e-02
-2.400629752665972561e-03
-3.655988652498121105e-02
2.278750436348175867e-03
1.235702467594945730e-02
1.819124098704705261e-02
1.704210492073210403e-02
-1.884785600791039073e-02
-4.162578140461148379e-02
-1.514012431915601198e-02
5.387520437698878339e-02
-3.272551883776886328e-02
-2.021073862883637773e-02
2.201754645692988177e-02
5.578411295227292399e-02
2.899620872623698276e-02
-1.869967349401413514e-02
2.245516695957139319e-02
1.358858222687064909e-02
-3.078939659940593820e-02
-2.531132950454040298e-02
-1.059311702956766688e-02
4.662885301633057367e-03
1.399032018070611727e-02
-9.097725396609579462e-03
2.758601770448132484e-02
1.903758920559450729e-02
4.672746191374255176e-03
-6.298281504156566513e-03
1.571727929920907485e-02
-3.628136559513084336e-02
-1.846631047501778866e-02
1.112816291838969462e-02
-6.507303608870529388e-03
6.554008142694023320e-04
-2.681122551347225880e-03
-3.385542788709772211e-02
8.171088743291310408e-03
3.918344529691397682e-02
2.474070655711857469e-02
-3.445915797816923032e-02
1.531088271604330586e-02
1.436737045840486005e-02
4.693045089723435481e-02
-5.440555134641877899e-02
2.670818194293955727e-02
4.954719237221016925e-03
7.407155679555188499e-03
3.665996938724669363e-02
1.409998551344671114e-02
-4.037707365977505347e-02
5.187292375798513433e-03
1.117178193460821589e-02
8.176252859616139901e-02
1.724352068550638606e-02
4.873369428359852762e-02
6.117670245573414434e-02
-7.296498687376917758e-03
-1.604371370455659473e-02
9.772116022328081186e-03
4.485265638896951401e-03
-5.675748447895312410e-03
4.268849939014796036e-02
-2.863087550092480171e-02
5.393280835817382268e-02
2.327470627324101926e-02
-4.111188784961905540e-02
6.959541660108570227e-02
-2.313943905961135528e-02
3.343829763601879890e-02
7.289687446979886687e-03
-5.160938740403686609e-03
6.687000830820633013e-03
4.986585692875378228e-02
2.908003252131052818e-02
3.500460134209548713e-02
1.410116499618929709e-02
1.630499882514513388e-03
-7.804751076969207446e-03
6.284573689650851946e-03
3.589000259295960227e-02
-3.541456879432303140e-03
-3.150342915136916666e-02
-1.719444584116858188e-02
1.248654486789058105e-02
9.166913032402135286e-03
2.788554241733565142e-02
4.422281350889178952e-03
5.653231843497108500e-02
2.769136220575396656e-02
2.762195848722948099e-02
-2.534237838986963531e-02
-2.764478514847312773e-02
1.069904127034959629e-02
2.081718874623117443e-02
7.112065631528441401e-03
-1.501608577756541330e-02
3.601137310023228011e-02
-1.623541205882705896e-03
3.813321571091021767e-02
1.016389468404899077e-02
1.222132851598445313e-02
6.422334884614677719e-02
-2.498919935626053856e-02
7.533643342876583660e-02
2.424495577183272133e-02
2.780006976911497674e-03
-4.958310975578417157e-02
3.284465967757510541e-02
-1.171516141173256642e-02
1.171423863782106167e-03
4.426710135373745914e-02
-3.145042242203865968e-02
-1.089816151820954815e-02
4.863310364362050109e-02
2.274146187962511334e-02
-3.631214500307899939e-02
-5.349408967892266276e-03
-2.869497895579842250e-02
6.186770107071470903e-02
-4.433608652124210181e-02
5.699461793191629155e-02
3.644233111255879010e-02
-3.667668964079329186e-02
3.564372272833393751e-02
-3.609224132426858134e-02
6.273866525475968459e-02
-3.239750414112663179e-02
9.071339999402461274e-03
1.594483524444445521e-02
-1.783126586837191496e-02
3.545024787588335613e-02
-2.685414363953775307e-02
2.220198227128644675e-02
1.702659110415583044e-02
6.006627036102329953e-02
5.042089068810540198e-03
-2.450902461274573341e-02
5.606077181820445787e-02
-5.228072338826805776e-02
6.136646061176431743e-02
-5.734700922147428770e-02
3.515377233972882820e-02
8.349963623321654538e-02
-2.482249667072888855e-03
6.727573880527248917e-03
5.554116216179050269e-02
-1.726016847301359292e-02
2.853651387594791089e-02
5.324284336140250318e-02
-4.643301417266787467e-02
3.880261165038056959e-02
-1.075637903945336760e-02
4.359291147661492616e-02
7.341084162268529667e-03
3.348220168624926885e-02
2.047798511094311991e-02
1.350982546023704600e-02
3.254677901402658335e-02
4.200689153119285812e-02
4.268598594394656942e-02
6.922278146560634227e-02
8.106004541338895919e-02
-5.870681249909681654e-02
6.758556265136217434e-04
7.619733859272703747e-02
-4.150490724192446024e-02
-2.697320628509181084e-02
5.734230455257360859e-02
-3.625249041506029002e-02
6.339091154484766122e-02
1.680426374677024270e-02
8.451163812760897898e-03
-1.776039692868081055e-02
8.223935695955719716e-02
-4.939157098905244681e-03
6.311310287982596634e-03
-2.448011877496414357e-02
1.704610255275507136e-02
3.620536585012912312e-02
1.258297961977894452e-02
-4.112768522845211550e-02
-1.660152347858478983e-02
-5.768112921209489485e-04
-3.036090497855714609e-02
5.548595328733818555e-02
-3.273024943309277290e-03
7.339697253408217215e-02
-1.487046642512068750e-02
-3.606505770415036061e-02
-1.255638908917755536e-02
3.976910679801393123e-02
1.011038403306385725e-02
3.426926171261635012e-02
1.169825994437267980e-02
-3.568571289102928645e-03
-1.787232370350699817e-02
-7.580498293110693453e-03
3.528420249646835316e-02
-1.746148557741777907e-02
2.574153725209238353e-02
6.973888501574210252e-03
4.416212162085519921e-02
-6.209924646213504928e-03
2.343432026376524036e-02
2.311701599026205756e-02
1.550765686356792017e-02
2.145117970667831386e-02
3.043039387597357148e-02
-1.064917925674135901e-02
5.077343244056287119e-02
2.880481183958316649e-02
1.813637017104596794e-02
3.140402360276706162e-02
2.873827815413099174e-02
2.975230183332389089e-02
1.255234480456968171e-02
5.032328684340559022e-02
4.652205856023128305e-02
1.042213633824662367e-02
6.311798707599747260e-02
-3.237017848836387657e-02
2.714255373879836952e-02
5.177412404965897608e-02
-8.559407881226110959e-03
4.360940620791575739e-02
6.852112732729942479e-02
5.571547489344697013e-02
4.161572817631409293e-04
2.486597363025566665e-02
4.279675375923419622e-02
-3.405271242281404653e-03
1.719098632256610415e-02
5.029190410040573767e-02
4.209348120592837361e-02
2.315036232148104389e-02
3.736888572992036472e-03
6.086166701754658348e-02
2.981801241961390403e-02
8.294043145132645733e-02
-5.391149836924125083e-03
1.899359378357301509e-02
6.291835485393049154e-02
1.659298907014195024e-02
5.196583911465424421e-02
5.009649864268927999e-02
3.644543808614608693e-02
-1.342533382969079980e-02
4.562704902904224369e-02
4.396464168347113954e-02
1.085911543082307418e-02
3.094469485115158847e-02
2.108917992626224702e-02
2.355269036284424189e-02
2.634379070780923371e-02
8.976733511560830436e-02
4.825351761077412149e-02
-6.735179575756378156e-02
8.589242447233846889e-02
2.315976853583201489e-02
5.065666629162191015e-02
-2.153344088925646105e-02
8.069446606888419637e-02
1.748408352231844987e-02
5.585585469399934055e-02
1.561483079120762341e-02
2.563642954605116486e-02
8.239863625557841686e-02
5.997981520976036762e-02
2.780858342680669892e-02
6.930203552828428926e-02
4.418905731788225211e-02
1.373912301829305349e-02
8.489039047711255392e-02
1.132156908905868065e-02
1.535703058627957418e-02
3.072247900625724171e-02
4.731578520669010857e-02
2.545877578770916472e-02
-1.560308853993008782e-02
7.113679811931339358e-02
7.875507613852361644e-02
-2.687732068633064131e-02
6.532328396771536205e-02
4.041652861318123513e-02
2.319234542008796751e-02
4.921851901229823412e-02
-3.798690512271862829e-02
6.866063317070469907e-02
3.978994224111165323e-02
8.512572590119882321e-02
1.337757097190728217e-02
4.739565644211385376e-02
5.929489473466142968e-02
6.017168550908413849e-02
3.951803163274902886e-02
3.094180743334984385e-02
3.406960348348375689e-02
3.264059807655605994e-02
2.167395365383084638e-02
5.145806666778307559e-02
7.446741190778949360e-02
2.661480625857137738e-02
-1.838554589038032816e-02
1.287126004294325554e-02
3.628416036004100675e-02
5.060851523584641853e-02
5.057349727877458179e-02
2.550002996738864880e-02
3.097097423745154288e-02
-4.831633278685076860e-02
1.936090469022433425e-02
6.780090043268538480e-02
5.847906979070716105e-02
-1.175335247279374329e-02
1.286902359988566502e-01
1.458018336682664895e-02
9.626040093419696575e-02
-4.447543772623241409e-03
2.729901821065716661e-02
2.389339424716085958e-02
2.749494459674561853e-02
2.964410664491534675e-02
-2.405428746949311858e-02
6.514664667836633782e-02
7.974500229334324786e-02
2.450068053196607920e-02
-1.565544893242831748e-02
6.933998563194920806e-02
5.559175238090974247e-02
-1.765554927599488622e-02
-1.339310564118845193e-02
4.670884469218838930e-02
5.368369607361023199e-02
1.976778172140480905e-03
6.183267976891526629e-02
3.282672755944693321e-02
3.542814981953501530e-02
5.387909797855661154e-02
-6.336568432383948846e-03
2.298242220003920977e-02
2.482374896170869150e-02
4.391770364608138522e-02
5.894049256039668450e-02
8.466951157432678343e-03
3.108634413982880318e-02
-9.053873194553307968e-03
-1.425256531261798187e-03
1.110074598244836785e-01
3.339578178835989064e-02
1.060618759919806919e-02
1.321074118843279521e-02
4.252944763781707493e-02
4.209547220233522680e-02
3.808645453184045238e-02
6.323338142544177032e-02
5.543606747845819527e-02
2.567015714139575522e-02
5.393187402952692722e-02
8.950102648924929127e-03
6.184591458819665988e-02
5.053310028365842754e-02
7.562549338157475987e-02
2.037694606958595500e-02
6.402844609578828283e-02
1.379814035768456293e-02
4.132646883233537238e-02
1.521257559805766491e-02
1.959970619350315246e-02
5.968336384901906655e-02
-6.816307982932112708e-02
1.198355419008483302e-01
1.989079634769908012e-03
8.421960997663591186e-02
6.112943496616596306e-02
7.984733295463186664e-02
1.630477508714500701e-02
2.946215850621269894e-02
6.181073063213693430e-02
5.450240222416580238e-02
-3.187180851478021992e-02
-5.472816600264884812e-04
4.021954961233253911e-02
1.350638185065236030e-01
2.964385977718642096e-02
-2.623078128724642966e-03
4.016174915852221972e-02
2.507542137208584876e-02
-1.421993643352070791e-02
2.338447677648325396e-02
3.354283530188162388e-02
1.304023535984799587e-01
-8.057397547256872627e-03
1.803515149369161463e-02
6.874566207266852302e-02
6.252390785382910821e-02
-1.148007808209450253e-02
4.166687159650050987e-02
6.433686834308538494e-02
8.686892831457337927e-02
3.193099859883519187e-02
6.783889969294354394e-02
-2.325298075056325686e-03
1.276767512965093498e-01
9.646035182747425551e-03
-5.892070041720098850e-02
1.656334422497574010e-02
1.838094638496756694e-02
-5.969132387311804067e-02
3.563951281860422426e-02
-3.461916756636340686e-02
2.310788013420950193e-02
3.381117440899128468e-02
-1.259319036667028158e-02
-2.311408059026742734e-02
-2.031781827778544880e-02
5.365740507815486282e-02
3.639406356110086449e-02
2.974760799094644526e-03
-5.548333756184797849e-02
8.256351499710179453e-02
-1.061780019821312315e-02
-3.467856892513943023e-03
1.882528703576058504e-02
6.639512488100862697e-02
1.027686531550453530e-02
-3.543097175977716340e-02
4.683064725982544196e-02
4.464891951212268673e-02
4.128899487519199774e-02
-3.672202811264724254e-02
1.806749906863402977e-02
1.944420848860328732e-02
-1.923884419407384527e-02
-3.672160895916487533e-03
7.257599950005966249e-02
1.270237460936840534e-02
-2.067061403958692090e-02
7.295918565616199558e-02
-9.318076413363796107e-03
-1.503777711032694420e-02
6.715314908489888879e-02
3.378676441295724864e-02
4.335700154151567176e-02
-9.646237281547564990e-03
4.202216072781150835e-02
1.099118850953972881e-02
3.581717115522886630e-02
-2.041982080904269914e-02
7.045269595739322988e-02
-1.371332607542030679e-02
3.467685709942514016e-02
3.258220718431203977e-02
4.799491580247083888e-02
-1.714169204663118506e-02
6.253564452922999450e-02
-3.086014051094743138e-02
2.920525680265617652e-02
2.059162338279607596e-02
4.610907177057166351e-02
1.684682832581740897e-02
2.533405734486349203e-02
2.870799087173514508e-02
-2.044386272269704818e-02
1.087476427744737961e-02
1.886580806688042955e-02
5.732836066078039750e-02
-3.005101790543474038e-03
3.530210418880397327e-02
1.488752269597837241e-02
7.219940143448511094e-02
1.042171131920532900e-02
-2.435386530185379428e-02
5.481833181808593025e-02
3.048084708428477896e-02
1.898396122070522551e-02
2.524377293861057581e-02
-5.951286171690828297e-03
3.529886833548934177e-02
-7.606522693979211880e-03
1.091374639208531061e-01
2.865210303238052703e-02
7.166335835627601902e-02
3.968412150874978117e-02
1.004129279910743744e-01
6.077142320808803788e-02
-2.875753340205533526e-02
4.113950904100138750e-02
6.074316410897329099e-02
-1.584605464679977871e-03
4.398011567986803705e-02
3.869539759283324720e-02
1.183902341759135446e-02
1.227916828611164135e-02
-5.340708329970578205e-03
4.659367647461598594e-02
-6.524682050761532182e-02
9.212559168357770112e-02
-8.417245740744250249e-02
1.699314710088395408e-02
-2.552537779443309063e-02
8.851526673510967669e-03
2.521069582907609075e-02
-1.113880830765912044e-02
7.405463024521274917e-03
3.096426368926175066e-02
1.268070889495609421e-02
1.284958702595773161e-02
2.613189768418244796e-02
-5.212674281023677025e-03
-7.702631592626296708e-03
3.240131800031442744e-02
-5.761128027154116538e-03
1.469091863415394883e-02
4.395572820210258413e-02
-3.801693543839634870e-03
4.631500329881355071e-03
-1.018084901065474668e-02
8.895639812471767272e-02
3.027799742942205441e-03
-3.205459412404554342e-02
4.958992770346704049e-02
-1.651191859608935886e-03
7.786703334343059169e-02
-5.430810268860186696e-02
1.557946573625379472e-02
3.935906902651886696e-02
5.339567130442235410e-02
3.761426461196926141e-03
-8.585997948305834626e-03
2.439979782636791938e-02
4.237440604052533644e-02
4.015824626965835975e-02
-1.711831064258539925e-03
1.810971546954354139e-02
4.242568060502005522e-02
5.766628564372089372e-02
3.250349691592990808e-02
2.109487021867062495e-02
2.820748462382338673e-02
4.440154830754172721e-02
6.050212811821875647e-02
1.937966374041133477e-02
-5.265448682234241673e-02
3.641713582558292472e-02
5.274485049547639193e-02
1.792267708794748060e-02
1.004151681833773679e-01
-8.422722144755478979e-03
4.744203898663235108e-02
4.263360989440911908e-03
2.005828009646570820e-02
3.089744828289875400e-02
3.901712023369374727e-02
-3.287171609532602012e-02
6.657514241859052717e-02
3.471909119524241305e-02
-2.490843191269664914e-02
2.303774677996917042e-02
-2.223165608417665418e-02
3.873264945127163905e-02
2.052226774782162089e-02
3.156958720100555560e-02
6.498776692035179714e-02
1.078595339193233471e-02
-1.811243232870229924e-02
3.724954758986620540e-02
1.725733394586859148e-02
2.319099384967771016e-02
1.288520297290851602e-02
4.644078506565341158e-02
1.597560179091450649e-02
4.497888411346329107e-02
-2.751160477875824739e-02
4.038841482322785836e-02
-2.127777722941015526e-02
4.190128809264814791e-02
4.012525306849656914e-02
-3.153307388913084708e-02
9.188183069248267998e-02
-2.659321344676568444e-02
3.288894713242385137e-02
2.480994040346873319e-02
4.545876795202019593e-02
2.817084516953283213e-03
7.458348169788608928e-02
6.338350236154255413e-03
2.895577924749792587e-02
2.284310360231112114e-02
4.227482231758283859e-02
2.739114616972937455e-02
4.334591700640144651e-02
2.107849553258311914e-02
2.673048198811667220e-02
2.490414556139386448e-02
5.304610384318175775e-02
4.695208505732750837e-02
1.058846121572254440e-02
5.849680176996674419e-02
1.674679962596203886e-02
2.789797428515816691e-02
3.714522400520037237e-02
2.779413503503036509e-02
4.805837877222729482e-02
1.891284758240496799e-02
8.602770703951989617e-03
6.009406623996427221e-02
1.345104932258833763e-02
2.675399017251223199e-04
6.764286449392375999e-02
1.369818075519346756e-02
2.824477826739135722e-02
4.761193459658974447e-03
4.791210112415611455e-02
3.518796825575809528e-02
5.153178649387313293e-02
3.963637072939141248e-02
3.173054278858478128e-02
1.059714449605730913e-02
3.271825643391657046e-02
-2.344178439170629957e-02
-3.211614692769804158e-02
7.581154805651380002e-02
-2.343988859588241880e-02
3.634353241200405371e-02
-3.580275719067727014e-02
-1.266512110399331537e-02
4.972254739402659496e-04
3.183112523142528349e-02
-1.097266221203163639e-02
-4.075052405199341976e-03
1.842279947902403237e-02
-2.224421411982202557e-02
-4.813306802810113361e-02
2.064656036785561533e-02
4.590530013089955119e-02
-2.769121568420018775e-03
-3.323188478765848330e-02
1.282442105538583732e-02
1.419233005107800594e-02
-1.572788311275763462e-02
-2.352747733847415645e-03
4.931074834058413181e-02
3.479701096899412427e-02
-6.944235630737871645e-03
-8.539933098004715006e-03
2.965700183980368720e-02
2.230386204991319232e-02
-1.328589906147747968e-02
2.565131047775204287e-02
3.766773840945081275e-02
4.349629367561647086e-02
1.628133364540573780e-02
8.514915571936620964e-03
9.057788014311007885e-03
3.222856380664040898e-02
3.362675417643812281e-02
1.671326772857728571e-02
3.440283408656696906e-02
3.580983440183249655e-02
-3.390276668199909693e-03
3.624475614617894692e-02
2.029084366851474641e-02
1.757385862046900726e-02
3.101195606526285786e-02
-1.986067464421115147e-02
3.374153785015865381e-02
6.971555044611221774e-03
2.642395690223109384e-02
4.762787190349060396e-02
-8.298932410772508206e-03
2.213113674810340825e-02
2.602126327666987038e-03
2.851389676773097293e-02
3.792646574954838812e-02
3.136142049708467994e-03
8.481969912927045385e-03
6.551214713517206079e-02
-1.485413151830705658e-02
2.501058589248650321e-02
2.393326798504658015e-02
4.727422136588499413e-02
1.102421889355564844e-02
-3.295186623694323913e-03
5.451079087876653517e-02
-1.161599149008241127e-02
4.175712264067632518e-02
-3.212588691865025936e-03
3.751617067321522114e-02
6.371577399474759318e-02
-1.064915020642587251e-02
6.327042512853120471e-02
5.059467341805401475e-02
5.638378960332435241e-02
3.960825615502816532e-03
7.712044365677428459e-02
2.279952079741232041e-02
5.027436130665785541e-02
-1.630974346374403083e-02
6.489836797304215921e-02
-8.056022972212861788e-03
6.812997379445473456e-02
-8.807191703041006292e-03
4.562918742291310892e-02
3.430865578725539322e-02
1.672744743317755578e-02
2.413695387480485621e-02
3.829750416976596128e-02
1.634950002083801479e-02
4.280856095785701143e-02
4.140301820287017875e-03
5.038946133661426074e-02
1.508621817224531370e-02
3.250150567060572371e-02
2.874101606523593588e-02
2.449479641728524726e-02
2.629812166934852868e-02
-7.287215185064699341e-03
4.430967478043035257e-02
7.626534538444573741e-02
-3.683823686038545375e-02
5.643768150733752265e-03
7.658047650079602420e-03
7.366276892559264766e-02
-1.245066349024526176e-02
1.147404998642498342e-02
-2.141461888233830990e-03
2.300059862354331131e-02
8.589482442257789785e-02
-4.828092397246264156e-02
3.157589968851048923e-02
-2.735507487067501131e-02
4.618052428642993590e-02
4.086737189974209983e-02
2.719624636672857143e-02
6.326877579108791672e-02
2.801074935988845382e-02
3.849566643766588747e-02
9.577995859927779243e-02
-3.877450145896177425e-02
9.985220028866659270e-02
3.314691180196316367e-02
1.402784363981868232e-02
1.506024343150569322e-01
-1.432829505148935922e-02
-1.705378951884828354e-02
8.563282458553000964e-02
1.529962667414830335e-02
4.511396923854960050e-02
2.002565853681947949e-02
7.585857410802154810e-02
-4.318798343532437300e-03
6.288248424043252349e-02
7.941458723769279082e-02
-2.485132201499129501e-02
3.887136045355910063e-02
6.224798774643391930e-02
9.913829409686703009e-02
3.078465920399420241e-02
-7.523761650067628537e-03
9.533939101764365986e-03
1.155486989244086660e-01
-5.318324408146279936e-03
5.582894234852198156e-02
2.923511731697192584e-02
-1.904601018839813253e-02
-2.424881041632742651e-03
3.190306861278324746e-02
5.919946763458627803e-02
-7.098294808641214537e-03
-6.170565328069588240e-03
-2.699354353164395981e-02
3.645445999138774429e-02
-5.120345673604365100e-02
5.017658054191787009e-02
9.704906853567285552e-03
-1.363060753477018938e-02
-5.447855249942179512e-03
1.792670880918756371e-02
-1.878540319477850495e-02
4.441313273216696000e-02
-2.145479138764072591e-02
5.848769709025591901e-03
-2.031957326314082213e-02
-2.824144446810183950e-02
-3.846558839027047760e-02
5.905395807426416788e-02
9.156827874029938030e-03
1.645204994900528739e-02
-1.649446469302717766e-02
-2.380786500572318332e-02
1.963008114768949319e-02
3.728229679159311694e-02
2.553215329292135571e-02
7.568192827803743583e-03
1.347341866648998909e-02
3.965667866804456487e-02
-2.573828275578948777e-03
1.042990273854638161e-02
6.139972904088075722e-03
7.392272365288587999e-02
5.408279237531377071e-02
1.068091520114844428e-02
1.949822877987306136e-02
3.543417608050214440e-02
3.225571444005170818e-02
6.438594358356763969e-02
5.010222396358887664e-02
-1.956413229177678126e-02
3.404802231304238092e-02
3.063123614881857470e-02
1.437475440013868955e-02
-3.435704656824722925e-02
1.376422070712601808e-02
1.154104872513972424e-02
9.495098395960299698e-03
2.242887219079059413e-02
1.763261743213262456e-02
3.975585499650424737e-02
7.359878472221259571e-02
-1.058164196821496095e-01
1.318896318416729052e-02
2.260386850108186962e-02
5.938083972851937453e-02
3.417277065645318856e-03
-6.011527907159308626e-04
3.531683371514660053e-03
1.500309555993761812e-02
3.160380267525719766e-02
-1.138847379535867788e-02
9.728291520328724573e-03
3.727542807316575058e-02
-1.098500420304904246e-02
-4.247466934904742253e-02
4.406331570386146090e-02
-1.256194360620010997e-02
2.678810233571171651e-02
3.913204191323549352e-02
-9.450796536691896677e-03
-7.325238234200615040e-03
3.295064222027477285e-02
4.519325007910079961e-02
-2.007877169981497900e-02
-3.170557641845705987e-02
4.554075371900534464e-02
-1.281642297073837256e-03
1.305223994983562008e-02
3.217153668411532053e-02
1.387307107935553674e-02
2.679752261449497297e-02
6.777429365321641086e-02
-1.563696134160252882e-02
2.651041093830341921e-02
2.358150389554136694e-02
4.216267900395909152e-02
9.079073287817518434e-02
5.149152908146570340e-02
8.913375722360061815e-03
3.994606726643157302e-02
2.599378176884181713e-02
1.122086497816638939e-01
4.506253681003080658e-02
3.229356617048440015e-02
5.656270858888756692e-02
9.010240610485320545e-02
-4.653027297616496583e-02
3.895455604086439649e-02
9.296595293348142164e-02
4.948260024555395376e-03
3.721631081781096029e-02
7.153391344268156260e-02
-1.841937109619440349e-02
4.624719718826142412e-02
6.035106880046958722e-02
4.250902593575123234e-02
-2.629739450353874020e-02
9.370602970037955615e-02
4.784242955957651589e-02
3.958530643404767346e-02
4.384513022640224023e-02
8.249206955043009160e-02
1.048168559892381779e-02
4.870682732412534577e-02
3.920821588971312721e-02
3.302149926767805610e-02
8.224674884775984296e-02
1.902183476276242402e-03
-4.140153449987415968e-04
9.175139305167601123e-02
2.950817338299094317e-02
3.100642578743961764e-02
-5.655345798821453940e-02
9.492403971353979841e-02
8.646661838365066188e-02
5.040289073795056751e-02
7.047744703779468267e-02
-1.560742335706066797e-02
3.262899791670692551e-02
5.661870111875577649e-02
1.067093276858956941e-01
9.079138616287618646e-03
7.749596281550941157e-02
6.061810113500598618e-03
1.393889245392658793e-01
2.202081273123379646e-02
6.637249124219390950e-02
9.042034009030253117e-02
7.641511972498937766e-02
1.300726611699083435e-01
8.833841927032803909e-02
7.643706236334146809e-02
6.816317908145830273e-02
8.148280244459460420e-03
-3.438236090812107904e-02
9.091881802213253039e-02
1.472993621305063172e-02
4.650396832572667449e-02
-1.494077876336152855e-04
2.166523850118995398e-02
5.090395237081746238e-02
4.226860814862321014e-02
3.728361602346508263e-02
2.803258995644619667e-02
4.435191099217927757e-02
2.196802489389360069e-02
8.010831330169909670e-02
1.875330207858838527e-02
-2.647939558666356774e-02
-3.242303620309638923e-02
1.064875410537029499e-01
-1.563385491618896062e-02
8.532814988013504021e-02
-4.561437735174500574e-02
1.860497456389387239e-02
1.035029947736896272e-01
-2.473588989239416946e-02
-2.218841201051402479e-02
3.004046149179884218e-02
1.723186518096599951e-01
1.606405450114682942e-01
-4.943171684818015166e-02
-2.293457775867602244e-02
-8.752275524274466534e-02
-9.651674492907158509e-03
4.539274223777289841e-02
5.951518496165264516e-02
4.967017712556986986e-02
2.418103078742972478e-02
2.286673079798351438e-02
6.971382310262774773e-02
1.430646923198957143e-01
8.643346374111660069e-02
-1.382104372167383133e-01
3.865419966111582895e-02
2.191262678320593515e-02
1.165072421504742550e-02
-5.609795364100600423e-02
7.908735437539138324e-02
7.587002084458838169e-03
4.834501543774516463e-02
-5.420217481071354371e-04
-1.640344944027205543e-04
-6.224468957478412889e-03
2.932096604657230543e-02
-2.788554802484344286e-02
2.418272522384601331e-02
2.404253336326833690e-02
-2.549045680813044612e-03
3.261553339504064120e-02
2.071657534478998919e-02
2.277082426613818988e-02
-3.155873069163517286e-02
-8.045859298577706653e-03
9.580979225795527299e-02
5.900149530159604083e-02
-5.706859210998738163e-02
7.162503902144568002e-03
2.826091697325416874e-02
-2.906659056119753615e-02
5.847496889528347452e-03
-1.594420414908093164e-03
4.146865265204979778e-02
3.363382224549882338e-02
-3.064941241043994680e-02
2.106716374959383131e-02
-5.634983004525784267e-02
9.820739369553033171e-02
2.564756906049003859e-02
9.312333565305586092e-04
4.167116100479795193e-02
1.672164003057430293e-02
4.745825636461020736e-02
-2.753788654234901045e-02
2.905175879004850970e-03
8.776540045582770233e-02
-1.419169394560215736e-02
4.518212641615004799e-03
1.722218643307904529e-03
-2.101222899820376355e-02
5.337105394763419497e-02
3.639052227664985040e-02
-5.950451093631681232e-03
1.498418602566475855e-02
8.316800678867863894e-03
5.723880691577809543e-02
1.772115543875552035e-02
2.869928623927764377e-02
2.073628346200262484e-02
1.666881581358259368e-02
2.439622603170876758e-02
4.645834065547704839e-02
-3.275777077539121507e-02
3.552623791624442973e-02
4.295730718832202477e-02
2.451146662771752638e-02
-6.654751098273292698e-03
3.926486499677706021e-02
2.797431201607092355e-02
3.938907012894099502e-02
-2.213270848453774420e-02
1.435397922202219512e-02
4.755964244889199222e-02
-2.026474258117838545e-02
2.664780350203121984e-02
-3.118288171615568594e-02
-2.257323156220225613e-02
1.835839626768032140e-02
5.028858772461730631e-02
5.038782526720408939e-02
3.724589564739244629e-02
3.933102315324621401e-03
3.472271706979013217e-02
-2.434410356274363529e-02
3.387438490580274575e-02
8.573978300542517417e-03
-3.765736286086762696e-02
6.149828775005561354e-02
5.650470532698292914e-03
3.508783831687423138e-02
6.536207430822793540e-02
8.989206384149239781e-03
2.450149995941286463e-03
-3.069216385750972442e-02
2.527583183909287712e-02
-1.997152040145100393e-02
2.619254365809919882e-02
-5.324734253804086492e-03
-1.772937082039516277e-02
3.989331888165059681e-02
-3.238743026359225397e-02
7.594510494480433138e-02
2.704237438469458965e-02
4.815914742935856196e-03
4.625402280404200539e-03
1.987805956725652301e-02
-1.679522712251646510e-02
2.578328842000998655e-02
2.071488281229383333e-02
5.506692290749848340e-03
1.564372994932616834e-03
-1.432926130777123497e-02
1.348734418743768870e-02
3.965661504038875407e-03
-3.819173622409199886e-02
-1.231416978284416430e-02
-6.543611246654368330e-04
2.076336744258444611e-02
-1.099239580961675067e-02
2.240589460075503858e-02
-2.494388653713053294e-02
-1.445133073210969066e-02
-4.538734327745874708e-04
-7.200842488119585383e-03
1.434152264926735754e-02
3.630934805670937848e-02
3.003921193135150602e-02
-3.777947023272298921e-02
-1.916362285833184131e-02
4.840079795148444219e-02
-1.632735860149336915e-02
9.159262866411665982e-03
-4.912527040907521680e-02
1.504209986795634890e-02
3.493172778451647531e-02
2.042849057655082845e-02
-1.924117158723426257e-02
2.507614886754039318e-02
4.463708119158971144e-02
-5.837911405472562265e-02
3.171159368298059889e-02
2.606436902006592504e-02
1.960519945348515591e-02
4.186584126039338827e-03
2.855325073416192794e-02
1.157076817375202182e-02
1.351408774904649945e-02
2.542012178852637305e-02
2.208203419411258750e-02
-2.017645910313703439e-02
3.540995014712500222e-02
3.078888131043999721e-02
1.802976867173766706e-02
8.589430382567408984e-02
5.114966269011045341e-02
1.187652334486966055e-02
3.930216385275642210e-02
4.235254649461506204e-03
8.443262107866855715e-02
-2.194763872022198470e-02
4.963869244277940851e-03
5.454444337048203195e-02
5.365593988255357161e-02
2.390162640927950832e-03
4.588147217617688511e-03
2.342648765283117385e-02
9.681340502795698910e-02
-1.016993513707342700e-02
-1.083534082407355825e-02
4.604721075852014067e-02
-2.230415754665537875e-02
3.088595571227514824e-02
4.963182508333785492e-02
3.725792547673068000e-02
2.707380496944145065e-02
5.253161646841331134e-02
6.815474460034520732e-02
1.147920173413092826e-01
-1.762269894012025162e-02
-2.166586231074729696e-02
4.728628160225412103e-02
7.592268152394998637e-02
1.305157851632388066e-01
-1.500940434795872136e-02
1.298614820519894408e-02
1.111440566115327044e-01
1.173981379526489732e-02
3.472135186555957986e-02
2.818138882741205720e-02
3.510551326608402078e-02
4.083941035404325959e-03
1.788094732684797350e-02
2.886179257884036176e-02
5.134789631054603731e-02
-2.874185311082966265e-02
8.007029098416484914e-02
-3.993526342661013473e-02
4.290763885120796317e-02
2.991850274699414669e-02
1.609603705797990614e-03
3.462676169806222504e-02
3.279134741262224040e-02
-2.314716027936647436e-03
8.794057723467485488e-02
2.431715885748131356e-02
2.224383936628004932e-02
1.207762139941515045e-02
4.422346303500468423e-02
3.076219237933019990e-02
5.873294009875862365e-02
4.481630758103394285e-02
8.353723847875649255e-02
3.815978742102266175e-02
6.529719596024063932e-02
2.459389136547351917e-02
2.669922849823924693e-02
-5.514026671407856739e-02
-1.744499004421262711e-02
7.155220786733584859e-03
8.530138882832272174e-03
-5.088052903744477717e-03
-4.779395654275764294e-02
1.378774139213057026e-02
5.292152875779221333e-03
-5.598313541870236776e-03
-6.948481332206046801e-03
-9.448046824291900236e-03
1.749560948818063011e-02
-2.284523027671681028e-02
-3.333496103545252609e-02
5.279718365219809861e-02
3.052493288305146990e-02
-4.008958619222324771e-02
1.699365081424586421e-02
2.032209831742237682e-02
2.644707721870553918e-02
3.358807427658216938e-02
6.095377667723722581e-02
1.596993846169914022e-02
-1.000322439856993206e-02
-2.643182634287422061e-03
4.619933818903021461e-02
1.852700409355767519e-02
1.500548408625390628e-02
3.950415103900839497e-02
3.452204141596748599e-02
3.251411540362170172e-02
-4.678005954052544269e-03
1.931770866441784307e-02
1.800109335635458052e-02
3.535831344312789781e-02
-1.717228597942099810e-03
7.237930745690235312e-03
3.898566932015645747e-02
2.318301022526458866e-02
2.576750171627972819e-02
8.242651622190066973e-04
3.720855370252040828e-02
1.692596793687917156e-02
4.836393785851456073e-02
1.862564281688472434e-02
1.623360381526683938e-02
3.104052825177117114e-02
3.232193752383505370e-02
1.495471152101046641e-02
4.791925953726883236e-02
1.522688286262852131e-02
2.601708799101354330e-02
2.921980046336658532e-02
2.113292245453912699e-02
2.494096521846866921e-02
2.232987232641914233e-02
2.576447883077870316e-02
2.275300512254840868e-02
4.794635577868699983e-02
1.191422397679886558e-03
5.620903557071899037e-02
1.872248523402175735e-03
2.921725414836351398e-02
5.423029268189982766e-02
2.253314396729755309e-02
3.757153133110113785e-02
4.205818530827998281e-02
2.659239844987193457e-02
2.616069325439474014e-02
4.124536483923946228e-02
3.716696921762085992e-02
-4.065255893888286565e-03
4.712127917177300063e-02
5.984270536656888240e-02
1.641355912354036661e-02
5.356812925084430965e-02
4.021265919410610401e-02
1.496265176139388586e-02
1.060550388724657012e-03
4.734137616249922687e-02
3.296763969546956385e-02
4.776908222330233933e-03
3.403598706490429393e-02
1.550745334477643400e-02
3.302440624676294956e-02
5.007175699021082504e-02
5.644157274319439033e-03
-1.688595180258656292e-03
1.258501232348352428e-02
5.196919922140230685e-02
2.015636082142058250e-02
1.742712747542252139e-02
1.934860489030515440e-02
3.788993275978974618e-02
3.394969399261205112e-02
-1.808903240662321221e-02
2.276636541862303575e-02
2.974284431923529537e-02
-2.193875871259604038e-04
2.000321406033989113e-02
-1.949213667027382968e-04
-1.962853372476851960e-02
-1.090356700103807530e-02
1.456882664670310079e-02
-1.082127764162321704e-02
3.544062972504813391e-03
1.586650618016649528e-02
-1.156869144331382215e-02
7.570492199483053186e-03
-5.545561423701383941e-03
-1.558078509083812846e-02
-6.448962545105851873e-04
-5.163672192529000782e-03
-2.520725171113513685e-03
-2.046593733769302981e-02
1.779107933912599249e-02
1.485805121133942919e-02
-2.236705192488197547e-04
1.267315413765696119e-02
-7.205914474435526351e-03
6.977740771627050087e-03
6.194029774329590232e-04
-3.404966677024168220e-03
8.783476524977462674e-03
2.435431165533197273e-02
2.755364027786572079e-02
3.692388715391958787e-02
6.945615158918699850e-03
1.478679998294454845e-02
1.615716977846698432e-02
3.185816245798005208e-02
3.784775641278367853e-03
-2.527416782136677684e-03
-3.026481807873844781e-03
-2.125793683481012192e-03
1.262818892799335083e-03
-4.302365522820377104e-03
9.495070537783027731e-03
-1.424941565454673764e-02
-2.117816838152894541e-03
-1.002362311689079409e-03
1.223035607030887977e-02
1.385670591490357866e-03
2.994091289039861863e-03
-1.355037197326540779e-02
-3.345987326737640769e-03
6.025337364198731470e-03
-6.102248918838472976e-04
1.059467605740990227e-02
-4.560962362038058389e-03
-4.359449090273406096e-04
2.686510789125557894e-03
1.448807231740552835e-03
-4.102562704275669603e-03
5.110309192966129566e-03
-4.412905368116196224e-04
3.557503901917718515e-03
2.807030451776881819e-03
2.093671350974687104e-04
-1.193164812718805479e-03
-3.648720498488132111e-03
-3.643732376019670482e-03
2.906538232082380834e-03
6.269117338320029376e-04
-5.814191884326297757e-03
6.096919463999485658e-03
-8.778788131487380922e-03
5.649421146415534167e-03
8.573812797938987554e-03
-4.930537919803077047e-03
-4.407739364459225748e-03
8.266894143916746901e-03
-1.923843301114377524e-03
6.976032376988836915e-03
-1.341562984428449311e-02
6.574014002625111486e-03
-3.725960373290305733e-03
1.892543326890577544e-03
-5.664338589131115952e-03
-5.550835978011875969e-03
2.792615685537811875e-03
9.859609197198877101e-03
-5.571431832009920981e-03
-1.641591998383240200e-03
-2.980784155198534791e-03
1.243530169468788301e-04
4.870222923614165624e-03
1.538741685177474807e-03
-1.221761997749127096e-02
1.370686304407161236e-02
-2.163248254305472074e-04
3.866768495706511891e-03
-1.357411906707283941e-02
5.441763698433575366e-03
-1.440042893989357470e-03
3.360323038064659627e-03
1.591402278974547377e-02
-7.129736712408948907e-03
-7.149828023187815816e-03
-3.098368722631799667e-03
-7.265732446990739351e-04
7.229890331934972665e-03
-2.065224198786008106e-03
-9.893385503806360112e-04
-1.048520433198957985e-04
4.932275214446042375e-03
2.114380219937815261e-03
-3.147602447682242184e-04
-4.792032673727849440e-03
5.138246356096942691e-03
-1.139276676353410435e-02
1.191105976459994270e-03
7.917773266882612709e-03
-5.919641916335649512e-03
8.400546657765529598e-03
-4.374615703653716992e-03
-1.487293364164607445e-02
8.601199641873337812e-03
-1.676642187721869015e-02
1.277180774457065474e-02
1.354211617596648431e-02
-6.653297373304667417e-03
1.339627638229550508e-03
-8.394568471544516797e-03
5.048928791887539319e-03
-8.732418066257392406e-03
1.003181383014193663e-02
7.657005933970646846e-04
-1.085407147372735061e-02
5.949577123801185613e-03
4.959249354239029378e-03
-1.579590744835746052e-04
1.135761555515636418e-03
-1.658986227836220040e-03
-4.347376742038736898e-03
-1.490233720539085145e-04
7.885793675121908347e-03
-1.081175366063111959e-02
2.822932411476131598e-03
2.931616372765578557e-03
-8.156409889835458671e-03
2.785461941969636333e-03
5.303593099228010033e-03
-8.830406191605136984e-03
7.423097511292551728e-03
-1.486267713881637932e-03
-9.842704496237713110e-03
1.096573729970069105e-02
5.421156441514086684e-04
-4.915814762983149872e-03
4.618775223711819346e-03
-1.690699031578347510e-03
7.825887338924530923e-03
-6.724211167685378507e-03
-8.792696379408642543e-03
-1.358421741405276689e-02
-9.473989825416570532e-03
-9.115894626526108158e-03
3.782709570277723032e-03
-2.195594428676467258e-02
-1.432989625656766464e-02
-3.972849590928112518e-03
-1.148572834096975304e-02
3.879048421599251562e-03
-2.840208085900763901e-02
-1.369891500899278469e-02
-3.228833455664215091e-03
-3.317038048683218499e-03
-4.092173517588471032e-02
-7.397240873101229575e-03
5.821427461535022552e-03
-1.440217170688551374e-02
-1.257963445948329095e-02
-1.036228697095387119e-02
-1.014419774360564297e-02
-1.913063379574064804e-02
-1.525308450013218575e-02
-2.497017080734842409e-02
1.493566739803409149e-02
1.061647993483716412e-02
-1.980162909637361857e-02
-9.135693261671518073e-03
-1.309608990842336951e-02
2.660951100599406871e-02
-5.559558310560852590e-02
3.179593975648553617e-02
5.992359241520528457e-03
1.039015389090547359e-02
4.956364840434934749e-02
1.065426207472344178e-01
1.392963195316276881e-02
4.067967791444826453e-02
4.810694846178154016e-02
3.043484239537352920e-02
-2.224948614361821342e-02
4.439254323977359640e-02
4.636293312042738535e-02
3.128866343806735451e-02
9.216677674996009983e-03
2.460686222635044551e-02
3.649947601611680525e-02
-1.781988848909610290e-02
6.623801151402708420e-02
4.735458138666248651e-02
1.041372177484323203e-02
5.427235648031913939e-02
-6.108071649980328921e-02
1.071930041658863964e-02
2.286522769919741016e-02
-1.064372123732515441e-02
5.221895461896153279e-02
3.015903738862446559e-02
-1.717718193785389147e-02
4.624800671717510525e-02
2.575699453770941005e-02
3.169476234986712271e-02
1.011294065325385461e-02
4.948970251782069951e-02
-8.806207707697133458e-03
1.100927713081567560e-02
7.941873417747657982e-03
2.149236005219545831e-02
1.669465276295856171e-03
3.560866332611167806e-02
4.214302352494314619e-02
1.824520703278675882e-02
1.840521327091870774e-02
2.195289675190625900e-02
2.058930611043763292e-02
5.755602432643147637e-02
3.526337172993221358e-02
3.803810390652273554e-02
2.866383962014262821e-02
3.398373752860406327e-02
2.656757567482559423e-02
5.277191477420251076e-02
2.092767767961190017e-02
1.461447506984558942e-02
-7.267368368830684489e-03
6.695000198997780316e-02
6.659930059423002646e-02
3.152182261426794696e-02
3.637937398402613098e-02
1.800863925966744716e-02
6.448569114900459809e-02
3.675094624246399988e-02
3.446737469369942630e-02
5.185999567607124661e-02
1.959446429057098982e-03
-2.457746532744220502e-03
6.448457467051316172e-02
3.160370347207219766e-02
4.862149033628959671e-02
4.890719700722367946e-02
-2.297557863083898866e-02
2.396874344434207771e-02
4.392719008827938865e-02
1.478030362838200773e-02
1.657162651212118476e-02
2.879806403404217008e-02
-1.135693220796607505e-02
5.672021323846765384e-02
5.863053978009569178e-02
-7.396867781324090174e-03
4.709298894496871668e-02
-6.066373321667484220e-03
5.754099821493730005e-02
2.508550896017425202e-02
2.122003263989968858e-02
-1.304665641947977406e-03
3.778681187752930271e-02
3.296342595269585729e-02
-1.506767325661373391e-02
8.582693891336612424e-02
6.193293832554536138e-02
-4.190118666840625394e-02
-7.215814913159146471e-03
4.992081006028215029e-02
2.570872079001862431e-03
6.295148124318172833e-02
5.816545450426113817e-02
1.454922667769364963e-02
-4.958936644738898281e-05
3.989105443005236395e-03
3.746826944929004810e-02
2.934854808086173605e-02
2.391380035540935367e-02
3.344201788887701809e-02
4.870212203548351937e-02
3.757343542363367206e-02
-2.895127065698943625e-03
8.051649375481240156e-02
4.443637933144128915e-02
7.131208260853338921e-02
5.001775566946031759e-02
4.421311247278492118e-02
1.847549928609759640e-02
6.028846524717246247e-02
3.163494303041303191e-02
6.218156339862246362e-02
1.510675459201826776e-02
3.273590920682867278e-02
3.021147779616972784e-02
1.094782243551417622e-02
4.509546581755818906e-02
5.976848458495398475e-02
4.288657938225970412e-03
1.006476550799764169e-01
5.962876613211376409e-03
7.386217403889294708e-02
2.518923468397149534e-02
3.179621375566243913e-02
3.433983361673920154e-02
6.750976258916685513e-02
-4.082995255316856920e-03
1.805971535064765376e-02
3.852292747040020338e-03
-1.628165285888316660e-02
-1.590060104459756207e-02
1.064628845222015396e-02
-2.683814532944051034e-02
1.000606758721078737e-02
1.654878675561455292e-02
-1.838108696543250264e-02
2.666648826707040953e-02
2.478862023204686515e-02
4.084912383530769908e-02
1.656801401594032441e-02
-2.868330098100346781e-02
7.166054247580833092e-02
-6.810175180834665554e-02
3.671394800080785004e-02
1.123475981519761469e-02
8.263131939984846852e-02
-9.167621285722793445e-03
4.280074723094218214e-03
-2.023603665429196674e-02
4.417806187647932425e-02
-5.049972812997394200e-02
-6.758941945484764346e-03
3.003167194832845333e-02
3.891518539483218575e-02
3.453725881648650464e-02
-6.959870460352846067e-03
9.747754234044059274e-03
3.113632000450117232e-03
1.140851419357025165e-02
1.967598594496022812e-02
-3.244315762835237038e-03
1.442663461103177447e-02
8.814672662764655442e-02
-5.657095064418360408e-03
-1.501615521652688301e-02
3.462652659774034802e-02
4.375284026710613006e-02
-3.829335800995825601e-02
2.642421761712410166e-02
3.380262736618622199e-04
1.590727291617133332e-02
4.414276716890541685e-02
2.365256153188699528e-02
2.611221511620098745e-02
3.087475691312335790e-02
8.883938183828821167e-03
-2.502947377065911638e-03
3.252663387086007774e-02
6.011317852672082296e-02
5.311330586157403388e-04
4.587569089670617828e-02
1.292420182781039983e-02
7.472732760270606178e-02
-2.859012979559949486e-02
6.851715887418041717e-02
2.883238269358878725e-02
-1.000503105062389153e-02
5.874862115365919735e-02
-1.628775433563900421e-02
5.992467556166580778e-02
2.819514351718011014e-02
5.453349114715244639e-02
-1.724783540637542245e-03
5.124837587306840803e-02
4.150917596330128134e-02
-3.247434709885155257e-02
1.902031264827819257e-02
6.147678066873929481e-02
6.136905435998318836e-02
5.723491495533528095e-02
7.703209560929602517e-02
4.086663919652488985e-02
8.727104580335875994e-03
2.972187535654136070e-02
7.186393489919540301e-02
6.033185459629186731e-02
-2.611915745406090394e-03
9.016696569433224617e-02
4.071031411628012187e-02
6.638510206204673025e-02
5.667549687146378190e-02
2.384970092840865696e-02
2.292342756225917988e-02
1.604511834127375636e-02
2.707312972484809954e-02
9.057914645470321879e-02
-3.528388117036884708e-02
5.752146527157808720e-02
1.190480921868330988e-02
8.303419738137396422e-02
3.402210354630286204e-03
5.538828654009786412e-02
-4.325719033348007780e-02
4.749749792736901455e-02
5.825455454439376624e-02
-3.875521873433873665e-03
6.568134015390980629e-02
-1.581481161177911154e-02
-2.782673495831300414e-02
4.026217771807383272e-02
-2.325259724251904636e-02
4.865565315059161566e-02
-3.105398866161812599e-02
-1.618102318247194304e-02
2.115789096697962002e-03
2.841435245826673395e-02
2.585586499398528915e-02
1.701354956461131884e-02
4.388013967280257610e-02
-3.107465131527575863e-02
2.918114671471494503e-02
2.350906772527738831e-02
-2.310441348378544646e-03
4.464957091317200977e-02
1.244109577633212282e-02
-3.377140207288809037e-02
6.715579270227478581e-02
-8.187495425738156030e-03
4.716598973748675760e-02
-1.127227331291802415e-02
1.016752891797167990e-02
2.386541621427329396e-02
4.485005952714171684e-03
2.773736912289681555e-02
-1.120938100272605986e-02
3.858289528654701428e-02
-6.192763600827211334e-03
5.760763932536994147e-02
3.358227889572873437e-02
-1.920994264657904793e-02
2.696823165935624544e-02
-1.517435500815267346e-02
1.326313453573924050e-02
8.538470425345190407e-02
3.007409018338957907e-03
7.116779850348642356e-03
6.087096544701520173e-03
3.405298271580647906e-02
1.431172110745748682e-02
-2.174912043577448273e-02
3.373105721158253800e-02
1.924418755529799796e-02
5.811117162409429326e-02
-1.791682170313135813e-02
5.293586738169953065e-02
5.430540666013561335e-02
3.030843570289487587e-02
3.051603854957596340e-02
3.500819362826224079e-02
5.176679975498688080e-02
-1.729791539720437754e-02
3.178306530105912131e-02
-1.847487090615107519e-03
4.074021420126072712e-02
3.447358682041157252e-02
-2.141038821434060324e-02
5.612429817880215666e-02
1.693333797144225272e-02
2.245191733650608867e-02
5.404263492011329717e-02
4.225445991772414089e-02
2.332309648663422053e-02
2.535509718951889369e-03
4.418059604430801812e-02
3.256856043768374676e-02
4.970267255802474082e-02
5.291830350293436069e-02
5.777292688264568099e-02
1.558049737518230060e-02
1.603909106304124421e-02
-6.910863427494806643e-03
6.236687408164298674e-02
6.629192999839883527e-03
-3.446719694819133650e-03
-1.616079627961397591e-03
3.960389202237912798e-02
2.477489180232295141e-02
4.539845909698048132e-02
6.753838433505388039e-02
-1.393651563771802770e-02
6.919643572895939343e-02
2.265865930691912666e-02
6.101846985850034599e-02
4.605073252698277386e-02
2.125771620524030681e-02
6.096499386697518119e-02
7.890757480214105613e-02
-5.254088694716241292e-02
3.805403825705777621e-02
5.139196627627606873e-02
3.858237365986916245e-02
1.037235614490317204e-02
3.936893038951616575e-03
6.432912294302139955e-02
3.082005450194635898e-02
3.879733086309622436e-02
1.939014276646089385e-02
-6.763520543251910766e-03
6.399154081848035247e-02
5.858659640540109237e-02
-4.147767565882976015e-03
9.860844030459148257e-02
7.456271488134103009e-03
3.812673454436854570e-02
-6.952059473451566163e-03
4.098667354932228335e-02
-2.816774670145427706e-02
4.169516930773653485e-02
5.641432193458717492e-02
4.967945632363246489e-03
3.387346799306545364e-02
7.884960799784401786e-03
-1.527696325516370024e-02
2.949033293559200075e-02
8.243328117348847073e-02
-6.859090168196413373e-03
4.197959132595441289e-02
4.419363602073511643e-02
1.442526333773219704e-02
4.297049811270392539e-02
1.221236907548917117e-02
1.533510931611425931e-02
2.345441029948514000e-02
8.315270088519710612e-02
3.243731865337906584e-02
1.909579895079449585e-03
7.230406481203299762e-02
5.660507683000748358e-03
5.046983177586383817e-02
1.960215930917241778e-02
5.409334942219290454e-02
6.507635697003877340e-02
1.255874368447829070e-02
1.462715253415680650e-02
1.352713605279567410e-01
-8.618778518044933890e-03
2.391414237367506246e-02
3.058607522164180637e-02
4.096550537145438042e-02
-3.050148708797317809e-02
2.453892705264681950e-02
4.560807731158522671e-02
3.535188262437927165e-02
1.446038297860496868e-02
1.205051450485772335e-02
4.286418879861075837e-02
-3.341801120226861599e-03
2.325730264002512371e-03
1.906291805480764268e-02
4.158007739749125520e-02
4.004448002812521779e-02
-1.296864424578680897e-02
6.944425327003145298e-02
1.038800495728908757e-02
4.893447482379720270e-02
3.467574763145853112e-02
5.738084173243240826e-02
5.783376101349446685e-02
3.028926594308511966e-02
5.352031662446909976e-02
1.770477875196485584e-02
1.153872766532062499e-01
2.724619876284561926e-02
3.906767464409943713e-02
5.443196555165119577e-03
1.074173430160367815e-01
3.836463386626087768e-02
-4.293299942832451421e-03
9.397348849772102497e-02
-4.078987127808764157e-02
7.089587862658053297e-02
1.513394891547248378e-02
5.559411978781758634e-02
1.328953977070224113e-02
9.226500330180886777e-02
-6.063458406963651015e-03
-1.276055147042232107e-02
5.999889237707467515e-02
1.710576002744979007e-02
7.762465318883737808e-02
5.887165774811276009e-02
1.632518340724686823e-02
9.160799185503476494e-02
-1.955488429547491691e-02
2.358149777011142589e-02
7.433050820063646924e-02
2.470202076297933758e-02
4.704575078253325771e-02
1.183754979021500731e-02
8.591329088900900857e-02
1.202913795607685188e-02
6.340047815727523073e-02
-1.398041065121979898e-03
6.818172556869450673e-02
5.256492977489157781e-02
8.945731257570699313e-02
9.776315217285791448e-02
-4.909820226926875364e-02
-7.982449254068768596e-03
1.667400621791648163e-02
4.825335453404688835e-02
4.732172104384302358e-02
4.903463908455441000e-02
5.062179956144552406e-02
5.338895479507188568e-02
2.494499112254944251e-02
7.862826997371952231e-02
1.269036246146977298e-01
-2.063730366871352473e-02
5.057801609035106338e-02
2.212812370165773146e-02
8.892079412754672063e-02
2.774973754126053294e-02
8.228828172439017763e-02
-2.825414653445124102e-02
1.154782074231719413e-01
6.796681726862940920e-02
-2.886219319836635933e-02
4.188807287330398310e-02
5.232812237584716364e-02
1.090787196631781697e-02
8.766866246925220096e-02
-1.337433701129953079e-02
4.713805500321122111e-02
2.470967638818377665e-03
7.026715141560013755e-02
-1.328509698708568720e-02
2.047514153083129784e-02
4.696607123306995035e-02
1.163553953360265680e-01
4.809836715496462745e-02
9.008082907311654175e-02
-1.222196658968295324e-01
1.136259605216156654e-01
1.515229792563894673e-01
1.276234497909389809e-02
5.142195013687511640e-02
6.664262892574157604e-03
1.726629953469005496e-01
-5.147074530246809054e-02
-1.009995716194975746e-01
1.367283017033349424e-02
-1.221517466593735612e-02
-2.752485670319626543e-02
7.550472267171470797e-02
-2.787495856588217968e-02
8.144325308302069466e-02
2.793929165085340394e-02
2.319031702346219248e-02
6.293459533957657115e-02
2.767116027157801028e-02
6.428894798304995994e-02
-3.761179955116422668e-02
3.829180431384227035e-02
-6.107567700562643864e-03
3.388824583114802280e-02
2.072923055230169176e-02
2.671006225180905247e-03
-3.991091543787983476e-02
-3.428085501278710368e-03
3.991370469936050824e-02
2.496085990500307439e-02
-9.034333116526349627e-03
3.141554263794921198e-02
-1.009050777706854696e-02
7.527099510044266140e-03
4.798504617350651813e-02
3.226949488415931100e-02
-3.084441749920197040e-02
3.825685520902410985e-02
5.769819980562340689e-02
2.589143356663692330e-02
1.394885160714398609e-03
7.833399945387675700e-03
8.004021319460985495e-03
-3.691544379935329800e-02
5.546742345411237451e-02
7.380980157378758122e-04
-3.055535259879338383e-03
-5.143190368447836391e-02
5.026647619954172086e-02
6.669077731947758991e-02
-1.970249048819150417e-02
-5.410838791654271063e-03
5.069375621208171978e-02
5.420244843455090944e-02
2.530343449141403411e-02
-8.041303128331733774e-03
4.318498388443758884e-02
8.936311955382247874e-03
2.735581689659349891e-02
-5.121155604030036557e-03
4.034086788021706838e-02
2.919576783894717309e-02
4.655652279958744089e-02
-4.408366404938135474e-03
3.141799075121820550e-02
4.923259308935801215e-02
2.327899207709327456e-02
1.444487692888207775e-02
1.440821123448277064e-02
2.449300319386749081e-02
1.692837009622438771e-02
4.421373136166728557e-02
-9.290355506138325836e-03
2.189390614681885339e-02
4.584188060772564910e-02
1.933313216991461303e-02
-2.328320247763748796e-03
6.802492115909153370e-02
-2.040834690863135847e-03
1.951480215372924931e-02
-1.281427057416451021e-02
1.103843124545011989e-02
-1.847783208789977039e-03
2.862255874489427754e-02
-8.637468065306741494e-04
-3.784543949571839150e-02
4.713871264198488120e-02
1.262756332388370595e-03
1.570152748513775620e-02
1.129309716673310149e-02
-1.246586355381040789e-02
1.722740588756632718e-02
-4.286716432545256694e-02
7.428451791946777405e-02
-3.493416452986242149e-02
2.774620094514368418e-02
4.243464303967403595e-02
-1.024889559930475258e-02
1.675208085423518511e-02
4.837550659050737778e-02
-5.273246608519910339e-02
3.791295469418898278e-02
2.000304764418681103e-02
1.813450303039898515e-02
4.351462096956781878e-02
5.029944274097308821e-02
-4.329244868830617321e-02
7.466737646287135988e-03
3.647434795368997840e-03
1.390677415227736802e-02
4.594785167328874209e-02
-9.143338484174368119e-03
3.555525252016300541e-02
2.377004739418309143e-02
9.099771725268546163e-03
2.019365927225891255e-02
6.491643892368870183e-02
9.856859229093739572e-03
-1.228404755444900687e-02
-2.685996918155275637e-02
4.561962530201801869e-02
4.510887868191693073e-02
2.240947862890196873e-02
5.308239806632286673e-02
-3.151168936576276280e-02
3.434853810941085328e-02
-1.324883047139246983e-02
2.725906776013253818e-04
7.214046915517080549e-03
5.775425275491175015e-02
-7.454482762332848012e-02
8.313339458343449451e-05
5.269172764311402801e-02
7.508428986877202505e-03
2.900489103290704307e-02
-3.022406309357483778e-02
2.945121197576749950e-02
-1.797575729084988083e-02
-2.987291770141142777e-02
-8.904358205829687734e-03
4.800240191840110526e-04
3.466089620348267175e-02
4.668706252778198618e-02
8.711527216620051917e-03
2.038175063010960741e-02
-1.109511994119216638e-02
-1.018259329804171998e-02
4.556513364258263366e-02
-2.793369664895983817e-02
8.556726320522400897e-03
-1.833328075108253685e-02
2.866808308669410721e-02
2.635061785405445889e-02
1.315286963888517846e-02
-6.293424417521009673e-03
2.711758571184219591e-02
7.592508141567311242e-03
7.727020223891933881e-03
1.376690108564559978e-02
3.546087318704937985e-02
-1.689066677794359705e-02
1.891226988222127758e-02
1.056344489289617883e-02
1.341950823125914738e-02
3.107682564410030324e-02
-1.459338776571827978e-02
2.029304257816910706e-02
5.988680841921834030e-03
2.446323282508267027e-03
2.604665741957168379e-02
2.507836713000699547e-03
1.593087071661658527e-02
-3.907402748690635974e-02
-3.515403168292108305e-02
3.195653984025970118e-02
-1.236749038224660424e-02
1.407694800896397425e-02
-2.067530068314171743e-02
2.823334709703573253e-02
1.705992450711990571e-02
6.207344150863391974e-02
-4.189301833758207749e-03
6.900276833416985056e-02
-3.878723700447350708e-02
3.346666987426027973e-02
2.656106467359320433e-02
-1.894461253082857510e-02
1.332813298077795139e-02
4.473072294112201419e-02
-3.095611074783999328e-02
-1.321167617397644989e-03
3.485290657934170255e-02
4.277050916598490460e-02
1.083661422374770922e-02
3.068417973826953471e-03
4.728274459164527599e-02
-6.145554375840145411e-02
1.782485480955298129e-02
-1.184965281631678025e-02
1.064540763543719848e-02
2.821945350611176906e-02
1.348369855506792447e-03
3.355538771742327953e-03
-1.668559559801985337e-02
-4.297648820839783390e-02
3.374574880572378532e-02
-8.632565402086678219e-03
-1.546026920841514496e-02
3.220912893684424461e-04
2.617052941343311900e-02
1.248863237939024096e-02
6.891954283974732753e-02
8.098957949580487536e-04
-1.578507318554467354e-02
6.062391589355642374e-02
2.438549041690296626e-02
-2.271377903395843667e-02
3.100224876410195840e-02
3.971187408413512365e-02
4.520273090808180072e-02
3.890024393315894002e-02
-3.978304946337662962e-02
3.122100990098508611e-02
6.449443842085234024e-03
3.168451373233449608e-02
-1.370554778035493193e-02
1.517839835255618830e-02
-1.175164522277927226e-02
1.416202524734042623e-01
-3.397727197207867089e-02
1.073104840311058794e-01
-1.831770215794525924e-02
-1.992079365824472870e-02
-1.263204522935790219e-02
4.117444563198624508e-02
4.691413784331688319e-03
1.478634323921368399e-03
3.700105194472436132e-02
-7.934020990844503629e-03
-9.163071834915714753e-03
2.808882775016097177e-02
2.342229305735032963e-02
8.732922018240940609e-03
-2.768535635700208886e-02
4.097843106475840269e-02
-1.263988278925431974e-02
2.612471993977516505e-03
1.698118504559609221e-02
4.765648489843843372e-02
8.652210022247253107e-03
8.056956067207687866e-03
3.657760314354885356e-02
-7.399279657574864277e-02
3.514021710903647566e-02
1.956085097036996956e-02
3.457968250325371695e-02
2.697591205591848285e-02
1.140684102154471136e-02
3.687868197143767679e-02
1.649970075951220916e-02
-2.050453726153450562e-03
-3.091723650908827226e-02
3.213671945263999602e-02
1.617508981737456747e-02
