-1.956123032116145466e-01
-1.418181796584368770e-01
-1.785979830412473823e-01
-1.772263550717249336e-01
-1.570237809281323782e-01
-1.965783920518318715e-03
6.830710473534723493e-02
2.678355259873856434e-02
-1.751874969487735717e-02
-2.942938207155695179e-02
9.787619945271069932e-02
1.474954898659098512e-01
2.033614684262191885e-01
2.370474146905522106e-01
2.091340119668140818e-01
1.126781970045104692e-01
9.062774335957793359e-02
2.407493852471544009e-03
1.352599920044115223e-01
-1.932967190431613969e-01
-1.495154585464166241e-01
2.232948869873921383e-02
-3.113848231232707597e-01
-6.473017583442282341e-02
5.083121615389706305e-01
1.449974741855290628e+00
2.809117696081287807e+00
2.500188081271709439e+00
3.609011567453551894e+00
3.119618430319789137e+00
2.808259759568404235e+00
2.829967446675018650e+00
2.740044130011212609e+00
2.138070638990018590e+00
1.466602310972387357e+00
3.223942525320167563e-01
5.085300387512485705e-03
-3.730790422292975528e-01
-3.528535014448420104e-01
-4.730770834617892273e-01
-5.087642066478026415e-01
-1.305347603921650779e-01
3.519746235921095701e-01
5.762591320760463987e-01
1.001578828012336109e+00
1.052196124348627304e+00
1.735521469037277997e+00
1.897328052185078384e+00
2.132583541554828432e+00
1.790310377096708594e+00
1.784022731022719910e+00
1.842496969943282714e+00
1.672351646649829826e+00
1.698615215511175114e+00
1.621320740342053091e+00
8.122975180394241823e-01
2.927133096089034117e-02
-1.302476531486469746e-01
-3.119938713600884372e-01
-4.550708345004773059e-01
-6.122489719088233251e-01
-7.186519675145558450e-01
-7.991297005545419108e-01
-7.271536888359848572e-01
-4.954625581457643979e-01
-4.804372402159100552e-01
-3.992048135651383722e-01
-3.199415981251108043e-01
-1.287891595889543994e-01
1.075145726356888654e-01
2.700245176540873038e-01
3.309847450108991951e-01
2.169674531583276611e-01
2.441450820627124874e-01
3.368608316500462663e-01
1.665757726509943248e-01
2.825172397769957211e-01
3.491335888839491308e-01
6.147221832319600399e-01
1.344193785295064725e+00
1.633629785079865782e+00
1.780480805662130184e+00
1.914224442585181540e+00
2.042317087599495373e+00
2.325906589735968755e+00
2.785830901626477285e+00
3.410034070892051350e+00
4.131094119588451186e+00
4.370454616518185453e+00
4.874951214577157188e+00
5.648529920975991381e+00
5.441678696238129831e+00
1.316595271243892640e+01
7.136336970224823162e+00
7.745740794344198044e+00
8.297006769613268773e+00
8.591488947935333798e+00
8.959538863600444714e+00
9.066099017122299486e+00
8.870740697670360220e+00
7.745899397998151414e+00
5.940579656181842694e+00
4.803027665080801256e+00
3.331076029110323855e+00
1.850747494100151824e+00
1.128901426820269199e-01
-1.311222586302450921e+00
-1.676411307572202025e+00
-1.532916180443948617e+00
-1.406722854100801001e+00
-1.137235913079562177e+00
-9.952328854815604142e-01
-8.308564159671408822e-01
-8.449259586902732044e-01
-9.278325475641382436e-01
-9.299122703874636020e-01
-9.578681809480635856e-01
-1.217968589237910626e+00
-1.534821745809610505e+00
-2.154771129964434095e+00
-2.781290817072857635e+00
-3.397838533110873360e+00
-3.728823547201868926e+00
-3.637346358444201844e+00
-3.623498446971570530e+00
-3.612563304061282565e+00
-3.917625914776606155e+00
-4.270966985463679144e+00
-4.807444142762587802e+00
-5.562936158338325221e+00
-6.143443940454774932e+00
-6.279892246480408780e+00
-6.136312193692948114e+00
-5.987946012609266511e+00
-6.019787780044453918e+00
-5.792251428594368257e+00
-4.767160863014082040e+00
-4.493381903867797789e+00
-4.640406145440721275e+00
-5.554497694072776603e+00
-5.619054377182467697e+00
-5.439670304467672857e+00
-5.138271653665809957e+00
-4.753510990738375241e+00
-4.304469956444322065e+00
-3.563045481972627382e+00
-3.621424983296518185e+00
-3.583317581411071817e+00
-3.588465877775206536e+00
-3.440596877250146512e+00
-3.262592519438542116e+00
-2.789037094658775029e+00
-2.733950108198190954e+00
-3.382712637923070531e+00
-3.769748728069609367e+00
-4.161946009759893705e+00
-4.518753700959195818e+00
-4.081462078784128700e+00
-3.909271292187991520e+00
-3.662680090859526061e+00
-3.581917050405269087e+00
-3.694501695664641705e+00
-3.799844098055592312e+00
-3.230371778677902928e+00
-2.880704826350720893e+00
-2.752483664486634840e+00
-3.008166045596914806e+00
-3.096343702027601896e+00
-3.830834717523388999e+00
-3.523936624733536860e+00
-3.960670869389468773e+00
-4.346902019642850057e+00
-4.226442184230566390e+00
-3.198458483851501555e+00
-3.087821027216670178e+00
-4.787335586128339315e+00
-5.694758946717678683e+00
-6.162273486413878842e+00
-6.677013298532279428e+00
-6.820534429826400569e+00
-6.775054283525157928e+00
-6.996049411363342685e+00
-6.929202241697772990e+00
-6.762464885465357511e+00
-5.639673945784720921e+00
-4.872702225614697014e+00
-4.284355573771367887e+00
-4.052656834928534124e+00
-3.937366221351477957e+00
-4.119730130961841930e+00
-4.129753375898292944e+00
-4.608031620172651444e+00
-4.981430468337339157e+00
-4.831127077923622615e+00
-4.673273067445853357e+00
-4.357614246237064393e+00
-3.787618681234662610e+00
-3.312897574140666546e+00
-2.953991938360973180e+00
-2.612189396640629990e+00
-2.267426603665070761e+00
-1.520306431905225741e+00
-6.170803096271323396e-01
-4.205162642231381476e-01
4.173464857871913569e-01
1.682518720500713938e+00
2.800678235855352582e+00
3.727566290619018119e+00
4.228469647254260444e+00
4.649137763781435950e+00
5.460173462084347840e+00
5.617885302317396246e+00
5.762455166479120372e+00
6.287913143052448639e+00
7.325826451672011963e+00
8.313476358559839241e+00
8.914529159013165227e+00
9.391814703989417978e+00
1.048501902537855202e+01
1.125180372459917422e+01
1.234241825153359251e+01
1.238638222101584851e+01
1.214466962330416067e+01
1.051116386765060540e+01
7.028360842580984702e+00
6.171776652524657791e+00
5.962814731051062189e+00
5.633565720813210831e+00
4.557561773231369351e+00
3.355077494108831715e+00
2.389622581416114500e+00
1.431813803698300802e+00
1.249060828028504544e-02
-5.817683983256742852e-01
-1.176667260042256524e+00
-1.025495925132078989e+00
-9.617013085365693215e-01
-7.726302941399056934e-01
-6.805629527495024034e-01
-6.848641310749710165e-01
-6.985547681329786762e-01
-6.529873866336386445e-01
-6.348051444466130677e-01
-5.443331454098782052e-02
3.790845621268031373e-01
7.317016219244869557e-01
7.599903215625910535e-01
8.958824156239522107e-01
8.442865134519978998e-01
9.369191862722461295e-01
1.864336526087556845e+00
2.091791627238113183e+00
1.678524238799530277e+00
1.073688764825412090e+00
1.257592208713713244e+00
1.078559561335188155e+00
1.013745937371426598e+00
9.770712511080391627e-01
8.268459929471788650e-01
6.686425574179813980e-01
-9.330057139859380955e-02
-2.435000668714373817e-01
4.580821809443323678e-02
1.925551409040532347e-01
8.160700148814908905e-02
-3.956759354402054202e-02
-4.585247879350285993e-01
-2.175336520995920508e-01
-2.029224244557005230e-01
1.615466196157427578e-02
2.561435807909353546e-01
4.485785184101187539e-01
3.965653151783196106e-01
5.078676640321662106e-01
6.312018493412698827e-01
1.248637448499097191e+00
1.013147435423706888e+00
6.572979225749839838e-01
4.425555887101512709e-01
4.771293599455847523e-01
3.527948533363856054e-01
2.681776620330553196e-01
2.255254331310809768e-01
2.128705431009643156e-01
-1.182801394456111689e-02
-2.463504261249076788e-01
-3.283546607974672238e-01
-2.444648417949561447e-01
-3.332939980787645307e-01
-1.639781693938882901e-01
-3.405693972066592412e-01
-4.979038651929394432e-01
-1.037210977152915437e+00
-1.631798305588150644e+00
-2.947569069156002808e+00
-3.956790016824555334e+00
-6.589745995307108473e+00
-1.055806340294759238e+01
-1.268961817756102128e+01
-1.417670498019788816e+01
-1.444953922317630379e+01
-1.582793651905410925e+01
-1.720045346290975985e+01
-1.684440993230517591e+01
-1.816384273299867758e+01
-1.954270124371871376e+01
-2.087578216326176772e+01
-2.197112038208561913e+01
-2.296241993614683352e+01
-2.305382866465633285e+01
-2.324184639987809931e+01
-2.100270798095580815e+01
-1.498187573815465079e+01
-1.103670385972771584e+01
-8.109825195280309984e+00
-5.411339866864397052e+00
-4.750414571366923688e+00
-4.611638385441212407e+00
-3.515155093953104437e+00
-3.040384370042680029e+00
-2.819441970369858552e+00
-2.675508397777590197e+00
-2.592851095588065924e+00
-2.586856518526378323e+00
-2.567306286278236094e+00
-2.537205156085151625e+00
-2.464146968796676607e+00
-2.270550174786385433e+00
-1.540271032522771977e+00
-1.060072459968978587e+00
-9.329851127509291020e-01
-3.279628347748021477e-01
-7.477878631083903493e-02
-1.506812508716090793e-01
-1.759532371668792450e-01
-7.315155311226043677e-01
-1.205009204207619922e+00
-1.252039486160471116e+00
-6.596343473338751595e-01
3.152131754667240049e-01
4.541135314618231500e-01
2.309138961146928182e-01
1.124887860416096813e-01
-2.700261084893691432e-01
-1.529819209119922807e-01
-1.957785000923839835e-01
-2.786529986153067351e-01
-2.768189779824904995e-01
-2.775613743564090408e-01
-3.885970213650777882e-01
-4.877658060006597740e-01
-9.743767747163564197e-01
-1.094487637239742739e+00
-1.539502289065641794e+00
-2.038661676338210604e+00
-2.093583651574697058e+00
-2.067064405054495513e+00
-2.091379668666982106e+00
-2.085778039915435755e+00
-1.651970178154539948e+00
-1.700266051286626556e+00
-1.591058579017926800e+00
-1.630171968224471302e+00
-1.570929154847294562e+00
-1.586056058306158256e+00
-1.346469477807230586e+00
-1.519577097138901545e+00
-1.615302062442699027e+00
-1.930889034200138132e+00
-2.006294245300061174e+00
-2.058125377878999185e+00
-2.020141336416250599e+00
-2.061130862640411898e+00
-2.078388923375338315e+00
-2.262092283515445335e+00
-2.691005918498831750e+00
-2.968102647484446965e+00
-3.602155994271167838e+00
-3.573697448561865553e+00
-3.504628661447039217e+00
-3.052538163850001318e+00
-2.963589706779893085e+00
-2.951474368830599548e+00
-2.694302525196788700e+00
-2.851838636967912954e+00
-3.128678472996224702e+00
-3.074412622553999164e+00
-2.829101060445616600e+00
-2.551005323728860574e+00
-2.499703009327843617e+00
-2.530338296166264378e+00
-2.179398227962348056e+00
-2.137787609709144832e+00
-1.726061095148231805e+00
-1.216227699622739022e+00
-1.194446941570197263e+00
-1.332738088300221779e+00
-1.454157124320451855e+00
-1.311724793107751141e+00
-1.334934039123716332e+00
-1.174567192857402409e+00
-1.125875132228373765e+00
-1.037941243936250757e+00
-1.044637893803639139e+00
-7.563732322128352559e-01
-7.696729389242047692e-02
-3.528756187233400565e-01
-3.279882716668736792e-02
3.784808634821226064e-02
4.883707708789662011e-02
4.027237130839201873e-01
4.252160781340785789e-01
7.344394625198452653e-01
9.536405467346290576e-01
1.033628127650342288e+00
1.016012551740521630e+00
9.128510714458555331e-01
7.343848673971182794e-01
6.864160639499015115e-01
3.588047300963451147e-01
2.972528138399521680e-01
2.438282520690452926e-01
3.423072833976540941e-01
1.619737024870084030e-01
1.811648950501219824e-01
-2.739582706073471763e-01
-9.012354076556057247e-01
-2.542446696624752089e+00
-5.430666842670660799e+00
-8.474340518869400540e+00
-1.314518389805121679e+01
-1.673851073929881395e+01
-1.776427195181507912e+01
-1.744586339724613921e+01
-1.688393594823047295e+01
-1.732127477926179182e+01
-1.583414281605187846e+01
-1.573739123104758342e+01
-1.463610221265580691e+01
-1.292954780514561541e+01
-1.152838500399239940e+01
-9.675982331043744722e+00
-8.369635348776137462e+00
-7.408698969842257398e+00
-6.937446087445182208e+00
-6.688108350376865907e+00
-4.846877111070199362e+00
-3.219875376285179058e+00
-2.571490279254311062e+00
-1.763161198544707098e+00
-1.313474171235744503e+00
-1.326589388404147529e+00
-1.319936871077015850e+00
-1.273082962232739312e+00
-1.184076813795523542e+00
-1.333605235372204323e+00
-1.055852989471218306e+00
-1.146183434202847851e+00
-1.063055829773170702e+00
-7.769177939578056913e-01
-2.071018955271712592e-01
6.865812648611069324e-01
3.884665015648304798e-01
1.093850299332233961e-01
-4.548638520809099306e-02
3.808721052491607639e-01
3.474451611908467297e-01
6.614222732378227665e-01
8.323706396570889066e-01
8.137779083473503094e-01
8.383013786235112841e-01
8.906984311527550435e-01
5.383363680523330919e-01
5.222001756698352315e-01
5.745187067382008239e-01
4.927878596278554291e-01
3.134649116632096111e-01
3.020811830594863912e-01
4.357495630002467674e-02
-1.721989039540717387e-02
2.549162393607580235e-01
4.794771581606711575e-01
3.875400596157942412e-01
2.713637337212447820e-01
-9.859585734880808860e-02
-3.074909297651454154e-01
1.220187491490351203e-02
-3.060852907636380515e-01
-4.428050837644473825e-01
-2.699976692931371214e-01
-3.352214726012718859e-01
-3.207206178653240203e-01
-3.124793393259985286e-01
-4.273951022707920822e-01
-4.988570641765838198e-01
-1.819776737603537864e-01
-5.233075650502717197e-02
6.237485508513763988e-02
-1.651716531845618119e-01
-2.283805637817015177e-01
-2.450976187588305710e-01
-2.668224678138363948e-01
7.791889678268959507e-02
3.793357689294774016e-01
4.593201958984594047e-01
2.672758215751924182e-01
3.590632071855099361e-01
1.381158494596222142e-01
-1.192512170470219485e-01
-1.287109799852561784e-02
1.079236580207804247e-01
3.684886504241684513e-01
3.216274421325556743e-01
5.490188886128680723e-01
1.025005220583730531e-01
1.301504424085477007e-01
1.895196425962651920e-01
5.755744912151472548e-02
-3.315892441100422583e-01
-2.247312061087244628e-01
-6.468807467073733886e-01
-6.813792469495227877e-01
-7.221437935409087405e-01
-4.478188391617131114e-01
-3.090151645083555332e-01
-2.726260829262104335e-01
-5.055608952658678934e-01
-6.530088210829504414e-01
-5.459872193040317123e-01
-3.802644989695098121e-01
-2.407985803814804981e-01
-1.828525326136352103e-01
-2.780622856482334315e-01
-2.572498211908715859e-01
-2.927871608610980725e-01
-4.028855202319283624e-01
-6.601846724256028587e-01
-6.966434395493206200e-01
-8.242703198203548132e-01
-1.306008313534683385e+00
-1.371768798847993409e+00
-1.388081688354897203e+00
-1.358833533676482963e+00
-1.245879742053075612e+00
-1.035355487697573906e+00
-1.076885776458070154e+00
-1.096710501432835105e+00
-1.048326945951169709e+00
-1.276672148167687038e+00
-1.096954579961102016e+00
-5.256838607070573044e-01
4.017369869221048551e-01
1.119067721898916901e+00
1.478241199128248473e+00
1.552546957772316327e+00
1.613218523007917904e+00
1.574313879269455763e+00
1.468875457298456588e+00
1.547582752940839912e+00
1.471832946204723713e+00
1.149765640618608753e+00
6.724310388442293895e-01
1.483235720408154490e-01
3.527899627508469804e-02
-1.052514939449225168e-01
-1.226333064225905989e-01
-1.558707999572830627e-01
-5.500030453145690612e-02
-2.157677168266328160e-01
-1.375590804083090535e-01
5.573483700835264731e-02
-1.076224120956920383e-01
-8.520512081114287040e-02
-1.207534902362956963e-01
-2.150002308232910331e-01
-2.929277651824578332e-01
3.111893804011139908e-01
7.671067934736320870e-01
7.202519939986642417e-01
7.644439129289214430e-01
7.226873727913800671e-01
6.243289651977338428e-01
5.865680786372734490e-01
6.097361821932484327e-01
5.069439054381158494e-01
2.842821291552306007e-01
2.861799231068010152e-01
2.363370597994699507e-01
6.245745286978576782e-02
-7.404967137001781941e-02
-1.345734677585804229e-01
-1.503717768136954847e-01
9.836432940337122566e-02
1.226482672246466676e-01
1.388726881748863218e-01
1.036153636420848734e-01
5.984234144144220252e-02
-1.426279289503890324e-01
-4.330172981602171123e-01
-5.907156974509556457e-01
-1.010476129969272607e+00
-1.721038647548200240e+00
-2.777646074730266257e+00
-3.760188553994295191e+00
-5.557631259143724911e+00
-7.079141478038384783e+00
-7.103929021838019331e+00
-8.743410282637128716e+00
-1.145499440394349833e+01
-1.211214355143175858e+01
-1.258385924172267245e+01
-1.371311571061314893e+01
-1.480530075266493917e+01
-1.595613979525234427e+01
-1.785666796265884315e+01
-1.906672215551049021e+01
-2.059335512907692944e+01
-2.120671150839296004e+01
-2.145794142515194380e+01
-1.916171595518921222e+01
-1.727838658309222453e+01
-1.372554985644085335e+01
-1.235164624186177385e+01
-1.274163098264181748e+01
-1.364067242186705542e+01
-1.421492676380835363e+01
-1.319780433600762493e+01
-1.029119707767762293e+01
-8.925580924018035489e+00
-6.850035476509505727e+00
-5.446487444069572526e+00
-3.565414346335071372e+00
-2.491251829448041022e+00
-1.584810470094482726e+00
-3.520531137941435018e-01
8.972298171046164672e-01
1.190949124146761351e+00
1.709497834305648833e+00
2.007236241763605822e+00
1.835743466234321053e+00
1.684259409765536564e+00
1.503428340244472583e+00
1.380590142080299509e+00
1.266212859933850243e+00
1.067933133951370683e+00
7.771971182958358204e-01
3.401277912585913277e-01
2.122816189460952352e-01
1.434729002795387953e-01
1.544476573430572375e-01
-1.052293856057696236e-01
-2.570271250758667247e-01
-1.824401358068204748e-01
-1.363079084962807996e-01
-1.112125226351830670e-01
6.438812975331342781e-01
7.461394551788711471e-01
6.223048906938112301e-01
2.993571600796114951e-01
4.211958187130989545e-02
6.570364366692978131e-02
4.729848778713858365e-02
1.638882198606780027e-01
2.115939959715930074e-01
2.844687278495200977e-01
2.384634332835933457e-01
1.363893733750577708e-01
-1.248141453033068532e-01
-3.001907116161506295e-01
-3.375694907488583363e-01
-4.441635710664597059e-01
-4.027161372713125020e-01
-2.902478098999338174e-01
-8.462357606600863502e-03
-3.574160432246302477e-02
-9.084154404799014287e-03
3.455289110688481435e-01
4.809264426845104579e-01
4.122396609184769689e-01
1.842313730443162767e-01
2.017220390566301924e-01
-1.345316375860937733e-02
-1.191167274647440127e-02
-4.599262032287470235e-03
-3.277808088891108196e-01
-4.829738725459407078e-01
-3.594068629803359172e-01
2.800118843398317625e-01
1.929442924153608740e-01
-1.578571248784177983e-01
-7.209484886727468567e-02
-5.029427118804120633e-01
-6.010618232699295183e-01
-2.129767152545579689e-01
3.131305956353375164e-01
1.726392744166563575e-01
3.235566229101121127e-01
5.577719621070176964e-02
9.448773007824332049e-02
2.209357711513467437e-01
9.084949544020563816e-02
1.872557667006093107e-01
1.391704555036622770e-01
8.914632624081571255e-02
-1.179572600160523760e-01
-5.496061699014898050e-02
1.339168403427539455e-01
5.815955612746004366e-01
8.788435169825654647e-01
5.432165096307528529e-01
5.692085774762202233e-01
1.573281441898424005e+00
2.723219578292226384e+00
3.897957315614139162e+00
4.260043203636564080e+00
3.463809134394174816e+00
2.401539323861057174e+00
1.624272927987674642e+00
1.290787468494913603e-01
-1.315023957508376862e+00
-1.472476611778876565e+00
-2.038866774377924518e+00
-2.253440728186169917e+00
-2.455690707416045893e+00
-2.406134282090286458e+00
-1.516930449989723817e+00
-2.034600913953549028e+00
-2.528075840982655809e+00
-2.549922487186301101e+00
-2.441493461473759563e+00
-2.596208112133390422e+00
-2.517848304628835354e+00
-2.479440669151764975e+00
-1.998225559232907012e+00
-1.565455643028224930e+00
-1.629476190648311729e+00
-1.732472977952295157e+00
-1.659679291842084847e+00
-1.742623334430363879e+00
-8.017033355068157174e-01
1.058496939452662766e-01
7.799539470215860471e-01
9.397890472520395999e-01
9.996064593264337717e-01
1.136022873573953040e+00
1.176582706232833342e+00
1.164516518643051946e+00
1.087493471024412628e+00
5.953087119602017419e-01
2.924449407695570713e-01
-6.171014321979381018e-02
-1.021838648313919268e-01
-2.518666416358251725e-01
-8.187244561831857892e-01
-2.476525197187921634e+00
-3.890791066500717044e+00
-4.128088086385905520e+00
-5.624867670187820856e+00
-7.332584359527397844e+00
-7.606998574461165674e+00
-7.713967281618461236e+00
-8.002353494140532320e+00
-7.955202896887707986e+00
-8.323434776892746356e+00
-7.981680296400847752e+00
-7.686373592040538050e+00
-7.398043587382775677e+00
-7.412575566429976170e+00
-6.903960253521058910e+00
-6.971271871794487929e+00
-6.142131886889340642e+00
-5.046903232536969597e+00
-4.319553585875146595e+00
-3.376489089087863160e+00
-1.521069455577702234e+00
1.682728843683311271e-01
4.924826504816240402e-01
-2.964140300721603283e-01
-1.705231865766049459e+00
-2.979936918972470483e+00
-4.345019863912756186e+00
-5.224072488465361985e+00
-6.652109565003327951e+00
-7.500486832400892645e+00
-7.720312374902818853e+00
-7.521535853732511434e+00
-6.408297070248184291e+00
-4.999738495727909182e+00
-5.406815984112080642e+00
-6.060546398900797271e+00
-6.165956061342045658e+00
-6.032883797455605546e+00
-5.542494236693305432e+00
-5.112854243409215904e+00
-5.389988774466209165e+00
-5.848296851790693474e+00
-5.250671683007481327e+00
-4.997653763130033511e+00
-5.128327291179820335e+00
-5.141180550935864346e+00
-5.197143511661433735e+00
-5.182962056366590353e+00
-4.916211539465721536e+00
-4.295446633436492689e+00
-4.407133640102403938e+00
-4.633464609534416745e+00
-5.227271072563093313e+00
-5.066490139719908470e+00
-5.083511760674033653e+00
-4.590952783518909008e+00
-4.029180840600043112e+00
-3.910968125663173200e+00
-4.016587009506232597e+00
-3.844076012120044794e+00
-3.605360274804561893e+00
-3.531803341486279724e+00
-3.423755891569959076e+00
-3.551696936646487224e+00
-3.621087789974901217e+00
-3.620025990015041550e+00
-3.698648147971149935e+00
-3.773826320160993841e+00
-3.879372930498808270e+00
-3.815868057169049532e+00
-3.596675831503884702e+00
-3.598898696879612391e+00
-3.449629281049777063e+00
-3.575620839482668512e+00
-3.630994171613630694e+00
-3.773874850214662402e+00
-3.931489230575604399e+00
-4.239168763887825264e+00
-4.528655738081378779e+00
-4.702142543882691150e+00
-4.902072868303158693e+00
-5.169222029131436358e+00
-5.316862780613567097e+00
-5.324648421721571268e+00
-5.380723870836237488e+00
-5.399433203997686448e+00
-4.680550671212157177e+00
-4.382485529257850843e+00
-3.776569064316356528e+00
-4.075732206594490314e+00
-4.663283367925243894e+00
-4.953536449001654240e+00
-5.221162223349233855e+00
-5.425949652049125049e+00
-5.573968869077758903e+00
-5.779754426164145364e+00
-5.675710441153559493e+00
-5.346793686226611442e+00
-4.969688407333054059e+00
-5.079391905811442065e+00
-5.261863975207085709e+00
-5.600785858950579232e+00
-5.660231429003948378e+00
-5.714008114241458713e+00
-5.409948660625676808e+00
-4.094933876004320794e+00
-3.025284398179036494e+00
-2.354899930428713706e+00
-1.867137518978031263e+00
-1.638643901341325648e+00
-1.532171014253436603e+00
-8.230579313749677439e-01
4.439040768241388490e-01
6.788022793927915854e-01
1.196622765947436218e+00
1.623989252013912310e+00
2.247510903065477184e+00
3.007871303992467382e+00
4.257447677591838620e+00
5.124840700059010601e+00
5.968591203741246964e+00
6.858260519626327323e+00
7.835764885838869098e+00
7.912667403434434199e+00
7.851132037992625712e+00
7.469297027997977345e+00
7.371912505598552379e+00
7.388695291698201828e+00
7.756504380617215588e+00
7.769328333510665985e+00
8.143663500880638395e+00
8.745493250599306378e+00
8.513860823625028829e+00
8.303481631532784846e+00
6.913096865655599998e+00
6.708628323181174302e+00
6.935573324846184384e+00
6.578839002175023154e+00
6.270932269083008492e+00
4.747735718309415986e+00
2.685404005105354930e+00
2.050464974440539656e+00
1.722154774039451830e+00
1.690231162902524620e+00
1.701532101479158232e+00
1.962768427498861712e+00
1.990276817782211438e+00
1.787982605311160045e+00
1.238986052663440862e+00
7.497891254492162760e-01
2.108581808858059348e-01
-4.129659889909916004e-02
-1.011645238128380808e-02
-3.016200523855280813e-02
-1.190584094346931604e-01
-2.012528445333237326e-01
-1.496829406002678220e-01
-5.765985907042148195e-02
-8.695452938650888308e-02
-1.329324176972168925e-01
-1.200826424365322997e-01
-6.288682489961232580e-01
-9.114762554017262763e-01
-9.140169195168627025e-01
-1.282949270472540704e+00
-1.800622698852150982e+00
-1.644322459876430997e+00
-1.350838683589723699e+00
-1.068293290075319923e+00
-1.098689546050908961e+00
-1.182309346300250086e+00
-9.700185918927939355e-01
-7.435231328657471161e-01
-2.752321313908222544e-01
-8.975816263882885337e-02
1.434635657015307375e-01
3.806950807160284223e-01
7.795465732116946267e-01
1.034301703553179186e+00
1.011586336346344650e+00
9.675554576451592670e-01
9.158862714512685521e-01
7.738291072314446017e-01
7.263403343328260764e-01
6.373339340793388041e-01
7.943955500718143936e-01
6.210987055725314399e-01
7.093507920571254788e-01
7.293589061659718764e-01
6.828077796540894528e-01
4.699633275246382080e-01
-1.236140854363155933e-01
-2.786434538472697398e-01
-2.639438505597158646e-01
-1.116222921041169075e-01
-1.615680373607827347e-01
-1.141641858281639277e-01
-3.852127572729833194e-01
-8.251872338413620556e-01
-2.337892951498693250e+00
-4.559243752723172172e+00
-6.596045698833768789e+00
-9.368746201296625387e+00
-1.112200742375401141e+01
-1.227259696243115705e+01
-1.369092466171797717e+01
-1.542922807778140459e+01
-1.644335519286030234e+01
-1.799158544437382190e+01
-1.959692276730099536e+01
-1.977876740369569575e+01
-1.997523189495248985e+01
-2.051521145413389746e+01
-2.118626090019372654e+01
-2.132057065954773734e+01
-2.060443868021887681e+01
-1.824259516238337753e+01
-1.608789623517471412e+01
-1.340604919648232674e+01
-1.109243563042346103e+01
-8.571302668128884861e+00
-6.605186531359789726e+00
-5.972928043301267031e+00
-5.939602216509442201e+00
-5.104022701955944541e+00
-4.258978778164967949e+00
-2.715082927744019159e+00
-2.163170981113524238e+00
-1.967757191560642882e+00
-2.027374142542127000e+00
-1.590906159865519198e+00
-8.764194085747996077e-01
-8.831000231297095882e-01
-7.377473059720620618e-01
-5.573926681310968911e-01
-3.483128775602113980e-01
-3.609743323264500980e-01
-3.484897923252285312e-01
-4.270310323875497471e-01
-2.958932709428671037e-01
-3.758983740653275563e-01
-4.414652229921370297e-01
-5.319968495598721425e-01
-4.310254648280258949e-01
-1.807864298034666042e-02
1.129977783152213144e-01
1.004796619796883700e-01
1.594417229821307735e-01
1.843785738158650600e-01
1.475915488876546056e-01
3.686120260319639130e-02
4.013915446247879465e-02
-2.270558042244685271e-01
-5.247817238420523500e-01
-7.450205343949802828e-01
-1.127948954518893876e+00
-1.542344162033897348e+00
-1.669616601445570447e+00
-1.870452442580736951e+00
-1.981855656412246702e+00
-2.034913689732111841e+00
-2.043726433159406941e+00
-2.093942924083192381e+00
-2.476310524941499391e+00
-2.722649909646236210e+00
-3.026223458676752909e+00
-3.128745362018966691e+00
-2.804331160433223946e+00
-2.914578617666666815e+00
-2.423638526630643941e+00
-2.690668293172913561e+00
-2.471905818399744881e+00
-2.471612082648931619e+00
-2.504481627987098946e+00
-2.546407858631677179e+00
-2.437889456838517876e+00
-2.539222090902930162e+00
-2.614324414701614252e+00
-2.802021589201582952e+00
-2.775700695608279478e+00
-2.760634878985264162e+00
-2.438543152794300894e+00
-2.157269899330528151e+00
-2.064398845649258796e+00
-1.824955202256338005e+00
-1.664415922504630885e+00
-1.669591379786844687e+00
-2.129555152158655762e+00
-2.534339886287987564e+00
-2.770980836679845627e+00
-3.052538740515811533e+00
-3.093215889805758678e+00
-2.662353134223610418e+00
-2.449089615672536802e+00
-1.697464971939925515e+00
-1.488602165908122332e+00
-1.174228888111949809e+00
-4.801573021923340456e-01
-3.099854454584420882e-01
7.496573269503531423e-02
6.025652393918128069e-02
2.086752956858491451e-02
-3.289475833433382346e-01
-9.597634148556013489e-01
-2.652702844106515911e-01
3.610818412210988759e-01
4.633025755867918871e-01
4.145513509994681600e-01
5.766312252826748530e-01
6.697915931775910714e-01
7.231789941982522674e-01
3.805411743462009944e-01
2.956639947138604008e-01
1.482119331427106113e-01
2.121655844489053477e-01
1.380241765345497917e-01
-2.196083573279930812e-01
-5.998832569153924599e-01
-9.101009870015406289e-01
-1.264608106454464531e+00
-1.628729624125308195e+00
-1.825571887369923818e+00
-1.726583756715815099e+00
-1.922223339303837930e+00
-2.313532346978288246e+00
-2.593988157944739026e+00
-2.572376652042285272e+00
-2.312022849847320760e+00
-1.871285510549849818e+00
-1.957028195439685536e+00
-1.902232586407174519e+00
-1.746820824330730382e+00
-1.419172088836543111e+00
-1.160666103139342598e+00
-1.432794658719076297e+00
-1.601001323984398317e+00
-1.758154748172032100e+00
-1.696506567882292593e+00
-1.903816052486213328e+00
-2.298975826596270977e+00
-2.387186661459401726e+00
-2.365816035949854346e+00
-2.451735902541484879e+00
-2.246242464987072918e+00
-1.779587420379373564e+00
-1.677469394766036292e-01
9.925565162300777899e-01
1.158888012391087630e+00
1.805644738925026305e+00
2.036699261797493499e+00
2.283985910437924538e+00
2.827912174207326768e+00
2.919448079048011291e+00
2.890133173775146336e+00
2.713696970607834213e+00
2.739753844628914692e+00
3.321814196797990615e+00
3.489478042656852352e+00
3.491051500861093615e+00
2.905284744236255268e+00
2.436169047210234417e+00
2.544061977356084192e+00
2.456614490980715715e+00
1.942065066900982240e+00
1.279446331476381982e+00
7.379589153320345041e-01
3.556462507399999473e-01
4.132382038383777823e-01
3.289093560197906552e-01
4.013798404958656141e-01
1.631250644646620174e-01
-3.467974179458921391e-01
-2.973690513139367053e-01
-1.671645611198308568e-01
3.827094856606883533e-01
2.481442323660493776e-01
2.980846488166440933e-01
2.271184097990390227e-01
3.646451669173496613e-01
4.087068315239051342e-01
4.117320750503840054e-01
1.097350550455102464e-01
-2.427989087934040446e-02
6.750943090758086684e-02
3.905171299085208880e-01
2.653751559466092647e-01
3.107713948779189939e-01
2.714190669998969296e-01
2.406995421963966375e-01
-1.535505910469724400e-01
-2.925189379857019989e-01
-8.044316576831839205e-02
1.489714908623140065e-02
-7.226518365433175217e-02
-1.319532426076879816e-01
-2.596470932070201743e-01
-5.475182295804332799e-01
-5.590801710878999797e-01
-5.625000794539384286e-01
-2.815576796711566909e-01
5.762811699984019542e-01
7.522567277623054549e-01
8.327215481482495019e-01
8.910133763427655618e-01
9.016922909382458773e-01
9.110732909252274858e-01
9.047991457467846610e-01
8.250935529777870814e-01
8.044571688617442318e-01
8.088680405180688204e-01
7.212960409815858398e-01
6.761106460043924127e-01
3.540790240035129322e-01
-6.660499991601407377e-01
-1.448449231641792512e+00
-2.024032193083313835e+00
-2.591685420230189330e+00
-3.024528429688072340e+00
-2.752679166459326865e+00
-2.617000460479042445e+00
-1.698628602573375446e+00
-4.707330406691515590e-01
3.073062765193373957e-01
6.131446987332478393e-01
7.704322093491978718e-01
1.042363354959438881e+00
1.020700447352039575e+00
1.132971561207265276e+00
1.102400703048241892e+00
9.740895766088194518e-01
6.069799236110531293e-01
1.985820722825941131e-01
1.905734386844218919e-01
1.196221744145357646e-01
-1.293510167981360315e+00
-3.451818676034372757e+00
-5.505991866016343828e+00
-8.712785100250778569e+00
-1.229292622769083110e+01
-1.527685544355454716e+01
-1.726074844748021064e+01
-1.785607606987758444e+01
-1.715729499028257266e+01
-1.685800589950448725e+01
-1.665774828088080284e+01
-1.555114377419086935e+01
-1.488780932303882132e+01
-1.363337827151268833e+01
-1.182234265080633051e+01
-9.849689443672721367e+00
-7.870016817919210261e+00
-6.753165403290745772e+00
-5.676061056887636624e+00
-5.513287899587845153e+00
-5.000496661674066701e+00
-3.370824458349697572e+00
-3.312026067084854031e+00
-2.051870358353003354e+00
-1.879692295475655639e+00
-1.355437055031335492e+00
-1.094843678638968365e+00
-1.164100341680831985e+00
-5.523512431489160379e-01
-1.388488471132966140e+00
-1.676429139419332692e+00
-1.759211398079113753e+00
-1.728499269118949133e+00
-1.214059311853196599e+00
-4.120782866198999250e-01
-3.629940855612384110e-01
-3.747923016983353284e-01
-1.921072810749818640e-03
6.085594946391201798e-01
3.369879040930708891e-01
3.186636963802145228e-01
2.126711434629512676e-01
-1.408782168099785848e-01
-2.241931515824068244e-01
-7.260150111382623894e-02
-1.606144749256996629e-01
-4.818958310228858150e-02
-4.832653395710015398e-01
4.674576727444212931e-02
-2.966026968039930378e-01
1.153417859182641475e-01
3.459389889499288051e-01
4.855900602141089428e-01
2.779711902400222590e-01
4.836236436272993711e-01
3.354228769503155849e-01
-4.328158145499831633e-02
2.365175218230035348e-03
-1.575455706552171542e-01
-6.904090735673400203e-02
-8.657740572735497797e-02
-1.620884891004193973e-01
-3.220529731252477212e-01
-3.582573704190292196e-01
-3.376658825961642574e-01
-2.850979070673836380e-01
-2.955022504055209720e-01
-3.846397597883189357e-01
-2.741554783164908415e-01
1.663968863228706407e-01
4.375176717038135599e-01
5.733521478165374274e-01
4.634920934212737875e-01
4.660969223662723149e-01
5.183605200477163777e-01
3.868957665026683812e-01
3.168027713109513033e-01
3.810094753461877870e-01
2.868736619436735857e-01
2.675774759935494185e-01
9.055901606010167970e-02
-3.767645052045590637e-01
-1.292555210268878430e+00
-2.979892563242102721e+00
-4.633225289444213857e+00
-6.088629627669523536e+00
-8.248704348572339029e+00
-8.964407396263897709e+00
-1.018828340701474211e+01
-1.184735184460628155e+01
-1.285677050473489480e+01
-1.323496673226628140e+01
-1.374329741812114314e+01
-1.521820479524245151e+01
-1.589137011934716170e+01
-1.614141397665430233e+01
-1.737226307864018793e+01
-1.703391845220869172e+01
-1.745344433998712574e+01
-1.755140746545720987e+01
-1.726246025287487029e+01
-1.617527794233098248e+01
-1.511674426077657607e+01
-1.329904600793918767e+01
-1.127811848113482363e+01
-9.989857973962941173e+00
-9.150818940956058967e+00
-8.791323934731845924e+00
-7.911012241214575802e+00
-7.579461710671256292e+00
-6.544385994282872154e+00
-6.016158325601660195e+00
-5.560304964507152725e+00
-4.313646792072532321e+00
-3.846616838583042597e+00
-2.914038715033454796e+00
-2.387011616893963684e+00
-7.476362292516742780e-01
-1.048816315937156352e-01
-1.449525862937073584e-01
-1.582732134913790167e-01
-4.868141139012868157e-01
-8.469950716362987242e-01
-9.505852302099063733e-01
-7.770591382043304796e-01
-8.776224078261721240e-02
1.172962720397004444e-01
2.048836344225689610e-01
1.725952110823768537e-01
2.408072873470860353e-01
1.847106351785922917e-01
5.451411551190434024e-02
5.399424428953490673e-02
4.603670914900805100e-02
-1.639533271946182679e-03
1.230046447222401737e-02
4.443353009466931292e-02
-5.215850936075457772e-02
-2.052640280558035504e-02
-2.096696300532181062e-02
-5.286428015884769155e-02
-7.230470357912952006e-02
-2.899904641953413575e-01
-4.145744202342730444e-01
-2.467092980302464378e-01
1.211548553476625156e-01
1.071609287333597227e-01
1.867144486370024281e-01
5.186447266707712445e-02
1.058011593626411867e-01
-5.699012258917643230e-03
2.472044628078781323e-02
5.253249513192403269e-02
2.633798292937058472e-01
3.173077719084564374e-01
4.330076121734763861e-01
1.881174291310965807e-01
-7.669253273187154329e-03
6.833301525686762135e-02
4.047899091721414155e-01
4.240551635901728678e-01
4.241009184082616956e-01
3.308269103869424521e-01
1.917666900888182757e-01
9.158453120977230744e-02
2.207009522250711654e-03
3.036381576082328865e-02
-6.299717026068098018e-03
-4.882100988309087675e-02
-1.767447453665698387e-01
-1.907021905915955162e-01
-1.406408864761550803e-01
-4.370677337369574533e-01
-7.941025051721948280e-01
-7.402310511430533202e-01
-2.954940632254546284e-01
-2.328843311204286393e-01
4.511678415980240747e-02
3.612997324634079077e-02
2.378503483329243717e-01
1.731248871156551572e-01
1.837563449280959216e-01
1.542397856946086110e-01
2.346385338041611854e-02
-5.267606655825205625e-02
-9.727622405969237052e-02
-6.445664288655087448e-01
-3.971165988890126286e-01
-4.572470232065981022e-01
-5.044039605112896618e-01
-4.534958033242612596e-01
-5.241432939708418060e-01
-5.234279614069333730e-01
-5.129177849715940152e-01
-6.410096805901522865e-01
-1.131803074640522766e+00
-1.426893926836857229e+00
-1.987213831840441314e+00
-2.334336674960215685e+00
-2.325790759610663283e+00
-2.320041615035811855e+00
-2.024662559137135442e+00
-1.706183148139749139e+00
-9.298729635204437960e-01
-3.663765918737520166e-02
3.619221842156711832e-01
7.128294864583892831e-01
9.806812599787342322e-01
1.233128747333631647e+00
1.704986753432868429e+00
1.583413651880175799e+00
1.720564199203238331e+00
1.363768415551923630e+00
4.433984220542513954e-01
-4.265190254814529291e-01
-1.233735238500194065e+00
-2.453420842007732361e+00
-4.481343430627434898e+00
-6.040760801175975914e+00
-8.387651474809388219e+00
-1.103239032749825377e+01
-1.222118370759798367e+01
-1.241076256516810616e+01
-1.374882128004941428e+01
-1.409014596816730069e+01
-1.513967026807363325e+01
-1.609529054495779476e+01
-1.639335977432263647e+01
-1.661977406843211114e+01
-1.713011037771649825e+01
-1.759946753467436409e+01
-1.802209486240890257e+01
-1.824061215567933303e+01
-1.826473604940147766e+01
-1.696730822277753958e+01
-1.598388657355548048e+01
-1.590102399655278020e+01
-1.452685426541743752e+01
-1.274821214313654316e+01
-1.133607215418077985e+01
-9.204083285153245697e+00
-5.268879904285263649e+00
-3.600457329557262387e+00
-2.955102062790098572e+00
-2.554974055101720154e+00
-1.176764233955924999e+00
1.893224268642340336e-01
3.763370135926924487e-01
3.642144354350700941e-01
5.394187214436877431e-01
6.936197525877284553e-01
5.666838542660666000e-01
3.596628247294970659e-01
3.339379642749786270e-01
3.836492794630578240e-01
1.016021315578879425e-01
-8.418673840947599185e-02
-7.028081073528709422e-02
-3.196397353540028630e-02
-5.761698788190527248e-02
-2.543885500871823635e-01
-2.884006349561945570e-01
-4.387949004741269476e-01
-4.748706435121387570e-01
-3.643772939382204368e-01
7.734223633485026728e-03
7.032721608909982269e-02
1.498934070045920830e-02
-2.559894956092278462e-01
-5.885498166723337476e-01
-6.466850816104262600e-01
-5.303380528334009636e-01
-4.899118617927403774e-01
-3.945133488220277096e-01
-1.967589680877440683e-01
-4.161764066836601966e-02
6.426574568635924356e-01
5.776037733663339502e-01
3.730664359695823329e-01
4.354383838924729133e-01
4.659044178050564255e-01
3.820923065373739158e-01
4.888716611382273869e-01
3.892848171352268904e-01
4.797038167105109885e-01
4.165553739914257814e-01
3.898950430362543851e-01
3.097859577743965476e-01
-1.730395409297479092e-01
-2.717677579914216657e-01
-2.307907576466235178e-01
-1.613728786144171812e-01
-2.958859367184987418e-02
1.980232041570932910e-01
1.584953339235630476e-01
2.121536499344281734e-01
8.560113686733691885e-02
6.344466203438287044e-02
-2.233071795807142074e-03
-1.492278729181073516e-01
-3.403303760713895232e-02
-9.169117434565893232e-02
-1.747668484325276550e-01
-5.137233513666695783e-01
-5.695653097060368042e-01
-5.549493150297378774e-01
-5.282458890139150043e-01
-2.897980874069400192e-01
-2.366068447216624349e-01
3.058515049639496386e-01
3.952962468297568366e-01
3.940770065607391848e-01
3.350785921159531444e-01
2.641009042666603857e-01
5.093927650961401765e-01
5.522594461996339632e-01
5.870432246038321811e-01
4.575546059997290249e-01
1.694544159151315232e-01
-3.507249398095724779e-01
-6.365300895129394343e-01
-7.015438247293632745e-01
-4.715034313762923035e-01
2.558072911772336644e-01
-2.079209067691036028e-01
7.753175437684040050e-02
-1.175220461004248401e-01
4.463086032766714478e-02
-9.679127491899652824e-02
-2.847300176503571034e-01
-1.568321833444455415e-01
-5.597468584542740766e-01
-2.489211324101902323e-01
9.317187790833231231e-02
9.914373895193850927e-02
1.222416041210847432e-01
3.069832508707122098e-01
1.348755516669979948e-01
2.423212391611850591e-01
1.783911591249925377e-01
1.727493169346716595e-01
3.310566349931560320e-02
1.619573511883478922e-01
2.244263886471369318e-01
1.083421170869321576e-01
4.015577237640851616e-01
3.330454435917954564e-02
-1.336382066619425379e-01
1.103505173373934695e-01
1.175234868587314851e-01
2.460646636302619150e-01
1.875861927007432539e-01
9.876326059273006497e-02
2.866653513103425421e-01
3.236659360701608923e-02
1.441598309852828164e-01
9.558049176688235282e-02
-9.771778007695418322e-02
-2.193457350695824093e-01
-2.909755536555489464e-01
-5.171741094048421666e-02
-1.695484170890803333e-01
-3.881269828606097594e-01
-1.841537258125024168e-01
-1.240116871975273510e-01
-1.986526932099588194e-01
-3.899566041705285202e-02
-1.519694715705411925e-01
-9.989815421698368392e-02
-1.660214000514613764e-01
-3.507133075090144159e-01
-2.147127532459329746e-01
-3.652392653474453854e-01
-2.757237301362641668e-01
-3.423428588103217818e-01
-3.267270152751898249e-01
-3.883355525832092314e-01
-1.625330098588094185e-01
-3.543237934858842753e-01
-7.217776209833551837e-01
-1.840233957701194800e+00
-1.910439113105570241e+00
-2.279720179904192623e+00
-2.018580276310567356e+00
-1.383817092933715465e+00
-5.319588157489517632e-01
6.888222932382562919e-03
5.358644447486864415e-01
5.482627201346748080e-01
6.846016795767978502e-01
6.312756531252542436e-01
1.671145554566356495e+00
2.650701657477534834e+00
3.304907687957445273e+00
3.966831370232568599e+00
4.831471714773195814e+00
5.724332191553113347e+00
7.186892468020651847e+00
9.021138535540677239e+00
1.100304419436796266e+01
1.279531227684279315e+01
1.240036563310352591e+01
1.361288700454295153e+01
1.385941346898576221e+01
1.406699073648738008e+01
1.475988538547786177e+01
1.445952143479245855e+01
1.456143062264949073e+01
1.397051776712313220e+01
1.336511294808930295e+01
1.291476405904804281e+01
1.169982483294822551e+01
1.020618889640559246e+01
9.283574281251693705e+00
9.368430847476858503e+00
8.237659674974285196e+00
5.878956835696827810e+00
4.006524596623474821e+00
2.884359454076195650e+00
1.527088986665076531e+00
-4.369243464236427510e-01
-9.250875374268210383e-01
-8.968019632002712793e-01
-6.588752413417832132e-01
-1.548624326236017756e-01
1.655982344179796062e-01
2.452635856813537019e-01
2.966302102497163085e-01
2.947931782415839641e-01
3.385506718708993223e-01
2.713246378670876036e-01
1.687292803631580129e-01
2.428081369664978895e-01
1.825028527681436530e-01
4.330239585518791401e-01
2.671424421764421187e-01
3.396269039792344513e-01
3.088417302540452103e-01
2.795541840308096160e-01
1.753813852769767201e-01
1.542178831227462854e-01
2.565178052253014318e-01
5.997626025079817041e-02
-1.905766534492912279e-01
2.161957364051036445e-01
-5.925190848309440372e-02
5.520191889882525293e-02
-9.216619124202450955e-03
-2.647530163115688687e-02
-3.786480487285694835e-02
-3.350819559682620685e-01
-4.172696985475045084e-01
-2.847655004210392082e-01
-3.467622726452437854e-01
-1.615746938684250733e-01
1.418925271803469501e-01
4.200680715224332507e-01
5.904358777740815745e-01
4.318216513819049807e-01
1.864220013142240395e-01
-1.236325372178287973e-01
2.794554343489086268e-01
1.112687296935847003e-01
7.673121851307900254e-01
2.350497060583514486e+00
3.069370841439499564e+00
3.549017119686786792e+00
3.999140633381222720e+00
3.784422962315752592e+00
3.690034945302058222e+00
3.510166625455784395e+00
3.289540417066805222e+00
3.235952121521722624e+00
3.234695491604674178e+00
3.255912160453350523e+00
2.948579144030226473e+00
2.980394659779051825e+00
2.927347301516282752e+00
2.820421189268784712e+00
2.839322578688491472e+00
2.949976738139379773e+00
2.964732991446172417e+00
3.143337801799837461e+00
2.898518231529312317e+00
2.941657839660535956e+00
2.967336497017428076e+00
2.948807443869897682e+00
2.574593289374761174e+00
2.195724540179361917e+00
1.921325319734341619e+00
2.204059838808411609e+00
1.723125324382151602e+00
1.542062615117016700e+00
1.270691501134403545e+00
6.574265132881748075e-01
5.941822880234340909e-01
7.377329406446024862e-01
1.415253395528443647e+00
1.419990468406030715e+00
1.338003903289528562e+00
1.199934099958911649e+00
1.066285050707173720e+00
4.900681763663589652e-01
-7.706198800245767089e-02
1.298427877793592589e-01
1.603359675952397909e-02
-2.774774605218461448e-02
-2.540085578702013791e-01
-4.818817771006468353e-01
-3.754418378840317927e-01
-9.242767177522374922e-02
1.676134998518199470e-01
9.478213338487356809e-02
-5.381872565359124144e-02
-4.123824898754530066e-01
-6.034537158210133700e-01
-5.079223403346873056e-01
-5.215452400322528881e-01
-6.302838214075752177e-01
-4.356776295237038132e-01
-5.103156879511666633e-01
-5.207548065868804477e-01
-1.511627347964562273e-01
3.006124671930393566e-02
1.338323322178109065e-01
3.222293134307313567e-01
6.055636577089961170e-01
1.841074973738068277e+00
2.606826782325190717e+00
3.281135339509853921e+00
4.437952845526154100e+00
5.721620650959994059e+00
6.562423688433696611e+00
6.560034549161239070e+00
6.741791512334732950e+00
8.445693327437464148e+00
1.085826032744475178e+01
1.373402866597318805e+01
1.580304108847527900e+01
1.594481130404388480e+01
1.586462988809269525e+01
1.644336628976584791e+01
1.618133272417043145e+01
1.789331417010001601e+01
2.013299110946041992e+01
2.226577353288762495e+01
2.386546737715572419e+01
2.396359084978522347e+01
2.403440767893736307e+01
2.388706497737759094e+01
2.135971385695966873e+01
1.561225872863222008e+01
1.061684762073477728e+01
7.199307885896343961e+00
4.570193885744496143e+00
3.583827720334644251e+00
2.994810878465478332e+00
2.996456027427698121e+00
2.763028748690676828e+00
2.204064722190400172e+00
1.811694857988627172e+00
7.957012585501913593e-01
-6.777572169040901873e-01
-1.076066725481109598e+00
-1.124600701707725303e+00
-1.042639608365957926e+00
-1.027193466835395030e+00
-2.583071957555508336e-01
-1.630832548884194599e-01
-1.166721057047166998e-01
1.835820496242361599e-01
2.658952485923037901e-01
3.033703548048211074e-01
2.742967235421647221e-01
-4.731345653550140806e-01
-9.609932301815545808e-01
-8.945761205945480521e-01
-6.535727160240802913e-01
8.547389028250012427e-03
1.267619729904885181e-02
9.901460076016009582e-02
1.557483694457800251e-02
5.412889868410404592e-02
-2.725773327378585090e-02
-6.914087917644979875e-01
-8.396372028205425497e-01
-8.613907621697457495e-01
-7.521579081041142034e-01
-1.108754373653825676e+00
-8.772113680202440200e-01
-2.797057890445206474e-01
7.913659851623948693e-01
6.651125843844895025e-01
4.587320325070090021e-01
4.146816181738516849e-01
3.738990562175311672e-01
3.390201627160833731e-01
3.541866503022174650e-01
3.163419178923553843e-01
9.763644904260659896e-02
-4.611032698068260882e-01
-7.801259107583362606e-01
-7.768965407279532220e-01
-6.257681520188873581e-01
-4.533519205855005008e-01
-6.281416880156499571e-01
-4.925389370755032248e-01
-5.137674494551587312e-01
-4.737749459285364728e-01
-6.706885427617255147e-01
-5.661616772504249884e-01
-5.154828719851244356e-01
-7.871447443754446827e-01
-1.210065873213413301e+00
-1.343359160525590790e+00
-1.488748661698646281e+00
-1.832971539365732871e+00
-2.699947982786460532e+00
-2.844699515782572075e+00
-2.632045193429606300e+00
-2.608044163129419335e+00
-2.488569670854574145e+00
-2.380232330411455877e+00
-2.250672321687424926e+00
-1.802889124163912671e+00
-6.789166687238019637e-01
2.423754885946710902e-01
1.430727100337372493e+00
2.896180966419922953e+00
3.532079645843523519e+00
4.044502893051144632e+00
5.032791232148524863e+00
5.807261166802908825e+00
6.840993366178885537e+00
8.325354627502036919e+00
1.037543230233521996e+01
1.211690685736264150e+01
1.365605117136924207e+01
1.510450533595060207e+01
1.556196036133429494e+01
1.551852649336615286e+01
1.554488961050610918e+01
1.558448545474567837e+01
1.530689115062717676e+01
1.478381868736397564e+01
1.463666221361959252e+01
1.464140064113624184e+01
1.490151412000278341e+01
1.507453027101109200e+01
1.538702503288456747e+01
1.557138701931704539e+01
1.511812423049585696e+01
1.444144161841581742e+01
1.354004610988018342e+01
1.249513833403112351e+01
1.171809041943296492e+01
1.157698884535525963e+01
1.041383060330124444e+01
8.531781808445137116e+00
7.001753031642501846e+00
6.374303803817197078e+00
6.135099071067430465e+00
4.296362043465254743e+00
1.253918990867457728e+00
4.124025948489980498e-01
3.663180345778194735e-01
4.037767128331817279e-01
1.465318744500928583e-01
1.125538456921322122e-01
-7.520257379751020543e-02
-1.819524055054084766e-01
-3.354324941276163319e-01
-4.540322913942246852e-01
-6.058511056683734131e-01
-5.969799529234688373e-01
-6.166732921598541139e-01
-5.574480085541124730e-01
-4.445843632093401387e-01
-1.478474161092007133e-01
-5.048724620228963594e-02
9.073581047772430463e-02
-1.958223655795164955e-03
1.808898243166071895e-01
5.135859976517952452e-01
5.971020542883626048e-01
5.639672759607133878e-01
6.185257133180531719e-01
3.229119916868570805e-01
-1.006595783789182158e-01
-1.033513731747319822e-02
-7.320170914012361085e-02
-3.840353091116190942e-01
-4.637788651200462908e-01
-4.344094846513073538e-01
-3.034085349084151284e-01
-1.363111754453640301e-01
1.587109851569293989e-02
5.286692798127069076e-02
1.240524836122856578e-01
3.099846894148883814e-01
3.166204933213557782e-01
9.916591443549206686e-02
-1.719367288677303707e-01
-1.374248728560926724e-01
4.966358191741770262e-02
1.384542460060869673e-01
2.969554399992612725e-01
1.230867595152207172e-01
8.263415995833618688e-02
-3.532931315448819415e-02
-1.587035101504414292e-01
-2.282363446943544150e-01
-2.244269369426288296e-01
-1.773705218998526401e-01
-7.172397209352722458e-02
-8.235015518332022832e-02
5.256492908931930524e-02
1.368351003848510862e-02
-2.443420744498061292e-01
-4.522802453152963698e-01
-4.275697716967815087e-01
-5.556219736686383026e-01
-4.109203486192563037e-01
-4.928168965061635043e-01
-4.107263871661826493e-01
-5.008482097698182534e-01
-4.920620713963193560e-01
-4.735197039596740765e-01
-5.284047921564316574e-01
-5.096898563988359054e-01
-5.409896015344030085e-01
-4.195551380344697545e-01
-3.880487587391706628e-01
-3.309448324801582131e-01
-3.526654481137987962e-01
-1.709609640359664728e-01
-2.644342810715558656e-01
6.859781874758884290e-02
-2.178759961492533412e-02
1.628316287989962086e-01
-4.982427271871395225e-02
-1.734971769953640441e-01
-1.236164024250490101e-01
-1.434120026260428948e-01
-1.175069228127208626e-01
-1.047067089932804673e-01
-1.749161903600293944e-01
2.640102983132937009e-01
8.651857070055399834e-01
1.194006612197865413e+00
1.429876755885256534e+00
1.206507564349074801e+00
1.397757455691978290e+00
1.163754624200178611e+00
1.188829952157649306e+00
1.060598961285241559e+00
7.750596048993946274e-01
5.517664774632443647e-01
3.375671701040210415e-01
-3.245001425842439780e-01
-1.711836576665971776e+00
-3.344224748485046028e+00
-5.581526584345762210e+00
-8.113468754514379100e+00
-1.073841264624710412e+01
-1.389557631322808717e+01
-1.534326269778391705e+01
-1.663041231524130126e+01
-1.727760696455414191e+01
-1.816644650932235550e+01
-1.885350055826642546e+01
-1.996648869340734578e+01
-1.963204679043324319e+01
-1.765972078919305233e+01
-2.216069616553678756e+01
-1.988051271373373297e+01
-1.912366651394519224e+01
-1.874497614121589351e+01
-1.553083928790242396e+01
-1.505276276221588816e+01
-1.470167886034200677e+01
-1.234867670752943525e+01
-9.322749837742771106e+00
-6.876791615198547980e+00
-5.044205681613381564e+00
-3.493536899336565416e+00
-2.953998332889052669e+00
-2.952523743302854609e+00
-2.915356066662836199e+00
-2.257219196479847589e+00
-1.116236963970014928e+00
-1.771767362745981234e-01
-3.134710885846559991e-01
1.589919831496591079e-02
3.841405791135049097e-01
3.081517585018663241e-01
1.405781126909006473e-01
2.356904093073653172e-01
1.312151783652147630e-01
-1.298301748759021490e-01
-8.771966153679520983e-02
-1.740035039105300163e-01
-2.264439164482543454e-01
-2.675907462329946140e-01
-4.213497995891968273e-01
-1.838165728155118084e-01
1.590872690888872343e-01
-5.042661867207843401e-02
2.626666787811836046e-01
3.081390460744368176e-02
5.700889865117560878e-02
1.052274679194733914e-01
1.569864815710268757e-01
1.654443847751098096e-01
2.283365516240226101e-01
4.593678796077516752e-02
1.716395399258492938e-01
1.024422037931363855e-01
1.581449712787598438e-01
-1.014290005564810471e-01
-7.520064451529842042e-01
-6.098637803447336525e-01
-3.816202545247535105e-01
-1.715223195549847035e-01
-4.198405709668544539e-01
-2.932540678599602213e-01
-1.442053879605852129e-01
5.476978854727111018e-02
2.926279367320775981e-01
1.205513052991780132e-01
-1.724177480730280376e-01
3.971010884500193461e-01
4.853371894391260155e-01
4.904388242053451807e-01
4.218693719563621491e-01
2.529316209391030967e-01
-8.291997001146086954e-02
3.991102453860703170e-01
3.051764577252845667e-01
1.101489329009472939e-01
-1.771731428381363993e-01
-7.109134744099521175e-02
-2.449385700328474691e-01
-2.793513676426128689e-01
-4.443810046253703350e-01
-4.165873131996981615e-01
-2.749070073779820711e-01
-2.950924495607028519e-01
-3.956088921628913568e-01
-2.351155701050585134e-01
-3.118299782027638134e-01
-2.414516761173732262e-01
-1.900719373942859336e-01
-2.602472991174020756e-01
-2.565659759260964234e-01
-2.796493092892589072e-01
-2.009136284198896338e-01
-2.398357209851729455e-01
-1.036471090277682888e-01
-1.965451512359716046e-01
-1.529786974254981335e-01
-1.244894015092533751e-01
-9.452621237008139443e-02
-1.107432471920764827e-01
-8.784785612007815769e-02
-3.419359443061668891e-02
-1.475406897458529480e-02
-1.229569470388304150e-02
-1.979570708883186467e-03
-9.915805419801094686e-03
-1.537836104552168376e-02
4.726072184900815404e-02
7.934874243455931897e-02
7.416718786276961517e-02
1.238294860316223600e-01
7.232352987788766285e-02
8.467247994501596320e-02
6.925943537371428982e-02
1.852147876877618948e-01
9.359781665772344550e-02
1.401552991269145454e-01
1.437950660065197006e-01
6.869526789850179116e-02
4.232747949888682193e-02
1.373312771970223722e-01
2.360588072035352258e-02
1.430625286195362500e-01
1.127096922503043053e-01
5.379571347645117213e-02
2.989658179194198614e-02
7.629000339740046877e-02
7.049850368577054160e-02
1.024879188587568407e-01
3.077737996995517228e-02
4.305238520029149724e-02
-5.769900015465656215e-03
-1.275727063427570078e-02
9.243050046764806488e-03
-2.221000303899670070e-03
5.257455253699604418e-05
2.798508353152363046e-04
2.851866714779008869e-04
2.766310843216757283e-04
1.377373748557859409e-05
8.188423141452201882e-16
1.635471273767628352e-07
-8.150319319318537971e-16
1.635540712055808547e-07
-6.183567740407878784e-16
1.635610178356040641e-07
-8.369455649251919926e-19
1.635679644108698757e-07
3.948379185899157194e-16
1.635749096446923881e-07
-2.282965379226645874e-16
1.635818564048654656e-07
2.001008318238940018e-16
1.635888018286917617e-07
4.031854637244709113e-16
-4.755881280780849085e-16
1.635957470318026329e-07
2.290779134349500224e-04
1.636037474921631959e-07
5.423160591257394036e-16
1.636106948620653437e-07
-6.158378856000820044e-16
1.636176385264117466e-07
4.007644003089435435e-16
1.636245867527952030e-07
5.675472562138676299e-16
1.636315317448493129e-07
-5.868183161144296638e-16
1.636384770025995796e-07
1.086754600131120410e-16
1.636454225211569024e-07
1.173521244651037773e-16
1.636523684636747293e-07
3.527800963644768128e-17
1.636593153001634107e-07
-7.364775533601237745e-16
1.636662590631564882e-07
6.602898933554645758e-16
1.636732049885656260e-07
-1.345604657566783351e-15
1.636801521249180527e-07
8.801863969836583601e-16
1.636870958628692629e-07
9.806501918080786959e-16
3.530654525828973166e-16
1.636940444676663826e-07
5.378445775729259931e-16
1.637009935952616869e-07
2.168753242155715706e-16
1.637079396867707564e-07
-3.215204267319258934e-16
1.637148847635160644e-07
-2.923536247185842709e-16
1.637218304040706955e-07
6.201576572293738030e-16
1.637287777299505293e-07
1.982968838140538851e-16
1.637357229203754939e-07
7.774313536234316518e-16
1.637426680331013851e-07
6.005347520736607650e-16
1.637494516925911942e-07
9.805099958090989666e-16
1.637563956430923523e-07
2.290776981647606257e-04
1.637643904106702347e-07
5.477763302891371140e-16
1.637713367814507521e-07
4.084353158527996021e-16
1.637782816491777366e-07
5.200907004534556965e-16
-7.093338617895042420e-17
1.637852272335303552e-07
3.868065328271694614e-16
1.637921730688565862e-07
-3.401119187946888404e-16
1.637991177173246454e-07
-5.103473745982608292e-16
1.638060645105513308e-07
3.951826953819682272e-17
1.638130088451885744e-07
-4.382662155155807140e-16
1.638199553339557785e-07
4.346858487637840892e-16
1.638268999869588522e-07
4.326394753703553656e-16
1.638338469508074075e-07
7.519793867298699615e-16
1.638407914460418333e-07
-3.059610739919080421e-16
1.638477360136263987e-07
1.250048605080092184e-15
1.638546871273347905e-07
-8.242135566067144080e-16
1.638616342471462784e-07
-3.743652462190257465e-16
1.638685779431120241e-07
9.440321011626552447e-16
1.638755264806130114e-07
-3.694875572548688798e-16
1.592186299656347803e-16
1.638824684117426246e-07
-3.169434436252276949e-17
1.638894151805636703e-07
1.637951513362532177e-16
1.638963615440642835e-07
9.062889124543775895e-16
1.639033068605375710e-07
6.944829784510377612e-06
1.639102835709257606e-07
6.583098731822897072e-16
1.639172291038466710e-07
2.290777122299873922e-04
1.639252183946142839e-07
1.246447798566951110e-15
-8.596869875273258858e-04
5.525779123464045171e-03
6.305939423893251218e-03
8.969907329602832061e-03
1.304163909544610832e-02
1.609654623889644059e-02
4.302403423592252203e-03
1.153026615829160634e-01
2.278251693623295493e-01
2.917548968666668352e-01
2.580051040438672283e-01
3.276110396418981940e-01
3.375381136947824268e-01
2.155424723585728508e-01
2.537054791431662681e-01
1.236858480332184290e-01
9.120972522625957202e-02
-3.686752660004737059e-02
-1.457119106211128001e-01
-1.230661458051383467e-01
-8.346999373097949149e-02
-6.504924491393052066e-02
-1.402999831955644983e-01
-5.983939587467781984e-02
-5.842812652214374181e-02
-6.084863075604608762e-02
1.936468153487282129e-01
8.804176368203130432e-01
1.345296707452604101e+00
2.558092299256854218e+00
4.617714134880149146e+00
7.712706622519453603e+00
1.077695428665164101e+01
1.440834725113120918e+01
1.726336748147337374e+01
1.848575610403218406e+01
1.846460630563993988e+01
1.911684466012009054e+01
1.975603425178915273e+01
1.987773105430352771e+01
1.979329822853200582e+01
2.010109736338388231e+01
1.969326638426914755e+01
1.876407901729879768e+01
1.865448394272086219e+01
1.775710423932888204e+01
1.673845539122001469e+01
1.559259356916541250e+01
1.509380741081223221e+01
1.307974504529655846e+01
1.044128422395975520e+01
8.067547385611320010e+00
3.926028175289673072e+00
3.056198919669190772e+00
2.774662544511308671e+00
2.258719203060926883e+00
1.734552904303840126e+00
6.256165656664736119e-01
3.244199314566079684e-01
1.930944529903362017e-01
-1.279614463102700661e-01
-1.864224295733401537e-01
-2.332004885646750125e-01
-2.490323108105953476e-01
-2.216527185180686421e-01
-4.590659371355533258e-01
-4.125418486696805775e-01
-3.757074137392205082e-01
-5.108864712869778391e-01
-3.271759555784128359e-01
3.058741739255226282e-03
1.477937096727853505e-01
1.411835862641018235e-01
1.846469246737358350e-01
1.540815811981685879e-01
1.900114727046820773e-01
2.369817739789802369e-01
-1.439563388956905388e-01
-3.070042477737380260e-01
-5.855576636235260146e-01
-4.721616633547299768e-01
-3.071573183286283037e-01
-2.621358725298487125e-01
-1.139023524563822637e-01
3.817744966004709695e-01
5.976891294211980066e-01
5.644932609538750867e-01
5.559366483432232053e-01
4.865142072143006091e-01
3.639754681171012973e-01
3.326347545802000316e-01
2.763578674351976350e-01
1.995774097507104494e-01
-5.878926515955229526e-01
-6.337226510102816901e-01
-6.678140265441903090e-01
-3.760671988904830676e-01
-2.949106195859787505e-01
7.328317940580406087e-02
2.703950124006562067e-02
6.620536524726949867e-02
8.865600555401177696e-02
1.658388508718387777e-01
1.743583359026421309e-01
2.801041255748792369e-01
1.920166908571230846e-01
1.383318697002326181e-01
7.858486320945885784e-02
-2.098031570912826105e-01
-2.283980656926768438e-01
-1.102636023033766455e-01
-6.534618880529810547e-02
-1.542900946887986249e-02
-1.581876461982934801e-01
-1.860480670009969917e-01
7.238438600430272159e-03
1.741702056150093159e-01
5.707241957736420429e-02
9.824803771108063521e-02
3.940486947545446955e-02
7.997321737465941383e-02
-5.361813777159957911e-02
-4.172020975841094770e-01
-6.106274812277810993e-01
-5.390142204351181521e-01
-5.003283704259117171e-01
-4.957187812360729362e-01
-4.268622491277452441e-02
7.803344294845521167e-02
5.910811361328871527e-02
-4.833871868227550966e-02
-3.906168550220959906e-02
9.734112353561738540e-03
1.315425321300009165e-01
2.880693215691522702e-01
3.017537723684162176e-01
1.240664483995115031e-01
2.707544471412178799e-01
1.731816503247550210e-01
1.623877535496894287e-01
2.661331245014830205e-01
-5.361256032935568516e-01
-1.100319352137583140e+00
-1.004609871721624526e+00
-5.219696033460085038e-01
1.239765802838595360e-01
3.991715408771032148e-01
4.187486220077141219e-01
3.700894692350275572e-01
8.629290617472603619e-01
1.902883683770028700e+00
2.742949886803143222e+00
3.950247539276309006e+00
5.108086822285088147e+00
6.808161565712261165e+00
7.470979008381118724e+00
7.720082631486469005e+00
7.888778077982027348e+00
7.881858470428042551e+00
7.880878312417742393e+00
7.099857748895688658e+00
7.150998422192425430e+00
7.622254799661773106e+00
8.442292541810020978e+00
9.622430196379880840e+00
1.055724228994335334e+01
1.145545362171703729e+01
1.230808477886474606e+01
1.278071280366246043e+01
1.356453142623121266e+01
1.409577548117621504e+01
1.491012528549997285e+01
1.567039246558613641e+01
1.584261454287954329e+01
1.651356994762820207e+01
1.739995867573102473e+01
1.763280025657511274e+01
1.784170671439829903e+01
1.708893728844049775e+01
1.552445441836279549e+01
1.204978752104827855e+01
8.179910501330480699e+00
5.579900333575573690e+00
4.066950724400734352e+00
2.624142690116483045e+00
1.694241070129632876e+00
6.732982065327293153e-01
6.214321664743857054e-01
4.799560859554549697e-01
4.287709878864567198e-02
-3.410922040540902839e-02
-8.615843688499841280e-02
-9.031198968831548324e-02
3.662538443609875682e-01
4.430472301299352988e-01
3.511913345076456139e-02
1.532597785469247131e-01
2.065656038589902543e-01
4.147943431035069350e-01
3.628118645889439886e-01
2.519967874042103317e-01
3.742510676646655376e-01
1.569274728604599656e-01
5.063387590250553738e-02
-1.529039477260031761e-02
-3.846230879965635563e-02
2.581083144395983353e-02
-9.833108370093867137e-03
1.317929061419953196e-01
1.682273638631294754e-01
2.008540922258311434e-01
1.871911157598226405e-01
1.190362980450294095e-01
1.300432943791132445e-01
7.570041656207956993e-02
-8.628769406950732856e-02
-1.056413388148967208e-01
-2.081872711112519592e-01
-1.589055032548463697e-01
-2.165586221644839882e-01
-3.036552071226109595e-01
-1.219982852121298533e-01
-2.679870251417079685e-01
-1.361748788041178548e-01
1.682757836104580296e-01
-8.218350509574191137e-03
-3.155078935567007248e-01
-5.286710855522709362e-01
-6.978764851212595488e-01
-1.000513959087343530e+00
-5.706791902544910977e-01
5.015375952069738297e-01
1.009017038105042507e+00
6.258443552207793026e-01
3.437981575025408215e-02
5.928049389568911670e-02
-1.126439033986649102e-01
-2.598859474920343308e-03
2.008986641595144826e-02
-4.653790460844461213e-02
5.720419748848355052e-02
3.262800949646915694e-02
-2.628092678257627768e-02
-5.779996438953396987e-02
-7.677072281620897498e-02
-2.958266338000912210e-01
-5.105083144987053734e-01
-5.874775172384788524e-01
-5.164784901632102354e-01
-3.328295973018533527e-01
-4.270020635356053806e-01
-2.098456121836528854e-01
-1.416951404262865311e-01
-2.167331617464679505e-01
-1.193118540152219437e-01
-1.823895818372228139e-01
2.673976481389754925e-02
4.394681081673301737e-01
8.312139853830026182e-01
7.500018563036031649e-01
1.287387729532873948e+00
1.408482190771254583e+00
1.967285801054546424e+00
3.499251062086434327e+00
4.163202746357063333e+00
5.608772021128106466e+00
6.375666073648680765e+00
7.747431366763665395e+00
9.547229131599502594e+00
1.102662950510847573e+01
1.136008969914740341e+01
1.194724000407332909e+01
1.337201942154087142e+01
1.328118386697399700e+01
1.304125551103600955e+01
1.350251072572233468e+01
1.380471843119316944e+01
1.443356899413048566e+01
1.461498083552409177e+01
1.491823754704032723e+01
1.508698487839990321e+01
1.411999657140394682e+01
1.139568436313571986e+01
9.269563504041423485e+00
7.565189916760028055e+00
6.247269938895559704e+00
5.909629599849389514e+00
4.431681297374229445e+00
3.133438621347925057e+00
1.474962895024494181e+00
1.008440871215285917e+00
8.343167582923038950e-01
6.354206991615599653e-01
1.249531038725292115e-01
1.147348211621376929e-01
1.527408439032707302e-02
-3.912120129466949425e-01
-3.386293088177317334e-01
-8.082933916108810957e-01
-1.126312505893745319e+00
-1.291883385477460289e+00
-1.163998505606375078e+00
-1.252684023318056283e+00
-1.108060307779224818e+00
-7.694623786109860974e-01
6.562769465891608867e-02
3.197843342926150190e-02
1.224892217566523334e-01
8.548045327951593608e-02
-7.434785617655823020e-02
-1.227825558932415656e-01
-2.677404775120054148e-01
-7.311160725363553547e-01
-6.568965699769812039e-01
-5.723474458819428623e-01
-6.821725998175323102e-01
-4.918551888772690339e-01
-6.222327825288087588e-01
-5.727899523541070126e-01
-5.370358152393821527e-01
-5.647170821036563426e-01
-5.034278758615479132e-01
-5.652903949243863746e-01
-3.176949382643987629e-01
-3.343653246586146266e-01
-3.306224046569685715e-01
-1.797282981047498285e-01
3.072939504882246098e-01
4.657283818526196106e-01
4.015107144533149319e-01
4.162586901010675855e-01
3.186291032539284585e-01
3.478168781463731873e-01
1.696465441767770477e-01
-2.989116856370084563e-02
4.420226233118933895e-02
8.336615520095065623e-02
2.005378512042275962e-02
-2.030789782491884410e-01
-4.555445238782984685e-01
-4.719895299616201356e-01
-5.542069178286912479e-01
-5.382057154394208620e-01
-4.646291546234557202e-01
2.073279766075881714e-01
1.743038206980843385e-01
1.646800701359502905e-01
1.848722044952702537e-01
1.787617829788615276e-01
7.636313441881598107e-02
1.377425920132754333e-01
-2.938502445427971788e-01
-4.312281701460757288e-01
-4.340158313415508617e-01
-4.294173351553218776e-01
-4.279851377314111693e-01
-4.125236153371275583e-01
-4.169592082773595498e-01
-8.824493586021966429e-01
-1.439520044028604229e+00
-1.857943466853520631e+00
-2.636981638229421332e+00
-2.250574538571648020e+00
-2.548325075270031270e+00
-2.471300645822815945e+00
-2.936894502396480089e+00
-2.804027825811380215e+00
-2.900611580942048295e+00
-2.826128067849569270e+00
-2.705854860282433716e+00
-2.735991505164493631e+00
-2.966615650528285020e+00
-3.020691902757997482e+00
-3.070287273120871685e+00
-3.046403422346574796e+00
-2.604488507735609026e+00
-1.509249934389551573e+00
-6.831649524055241618e-02
1.111074769507614857e+00
1.215513780595663729e+00
1.432256234851249754e+00
1.595243666935835636e+00
1.838195562493094348e+00
2.230862038208998754e+00
2.805431167685817684e+00
3.524383653557752183e+00
3.490966984646572513e+00
3.531704828552749476e+00
3.462782440450921317e+00
3.050129711264965238e+00
2.729228717739350607e+00
2.619203955647643411e+00
2.179138363079391905e+00
1.595491365793013872e+00
1.536147134729699770e+00
1.300464484418393685e+00
1.199256862238489152e+00
1.284682945542490851e+00
1.165205790003514874e+00
1.309744936603568277e+00
1.805454026791287747e+00
1.745978512122659643e+00
1.097283866730420110e+00
5.820778875967717036e-01
4.385774379055783490e-01
5.922685048877728287e-01
5.308497129438425333e-01
4.467658353162575202e-01
2.471938275656910822e-01
1.618181520085344993e-01
-9.136609399088023720e-01
-1.104325624938852002e+00
-7.186357632647035754e-01
-5.202360589691774617e-01
-6.067801336748857022e-01
-5.882130520847830280e-01
-5.664526568822172425e-01
-5.789916172732632038e-01
-4.168123866581102122e-01
-1.311295675598365962e-01
4.692811460091333292e-02
7.115015686087514113e-02
4.441072908221964100e-01
6.102295992241341116e-01
8.060078409585951231e-01
1.529553606757859452e+00
2.016824463067717232e+00
2.066102852348526753e+00
2.351257199353019356e+00
2.976399039089336895e+00
3.111486501521241621e+00
3.303202965864990848e+00
3.637427976937736673e+00
3.255399931256368617e+00
3.413811006097437595e+00
3.090063629317836291e+00
3.042511473605277850e+00
2.638183396821232929e+00
2.612827462451132732e+00
2.629986795240703668e+00
2.730794279982353689e+00
3.016593158277347086e+00
3.032194126880587870e+00
3.060140383208364234e+00
2.864273655849553624e+00
2.708756230364918416e+00
2.546542898314646308e+00
2.681706004943606558e+00
2.275419777397615029e+00
2.117635136229093273e+00
2.116984258743523473e+00
2.096608404233140988e+00
2.408629847298045412e+00
2.686446899847519276e+00
2.683199250207565445e+00
2.798342152654649695e+00
2.684335804473916731e+00
2.650535905281167892e+00
2.595921298798282262e+00
2.441108944166880512e+00
1.841398422545542424e+00
1.099349697900825262e+00
7.014454342619219629e-01
2.631987153213862229e-01
4.203738331529345840e-01
3.177854644567953413e-01
2.459698647359171431e-01
1.170256501163720597e-01
-3.182432002627769152e-01
-2.881205013505128143e-01
-4.053995454359456407e-01
-5.758542088222701194e-01
-5.488388550894898188e-01
-1.940325520702049777e-01
-2.232332792337341498e-01
-2.262145033326184440e-01
-4.852933666241883714e-01
-4.429269322678404119e-01
-2.921668115615094208e-01
-1.551157598044576313e-01
1.118277990383273329e-01
3.682409234391449959e-01
4.260257696319070253e-01
3.170689989455162117e-01
3.033526582001834226e-01
2.163464506155217404e-01
2.106453673125319170e-01
2.090485456125398267e-01
4.603442756355161092e-01
6.263338099157498284e-01
1.215454757093697324e+00
3.140541133014687514e+00
5.674672400568621100e+00
7.806224701456424775e+00
8.892051369524695659e+00
1.067608950687532143e+01
1.246193815760860168e+01
1.294940267504553510e+01
1.506753036082177921e+01
1.428828882022344970e+01
1.409158616870064229e+01
1.364828181960819364e+01
1.393021630708991587e+01
1.381987268587083584e+01
1.412795926198293550e+01
1.488702444547186587e+01
1.571404909014303541e+01
1.680315893662408655e+01
1.827414771844587094e+01
1.676406700357639323e+01
2.083594978281324472e+01
1.917637265655639922e+01
1.945987854555232133e+01
1.859350245037027349e+01
1.594675096461263841e+01
1.105556854105083175e+01
8.206087684299328444e+00
5.900668077177659399e+00
3.259243931447690201e+00
2.529475542266764965e+00
1.784478147583882235e+00
7.029116218532481808e-01
1.671477734193426712e-01
2.117700164473821922e-01
3.529033435378134409e-01
3.268260269346292546e-01
3.022350201282203996e-01
4.111385722495968231e-01
3.449069927713009354e-01
2.179905285908440571e-01
-3.784531936938797525e-01
-3.484586582320805537e-01
-2.995110005900962213e-01
9.754074874032057918e-02
-3.924102802937792789e-01
-2.658182901781395713e-01
-4.658153939107704256e-01
-4.529318103341936630e-01
-3.249433856983816038e-01
-3.486102066043423875e-01
-5.672407947456538091e-01
-5.881156762255975723e-01
-7.438340305000534780e-01
-8.856509558416263417e-01
-8.906190215731170090e-01
-6.931692717294359873e-01
-6.426102998713736358e-01
-1.043097955616074213e+00
-1.135765062373232714e+00
-1.191151623362116885e+00
-1.313081566613102158e+00
-1.269144907053201932e+00
-1.178320445744489131e+00
-1.238859084642156994e+00
-1.214066117517471399e+00
-1.152245475245030404e+00
-1.199256780959057744e+00
-7.303748532532228221e-01
6.453881528921000255e-02
1.716760091900377261e-01
8.361744018976301207e-02
1.771733647326322880e-01
3.225968696304741812e-01
2.699499076682486676e-01
3.158672883205704829e-01
6.365155176804360160e-02
1.547728260606164585e-01
-1.461611280461679596e-01
-9.753155667353327063e-01
-1.248176143565531193e+00
-1.810712670650530542e+00
-2.846541840866833706e+00
-3.150495266049722076e+00
-3.431588275784835496e+00
-3.646560623583840144e+00
-4.314833051981563194e+00
-4.636735996738956089e+00
-5.242690458957333099e+00
-5.321030295582787062e+00
-5.301709721461531188e+00
-5.063902400759623390e+00
-4.981499702699761833e+00
-5.113057339617165908e+00
-5.209137757563105708e+00
-5.877158793639171819e+00
-6.118231815532765516e+00
-7.092203346621469784e+00
-7.033490882336668193e+00
-7.151270401098131835e+00
-7.740962384428984322e+00
-7.814726658226931022e+00
-7.010347542559358658e+00
-5.434865903596365122e+00
-4.413167880165894452e+00
-3.125066402950867683e+00
-2.509321932745547823e+00
-1.866419475028867181e+00
-1.845697164123220879e-01
8.193250011889958717e-01
9.618472568743807738e-01
1.267972214553610089e+00
1.504005031010787086e+00
1.608067386726114822e+00
1.783234103932061387e+00
1.863835627002244699e+00
2.341302043718823001e+00
2.464632708867396715e+00
2.627626825767669594e+00
2.886482636769086341e+00
2.912083879887066296e+00
2.868999463875618439e+00
2.915098759084109759e+00
3.282920133965834264e+00
3.626504336731876776e+00
3.611973879225766737e+00
3.705416847400285985e+00
4.839614114986100724e+00
5.176036333440294790e+00
5.250226948489822298e+00
5.021144135511802276e+00
4.199456953867773734e+00
3.754338354743481876e+00
3.123997341580369014e+00
3.055229881558545912e+00
2.953497902712108214e+00
3.077716759827072934e+00
2.966338826179418575e+00
3.137785707779312983e+00
3.179215578171723511e+00
3.326853076206230941e+00
3.399419914578620361e+00
3.267121169185337681e+00
3.281619830389339132e+00
3.207204452515471260e+00
3.623284971481629757e+00
4.131886316001161852e+00
4.413671179002939482e+00
4.376173131864130816e+00
3.824774282758161448e+00
3.440942640017636833e+00
3.210136080704458550e+00
3.241782442449045121e+00
3.107541522669988510e+00
2.823828045786010321e+00
2.774010685743315552e+00
2.982072959199966178e+00
3.509460578861999469e+00
4.107107717637522803e+00
4.102743237729001180e+00
3.920995817604718603e+00
4.172002677417258276e+00
4.385892492168100176e+00
4.411724843078181024e+00
4.435769009971240351e+00
4.367304656716857636e+00
4.239410687299241864e+00
4.254693165449761949e+00
4.203545201554730326e+00
4.265507240674544676e+00
3.930653101899691304e+00
3.166098067795102278e+00
2.912780388266497766e+00
3.125397120179202126e+00
2.976641650088072577e+00
3.230979085997200517e+00
3.564038456256303888e+00
3.557211432441554688e+00
3.734933772311121114e+00
3.753072320129848816e+00
3.759505149734787111e+00
3.741896953228595279e+00
3.888695131024894280e+00
3.964349829774695078e+00
4.236933051715471521e+00
4.663587444663276571e+00
5.296888970386404161e+00
5.163301122150320666e+00
4.950029012148831065e+00
4.602274526459457782e+00
4.407828176876751769e+00
4.435175673759369275e+00
4.120021659275276527e+00
3.509881742407403138e+00
3.035419594970529378e+00
2.546002974279675701e+00
2.162177870339710761e+00
1.976295355635380169e+00
1.334647523345527498e+00
2.676443090980639705e-01
-3.048530605551414974e-01
-5.902152326083971445e-01
-1.179509217585495318e+00
-2.460114624095841585e+00
-3.335839088424059184e+00
-3.494279929172237065e+00
-3.794656547639017052e+00
-4.830230325848641648e+00
-5.519708526159148754e+00
-5.435425713571862438e+00
-5.545602955182303617e+00
-5.356372196600928781e+00
-5.311430358339755742e+00
-5.506522693494474652e+00
-5.937478556029790688e+00
-6.027733123206045818e+00
-6.191195095443133845e+00
-6.209039691270706207e+00
-6.488716577787881690e+00
-6.511691201894710623e+00
-6.416988486528399704e+00
-6.371693508237127546e+00
-5.800889981011819962e+00
-5.424262292887061854e+00
-4.242089736862611815e+00
-2.758482476951651385e+00
-2.495349271831363680e+00
-3.601963345649231041e+00
-4.543990579482730219e+00
-4.480781523084302442e+00
-4.443315061904181462e+00
-4.020057434371820726e+00
-3.142977577510021714e+00
-1.459193558852457384e+00
-1.129373812905741126e+00
-3.595650302792712805e-01
-6.545377628885235000e-02
5.180897840855305247e-01
6.168067016936161773e-01
2.592947157511286127e-01
-3.972170195282843652e-01
-3.824359577499238938e-01
-3.849495051951208335e-01
-2.257575589081862455e-01
1.963556189295573018e-01
1.707180630738592553e-01
1.868599076948699311e-01
-1.189156362240205989e-01
-9.097547689722060849e-01
-1.360640050521671363e+00
-1.379959738279828096e+00
-7.857753007100880538e-01
2.298017662065160449e-01
3.973887505133428255e-01
3.926218102106398544e-01
2.970613368239886642e-01
3.222305989972679696e-01
2.698186330825612655e-01
1.845730552128760915e-01
-4.258374372474769687e-01
-5.186206653185814197e-01
-4.606645158427361553e-01
-1.849216846757515964e-01
4.142542258761128249e-01
2.365517447122052752e-01
1.501544930307012471e-01
1.461443884020799666e-01
9.247832174131125071e-02
6.222468885411988615e-02
2.839238138707946349e-02
2.439442275243901281e-02
1.238784491783055143e-02
