1.770560930675705302e+00
1.961924704741080161e+00
2.147676857156604058e+00
2.326735992990289770e+00
2.506395730985501391e+00
2.707977895788384881e+00
2.873746608378417111e+00
3.046003346593250338e+00
3.208187728763954194e+00
3.360511192054122187e+00
3.500581697477421095e+00
3.631636508791990181e+00
3.724781545809208172e+00
3.867089601632414109e+00
3.987415401447449881e+00
4.118448508588610224e+00
4.171029453014077681e+00
4.301990186999368859e+00
4.420064831969516383e+00
4.555573613983560755e+00
4.665821839263334603e+00
4.720862382004982649e+00
4.803490194587130446e+00
4.819852084687901161e+00
4.864326263075106738e+00
4.875217908070111683e+00
4.846672238222393680e+00
4.879544543694625425e+00
4.876418966747830375e+00
4.937595031088361175e+00
4.959627684313085538e+00
4.981677725444023430e+00
5.036239180923018033e+00
5.052229584084940939e+00
5.058935220352806184e+00
5.123767993772537999e+00
5.167222161591735308e+00
5.215963028012074787e+00
5.275294861960831305e+00
5.340994392899511389e+00
5.413807856055234957e+00
5.496266944411693167e+00
5.563563765756762258e+00
5.636437896398857283e+00
5.723828958485966290e+00
5.815120585604024228e+00
5.879362498802262138e+00
5.945779687450598594e+00
6.041896957071593910e+00
6.056989133489829591e+00
6.172189502532308580e+00
6.183269334662850447e+00
6.153808227690571009e+00
6.107661931584758896e+00
6.069548854871491095e+00
6.040720853027734982e+00
6.024386314851774671e+00
6.006235212911138710e+00
5.962289550664078952e+00
5.874871479990713574e+00
5.742624611845007720e+00
5.561707463562969522e+00
5.227599198835300776e+00
4.896615033126747285e+00
4.625029898629972713e+00
4.310286049927922747e+00
4.001662836142275914e+00
3.633547060026938169e+00
3.273243107150258346e+00
2.868518241336123875e+00
2.487704950808952820e+00
2.128654871362020362e+00
1.814208553495141318e+00
1.541960851279830180e+00
1.442487861375908675e+00
1.438104964480646730e+00
1.435556460075292140e+00
1.445988659310696978e+00
1.487921826175217843e+00
1.596717339654679213e+00
1.745295923071865207e+00
1.923972248095228155e+00
2.118783815156185746e+00
2.311579288204716587e+00
2.554431235160940616e+00
2.774670836652293637e+00
2.991372942535084789e+00
3.203928379244796787e+00
3.436894427139741026e+00
3.626195425234754133e+00
3.837540406987062447e+00
4.036501529920646369e+00
8.639596885128391079e+00
4.592955535083635077e+00
4.761718862452354095e+00
4.936265646153076503e+00
5.112190674027046633e+00
5.290808095383826348e+00
5.494755677460583243e+00
5.704676558002196529e+00
5.861677338690578054e+00
6.035929276273247268e+00
6.188551541232741648e+00
6.374173040478035013e+00
6.494325725318511822e+00
6.622945230864219823e+00
6.746074706014266731e+00
6.850188990655988519e+00
7.025042811870132908e+00
7.141671909725156198e+00
7.278777156275078042e+00
7.419536500637927467e+00
7.536924523004699061e+00
7.674754447136858282e+00
7.778537864440453475e+00
7.879876257786965432e+00
8.031885180404765734e+00
8.061337650801837285e+00
8.053247853738467299e+00
8.089460521363429635e+00
8.146318551180332435e+00
8.205453168905478378e+00
8.306092568544693577e+00
8.405717904035606480e+00
8.430687027476594153e+00
8.449213377309943596e+00
8.465619108230209022e+00
8.533438159214901120e+00
8.536078092600940082e+00
8.571889989447077696e+00
8.506538052392263793e+00
8.489149579885472363e+00
8.444156575688340993e+00
8.444134549577661630e+00
8.387676632443310965e+00
8.374524391873165996e+00
8.403420351096915653e+00
8.417834242093631403e+00
8.416339004343081243e+00
8.478279996311025357e+00
8.483887043894569047e+00
8.513055568864499989e+00
8.583300488537137340e+00
8.621640934265297318e+00
8.674938928935468141e+00
8.643360878302525308e+00
8.678666168703434991e+00
8.735568720983607705e+00
8.783605559038530686e+00
8.758076153365388805e+00
8.791381507334756762e+00
8.768821732890497600e+00
8.676449946610423680e+00
8.660131467014158702e+00
8.570738932524015752e+00
8.556321618054088418e+00
8.517209388370021728e+00
8.550896495728665059e+00
8.536995610093750741e+00
8.560460285133185465e+00
8.578271687817302649e+00
8.599769126262618357e+00
8.580778723749064696e+00
8.644379610191101904e+00
8.631987464014084566e+00
8.667364653257534357e+00
8.692219143328587805e+00
8.721267763288487629e+00
8.725444763284516014e+00
8.746245200373330420e+00
8.756618833361915932e+00
8.793554314184975240e+00
8.765243424025303653e+00
8.772467739309858459e+00
8.679041054596003946e+00
8.677798541021960688e+00
8.648332354696576019e+00
8.664921508562787977e+00
8.634168526720980452e+00
8.693609759113522628e+00
8.730894524611661822e+00
8.770830531097630001e+00
8.714610847317477038e+00
8.757313672475785182e+00
8.726535589480148403e+00
8.617712454289522483e+00
8.591363241050384403e+00
8.518621469177032779e+00
8.421164677467391613e+00
8.384134715134516469e+00
8.270123589805729480e+00
8.229344365299066766e+00
8.226437505187631061e+00
8.173627305860085457e+00
8.158751409503464558e+00
8.160814918690403985e+00
8.122883987370581593e+00
8.093651809284294174e+00
8.049118946980177824e+00
8.014877344920305902e+00
8.000294337690474933e+00
8.007875441602658739e+00
7.987023725514670325e+00
7.937760369497504520e+00
7.861102034698358665e+00
7.805899580985599329e+00
7.728734549297717749e+00
7.650232617539802327e+00
7.575379617962221701e+00
7.538555824860779353e+00
7.489068436642869031e+00
7.446376230512928629e+00
7.407205602119680599e+00
7.401176932612917092e+00
7.373625860250239583e+00
7.382964197086878677e+00
7.404654502389599102e+00
7.394601645585583860e+00
7.446378554823033014e+00
7.460449148484663340e+00
7.494374728460904578e+00
7.544615100438085697e+00
7.570302013701372346e+00
7.689798720299060086e+00
7.671109605715441759e+00
7.792506215181579599e+00
7.802060132546400517e+00
7.885885859299961886e+00
7.956562484951612113e+00
8.010289891238214111e+00
8.039035055707147492e+00
8.021389631254374208e+00
8.106142806641619458e+00
8.144738559224226293e+00
8.215054955104536205e+00
8.321026365806190483e+00
8.360886729551021190e+00
8.432992946665189393e+00
8.457376029986411581e+00
8.484456924284000223e+00
8.549812001260413297e+00
8.598835573965983414e+00
8.632008501725000116e+00
8.647543528781202582e+00
8.743784071763753829e+00
8.755082497555877197e+00
8.796442568621122504e+00
8.865507758065104937e+00
8.912192398296308937e+00
8.911431510146458734e+00
8.968756061205668928e+00
9.102621440436770683e+00
9.044520090912188337e+00
9.106478995074217764e+00
9.205511350200362486e+00
9.176004357486361229e+00
9.164508486886782990e+00
9.082236861288148333e+00
8.977000019430228406e+00
8.914213390300599116e+00
8.848664322421852191e+00
8.789329528684337589e+00
8.762311661535116869e+00
8.764110657890368472e+00
8.761687559492459698e+00
8.826078032132302909e+00
8.743447208453625663e+00
8.827926735653230494e+00
8.802044893706707285e+00
8.776849451306153682e+00
8.676253375775930365e+00
8.617509565336090915e+00
8.555976791526372693e+00
8.478731229922663815e+00
8.374480931432177755e+00
8.268380212746713198e+00
8.241582194802546724e+00
8.127253784495227507e+00
8.082313275993239898e+00
8.076298436927167756e+00
7.954283998311564297e+00
7.899190036227174083e+00
7.820518552700834292e+00
7.714785966923148663e+00
7.636698328125733681e+00
7.541727372319407152e+00
7.464594579881720371e+00
7.391573707582495878e+00
7.204983210283605999e+00
6.943472420995663086e+00
6.696946302193708789e+00
6.447607965905041816e+00
6.264739726389730201e+00
6.048615280504681557e+00
5.807662071022949846e+00
5.557150268972374185e+00
5.376981722210788739e+00
5.145095160073903884e+00
5.039229408699722690e+00
4.914962603111206363e+00
4.831329378191653312e+00
4.752313981706373980e+00
4.726961666442108800e+00
4.686601757499488485e+00
4.697978474938201643e+00
4.688573776157016759e+00
4.672921104327029340e+00
4.699541063512149286e+00
4.680445666606175337e+00
4.750213526209656756e+00
4.804391204038803487e+00
4.863345269601099474e+00
5.000504545326217354e+00
5.109840390002369226e+00
5.220094978655415829e+00
5.375067892636529621e+00
5.511670650610923872e+00
5.677186579029315006e+00
5.809219045473312804e+00
5.949293699398327639e+00
6.089986516483593348e+00
6.243342041813614962e+00
6.414888320278860689e+00
6.543426233277750192e+00
6.684303734733446412e+00
6.831381957018663797e+00
6.988561228471455777e+00
7.104991362546395628e+00
7.240881810111029715e+00
7.387936910973655458e+00
7.499465678286247439e+00
7.642463462702542287e+00
7.736122230300090941e+00
7.884904947471075509e+00
7.884889288445648958e+00
7.886752657395855515e+00
7.882531406072257774e+00
7.917509632520720153e+00
7.978674043839761865e+00
8.032349552218235544e+00
8.104108422407660939e+00
8.173685391483870077e+00
8.246581354038960754e+00
8.322260232985685846e+00
8.390753230916688565e+00
8.488265762027550565e+00
8.514406779080315957e+00
8.567662977381687028e+00
8.636208790202294594e+00
8.695680152237104110e+00
8.764929661617868462e+00
8.859230458927868312e+00
8.862536840935169025e+00
8.962029943594469472e+00
9.016893693679488564e+00
9.091403518510880133e+00
9.172130813807898519e+00
9.231138592063686588e+00
9.275181295756997457e+00
9.356172411505543351e+00
9.317285388360010856e+00
9.272801814406980370e+00
9.193347948697383032e+00
9.100827549877491762e+00
9.078102698062430420e+00
9.048405079421980801e+00
9.066449793633585941e+00
9.109086609535612666e+00
9.242547880694946372e+00
9.209646922720407858e+00
9.340944765244081793e+00
9.448698189585075013e+00
9.504111719202132491e+00
9.600699965352024634e+00
9.731563807784041842e+00
9.757732721816466892e+00
9.845210820789189299e+00
9.923594532986243166e+00
1.001303335500575642e+01
1.010866245628215232e+01
1.014588325127360768e+01
1.022558341552062089e+01
1.030657950627308495e+01
1.036704633890464500e+01
1.047088750402502022e+01
1.052039985487376050e+01
1.057285285928009344e+01
1.048184197350397007e+01
1.043783865471304750e+01
1.031556986347431248e+01
1.027040653829263128e+01
1.025541985987278970e+01
1.022126726437788768e+01
1.017858642864220720e+01
1.018213918980470112e+01
1.020795589859122288e+01
1.020137338258089166e+01
1.023310967896678925e+01
1.014953807314541834e+01
1.017325467175495213e+01
1.011413309270502126e+01
1.007887874138147133e+01
9.954321235437289417e+00
9.908497851685510227e+00
9.847433631382994434e+00
9.743884561042914783e+00
9.696317162079024499e+00
9.603420350821716411e+00
9.535264345808380781e+00
9.481450799640326110e+00
9.430281901208141804e+00
9.373362324353692543e+00
9.224215307853556922e+00
9.170053883377004666e+00
9.093042974567115522e+00
9.025051252297290105e+00
8.940779382443192702e+00
8.877416268809149358e+00
8.755007351268512039e+00
8.696045383997748957e+00
8.498501079976994887e+00
8.241090765986204048e+00
7.934596142407209562e+00
7.648260638927345312e+00
7.330545331753686611e+00
7.027137213484016875e+00
6.758965829721486074e+00
6.483103228416303487e+00
6.190219871050902434e+00
5.925981972007465792e+00
5.746438126750329722e+00
5.675801932150741358e+00
5.666204425603936556e+00
5.633423354385943327e+00
5.524379210834971410e+00
5.476277560973012548e+00
5.432536157216780737e+00
5.326060740583372421e+00
5.350520966932209355e+00
5.272606350330631741e+00
5.353722071049361375e+00
5.101696322575221210e+00
5.198712302268102547e+00
5.155177848333006629e+00
5.140232751609170592e+00
5.109317897432052114e+00
5.120137039978150284e+00
5.083674244293318267e+00
5.073178531616989062e+00
5.047411447788600292e+00
5.006520667172874361e+00
4.962651462734569918e+00
4.933591333434969251e+00
4.910295865463723430e+00
4.894823541409236256e+00
4.877127272442320027e+00
4.837284611941141677e+00
4.857258244666699198e+00
4.861578438260609758e+00
4.928817420472919153e+00
5.011395952577116120e+00
5.077251533472296074e+00
5.204107198032741799e+00
5.306749021169469671e+00
5.430850819158323795e+00
5.557954856029948765e+00
5.671935210146865636e+00
5.799036936514810670e+00
5.875622669401304066e+00
5.940091466664807918e+00
5.855129978068386976e+00
5.960701727924694104e+00
5.996382470988844915e+00
6.012210516481394151e+00
6.028765207589185771e+00
6.070676691875737774e+00
6.051483584798079463e+00
5.949352610214901915e+00
5.912568706725011225e+00
5.817123293343072987e+00
5.767970529404754743e+00
5.754981007184157171e+00
5.750176658347851522e+00
5.785031030322475232e+00
5.837784283307432709e+00
5.709838700586657545e+00
5.701004551672578913e+00
5.817976512190797145e+00
5.688111927905597831e+00
5.719540614403081591e+00
5.652992648601447456e+00
5.536635721965571300e+00
5.499248722912689402e+00
5.440266493391350267e+00
5.435578134461581890e+00
5.466554190903046617e+00
5.465241069682548414e+00
5.524621700952874193e+00
5.631804157769589203e+00
5.752764673390244887e+00
5.858325814719519187e+00
5.965997650282227838e+00
6.088637164423736259e+00
6.187076071926830068e+00
6.302349074455181110e+00
6.369092678127995732e+00
6.475497294608900667e+00
6.547753932495245621e+00
6.672245470921933652e+00
6.751835848379905691e+00
6.872206909105126549e+00
6.983706089034613207e+00
7.076852135178558711e+00
7.173709410497410843e+00
7.240679860931650502e+00
7.304182765848922898e+00
7.360175237749294830e+00
7.347126667683683721e+00
7.475537688192841479e+00
7.492944975232640914e+00
7.653020263831703751e+00
7.652007202091435367e+00
7.691926038087716577e+00
7.785952015077385546e+00
7.864999646153278512e+00
7.923887885718994717e+00
7.979302252632604286e+00
8.038941098630012050e+00
8.123549186834724267e+00
8.083561088781246795e+00
8.043298994862174922e+00
8.001143282661702827e+00
7.994012965382748526e+00
7.945086445437026690e+00
7.963621453278429740e+00
7.921957755814691637e+00
7.983861825723952421e+00
7.938168723287692075e+00
7.901472090736566756e+00
7.931566810854548955e+00
7.927110708249566429e+00
7.921573472610493383e+00
7.895374890674941248e+00
7.845471344026857530e+00
7.774174242706145321e+00
7.681023217447701334e+00
7.615816484102621686e+00
7.625416762190714515e+00
7.584248155871953223e+00
7.550532240795218897e+00
7.556196149542711460e+00
7.555250340316089996e+00
7.552538659862447545e+00
7.553934248705193255e+00
7.542574754681285576e+00
7.588641067302202003e+00
7.643782861205795420e+00
7.656776459147643266e+00
7.713364342535744100e+00
7.756184222632963809e+00
7.757667664041882460e+00
7.786065964337477219e+00
7.827934103472520277e+00
7.864890537681666238e+00
7.935538509090206638e+00
7.949678258442266277e+00
7.973516978451438142e+00
7.966938596818472718e+00
7.959299216851235315e+00
8.112591755214303646e+00
8.113423152310604181e+00
8.131868289818998008e+00
8.142065113244276731e+00
8.269652842470458509e+00
8.247776507629264842e+00
8.355601400324660588e+00
8.445202488212938619e+00
8.452378456659790373e+00
8.525617775540336396e+00
8.535337623847322419e+00
8.636839492666817719e+00
8.622611662670205845e+00
8.696792316473739959e+00
8.742146967369704313e+00
8.715070473965106146e+00
8.647377395607776407e+00
8.556247407042253172e+00
8.539511656322147815e+00
8.490012224173755229e+00
8.416204400874979896e+00
8.361979225050202302e+00
8.247027519081678193e+00
8.042123362720895230e+00
7.832524758551774546e+00
7.548463721110752367e+00
7.241590415995781349e+00
6.953899176707316165e+00
6.651232776555150217e+00
6.358565834957802920e+00
6.056460458936869351e+00
5.758815490875342391e+00
5.584974189635076414e+00
5.546538672465224806e+00
5.429452805464269893e+00
5.322987428803775956e+00
5.201983382391193622e+00
5.133742750395226651e+00
5.016930114190096823e+00
4.897826275808532692e+00
4.802384432191826313e+00
4.659514904080825026e+00
4.580345973976629459e+00
4.531977781615026402e+00
4.507384039596550984e+00
4.458786166293041475e+00
4.457763693928334270e+00
4.512622866977064717e+00
4.584828656263004731e+00
4.740119819741045681e+00
4.822239045624164611e+00
4.933072328033679455e+00
5.092000794249510243e+00
5.201508986000562551e+00
5.369539691180317043e+00
5.570366414532593957e+00
5.713520561282134480e+00
5.852715534512415552e+00
6.076531798334456447e+00
6.178786517139744916e+00
6.392836988169877444e+00
6.563679228730268100e+00
6.723087086633919185e+00
6.886383269012409158e+00
7.043026310653440980e+00
7.181678208993150569e+00
7.308604710583042063e+00
7.436565874056422665e+00
7.593641931680124912e+00
7.603459766891929483e+00
7.649624693734595304e+00
7.633516835030270897e+00
7.499306766600052576e+00
7.461424066124965115e+00
7.406394038680412351e+00
7.402652735266743278e+00
7.392429498586169601e+00
7.420841043373992640e+00
7.370092277492216404e+00
7.380732643529273496e+00
7.382840188177432594e+00
7.360785297513126046e+00
7.358389703186291264e+00
7.283552297864906322e+00
7.271218398262340621e+00
7.262542801840162099e+00
7.234331468362468875e+00
7.239692524408547492e+00
7.287088129008449044e+00
7.358281125413161483e+00
7.368501367875865959e+00
7.356380372692657765e+00
7.341921914286864137e+00
7.300460455771031754e+00
7.221812423313282103e+00
7.130470220224032651e+00
7.114089902301937052e+00
6.991891542160753481e+00
6.893979474479817959e+00
6.884436231055930833e+00
6.758139016977345648e+00
6.851933056671074773e+00
6.531697691905374192e+00
6.591877823233051714e+00
6.528011227454054044e+00
6.573982292338976130e+00
6.603951053633958068e+00
6.636845838337266379e+00
6.683426697279505113e+00
6.759515654242573390e+00
6.894882580646895853e+00
7.004522551926265272e+00
7.117738450569978781e+00
7.169469673274615040e+00
7.276101155640815499e+00
7.333421860074529341e+00
7.381786520548573094e+00
7.432238957051809258e+00
7.479286083763634352e+00
7.456093071859767996e+00
7.509869373123783554e+00
7.510770107979965360e+00
7.520765511601208431e+00
7.520349095635790349e+00
7.411063215478375987e+00
7.359086876147729939e+00
7.334581233852312643e+00
7.314417211461688773e+00
7.290347633300015673e+00
7.297163074753472145e+00
7.308722770135637425e+00
7.355282538820165250e+00
7.359782372885648627e+00
7.425206663761318104e+00
7.459243387721907759e+00
7.490777335160968775e+00
7.498067625721971829e+00
7.493758718984452116e+00
7.470480296978396773e+00
7.477489732987044668e+00
7.488794894309658723e+00
7.456869267916818700e+00
7.439759954432560995e+00
7.495620108898894962e+00
7.549382415649994904e+00
7.589623117217846548e+00
7.620074629874399541e+00
7.689976896225484637e+00
7.777507042737111576e+00
7.813585223080506736e+00
7.836975261892823674e+00
7.873728977895559034e+00
7.981032301559809028e+00
8.036126032181348577e+00
8.111967924701213306e+00
8.207222513565474387e+00
8.292247665025968217e+00
8.361294776271686047e+00
8.426612083647203377e+00
8.494314831604032889e+00
8.532277393176315172e+00
8.506221374725717155e+00
8.564675235977421863e+00
8.492580860173170265e+00
8.398003175685825994e+00
8.371615358611336433e+00
8.251561799833064370e+00
8.216582494286610583e+00
8.172589145630990259e+00
8.115433216078209000e+00
8.028593720566700398e+00
7.980370252689017896e+00
7.838550505937214474e+00
7.686296720345814570e+00
7.352825793176095637e+00
7.100208309601756973e+00
6.858707011947370091e+00
6.680184650329957563e+00
6.598453085985810596e+00
6.513635890452097676e+00
6.386134355730436418e+00
6.286357750288100732e+00
6.189925305309542658e+00
6.116303217702757422e+00
6.070295908905653626e+00
6.060706755466855888e+00
6.077968114499411989e+00
6.085734368502732750e+00
6.132433364198392134e+00
6.150042697404360048e+00
6.151581221542795852e+00
6.183577787244156632e+00
6.209271101172856966e+00
6.321858358133922273e+00
6.576304411691062946e+00
6.262416743786652695e+00
6.526305540070004518e+00
6.581525747432693585e+00
6.768565174582297672e+00
6.665130949145764205e+00
6.781775151919203104e+00
6.671742202120721998e+00
6.641023402945751997e+00
6.635161785678615587e+00
6.655895458636327255e+00
6.673423728257502852e+00
6.710594135431306562e+00
6.727454593766356794e+00
6.708151061221911071e+00
6.769023581810985846e+00
6.851140175217615536e+00
6.953723924094888709e+00
7.023304494008103305e+00
7.158999247606852023e+00
7.234189985163805403e+00
7.365742366035616939e+00
7.394318348984073808e+00
7.532436539920845497e+00
7.589380693220934226e+00
7.758779725290358975e+00
7.819577806982984214e+00
7.987790875524558132e+00
8.039062660151003570e+00
8.075223061151813653e+00
8.162234286980226017e+00
8.223594158187973235e+00
8.197235728065125571e+00
8.313190735752000293e+00
8.358563938919990832e+00
8.351710873803304125e+00
8.387511279344860071e+00
8.380015162306191812e+00
8.403164478512529456e+00
8.312639843934304551e+00
8.252755664035555938e+00
8.131145654746614326e+00
8.119355045382624425e+00
8.026311455956527396e+00
8.014037107698859685e+00
7.966513085249092185e+00
8.018466142067268265e+00
8.021698874973502313e+00
8.086897331001464906e+00
8.103711487144286352e+00
8.111358073962934512e+00
8.190518540422095484e+00
8.213187610792333615e+00
8.352861153983667464e+00
8.402290380017658933e+00
8.494583057240392421e+00
8.564755680922559122e+00
8.620307884793955822e+00
8.680092148950114606e+00
8.759053598398782725e+00
8.755061120739028979e+00
8.863897259878593005e+00
8.918818779770303351e+00
8.990826683941538278e+00
9.019745605211877404e+00
9.088648533605674373e+00
9.202152858935946256e+00
9.265461776535451222e+00
9.292771832814223032e+00
9.268390671527365399e+00
9.371725289291402916e+00
9.390457674921925957e+00
9.405351884428883480e+00
9.363591303588812309e+00
9.388217307901337350e+00
9.375394659445944967e+00
9.360734464424393053e+00
9.296348680931304287e+00
9.270468290831740177e+00
9.217269343344517196e+00
9.233844458380358944e+00
9.250328713994836249e+00
9.243743538344455501e+00
9.274556801274735918e+00
9.284157886131776394e+00
9.276844852550986786e+00
9.281313841703381584e+00
9.299095594196231218e+00
9.277038874956430092e+00
9.273334518866530374e+00
9.307217369562740927e+00
9.263825671542011975e+00
9.206849051384539351e+00
9.037931500709355248e+00
8.992643355172402764e+00
8.878873951679356225e+00
8.757843183880098081e+00
8.635158192914580866e+00
8.523014391168631576e+00
8.412048251665307674e+00
8.320306199269404956e+00
8.306157023828523833e+00
8.217959246699082954e+00
8.113406490752835154e+00
8.076396443185432261e+00
8.081995269724144393e+00
7.935762836276672338e+00
7.941349610350495247e+00
7.922994991404803677e+00
7.885461798455558835e+00
7.860977824642221279e+00
7.809450799620493378e+00
7.781541128024223930e+00
7.764269667943827891e+00
7.753376334774142009e+00
7.777801176207733036e+00
7.773565737776478635e+00
7.805262483942512652e+00
7.819015882427605035e+00
7.831808085638312988e+00
7.835437664704334004e+00
7.919035595368588254e+00
7.961868105197122958e+00
8.056469927082639870e+00
8.104351675246443065e+00
8.163522002809575184e+00
8.176787906433034436e+00
8.233834133689581947e+00
8.267090737898925568e+00
8.297703376462116864e+00
8.411870054431256349e+00
8.440775175633058680e+00
8.494777700890800531e+00
8.506899121682330644e+00
8.529234102426368480e+00
8.595824504445408465e+00
8.637992091814446383e+00
8.654664682490667005e+00
8.679947339651949534e+00
8.727512659544371942e+00
8.767797037382063507e+00
8.766198337180009403e+00
8.854751604795024988e+00
8.880806684372661408e+00
8.942086620043088629e+00
8.925746486014775272e+00
8.998139997663619383e+00
9.057674509268004215e+00
9.071779210348992706e+00
9.109097160701955076e+00
9.197770682703239942e+00
9.242890260973906535e+00
9.276105000984443905e+00
9.290593280738947968e+00
9.381426637975131655e+00
9.400768335230649697e+00
9.482373471683152033e+00
9.462542771055618473e+00
9.489539355360253836e+00
9.514180088941770919e+00
9.549020689249228866e+00
9.578948097210684409e+00
9.657646611798933023e+00
9.699269934053422304e+00
9.670252373243727106e+00
9.720761861394450420e+00
9.723793946776286390e+00
9.626370196164224069e+00
9.667465846193914913e+00
9.595069120717017341e+00
9.560744363986998451e+00
9.501555489131392918e+00
9.407147064533869951e+00
9.323056490598071733e+00
9.289221651075861175e+00
9.225745573600892868e+00
9.127876420084708897e+00
8.935025389724888356e+00
8.686095283194717354e+00
8.443527623258143322e+00
8.267772646597347119e+00
8.189065747637952697e+00
8.050505718696241431e+00
7.923702406065587844e+00
7.719559774408518038e+00
7.490621602298410231e+00
7.155791007603402143e+00
6.854791672338991226e+00
6.517600113510878757e+00
6.203525947955889741e+00
5.900161825407231220e+00
5.684144677398134782e+00
5.531215858936776364e+00
5.423616285876774690e+00
5.280796790725718282e+00
5.109225490136632075e+00
4.851336392379675289e+00
4.655487658628246983e+00
4.520524689860695666e+00
4.424852256441941023e+00
4.334655839663485999e+00
4.282105433921513438e+00
4.208046394094547615e+00
4.219010056249564045e+00
4.217161117109061941e+00
4.273061073054220671e+00
4.363816254057127253e+00
4.478051353604057816e+00
4.638926480982319411e+00
4.773942409775778550e+00
4.949795685797207412e+00
5.107076277394598129e+00
5.308518106733629338e+00
5.465536938975336767e+00
5.611518720206663424e+00
5.811097756137272974e+00
6.022047748731536032e+00
6.173353568918781065e+00
6.372968019552708085e+00
6.553219870031190553e+00
6.721216710702112351e+00
6.887398103235123692e+00
7.067945565034643884e+00
7.250437812604905830e+00
7.354921687977472367e+00
7.541628332722892125e+00
7.702068283297528239e+00
7.851736188463346089e+00
8.033189842993611052e+00
8.182396900432165054e+00
8.300811817874420129e+00
8.454585173190174885e+00
8.556848007524802568e+00
8.700258343579850617e+00
8.834419806618008408e+00
8.957888193814989464e+00
9.082254322747552067e+00
9.170836427119207102e+00
9.318961053153312690e+00
9.376685958323323078e+00
9.479441927319305350e+00
9.536023542415852816e+00
9.598966529060730224e+00
9.673699527263368125e+00
9.766819978699096794e+00
9.837550254825821128e+00
9.881382427952503988e+00
1.000107543286762102e+01
1.006286986995803545e+01
1.008626179470076067e+01
1.018603716219762489e+01
1.025369908640125338e+01
1.028691731449668012e+01
1.033521025129457271e+01
1.040297062963194463e+01
1.041509950353044545e+01
1.035534517751560202e+01
1.026007059368701846e+01
1.021010134141580394e+01
1.012822312347657849e+01
1.011044826594046953e+01
1.015947814200812083e+01
1.019508027258140181e+01
1.021613328233240381e+01
1.023874997864998981e+01
1.025717329129096989e+01
1.032241908350238724e+01
1.035514205188227876e+01
1.036035167395507806e+01
1.036016299400021268e+01
1.039571776681457926e+01
1.045688253937613332e+01
1.039715064611518969e+01
1.046210116320160743e+01
1.047706993169107825e+01
1.051082464676984429e+01
1.056855346694061204e+01
1.060192954155704825e+01
1.068407181752893464e+01
1.073197024312312564e+01
1.074725039836136276e+01
1.078408144938058300e+01
1.083611762969764314e+01
1.116146515072088441e+01
1.067207122818239817e+01
1.098547931875646100e+01
1.095559083664932487e+01
1.107593285120728410e+01
1.096237923813305137e+01
1.107319319191560503e+01
1.102824506589833575e+01
1.097518063797447319e+01
1.094687842944596312e+01
1.078234384222172082e+01
1.073491767003054598e+01
1.068741731652533389e+01
1.062847574507824078e+01
1.060383351240335159e+01
1.059050472796666931e+01
1.057191333434632341e+01
1.055448445535745527e+01
1.052352569643775482e+01
1.050777804802319970e+01
1.047748665324582440e+01
1.049994055850842578e+01
1.046877317832109711e+01
1.043223195268137538e+01
1.042727579389646841e+01
1.038595658403992594e+01
1.037906243471876166e+01
1.035472796821478703e+01
1.034709231507558513e+01
1.033412731270484386e+01
1.031852398646121749e+01
1.029059610617415110e+01
1.033869700921528079e+01
1.032751752328299233e+01
1.032153546008243161e+01
1.028389051769942775e+01
1.016179431343076089e+01
1.011691514408622794e+01
1.009121745064823195e+01
9.932657978569428892e+00
9.967033964034945015e+00
9.987736929709909006e+00
1.000307653633058180e+01
9.986109886700392124e+00
1.001625899824215615e+01
1.003960611751501197e+01
1.005069418728191089e+01
1.006492627571437204e+01
1.003589440655093235e+01
1.009810859863623378e+01
1.013915577670078960e+01
1.015550334565033630e+01
1.024343122061212696e+01
1.031835157921186408e+01
1.029072246059723383e+01
1.041452990371393561e+01
1.041151984599254732e+01
1.047993445462441109e+01
1.050344979216749408e+01
1.055415522953932594e+01
1.056361373695940387e+01
1.063374229245208369e+01
1.072146475500103513e+01
1.076147776924525168e+01
1.084317402739788783e+01
1.087200528579553804e+01
1.092259196423110090e+01
1.098779617999186442e+01
1.101648098812034959e+01
1.109766900760192598e+01
1.107715039199684526e+01
1.116343615419429902e+01
1.120326917356134722e+01
1.129615018422556716e+01
1.136071386853950571e+01
1.136704750503875871e+01
1.142276941718150951e+01
1.144292789830375057e+01
1.145115193109908169e+01
1.152112718338462471e+01
1.160200422024885114e+01
1.162101774986321701e+01
1.167068305316448829e+01
1.172685251876633572e+01
1.174870072370822704e+01
1.181091327890940690e+01
1.173586921589094167e+01
1.175802970524994784e+01
1.179474235225838186e+01
1.191023342849833533e+01
1.161508688039340775e+01
1.177941063292684376e+01
1.175518947747896803e+01
1.173186102634591776e+01
1.174272877834467721e+01
1.170794729313655935e+01
1.169453471283890345e+01
1.173575244012388019e+01
1.172579596859677942e+01
1.172040283045484443e+01
1.167070171768272502e+01
1.161161318937541864e+01
1.151009718081317956e+01
1.148302291620478499e+01
1.138281316464451010e+01
1.135301352000113972e+01
1.131793676926321801e+01
1.128089179119530883e+01
1.120334853222334104e+01
1.109346416236700961e+01
1.101987735656651601e+01
1.099004649721874749e+01
1.084219782995209869e+01
1.073124117409049028e+01
1.071107962046168538e+01
1.060385835302508362e+01
1.056936595173954707e+01
1.044523760155871095e+01
1.036161537450746195e+01
1.029760061339362309e+01
1.019918044613761410e+01
1.010826678445384097e+01
9.982184000702417848e+00
9.913284661362247618e+00
9.841149803774836613e+00
9.796942723929214836e+00
9.677673836208516178e+00
9.579119151906990481e+00
9.496259199680865848e+00
9.397810185935281169e+00
9.253065954993171971e+00
9.046623699341758140e+00
8.850887779487649709e+00
8.694891891499223036e+00
8.635401892116323808e+00
8.523442259956258482e+00
8.402260895947271990e+00
8.275812231323039114e+00
8.155096050766436733e+00
7.950858691324734551e+00
7.664563182794958074e+00
7.350351407372230028e+00
7.005903803902040039e+00
6.691665807971408420e+00
6.467912071616776615e+00
6.304089713158972152e+00
6.203863576167783833e+00
6.108221393289651857e+00
6.017164650610261845e+00
5.958160397607500158e+00
6.023011769184253517e+00
5.908554151159798096e+00
5.906630025682831686e+00
5.802293000905101472e+00
5.752867460752487894e+00
5.742003231957827580e+00
5.698405921929714957e+00
5.729110567646627850e+00
5.723089109899281546e+00
5.756572917616351148e+00
5.782886772553894161e+00
5.859468740776523354e+00
6.203596169465029675e+00
5.732655271321857704e+00
6.058836898167656138e+00
6.101172554546134386e+00
6.203100445512712113e+00
6.229873846867934439e+00
6.349966279770566935e+00
6.360486451740889002e+00
6.459499311213896533e+00
6.459199564448624642e+00
6.546371514493031896e+00
6.580339695392095400e+00
6.680408623950410352e+00
6.722172168477081655e+00
6.784943646356563107e+00
6.887884296979016163e+00
6.893297384208476153e+00
6.967192749380754613e+00
7.093299330211344511e+00
7.122274062518882509e+00
7.202515156655746154e+00
7.261133684004776434e+00
7.329681553371656832e+00
7.362057145182651752e+00
7.428363611527715626e+00
7.495519136489467549e+00
7.550309419977216052e+00
7.612503266905464194e+00
7.649547571422392167e+00
7.760107966554622649e+00
7.786996836548505385e+00
7.840497866193200771e+00
7.903273294138845273e+00
7.961637756231437990e+00
7.993912621532781593e+00
8.099717549890623758e+00
8.188392723421014097e+00
8.267819469663194809e+00
8.245118710764883119e+00
8.321446678694218946e+00
8.344602589444674479e+00
8.367260632376797957e+00
8.415280399622313112e+00
8.465433966034630942e+00
8.505704880513164312e+00
8.590365936798812996e+00
8.565671258946352395e+00
8.536039395877173419e+00
8.627337135046222016e+00
8.505658895226812177e+00
8.425786953296144688e+00
8.350792001438724910e+00
8.355597439078273680e+00
8.258101218430686785e+00
8.223654531730240080e+00
8.231054252853846620e+00
8.160539761562411343e+00
8.096709821239080895e+00
7.968057518902175396e+00
7.905340935260414703e+00
7.832585973833766424e+00
7.712034766101284688e+00
7.553506707954170452e+00
7.307999409188980167e+00
7.181771000476823374e+00
6.951559314263434430e+00
6.810306967160690839e+00
6.667385430058172524e+00
6.504369327137300871e+00
6.313447599907274999e+00
6.127393487549268158e+00
5.934376166963484245e+00
5.732704226413038562e+00
5.593927818536694296e+00
5.534027293274764503e+00
5.453257892921301142e+00
5.426080629585972481e+00
5.382392038453327032e+00
5.447566611313279239e+00
5.454245833676947264e+00
5.505324129829463509e+00
5.486977218453396254e+00
5.583271300087239375e+00
5.702882317872489004e+00
5.844077019258381078e+00
5.932728866294661785e+00
6.080180383042113945e+00
6.245856463754616783e+00
6.381620225501621668e+00
6.520212780478029657e+00
6.590252807388652379e+00
6.707415378235128678e+00
6.861323422324351995e+00
6.954497861315871887e+00
7.104354129405707319e+00
7.252822563344283324e+00
7.323889235085833782e+00
7.503464265555924051e+00
7.623433681805674489e+00
7.706155947688263730e+00
7.869965691614618564e+00
8.013776054539693661e+00
8.013202892274199129e+00
8.176343905622330155e+00
8.259142784777955271e+00
8.409685991968085972e+00
8.449882916376980191e+00
8.501780314168692954e+00
8.639800861956199896e+00
8.710670037789324027e+00
8.828783844923728807e+00
8.886149949714887697e+00
8.903790133652158545e+00
8.951165951773225160e+00
9.032927262429609527e+00
9.057318597403755334e+00
9.085336114790552031e+00
9.147286747904502135e+00
9.100794519084063339e+00
9.032836488875014780e+00
8.968127499839971151e+00
8.884553664671978268e+00
8.767988194537267077e+00
8.706729988718690194e+00
8.623738183445496475e+00
8.506585693862531272e+00
8.416311476884597909e+00
8.329162845834151341e+00
8.254098394145060524e+00
8.170970563412000232e+00
8.073684319735411563e+00
8.048195770871194199e+00
8.051555693750797715e+00
7.987988665975036540e+00
7.978847277404903515e+00
7.956224868256508209e+00
7.931222141983149676e+00
7.929882096147482073e+00
7.882344116550919821e+00
7.909198085700728242e+00
7.929948280793092330e+00
7.913746286647922012e+00
7.885899288774644411e+00
7.891005418776128266e+00
7.875452672451435987e+00
7.910920972763230807e+00
7.960826256622334007e+00
7.977900422685087811e+00
8.042473043768165297e+00
8.110248159770339527e+00
8.161333916301918734e+00
8.219669881762778019e+00
8.297644229451488940e+00
8.329879277839610907e+00
8.494003402400380764e+00
8.520866144096714834e+00
8.593465325900687901e+00
8.670445207139408694e+00
8.647270920346656453e+00
8.742251212156515905e+00
8.786871896624001366e+00
8.881961123092338539e+00
8.908493170950436024e+00
8.979564382362159591e+00
8.957253898763530842e+00
9.000659458800495116e+00
9.020361956240856571e+00
8.927041809872125810e+00
8.841414140025518620e+00
8.793935702370346164e+00
8.686875158453641887e+00
8.596793767292874477e+00
8.507699053588440918e+00
8.418191194683277701e+00
8.351930898019656269e+00
8.237878010473247414e+00
8.152569188112554599e+00
8.052308438229392351e+00
7.965145458399011780e+00
7.551041480137893558e+00
7.506438917347909801e+00
7.385445123627883746e+00
7.299684871520280005e+00
7.153369405515500823e+00
6.975026529151612920e+00
6.800557656252183669e+00
6.545195022233274429e+00
6.384394385286149998e+00
6.124042451849432744e+00
6.039113031990605229e+00
5.983520017033263194e+00
5.862969251400143023e+00
5.740227727237248168e+00
5.547655752290865827e+00
5.285165260135354259e+00
4.997699492127122056e+00
4.721479564942617557e+00
4.637977956927938905e+00
4.477833246910185139e+00
4.362219138316520528e+00
4.239736005453142553e+00
4.116418215673984804e+00
4.050864244183648211e+00
3.996207011492327155e+00
3.868288257583805123e+00
3.849017597530974388e+00
3.846752320752579557e+00
3.824838521352104337e+00
3.836161991326968668e+00
3.890647512938833597e+00
4.000665773487099841e+00
4.094645486667138456e+00
4.206359727784687585e+00
4.321157816902868376e+00
4.489291838929616141e+00
4.665550394830822789e+00
4.818216856771051049e+00
5.038477973535639087e+00
5.232353667836955324e+00
5.419444253006017398e+00
5.635047698130271066e+00
5.847915868425386243e+00
6.018414464912318351e+00
6.210972382570870920e+00
6.379130460167604433e+00
6.565654755181916435e+00
6.754988664413279054e+00
6.941228728407586424e+00
7.113154033496500439e+00
7.211855819114307842e+00
7.373243371958945858e+00
7.500987311089237330e+00
7.621491748876590755e+00
7.785870253298930344e+00
7.940974244521351366e+00
8.107462815512350929e+00
8.218730104492701471e+00
8.281566860864813862e+00
8.327956555678555972e+00
8.432727170381099313e+00
8.465439412813706710e+00
8.547141280927169404e+00
8.610733170073324061e+00
8.644745426478117167e+00
8.683253565121571427e+00
8.719710308975363589e+00
8.778416317564422755e+00
8.795099165392590734e+00
8.835609371785912103e+00
8.906515146315234333e+00
8.950584158650691791e+00
9.027222134881959903e+00
9.085461900636749633e+00
9.144267359905301262e+00
9.224850202248823905e+00
9.272339821644960622e+00
9.338474625162740850e+00
9.376418352688119739e+00
9.406613609450138469e+00
9.573161766015555685e+00
9.552944093528701330e+00
9.625667706966881454e+00
9.704995763757993998e+00
9.750059823427221772e+00
9.803291269083317161e+00
9.845874052502525231e+00
9.904828511421827741e+00
9.976717226231857083e+00
9.990449697180199706e+00
9.903060606042981107e+00
9.798023981238463520e+00
9.997187037581142022e+00
9.365251807869913847e+00
9.548133345665256400e+00
9.479544400460158116e+00
9.379073610054105004e+00
9.279389600286652495e+00
9.252685434537548659e+00
9.131926162674586678e+00
9.156456885048068983e+00
8.871157556676351419e+00
8.919979830506667540e+00
8.803796331446578805e+00
8.741964572183896109e+00
8.671964914149585368e+00
8.597104939108062283e+00
8.517675117293196152e+00
8.441087047778935926e+00
8.363844649757027128e+00
8.313981819175589649e+00
8.280402122293047285e+00
8.247674082067430135e+00
8.220042887982559776e+00
8.191013554093794724e+00
8.214167497397300011e+00
8.133059503914344290e+00
8.174649275461268516e+00
8.172234656002512310e+00
8.148045288768644312e+00
8.155957042418997105e+00
8.209870668882992106e+00
8.173537051797104880e+00
8.276119644582866641e+00
8.136245553505252914e+00
8.255053928851530998e+00
8.256005010489506191e+00
8.300624705044327811e+00
8.292767506590870141e+00
8.278560614332175049e+00
8.213989747828543742e+00
8.212549473396107302e+00
8.248083644036462658e+00
8.234584902967119646e+00
8.149134105000314321e+00
8.007898366265660428e+00
7.918852818572818641e+00
7.830742731361727493e+00
7.801026269731559104e+00
7.646101604643527061e+00
7.646111627547671930e+00
7.560268541760788885e+00
7.455937134976891478e+00
7.419327375367127608e+00
7.192644227712022165e+00
7.190153443449901260e+00
7.100061519570219026e+00
7.043056451797680140e+00
6.994054864742034638e+00
6.877501048510163528e+00
6.898444215600537888e+00
6.808080069585255245e+00
6.756620388541086264e+00
6.676395901763682694e+00
6.495709198960319952e+00
6.245929528989037749e+00
5.995704269848568302e+00
5.636853393020357039e+00
5.337364015863240496e+00
5.083130835581575191e+00
4.803374751886165583e+00
4.507844730100531550e+00
4.225939686131758855e+00
3.966175351606431754e+00
3.683540665720005158e+00
3.438718133033515478e+00
3.225228452622064701e+00
3.141271583069676243e+00
3.108188867991095616e+00
3.070759254707164043e+00
3.057290567103561951e+00
3.031744279698849187e+00
3.049443222746873960e+00
3.077913532430341270e+00
3.099909799679274158e+00
3.150081907422749961e+00
3.170719769800280474e+00
3.243013799987185752e+00
3.333556512701504992e+00
3.383108686276240284e+00
3.478869421449163113e+00
3.571499650472637288e+00
3.668976288602991964e+00
3.781247359228280480e+00
3.883343944024926664e+00
3.985470192333022244e+00
4.154996432642460213e+00
4.266545065363369638e+00
4.373384965363576349e+00
4.545123219616523436e+00
4.686213636971081620e+00
4.800232787643918364e+00
4.942907418803599739e+00
5.001425990274428912e+00
4.992015259008619310e+00
4.957429831528276765e+00
4.907459734153611919e+00
4.837154388815729789e+00
4.799909514242416186e+00
4.701746726551607303e+00
4.661952429800336084e+00
4.623608685820319586e+00
4.444229006402609095e+00
4.458757650463349265e+00
4.370791155006966910e+00
4.331441518507182842e+00
4.250761771114051513e+00
4.242826157876068649e+00
4.185915970376250961e+00
4.166130699949821548e+00
4.168127030811111133e+00
4.218322134766251175e+00
4.308709910807419163e+00
4.386630396667180243e+00
4.501687990801071848e+00
4.585682381247782935e+00
4.743540092746398429e+00
4.842430720658669863e+00
4.983911872040231117e+00
5.116510926573916151e+00
5.265392290476396120e+00
5.424858857707781645e+00
5.646546521363633886e+00
5.669222487270181077e+00
5.911347236226193402e+00
6.003666080452921605e+00
6.153484958266821181e+00
6.298759165467104459e+00
6.426529113987681008e+00
6.573786846037647180e+00
6.700585574968543234e+00
6.847979067527083075e+00
6.989709625521508762e+00
7.100250841854210293e+00
7.300669632427246647e+00
7.379308913082271104e+00
7.591177255759804510e+00
7.731446511578558223e+00
7.826328645440336018e+00
8.018880661966322876e+00
8.134556167088280887e+00
8.333995032585333362e+00
8.418846736021064814e+00
8.574237089880417884e+00
8.727942508525281085e+00
8.826823543829009466e+00
8.986348155516523661e+00
9.060386254628307157e+00
9.216246399118400490e+00
9.346892743272260162e+00
9.441980202934415090e+00
9.581858541154245401e+00
9.683779838873521228e+00
9.826890236212724616e+00
9.916155272261256926e+00
9.957244289552578564e+00
1.008316602468361012e+01
1.016376960888982772e+01
1.008321698516950526e+01
1.016838304065969290e+01
1.022312966459558758e+01
1.030668622652631505e+01
1.031463404684445884e+01
1.048034484852702697e+01
1.036452618482540267e+01
1.040173177191906539e+01
1.041872299913771194e+01
1.045310490112949964e+01
1.053738111479319528e+01
1.055482168825841249e+01
1.060295939101906981e+01
1.067508184855111963e+01
1.068487616722037892e+01
1.072656055495173533e+01
1.078278707673820946e+01
1.078003755181656409e+01
1.068092179915411677e+01
1.070023630573898110e+01
1.050234236652356401e+01
1.048231461318087554e+01
1.049818191714774329e+01
1.049459908895731353e+01
1.050600748280649910e+01
1.055756084080166879e+01
1.061639914791215489e+01
1.062895566453047458e+01
1.073219782060473193e+01
1.076676300599455161e+01
1.078210724091376882e+01
1.093972135024108283e+01
1.078381200035508947e+01
1.093311654246567066e+01
1.100442636885030190e+01
1.109164486575241249e+01
1.111995234270263744e+01
1.105899959232879937e+01
1.110007041818561468e+01
1.112281782448229883e+01
1.111492746643933671e+01
1.107223805647747028e+01
1.095502237097697140e+01
1.090804938903680643e+01
1.083051676493156457e+01
1.061347598534274894e+01
1.059599781077016090e+01
1.052376965442280010e+01
1.037988874454614496e+01
1.035970775131372434e+01
1.022309928955765734e+01
1.002770088662717640e+01
9.780703854533891572e+00
9.508537751042897668e+00
9.229135023879081245e+00
8.971751128068165215e+00
8.689450586575192759e+00
8.471491019813024437e+00
8.228361735448373793e+00
8.017412157646072401e+00
7.825529674968685789e+00
7.695154419399477419e+00
7.529651119147700022e+00
7.307492521649850303e+00
7.015205298800661460e+00
6.738026070122250744e+00
6.435188917109375240e+00
6.164219033127105618e+00
5.889440705765989215e+00
5.603545326217178157e+00
5.320466788803327240e+00
5.190556347947961946e+00
5.119701335626309024e+00
5.022237724599595055e+00
5.005666007923791128e+00
4.987686303821957878e+00
4.965820621407924129e+00
4.901395789049152185e+00
4.911974757879848497e+00
4.884357672712885012e+00
4.879567784792752327e+00
4.887960631325876548e+00
4.937435085205351903e+00
4.929266946504830216e+00
4.957445312023691208e+00
4.923494951492510374e+00
4.931668025827512736e+00
4.867916946311269477e+00
4.864026672887321823e+00
4.844547828789494304e+00
4.849468497796290301e+00
4.931173614727690335e+00
4.950987522859889189e+00
5.073565669050033478e+00
5.179442896381617700e+00
5.280362116795478400e+00
5.470171585272641579e+00
5.531746960558451498e+00
5.706152434864687706e+00
5.877111932000310013e+00
6.024957488710231068e+00
6.143057697668183437e+00
6.287218210468056512e+00
6.433468607807867556e+00
6.581291004307448844e+00
6.702954033627594121e+00
6.854248993649135535e+00
6.977487148536991590e+00
7.099036308415988650e+00
7.218174196870752901e+00
7.348782666738677527e+00
7.472076064964421782e+00
7.594034352657369702e+00
7.684443785964804263e+00
7.817247737526351159e+00
7.980755190276657807e+00
8.018514625373693860e+00
8.176798399824743768e+00
8.301764887313241914e+00
8.510597360071864514e+00
8.594639563152503214e+00
8.678508036813907367e+00
8.773999811336345545e+00
8.883659125005094026e+00
8.940815988696073191e+00
8.957668974886816571e+00
9.019191423657899165e+00
9.102230947930648242e+00
9.128281602168728526e+00
9.150919603087173115e+00
9.148053607503593199e+00
9.210323315607929828e+00
9.266728580109910851e+00
9.270007337327559327e+00
9.283563867581444029e+00
9.387809086798817759e+00
9.397247462189712408e+00
9.535317787264860456e+00
9.332423773454490146e+00
9.504977964511239108e+00
9.519019263490458016e+00
9.566270965914736024e+00
9.561098155698989132e+00
9.569255197883677511e+00
9.605785998345920618e+00
9.606024606742145977e+00
9.563893120037517903e+00
9.512586274744917247e+00
9.446910964210770700e+00
9.377650842661195085e+00
9.276515359249003723e+00
9.229244602433611888e+00
9.172016761726256462e+00
9.009276111891429295e+00
8.738647146003271970e+00
8.486888033355729277e+00
8.164324211357703476e+00
7.863833088368012980e+00
7.526222460892326716e+00
7.192842079575201275e+00
6.876874213410395065e+00
6.543688941696069072e+00
6.304935339131175986e+00
5.948036271268733799e+00
5.713712909884264057e+00
5.593346695246524725e+00
5.498056808329215173e+00
5.426836702358565745e+00
5.296320613560589585e+00
5.194021079107965733e+00
5.041276345915527202e+00
4.884864415238116209e+00
4.760665841502437878e+00
4.638833988284089216e+00
4.528105036893689928e+00
4.403463618283655734e+00
4.337538939904436397e+00
4.267149066769953869e+00
4.216919257033478807e+00
4.208903554524581203e+00
4.215061011378017142e+00
4.238630413581892853e+00
4.247917450702019870e+00
4.344595078801837928e+00
4.402266238908730145e+00
4.454685491546356957e+00
4.521657412376208107e+00
4.611502480250536884e+00
4.696068958238861057e+00
4.764792934211576458e+00
4.833326876269771866e+00
4.932689426709260694e+00
4.947121296498486309e+00
5.078215069957780159e+00
5.112246801479471969e+00
5.210298180597895623e+00
5.340592545220546938e+00
5.407980633365314205e+00
5.512090827295095252e+00
5.601792338080596068e+00
5.736056290940878988e+00
5.884372073081673982e+00
6.014008953098121779e+00
6.170478208796599695e+00
6.325338251351209529e+00
6.451342521290976073e+00
6.566009820013103848e+00
6.712502080675148974e+00
6.864326061083987796e+00
6.982870751953609734e+00
7.125834929214824420e+00
7.290178629418562650e+00
7.419973698120157835e+00
7.573453299595989563e+00
7.680527526602030086e+00
7.811386170818038543e+00
7.890570835908993885e+00
8.018936645731605140e+00
8.172498077804528194e+00
8.390241290218565240e+00
8.521376785812163845e+00
8.656869887242223172e+00
8.772005788775505408e+00
8.883452908729813302e+00
8.966117797627887853e+00
9.110588060971778646e+00
9.149992358193037134e+00
9.222019219294329773e+00
9.271659831167227139e+00
9.276928653903771860e+00
9.288281307589457469e+00
9.313794958764136211e+00
9.447319174947784504e+00
9.433410921110079173e+00
9.473492218404826914e+00
9.475177087635403339e+00
9.556387176203138267e+00
9.570152276740499175e+00
9.613870061918726506e+00
9.711140547269527801e+00
9.699855157353320934e+00
9.709711499659187339e+00
9.755011580699566309e+00
9.785357711149215376e+00
9.826577095867390810e+00
9.794737501550176972e+00
9.787202651901502293e+00
9.733956616352752889e+00
9.681839309606735000e+00
9.607502032062754438e+00
9.562189225471463772e+00
9.539450834228301090e+00
9.534336816429533457e+00
9.576464499650464646e+00
9.531415970909931090e+00
9.549045094747894424e+00
9.679111974607192082e+00
9.594017522228854844e+00
9.623764031059272028e+00
9.669986567971820435e+00
9.698917111079387254e+00
9.752189282215931954e+00
9.805579472325799628e+00
9.820075090301168430e+00
9.903694338904710293e+00
9.900506650759313132e+00
1.001689005956300349e+01
9.991091481520376405e+00
1.006129860463759762e+01
1.007592516766962909e+01
1.006944959463785771e+01
1.004304397123960690e+01
1.002140318562264909e+01
9.952995466763526977e+00
9.918688121233858013e+00
9.905949365350352309e+00
9.850757925593864428e+00
9.874635157264116003e+00
9.713841909730549062e+00
9.749902309352854957e+00
9.651184373626524149e+00
9.580724490672862359e+00
9.559856599114297637e+00
9.479108324385077111e+00
9.438047544636038566e+00
9.374571047164758753e+00
9.332844101014586613e+00
9.275724058195878641e+00
9.199083715398696626e+00
9.164734337523858798e+00
9.120390335758703060e+00
9.039062155110579866e+00
8.969225818917445636e+00
8.871756041308445973e+00
8.805080769596663970e+00
8.689565698355924184e+00
8.504333143266599393e+00
8.299139520831730010e+00
8.060890333825408760e+00
7.824021138323316471e+00
7.465687722729549947e+00
7.292783849921890216e+00
7.027835926659788512e+00
6.800052988904734086e+00
6.396825597559089083e+00
6.105462229007902586e+00
5.774349358220323580e+00
5.518824646256037525e+00
5.445258070695896180e+00
5.316417217439762588e+00
5.263635350205603913e+00
5.158926228187557861e+00
5.154221525919371771e+00
5.094101702259770548e+00
5.088249246316962626e+00
5.100966069057697005e+00
5.185247031577622678e+00
5.253817014047863054e+00
5.381260399902666691e+00
5.497672482274316152e+00
5.605213726106469174e+00
5.755437191249946238e+00
5.908569187089079300e+00
6.007809762294586520e+00
6.124943680357396225e+00
6.295791917088727097e+00
6.451870469572227762e+00
6.584205049863983028e+00
6.742026494820588134e+00
6.904232377107279106e+00
7.058248787274115976e+00
7.178765307826457942e+00
7.320056357121245583e+00
7.452076745145123304e+00
7.618673617383405094e+00
7.766040329376227014e+00
7.863589587975166495e+00
8.025197479242709875e+00
8.141669644207985002e+00
8.240329986436394805e+00
8.432069168683556271e+00
8.461765554926918398e+00
8.600384119862853893e+00
8.680305574689864301e+00
8.807981953500036099e+00
8.917664429613386901e+00
8.984617518075735276e+00
9.075529336726946283e+00
9.192408975079626288e+00
9.215892795775960877e+00
9.147591556185870942e+00
9.083808546001334250e+00
9.049224519001940692e+00
8.916732027726119725e+00
8.866602963024410755e+00
8.781304410578965047e+00
8.739046406566131964e+00
8.703710923114533315e+00
8.636090502345837194e+00
8.614816950491272607e+00
8.559966483892500477e+00
8.493291857587808025e+00
8.460495708883835064e+00
8.434210164121420661e+00
8.335858360862667737e+00
8.257139457557652662e+00
8.143088487165359268e+00
8.112214241105439427e+00
7.994443410576831610e+00
7.951587730632930118e+00
7.835754183361386183e+00
7.742752333392491693e+00
7.635146668715361962e+00
7.505728495164972536e+00
7.395952367066205291e+00
7.177148278857437447e+00
6.988457939554485243e+00
6.795817065941532675e+00
6.553177981096116156e+00
6.285041771842955427e+00
6.049142835942665997e+00
5.796855619005498284e+00
5.507947370777063867e+00
5.249524228202099074e+00
4.955129323396602281e+00
4.711044571396860725e+00
4.580742894255765307e+00
4.448657327399577532e+00
4.225361510286739453e+00
3.996379998634508546e+00
3.803461147777882800e+00
3.610258954314267132e+00
3.403955229511613112e+00
3.241317558152534417e+00
3.053538940665319057e+00
2.866310454998687529e+00
2.684968773535117315e+00
2.466201663648403208e+00
2.286162520657720076e+00
2.018470101779678672e+00
1.781443536281063889e+00
1.526388881434227240e+00
1.296426529192942878e+00
1.061038259218659574e+00
8.689542967595532685e-01
7.232515947781377186e-01
5.943849019400894163e-01
4.830183499209980136e-01
3.848319415329984339e-01
3.022149481918432468e-01
2.825501493341837644e-01
3.462974758047551171e-01
4.082957164479637524e-01
4.705889083942613738e-01
5.387988974148958388e-01
6.022466236799297601e-01
6.658707461996592469e-01
7.321116392084613400e-01
7.802673064366335565e-01
8.593310667370940292e-01
9.476203830071951995e-01
1.032662980896235094e+00
1.114710936348616954e+00
1.196383804403567064e+00
1.274839800413996915e+00
1.339069065389216773e+00
1.367877614138716780e+00
1.386088750139526926e+00
1.414739003140688123e+00
1.436308815381636128e+00
1.458450406067814065e+00
1.488065713100394483e+00
1.506072604384060876e+00
1.475332374604468422e+00
1.351680264594946834e+00
1.167442455539708268e+00
9.697949613121421564e-01
7.450271260698444475e-01
5.106408599685478000e-01
3.027711308002744017e-01
1.228650254254432528e-01
7.591972558331184021e-03
8.282571068556094252e-04
8.318434944316988955e-04
8.282596459847046651e-04
8.322405775557285444e-04
2.654764301521033397e-04
3.199975961097934504e-05
3.600089339825323184e-05
3.199975983824859149e-05
3.599903110511927247e-05
3.599903247633601803e-05
3.199976028934176092e-05
3.600089407661588489e-05
3.599903178348189164e-05
3.199976052005631049e-05
3.599903190745192618e-05
3.599903235510015163e-05
3.199976108822940967e-05
3.600089532315166422e-05
3.199976142568795927e-05
3.599903429104379878e-05
3.599903337436664386e-05
3.199976176314651565e-05
3.599903348800127047e-05
3.600089616286009396e-05
3.199976238936092800e-05
3.599903375952660605e-05
3.199976262352057063e-05
3.599903410043049266e-05
3.600089855304385478e-05
3.199790010312525239e-05
3.600089741284102733e-05
3.599903477534822205e-05
3.199976341207254717e-05
3.599903500950752587e-05
3.199976375642160815e-05
3.600089831158309307e-05
3.599903557423564718e-05
3.199976387005623477e-05
3.599903716904035946e-05
3.600089899339087307e-05
3.199790169056474214e-05
3.600089900372584732e-05
3.599903647986765510e-05
3.199976511314670419e-05
3.599903670713691510e-05
3.199976533352556801e-05
3.600089979227827109e-05
3.599903864973599826e-05
3.199976556768520386e-05
3.599903772984857492e-05
3.600090035700642628e-05
3.199790441435045735e-05
3.600090183770161107e-05
3.199976726531416618e-05
3.599903955144765987e-05
3.599904103261698660e-05
3.199976646720014312e-05
3.600090411769390033e-05
3.599904000254115457e-05
3.199976817439115874e-05
3.599904034689006648e-05
3.199976863237484633e-05
3.599904102180779587e-05
3.600090342514143964e-05
3.199976885619890485e-05
3.599904258215243637e-05
3.599904144534113562e-05
3.199976927628549135e-05
3.599904156242078075e-05
3.199976950355474457e-05
3.600090502243541234e-05
3.599904217144273499e-05
3.199977012980257746e-05
3.599904273272608849e-05
3.600090663071430462e-05
3.199790783322102459e-05
3.600090582821246794e-05
3.199977069797571051e-05
3.599904341453388204e-05
3.599904342142368869e-05
3.199977115251422373e-05
3.600090660643054087e-05
3.599904387940711879e-05
3.199977148997303083e-05
3.599904557726752439e-05
3.600090684058954654e-05
3.199790942410579036e-05
3.600090729512808008e-05
3.199977228886049662e-05
3.599904523268800268e-05
3.599904534287773274e-05
3.200163515361815732e-05
3.599904567689182625e-05
3.599904694088284721e-05
3.200163549107699830e-05
3.599904602813042961e-05
3.199977341831661726e-05
3.599904750193575354e-05
3.600091024962855492e-05
3.199977478193215014e-05
3.599904783939475038e-05
3.599904818029864376e-05
3.199977512628110948e-05
3.600091240196023965e-05
3.599904875191670725e-05
3.199977547063006204e-05
3.599904875191670725e-05
3.199977591483335029e-05
3.599904920301033747e-05
3.600091194725831684e-05
3.199977614210260351e-05
3.599904989170793767e-05
3.599905091809420938e-05
3.199977682391036995e-05
3.599901394871502517e-05
3.199974508539859462e-05
3.600087702008737949e-05
3.599901463052281871e-05
3.199974536733002811e-05
3.599901500197803854e-05
2.801055410988166627e-02
1.140170462126178369e-01
1.961445621121538363e-01
2.628456833367934786e-01
3.307095359583605010e-01
4.083746711379480643e-01
5.100827261083155095e-01
6.514552321666783330e-01
8.272106079805032763e-01
1.030160848156376652e+00
1.226901104502454487e+00
1.454770029235115558e+00
1.706258145902755041e+00
1.955879205311347402e+00
2.197323280323343120e+00
2.437190159698261471e+00
2.666487932276440986e+00
2.901943955345050785e+00
3.127347156214447477e+00
3.364657951851324214e+00
3.627903390209985535e+00
3.876587647444763807e+00
4.134577752449465571e+00
4.375057023060623607e+00
4.593623548685997093e+00
4.773413368293315528e+00
4.993021795026455933e+00
5.187305560339360078e+00
5.388651081992284375e+00
5.546214246411288684e+00
5.724086486502859117e+00
5.863473730573944387e+00
5.970292502105341903e+00
6.039828650624554207e+00
6.108245046585992100e+00
6.144037837333080176e+00
6.176972690876837646e+00
6.124765791939458026e+00
6.148380960175111376e+00
6.174249516157751749e+00
6.196734317775962175e+00
6.267341782496596458e+00
6.280476716246323754e+00
6.325593147186596710e+00
6.470195168170963740e+00
6.574783650258520851e+00
6.683920054786637088e+00
6.845555064741862594e+00
6.924498363352176611e+00
7.022031768246280947e+00
7.139220403514306312e+00
7.286919992875058760e+00
7.450830015919032157e+00
7.559707945150501374e+00
7.711683194000911179e+00
7.861141721977035424e+00
8.030805424407205351e+00
8.155470398210642458e+00
8.306011795170885392e+00
8.440368907446773150e+00
8.562579115818959252e+00
8.631512997487666539e+00
8.755205742898123589e+00
8.872996797296510252e+00
8.999875116525265284e+00
9.119301819199241876e+00
9.198438073203311305e+00
9.351132114048654742e+00
9.340764617702948414e+00
9.391987778350930682e+00
9.411715281302683422e+00
9.440675642173440352e+00
9.499179072829281978e+00
9.572478915375009834e+00
9.581876473360978252e+00
9.640360191164178971e+00
9.652124898206377424e+00
9.729582598713031771e+00
9.710446232197893934e+00
9.765294892452342168e+00
9.797322221999579028e+00
9.803798490744998873e+00
9.771872342579472459e+00
9.801227254324874849e+00
9.815995968517109205e+00
9.730298206648194892e+00
9.691114956420195270e+00
9.607872447378765557e+00
9.491591330987098729e+00
9.446021336834830251e+00
9.337296642627059384e+00
9.120963553944639202e+00
8.883853876765234858e+00
8.670370204314119533e+00
8.455691550725212835e+00
8.402125257054484209e+00
8.313077750336038463e+00
8.219684179181260930e+00
8.151576252596210992e+00
8.149200405847327744e+00
8.122287665093534059e+00
8.155002145141999392e+00
8.187915064876936100e+00
8.169865684066266454e+00
8.232582490504492867e+00
8.297083221444141898e+00
8.316814349862539757e+00
8.404624077248591618e+00
8.458173545768183033e+00
8.504144314614725531e+00
8.577676490008395049e+00
8.634407173701701410e+00
8.754725356747993459e+00
8.656810874883465345e+00
8.807134887602897422e+00
8.866021674092150917e+00
8.971274076702647093e+00
8.949270654438135963e+00
9.015428423168554417e+00
9.060437165268554693e+00
9.054462451596267059e+00
9.112597571913603645e+00
9.136802350072231960e+00
9.180858124682581334e+00
9.174950657836953738e+00
9.138506528012765529e+00
9.043785439390690684e+00
8.937437035926466322e+00
8.941968006915937295e+00
8.806803995964624932e+00
8.783502841922107507e+00
8.667116790507710888e+00
8.617458225908466218e+00
8.494857337697109045e+00
8.367882923946169171e+00
8.328865435597801792e+00
8.235856684060816946e+00
8.169084177736193553e+00
8.087493299185348761e+00
7.995353439467383971e+00
7.937340464938364981e+00
7.882197455425117738e+00
7.820927686005412660e+00
7.664457750785399703e+00
7.457890759996551822e+00
7.197723641465192834e+00
6.976731034010836829e+00
6.725858934063666084e+00
6.475113221067638314e+00
6.201640390438720729e+00
5.951094195076633397e+00
5.719276995145646580e+00
5.532469441614120242e+00
5.322240312337894075e+00
5.045664551832174993e+00
4.802735090497107784e+00
4.596292680246377493e+00
4.358726350182463349e+00
4.116751807711988675e+00
3.862818488310078013e+00
3.610435729099387814e+00
3.364805612266855928e+00
3.329328835815346110e+00
3.307021532043842083e+00
3.385442232422475328e+00
3.498678333622540215e+00
3.585543425246537019e+00
3.692912199381215288e+00
3.776174792796540114e+00
3.893540687417153201e+00
3.981235711054543547e+00
4.079214079353190137e+00
4.153410742689003676e+00
4.227741528707992913e+00
4.322952242187598770e+00
4.415786847915221358e+00
4.516807236979138551e+00
4.597953866649798549e+00
4.704165430989760033e+00
4.784686743467356784e+00
4.881379836472945044e+00
4.995901343440683817e+00
5.100587544143236229e+00
5.158378026786454740e+00
5.264484288027107439e+00
5.351350581584473076e+00
5.448739325223153962e+00
5.512095740218287077e+00
5.595221497727997928e+00
5.692909242572431694e+00
5.763424520393960471e+00
5.878108378633037034e+00
5.996881735928161206e+00
6.109192235136963411e+00
6.247787106956538494e+00
6.400413009872436554e+00
6.537287424312632211e+00
6.627159845686431794e+00
6.789890434763333538e+00
6.914599954344791577e+00
7.012723278744461552e+00
7.135637336058947788e+00
7.245106843051388523e+00
7.363335884421890576e+00
7.478620986517569236e+00
7.557374982496805949e+00
7.627660163554328854e+00
7.778744798086103529e+00
7.844372056618475142e+00
7.955839327394292226e+00
8.053451356998765576e+00
8.147568791275048738e+00
8.278603628406189685e+00
8.342648943971633813e+00
8.439034777816132760e+00
8.586810920752279586e+00
8.580917273724653072e+00
8.711802384732635574e+00
8.747388585042459752e+00
8.736873255334208110e+00
8.684552762831252437e+00
8.643648559396632791e+00
8.533444938936268542e+00
8.628470266174089076e+00
8.574473406827387123e+00
8.583614196481628156e+00
8.541721906204164938e+00
8.603191828192411350e+00
8.579071569661847363e+00
8.567786396821492900e+00
8.587318597028964717e+00
8.575656315050832035e+00
8.549405544144898172e+00
8.548227574379364313e+00
8.449360329252620261e+00
8.335579286305279112e+00
8.281085244808757295e+00
8.183813296400066051e+00
8.129275926583476419e+00
8.059793370577482463e+00
7.848161208978186920e+00
7.691070014398514232e+00
7.220194405211062261e+00
7.011420538702204830e+00
6.722247489893416805e+00
6.394507958136052217e+00
6.091980199373012717e+00
5.867204298085797909e+00
5.745510122032266409e+00
5.517713872999996383e+00
5.330394342441566735e+00
5.066723764904697447e+00
4.829691630125014790e+00
4.642540580642697812e+00
4.497049793915156357e+00
4.326381676074248617e+00
4.167122984236405259e+00
4.002456483773492835e+00
3.821170807976412398e+00
3.648415849244078579e+00
3.460455780959071248e+00
3.331100592257393522e+00
3.254871576269379396e+00
3.236220604378615917e+00
3.209447804086809519e+00
3.291528048459695377e+00
3.365275527290243929e+00
3.512236743824764140e+00
3.637967159170422793e+00
3.770991286681214305e+00
3.918855320596763558e+00
4.017713180235838344e+00
4.169182846118940411e+00
4.327261446073680240e+00
4.514653593083409966e+00
4.683594772839589027e+00
4.890086933170682215e+00
5.078549665951563874e+00
5.280618787727740404e+00
5.462035828230481727e+00
5.640492561273738659e+00
5.859797671354475490e+00
6.066901875584936654e+00
6.242051698389138537e+00
6.488891716785499142e+00
6.714647014763579058e+00
6.923966937455605652e+00
7.102544405466290733e+00
7.309904034697942699e+00
7.559488705689981991e+00
7.681893357518993604e+00
7.895673564797883515e+00
8.070544949232477450e+00
8.260170522317459074e+00
8.415996878507730372e+00
8.593586219047782748e+00
8.748815568200379644e+00
8.918268260180886031e+00
9.084988858862269367e+00
9.249784342062426390e+00
9.415018179018787237e+00
9.566833251426146489e+00
9.677187563403043313e+00
9.790572517411405329e+00
9.804743942086391328e+00
9.957842821766043073e+00
1.006373635230353436e+01
1.015583717010832032e+01
1.024525248314534132e+01
1.030872529658176084e+01
1.024609926067023835e+01
1.019373467612909501e+01
1.021305557864237912e+01
1.023854507647561896e+01
1.028053886092043889e+01
1.036373406432593747e+01
1.037916848651756752e+01
1.055030032974742582e+01
1.058438420209807340e+01
1.066916313350718859e+01
1.076653814475145055e+01
1.084901881111498056e+01
1.090118972380861528e+01
1.098696490270963899e+01
1.107343766360198423e+01
1.111470429999384990e+01
1.116402974477406573e+01
1.121833117221381926e+01
1.128603670349046517e+01
1.134594204310261567e+01
1.133448438569660688e+01
1.131361488318164454e+01
1.130853928557656829e+01
1.128708600001031925e+01
1.130173405524943320e+01
1.133962087146550068e+01
1.143605534114222877e+01
1.144306581144593160e+01
1.160889630676967954e+01
1.165937285684705671e+01
1.176325520197983288e+01
1.168258615144282153e+01
1.171997763333344444e+01
1.164563478983354372e+01
1.169686055205652053e+01
1.163056051632608856e+01
1.161086244247570676e+01
1.146996210204970801e+01
1.146476666088547702e+01
1.145376937570656750e+01
1.139972068806729588e+01
1.136706892277675252e+01
1.140002200768604723e+01
1.140971416995979304e+01
1.134772823539615061e+01
1.131856978663288515e+01
1.133175507889029632e+01
1.132659519429376616e+01
1.132782878009471439e+01
1.127356827795117589e+01
1.124922476170708308e+01
1.122926627216767415e+01
1.110641625980707836e+01
1.100082709012540327e+01
1.094664746139665290e+01
1.090831667903423430e+01
1.085734696052123205e+01
1.086380862645052936e+01
1.084970378518690381e+01
1.086558654003385627e+01
1.088653774214984615e+01
1.083989477674898261e+01
1.086746503651811402e+01
1.085929759433321706e+01
1.085543009249655810e+01
1.083073851516756569e+01
1.081035473500111621e+01
1.079808286770624726e+01
1.080007447766091033e+01
1.078329611850896974e+01
1.077229568889955047e+01
1.079109630707385215e+01
1.075147495102506312e+01
1.077971096124373851e+01
1.081799622209231870e+01
1.082504067204224008e+01
1.093698723707412412e+01
1.085104590860988871e+01
1.094717765319224156e+01
1.098620736292829747e+01
1.098200971998134889e+01
1.098594411863248688e+01
1.103160061719711749e+01
1.094652458209747792e+01
1.098289334164319442e+01
1.101802761129575714e+01
1.098202617054648478e+01
1.106114403774782495e+01
1.100562913568915846e+01
1.103595336090810264e+01
1.103665616666556382e+01
1.112961188163378523e+01
1.119233055336361282e+01
1.119602069377726927e+01
1.132539236588820586e+01
1.128178365190105303e+01
1.141733630161655455e+01
1.141042388230389193e+01
1.150803364354520042e+01
1.160733875326437747e+01
1.159944980754390542e+01
1.166866963200987151e+01
1.170285978403826022e+01
1.170422937085168513e+01
1.166262077138482667e+01
1.161221514566955548e+01
1.148700366509263482e+01
1.141777368814088867e+01
1.131276342323111983e+01
1.121412767408900990e+01
1.112118581345158397e+01
1.104251965079929043e+01
1.099426372488852977e+01
1.095558219530057897e+01
1.093941680412934225e+01
1.094627888583613107e+01
1.090909182629969898e+01
1.089049190053475691e+01
1.087304348602459214e+01
1.089414503387454403e+01
1.084615652826193433e+01
1.088640593264713807e+01
1.084872271928990806e+01
1.089451347053621966e+01
1.083948876575828457e+01
1.089973727650783530e+01
1.091297296278946405e+01
1.087195636451647296e+01
1.090223256576254407e+01
1.091518581457473935e+01
1.090560138723840922e+01
1.096063870804009355e+01
1.093049435494273425e+01
1.090785448306898964e+01
1.093728407205716735e+01
1.095485628580910742e+01
1.093569278250049592e+01
1.096747695514476284e+01
1.095014875742312910e+01
1.095579420288262007e+01
1.100875912144068458e+01
1.093803241814253902e+01
1.095085962510151489e+01
1.095051048960466034e+01
1.099528142618747673e+01
1.089356486653849387e+01
1.085322068299056220e+01
1.071317513335061022e+01
1.065085200651649622e+01
1.056810512591662921e+01
1.045850445827632846e+01
1.038993941384255315e+01
1.038765379639240116e+01
1.034946414710560170e+01
1.029746943769582579e+01
1.027870257369831464e+01
1.023358636275471412e+01
1.020462601372086553e+01
1.012609836613014913e+01
1.011320633962880144e+01
1.005181026143791989e+01
1.001940361266111346e+01
9.917605413975101314e+00
9.834554258721606601e+00
9.724794642135496048e+00
9.655027412587227076e+00
9.582628740935657419e+00
9.399119934346410687e+00
9.381487889966784621e+00
9.255510005373775329e+00
9.069399880095348365e+00
8.853260211501126520e+00
8.562241572835501913e+00
8.307216976529739227e+00
7.957278963977181263e+00
7.641808481899857064e+00
7.327814588171410293e+00
7.044000678020592154e+00
6.768205525597449146e+00
6.650156670204447451e+00
6.443594484808874867e+00
6.255272942263942149e+00
6.159482086075056095e+00
6.069930662104900065e+00
5.845035870364520214e+00
5.705355654767518381e+00
5.576364884038821579e+00
5.502130545600159905e+00
5.361093205629400948e+00
5.354171584909126480e+00
5.297143665155036985e+00
5.219149651781157750e+00
5.215901188733531590e+00
5.225943720505492607e+00
5.274941766298151258e+00
5.237518844098887350e+00
5.293175956943964700e+00
5.271965606765777856e+00
5.307682189292241226e+00
5.418058710853514981e+00
5.433194314031079664e+00
5.568725757948029376e+00
5.657848624266287096e+00
5.816819076963279045e+00
5.955722543413338066e+00
6.133986279876119774e+00
6.255983829391562168e+00
6.438748898265610698e+00
6.540687938781169386e+00
6.709824385365187993e+00
6.814803470302965849e+00
6.961192717662198604e+00
7.094037165584096805e+00
7.220231781906797153e+00
7.336151654220850915e+00
7.453351745875492540e+00
7.598644523647018367e+00
7.698380459322323510e+00
7.818787035650289319e+00
7.960604837343701945e+00
8.068425292708933938e+00
8.199490980804823081e+00
8.308499257121283676e+00
8.418224170535827611e+00
8.593153556074831556e+00
8.661473892185476586e+00
8.773352431311691291e+00
8.855550410482708301e+00
8.908750925156029510e+00
8.970875740381432095e+00
9.092801538167691433e+00
9.146281815469835763e+00
9.237839661709372763e+00
9.269787006719807820e+00
9.306514887514083512e+00
9.376395423800641282e+00
9.401080509447202971e+00
9.488035313647799285e+00
9.561853780187647089e+00
9.628659978260710517e+00
9.632315372741325987e+00
9.730572960906489044e+00
9.727385372190155977e+00
9.803836471598458502e+00
9.813052395260323024e+00
9.829661863660639654e+00
9.836164034102145237e+00
9.813773341324873556e+00
9.765751848830484860e+00
9.775820620379894521e+00
9.709106974148971503e+00
9.659744960845884520e+00
9.580338682379526460e+00
9.515078100398746130e+00
9.507764902077909142e+00
9.394986958224924578e+00
9.365214688605961513e+00
9.303538108709254573e+00
9.216727505420786670e+00
9.180668766343245579e+00
9.116712380547790318e+00
9.062934802863281902e+00
9.017068567322542805e+00
8.954148987968876483e+00
8.840802512214667175e+00
8.780585796389175357e+00
8.692774951885718693e+00
8.562700952059262960e+00
8.497964330730347626e+00
8.380482417188890309e+00
8.309615643646324656e+00
8.260519964145416338e+00
8.223562705845532506e+00
8.237673288024460305e+00
8.185421904459932563e+00
8.193161477288075645e+00
8.238322034491783796e+00
8.253813333628372106e+00
8.326476112623007353e+00
8.348534981502858443e+00
8.421113444645712320e+00
8.493461928461607968e+00
8.553484426044374089e+00
8.611126910806099488e+00
8.696780269039948053e+00
8.777026315598050132e+00
8.856444015478837528e+00
8.823567874259266475e+00
8.940918935129184675e+00
8.964847049160496795e+00
9.067909900225952669e+00
9.045627390492469999e+00
9.148664478245967402e+00
9.218117037007193204e+00
9.233884385524335769e+00
9.311603135149685073e+00
9.339046750353219295e+00
9.321791667765909395e+00
9.261505557203562944e+00
9.197054591955170721e+00
9.182300178788722178e+00
9.130161778630245806e+00
9.093408855512574718e+00
9.011558731353520812e+00
9.024632368514224012e+00
8.957414062087666551e+00
8.959585494916712634e+00
8.915822676078249742e+00
8.948359660063921694e+00
8.922332817720430853e+00
8.911770389767271539e+00
8.897002668354723198e+00
8.922493548559254251e+00
8.940855078767366848e+00
8.950648193564378019e+00
8.941607449426429710e+00
8.986893124275665556e+00
9.008420976305528072e+00
9.055268325292646026e+00
9.038899666572683955e+00
8.983535087609824998e+00
8.894907274632634753e+00
8.806427824343474597e+00
8.778782663752012994e+00
8.751967846818837771e+00
8.690069609872724143e+00
8.660850143212744712e+00
8.642771578351503337e+00
8.593237269198784389e+00
8.569954427555046550e+00
8.562959554297213671e+00
8.526397714139060113e+00
8.539774360154300581e+00
8.518880419977055141e+00
8.554763398472399416e+00
8.595739639893794859e+00
8.627010992038789183e+00
8.678694660654569404e+00
8.725350464225979152e+00
8.741789689940954844e+00
8.808711328093330906e+00
8.870012218306698060e+00
8.906805030638063059e+00
8.959256599009211897e+00
8.979267116689522155e+00
9.109019081477905289e+00
9.151194633083884256e+00
9.195431578876497980e+00
9.272192939409375612e+00
9.331537065522473640e+00
9.409392363377122592e+00
9.407501282244369989e+00
9.480770793530682639e+00
9.498718732048651248e+00
9.597579623015930039e+00
9.560387627105603414e+00
9.451026168743418054e+00
9.490919997019224397e+00
9.441614278991877995e+00
9.431288885985420478e+00
9.422012891027163661e+00
9.414153714075842672e+00
9.412442847670577706e+00
9.383873079581261933e+00
9.360654302411473893e+00
9.409062904658556548e+00
9.344226341698522731e+00
9.287147604181487992e+00
9.329195442031936736e+00
9.263652354254444887e+00
9.254445914789725336e+00
9.176926378849797672e+00
9.090108695466703637e+00
9.039113008798068449e+00
8.943563076494665864e+00
8.881037396618342683e+00
8.788108390876848475e+00
8.740252607039909805e+00
8.662807125465294078e+00
8.579724840498345273e+00
8.499179445535389732e+00
8.466343349624390058e+00
8.408294393936786904e+00
8.332782028117703632e+00
8.325996653744217824e+00
8.214556668617390756e+00
8.158467247035403602e+00
8.127616213473229934e+00
8.031123020215806818e+00
8.040241210310577813e+00
7.973783060528803368e+00
7.918960544589690009e+00
7.866834266287471955e+00
7.808240257270370854e+00
7.705118244090066071e+00
7.658372619455034780e+00
7.510611421592184200e+00
7.481134022170917497e+00
7.438598209013743912e+00
7.391704860656171938e+00
7.314172834996517381e+00
7.203015833807842938e+00
6.997944653869012654e+00
6.773705712864898310e+00
6.517001518199640131e+00
6.274647645889342762e+00
6.062250762359908229e+00
5.930536072663219471e+00
5.718747276462671003e+00
5.593562495699530679e+00
5.354089821928719850e+00
5.170351553810281331e+00
4.923047959816997832e+00
4.718645670934312975e+00
4.457511383826519236e+00
4.191663863616503782e+00
3.953060788021452332e+00
3.720154956213025610e+00
3.536313223294321961e+00
3.470582588334630181e+00
3.446107621392217268e+00
3.396889978919771291e+00
3.368112575217438120e+00
3.349398833551728405e+00
3.309009028313369072e+00
3.300125922511718546e+00
3.279945468160061495e+00
3.261068039194717105e+00
3.242870329823657194e+00
3.232994699459114329e+00
3.191089011568433609e+00
3.189114246193142765e+00
3.177422184177398634e+00
3.148587992760217613e+00
3.093967674874958274e+00
3.022623772760965277e+00
2.960213721467424453e+00
2.885903398557793764e+00
2.808321537649459909e+00
2.723036328558438246e+00
2.599789108039053165e+00
2.339249460540614667e+00
2.038126677475461612e+00
1.722990104480086382e+00
1.412972672556033649e+00
1.103516031729888658e+00
8.286265700840895754e-01
5.669920458600905544e-01
3.346932481816962124e-01
1.285351203791745833e-01
1.139988193190376222e-03
