-2.349890921096643159e-01
-2.397110091572741408e-01
-1.780057223981049153e-01
-1.326484107487926334e-01
-1.287106285059995969e-01
4.670244898692989949e-02
-1.365975265446203735e-01
1.760067081812940470e-01
2.047539319668366942e-01
7.394776586246282028e-03
6.815289795535535433e-03
2.438846226477763349e-02
1.036576261904130145e-02
-1.225323214811417788e-01
-2.102369099577716394e-01
-2.116329995263106778e-01
-1.522003558438055626e-01
-1.657629474817596538e-01
-3.141121673645330126e-01
1.293027970041806668e-02
-2.973754290186576554e-01
-2.603128806186111865e-01
-1.720412344952435280e-01
-1.886898148080296822e-01
-9.706959661514909243e-02
1.727364745121946418e-02
1.807672060441880418e-02
1.457979337611866877e-01
1.432172699178771991e-01
3.405950355766713122e-01
3.390890000376770574e-01
6.978608353193281599e-02
1.953339326175052570e-01
9.624206972873142196e-02
1.276341872595235793e-01
1.493678399202999774e-01
1.168459804194427465e-01
-1.139680923636343657e-02
5.801070042316615327e-02
2.024818651180807297e-02
1.508765972328506844e-01
-1.731394451696044445e-02
1.106534069194142211e-01
3.055964071758979564e-02
-7.188200852119315531e-02
6.477689695265120839e-02
-3.785006930701294986e-02
2.894553049810814210e-02
2.638315417051136091e-02
-1.449855563136783487e-01
3.564560775499034384e-02
1.179473384253613283e-01
2.616596952047107322e-02
-3.397591462465453932e-02
-6.024795011922565689e-03
1.919548986102343271e-02
-7.676877601901226089e-02
-3.574589295440031012e-02
-1.709367406254922112e-03
-1.135946192932684035e-01
-1.236732356383078157e-01
-5.574064203450918020e-02
-5.767848428117216403e-02
8.495368622182596996e-04
-1.170869466132981422e-02
2.225927669120473726e-02
7.452437119003560428e-02
-6.031938326213084206e-02
7.910271085795862744e-02
6.669915955793607673e-03
-7.871739853784630661e-03
4.342254863651107133e-02
4.203798441694358429e-02
4.663275070399350991e-02
2.493113201174406574e-02
8.213808701961332337e-02
-3.749661449745631675e-02
9.791577690337081863e-02
2.220813557696669528e-03
-1.237562747454446638e-02
8.899658663423010152e-02
4.149603598465465004e-02
7.767187293959200434e-02
3.505596587849255791e-02
-2.401181942637061265e-02
-6.646774210072194100e-02
-5.089261930406542567e-02
-1.448377149396919972e-01
-8.631660082688426272e-02
-1.882441280830390307e-01
-4.194548004674723135e-02
9.682766723897601180e-02
-2.320451544535495972e-02
1.470409156818243586e-02
-1.104117316580760094e-01
2.934393700317297279e-02
4.221571680627907164e-02
9.620834376822501310e-02
6.749960019180201165e-02
4.625618657765106362e-02
1.033807576680129681e-01
5.939617065095675885e-02
1.882694741898339463e-01
-5.246640648139975355e-02
-1.989610768090512363e-02
5.443190253911602342e-03
5.233655923037484892e-02
1.796084840527177595e-02
2.915726065129266298e-02
7.981518160444456278e-02
2.079081525033797326e-02
5.824575921900715381e-02
-7.128452634167501897e-03
-6.617995403801092691e-02
-1.292952568177428430e-01
-1.508766508633341830e-01
-2.530041225477435707e-01
2.618703134939893290e-02
-1.972424985798150107e-02
-1.834884271749357421e-01
-1.024964810384474123e-01
-1.606286449660032090e-01
-1.248038698801500618e-01
1.694824831955199160e-02
-1.636197411676547642e-01
-3.727381440859663803e-02
-1.037671183840431777e-01
-1.886311640824431257e-01
-4.339334973923823086e-02
-6.016814678858626968e-03
-1.431756680097883982e-01
-2.373157534088169152e-01
-1.755572943465343316e-01
-1.543298099069346230e-01
-1.866724858278457841e-02
-2.838649768663394773e-02
-8.199530614338147727e-02
3.423490352506212281e-02
5.636984994692332412e-02
2.001697856086491478e-01
3.337185600679175024e-01
2.178262657450137640e-01
1.549276197596814453e-01
1.755160133911697895e-01
8.944243817285942033e-02
1.653100189239528339e-01
5.229122554519724519e-02
4.980543657531710106e-02
-3.084939989495652859e-02
1.024430851278864719e-02
7.328541591090191598e-02
-7.408254301172271551e-03
2.639122614174036971e-02
7.415956778477421352e-02
2.031418679426637980e-02
2.416313077439963611e-02
3.651576774091274541e-02
-5.522150205760523612e-04
4.796089522364569563e-02
2.976943942305377080e-02
-3.877470354297069682e-02
-1.094950820504644005e-02
4.679077209818083283e-02
1.914061068787329192e-02
-2.556158054202989013e-02
3.250846546636612221e-03
-3.626292522205658286e-02
3.011263745835679462e-02
-1.730883311082424825e-02
2.901805589544703690e-02
-8.334427759286079651e-02
-3.873257139954403711e-02
1.651022584276889416e-01
-9.732150345638040934e-03
1.862169006563294538e-01
1.079134133603806313e-02
-1.647755108225599716e-02
-2.657693998957221249e-01
-1.053174575919918754e-01
4.497480149490475781e-02
-8.122355712355072699e-02
-9.192789900495414168e-02
-1.227926260913213830e-01
8.423315892272317676e-04
7.986377767315160081e-02
-9.640126936906956434e-02
4.165912206657170630e-02
1.713732682399105728e-02
-1.988416062537915613e-02
-1.320003159072682675e-01
-7.308546717342279120e-02
8.904840236087953331e-02
-5.137306919079117490e-02
-7.546593475468568735e-02
-6.681142227019502833e-02
2.964066273054432113e-02
-4.025221794132659986e-02
2.030566612870647950e-02
-4.252212541390392592e-02
1.152560688868862343e-01
1.428354571729325562e-01
6.800500912156468569e-01
3.722599763860109934e-01
8.771158711717652601e-02
4.195299654569315528e-01
1.154305559414972593e-01
4.790725702754038973e-01
3.476516341810013261e-02
1.700251226555672679e-01
2.983748338848549730e-01
-1.207379175415613654e-01
-2.641499520950869595e-01
-7.445462050361277562e-02
-1.648876302133936711e-01
-2.341258327538355000e-01
-1.652379418742367378e-01
2.406956387257934774e-02
-4.934157078245299810e-01
3.918587315152553124e-02
9.155653838416785706e-02
-6.899454616315071898e-02
8.888907801991544066e-02
1.679297504637403959e-01
-4.723022656258363261e-02
-2.742606965933644947e-01
-3.365708565733787627e-01
-1.047341334129535395e-01
-2.372715256375117383e-03
-2.164043706672341694e-01
-1.527623274494454009e-01
-7.935314595873221855e-02
-2.889725090452640033e-01
-2.392529374821882882e-01
5.737313181845829155e-04
-1.075097538942781789e-01
2.080870145156741777e-02
-7.650547670252731691e-02
4.563265724231403003e-02
8.945882019238059202e-02
2.479293766283264394e-02
-1.004157764542487272e-02
-6.574818365906312523e-02
-8.019960254863398030e-02
-9.312390631829536858e-02
1.873554361320445630e-02
5.781273088371008395e-02
-6.347977356576024743e-02
-3.704154699330875627e-02
-3.357089094837894389e-02
-3.602225209346659931e-03
6.103035642636447933e-02
3.093139677420670211e-02
-3.113238246070057849e-02
-6.671657046248903600e-02
5.856422906663562994e-02
-3.250208817257670829e-02
2.259361435462219764e-02
1.801104888584307423e-02
9.531061607371175970e-02
3.263815840394237999e-02
-3.260637369930325519e-02
-3.056538010168813324e-02
-7.802474549445098662e-02
-1.146859857628900262e-02
2.038489425135156866e-02
2.522155601388846244e-02
-5.238525608130149835e-02
1.058954309768866953e-01
9.560259042925176032e-02
1.389473638740911787e-01
-9.873734385740280672e-02
-2.099929581714324034e-01
4.048042151552133650e-02
1.024017684173084142e-02
-1.412897493049189157e-01
-1.947749994284945357e-02
4.636362613317140946e-02
5.200726907937154586e-02
1.975228401474407938e-02
-4.431476959856320980e-02
6.844637232063970067e-02
3.954461353077717845e-02
5.800039740726532778e-02
-2.893672423793081441e-02
6.543487783597051570e-03
-9.371071575349912419e-02
-9.193667820170016436e-02
-1.821905548963023147e-01
-1.021589584663284839e-01
-1.683241820059490357e-02
4.053799730911399751e-02
3.104267169855482247e-02
4.030350146152828807e-03
5.198280341371463303e-02
-1.118651871314248897e-01
7.468357055147505086e-02
-9.234263151164509228e-03
-1.465656278263238396e-02
-3.902287164588879448e-02
7.308190532161060876e-03
3.622981189339419261e-02
4.068132929266910641e-02
4.219010683767376174e-02
4.255689263452507032e-02
-7.666145467488425652e-03
3.654761110326219115e-02
-5.155829284026875597e-02
5.004456331870424379e-02
9.130099648564754533e-02
-7.489580296501130441e-02
-6.654573175877362586e-03
2.043602606590112173e-03
7.802819553037279587e-02
5.226943947366780030e-02
-2.092687381502238847e-02
-9.057046875450863732e-03
9.725044670465245178e-02
-4.334556645237092054e-02
-7.247048810228418937e-03
-9.359597392768806076e-03
-4.465813933722597578e-02
-3.325111582738256299e-02
-2.040497842979624151e-04
-5.702273485848727286e-02
2.276538731004268661e-03
-5.955865076378790562e-02
4.425286840006741051e-02
7.934773137342576721e-02
-2.047970823008656363e-02
1.573970063232798047e-02
6.065326557169282984e-02
-5.029642753134715150e-02
-1.362253685259220970e-01
-5.793651461478348946e-02
-1.349063244336116442e-02
-3.429192605079511846e-02
-1.966017582765953731e-01
9.228170855823980209e-03
1.048380286349026580e-02
-4.208336882647202570e-02
-1.354434890342950427e-02
6.246090609499017898e-02
4.074410726736680394e-02
3.533723720100763466e-02
9.610166776386101090e-03
1.173109776636298979e-01
9.054910969109059016e-02
4.494961098514728935e-03
1.600886217806139489e-01
8.388740391917759442e-02
3.645087178261671029e-02
3.654043386658964443e-02
-5.919105782876111360e-02
-1.840355838842708258e-01
1.979191153670886369e-02
1.153747561438869668e-01
2.489647495658461537e-02
2.708226450648581682e-02
5.422131404397251969e-02
-6.984068549137201209e-02
9.644239819213558385e-02
-3.793440056763260071e-02
5.636813977113135782e-02
2.396232005774689977e-02
9.652289346392796399e-02
-2.069839745408154352e-02
-7.165540955281649027e-02
1.428034518875625179e-02
2.493276325129787155e-02
-3.464833535465502989e-02
4.205255251139809053e-02
6.800120381960386706e-02
1.653297169020131671e-02
7.861332912875440559e-03
9.793369345186142549e-02
-1.020446077689608592e-02
4.597945249731592160e-02
-1.782669546918681791e-02
-3.883151092434873608e-02
-1.804798217948907005e-02
2.856219266367223189e-02
-1.103538769407092224e-01
1.875090441980250544e-01
-5.315513087684623633e-02
1.158389076625836456e-01
-1.011324897785327720e-01
3.666094652897604333e-02
1.456276721660071599e-03
3.853962745779459381e-02
1.077957519170839006e-02
2.260155869898865938e-02
-2.328343181533407830e-02
4.267282063984399743e-02
4.494290631175993159e-03
4.808088038069202597e-02
-2.919239258713039742e-02
-1.176374170954201312e-02
8.279339972823002158e-02
-2.528311095122994998e-02
-3.942256426037350769e-02
2.818751773125176968e-02
2.156919008345436206e-01
8.288152565694331675e-02
-2.537447220775001025e-02
-6.079945108890742744e-02
5.998202540469203814e-02
-7.379941317586603822e-02
6.417785394286365519e-02
1.954624580741110007e-01
1.540674035125820518e-01
2.648861240185542698e-01
3.863320498803556324e-01
4.672544156635967671e-01
4.369133043829540597e-01
1.881825119046943440e-01
2.027597680451803750e-03
1.134242451506131122e-01
-2.188092950433164971e-02
9.816724139083390921e-02
-9.336193418152230472e-02
1.348648700150802404e-01
1.626778698960275882e-01
7.051553594857467439e-03
-1.108644400830464082e-02
-3.948934264549583406e-01
-5.160003769954687458e-01
-5.058511549348686520e-01
-3.704230853232223231e-01
-3.966995722756403442e-01
3.893445422247251292e-02
-2.210434844742369953e-01
-1.524519732109652081e-01
-4.630084385125449870e-02
5.538652235471470953e-02
3.202052348895522002e-04
5.171138605730808213e-04
1.255469865804673124e-01
1.141064138984272947e-01
-8.004761779471063210e-02
9.007136294250481234e-02
-6.077516678867918298e-02
8.572798489242546005e-02
-6.241750711238633342e-02
-4.377156485043719181e-02
-8.091751758315824522e-03
5.920023616302174524e-02
3.322095236541473123e-02
1.992392665349855888e-03
-2.501913778194718094e-02
-6.540732322874957816e-02
-6.990504463349155734e-03
-3.789842408119604295e-02
5.764352285081437988e-02
1.038566904446861644e-02
7.463262361638355567e-03
1.439814363921732530e-02
-1.293364012058260681e-01
1.839754036191303815e-02
-1.154249815534893857e-02
5.218721109266615671e-02
-8.184869994262297666e-02
9.922995753640966032e-02
-6.112750554576911605e-02
7.763452470004578165e-02
-1.219887040264358222e-02
-6.141107747456441696e-02
4.611818895141206465e-02
-2.533792486844019601e-02
4.241938587351357093e-02
-8.124795073978720306e-02
7.449706821169473081e-03
-7.632947901640142752e-02
3.884390301712951910e-02
1.927312572526147447e-02
4.252221996050629602e-03
-5.146309286396304195e-02
-1.055302150755087903e-01
-2.017516915185533707e-02
8.826737854852613474e-03
-4.856517375037432832e-02
-1.827030166367244607e-02
1.855364404436348619e-02
-4.931972976325000452e-02
-7.744293772757464278e-02
-2.229221534032790539e-02
6.341695876224956799e-03
-6.394362851807331057e-03
-2.151477981588249128e-02
1.165985165690865411e-01
4.172095537684414324e-02
2.137820943635830029e-01
1.746009833015875201e-01
2.629261695331889803e-01
3.438445379132024637e-01
3.364449692955227000e-01
1.368193325221714329e-01
3.871686491560738519e-01
5.465729687427499373e-02
-6.108387754364362487e-02
2.717460520048974315e-01
1.670921238228360306e-01
-5.965047913783451047e-03
-6.561163928389697475e-02
-3.168789291497298155e-02
-2.461712323974101294e-02
-1.386594499714301765e-01
-1.873313822370804571e-01
6.129861533833941278e-02
-5.166118721932846242e-02
8.397124382097366719e-04
-2.549245865149503062e-02
-2.463323515625011617e-01
-1.013885097641737676e-01
-1.580945055882055639e-01
-2.071057367801873716e-01
6.004543231265334347e-02
-4.606065765562619707e-02
-1.685494495583672037e-01
-1.180113350238697345e-01
-3.967190482827970960e-02
-3.556360283283118567e-02
-1.355826162030031035e-01
-9.265062557551254074e-02
3.484893759470270719e-02
-1.797099795147385493e-01
-9.832575338940108267e-02
-4.030058555565928236e-02
3.295159883481615318e-03
-3.440796155135309592e-02
4.524483362845459905e-02
-6.151965515251582584e-02
-3.365801087255993612e-02
2.861610297010563214e-02
1.767167096169734719e-02
-1.175804852942183426e-01
1.929348982150669994e-02
-4.884240783048723195e-02
8.379787907384536952e-03
-8.232359823655888142e-02
-7.508910661634658756e-02
-1.487586567726090769e-01
7.946480427881012776e-02
-4.523476770211953130e-02
-6.763439035148312295e-02
-5.717477934039705278e-02
2.332592117058789397e-02
1.853528265293676730e-02
-4.738079796624388579e-02
-2.472596892208341057e-02
5.182382642809424400e-02
7.083606172802811574e-02
-7.134287535259617452e-02
9.048068408307739785e-02
-7.206209773184643619e-02
2.922731697858166680e-02
-3.108813756775591179e-03
-2.094667652098741034e-02
-1.239226470519401956e-02
-4.590879825117911983e-02
-9.708783400946952025e-02
-1.892647469921644732e-01
-2.056067710758099215e-02
-6.790969653032170872e-02
-1.039808102074862711e-01
1.250503058372989633e-03
7.408737254190037036e-02
4.666391260051899054e-02
5.021244808149678482e-03
5.116219422230428027e-02
-5.343816053394485205e-02
1.788687174285276751e-02
-3.361950452598964217e-02
2.292143281744119312e-02
4.703047444557910406e-02
-5.441851757296322506e-02
-2.403604482892932742e-02
1.615331076171385230e-02
7.746858532633148220e-02
4.909526878152335044e-02
-8.514504218164898469e-03
-3.037062376711122114e-02
-4.854671369632680700e-02
-1.072329221123122234e-01
-3.633903162337073778e-02
-5.898631126747442416e-02
6.511351556830753673e-03
-4.621764232939929579e-02
-1.833983978203521450e-02
5.141250955671990835e-02
-7.216415765047064224e-02
4.411798612139192222e-02
-5.873262160035951779e-02
4.217678863792196503e-02
3.984416574918131504e-02
2.708954459202037729e-02
5.299431492716023817e-02
-3.655962252163565823e-02
-4.424108682488584604e-02
1.855664109699015074e-02
-4.397703464174223566e-03
1.549272443527985148e-03
9.383062235755228880e-03
5.486706919858051062e-02
8.434979176828699687e-03
-3.895588487190914089e-03
3.012186616050488777e-02
6.284974372988069713e-03
-4.640931667515640208e-02
-2.966744405063527490e-02
2.846694848427542071e-02
1.850591399947460955e-02
-7.764606945750418369e-03
1.538239257361256537e-02
-4.693466536111417370e-02
5.984121319038389342e-02
-5.334805805870575929e-02
2.562768224518036791e-02
-1.471466944273074713e-03
4.830352328538148332e-02
2.761249833673554686e-04
4.826374793270786501e-02
6.937631525937143495e-02
-1.035729249373409065e-02
3.875190333614939031e-02
-3.723438635614246053e-03
2.328893749990243456e-02
-6.751117282620451576e-02
7.146147040045522716e-03
-5.733292577212673567e-03
9.060453225999749727e-02
-3.060436532655672753e-03
5.090684903714431248e-02
-4.587369513668618920e-02
2.586175162404918612e-02
1.776930036436382906e-02
-8.385619943907862001e-03
3.942169825859571410e-03
4.062139864393889133e-02
-9.298062353055832133e-03
6.001454445813810684e-02
5.217078001935674704e-03
2.103791308788345929e-02
-3.035294330040186599e-03
-2.405617155591345882e-03
-3.331192245743076069e-02
-4.049485896396893408e-02
4.395483947501154648e-02
9.027874146476393483e-03
-9.827589321198206343e-03
1.592420336816461821e-02
-1.599369474005695596e-02
-6.150706197430542282e-02
-1.875419465586258133e-02
-1.118093484411996144e-02
3.196347126142816408e-02
2.458377916794384985e-02
-2.774910339421398850e-02
6.372363832670731310e-02
4.965501210788039049e-02
-1.343045020760426887e-02
1.472967493032720752e-02
3.416087506851698402e-02
-1.155403445715565657e-02
5.687717140352446799e-03
1.454484291762490021e-02
-1.503879515832680890e-02
2.396551183610656777e-02
1.204519245845129226e-02
-8.382603521564627180e-03
3.354357678521294184e-02
2.060642373819340442e-02
-6.335183444604114249e-03
6.084395646537815033e-02
2.184939762252793329e-03
-5.301419101879976600e-03
-3.011009002540386212e-02
3.692552733203147836e-02
-5.134197913095204374e-02
-5.963295805484376821e-02
9.552688023595500705e-03
1.668069757788625748e-02
-1.913383296802199235e-02
-5.836298000777635775e-02
-3.405155094364260143e-02
5.927788459186341535e-02
-7.251885287130976909e-02
4.701115090136800956e-02
4.943385128842884418e-02
4.651898103770746307e-02
-6.451298113352535446e-02
2.847078560893528953e-02
-2.220039923900940862e-02
3.070531395244052372e-02
-2.927749720488557680e-02
7.745354855307519382e-02
-3.544075655656604706e-02
2.362109573635095064e-02
5.905253567777594970e-02
5.859808909425318763e-02
7.083906975780915327e-02
-2.812264371661860746e-02
-4.573755075547748794e-02
6.774988729462481929e-02
8.012159816350927777e-02
7.879030938361503145e-02
4.560500442838666402e-02
-3.765400462923237847e-04
1.707234137479774760e-01
1.492594112404271034e-01
1.354320567262423114e-01
-1.099639217732085450e-01
5.266687263193883806e-02
1.247565870126133708e-01
-5.726361386071501108e-02
-1.453253814469558126e-02
-2.330952567106596429e-02
-9.026056542626167967e-02
-1.290668075686202398e-01
3.707918346047099634e-02
1.151218114468197246e-01
8.175991833426576871e-02
2.140965797107564628e-01
-3.011118634696862209e-02
-9.063497133892988930e-03
1.318727685688902800e-02
-1.031180161687895525e-03
4.968184291130901820e-02
-2.340801812844383115e-02
3.216836593724545484e-03
-8.541165874887338139e-02
1.332616911523404335e-01
-3.626519411962204203e-02
-1.205668496291354835e-01
2.003677482880456343e-02
2.434591985916128090e-02
1.156833682711902178e-01
1.068917099015005284e-01
5.550942872762364144e-02
-6.781747472311661085e-02
-2.590794207621051060e-01
-1.129502249467687763e-01
1.675363755469782071e-02
5.580539428331784263e-02
-4.678311411263930131e-02
-1.026187447916400257e-02
-6.372194502834432894e-02
-5.851155005197048592e-02
-2.320746807526324895e-02
-1.556402436989758886e-01
-1.258184724847356273e-01
-1.109919599009539654e-01
9.131928164473715470e-02
-1.622513155981103114e-02
7.136638341520828988e-02
7.965380942556687938e-02
6.570298420426627650e-02
3.990862398484057243e-04
2.336700191758991213e-02
-1.710785718075231304e-02
-2.769104123537544440e-02
7.870501186176628861e-02
1.083995209839913182e-01
-5.566229099495220017e-03
5.448159120771164932e-02
6.183492114866175060e-02
4.828309979638715360e-02
-6.486379006243146728e-02
-2.125301557889983095e-02
-1.334139886673990118e-02
-9.498117644852019370e-03
-6.385343028493112305e-02
-2.641554117864837459e-02
1.982655865263417347e-02
-2.435626223330151358e-02
9.112204653568328760e-02
4.599514332582036596e-02
-1.043321638946577250e-02
-2.446467549131992741e-02
6.609474325667072381e-02
-2.010259127628262130e-02
9.823428620219856744e-02
1.019652923090045848e-01
9.105072558665210092e-03
8.653007593587450086e-02
9.932240229653428731e-02
1.422250858154061326e-01
1.323771629360034549e-02
-3.881919427874239853e-02
-5.965836370963858992e-02
-8.022378263382815705e-03
3.985534999678304324e-02
-3.966744772594323759e-02
-1.122560027799924219e-02
7.132519194881163215e-04
1.526969452492911265e-02
-6.388861748054622258e-02
2.952798110278648247e-02
-3.729628274605695931e-02
-3.741635311722527057e-02
-1.431358685546620102e-01
-1.427251726499959850e-01
-2.392551819872414387e-01
-2.411245958235074260e-01
-6.054985453755153124e-02
-8.204302515394518158e-02
-1.042075073375341165e-01
3.778089215332357254e-02
-1.127442767203991336e-01
-2.128864675317780064e-01
-8.348220974873246658e-02
-4.944209094986291159e-02
1.566923030800013508e-02
-4.743539230294060299e-02
-5.443228744456134194e-02
-1.358931183594057623e-01
-6.177144112582580449e-02
-8.661222291765850734e-02
2.492915863177855643e-03
1.703225147075855192e-02
1.646208259007818919e-01
3.901679371519575223e-01
1.359288540830148329e-01
1.378612105181740710e-01
8.687072576797626178e-02
3.061909025935920931e-02
-3.323546311270065418e-04
2.171381853077686275e-01
1.825531243101828280e-02
1.274514129064055756e-01
1.736514325336651482e-02
5.747603766139708532e-03
8.556969823416778545e-03
9.524393656017210441e-02
5.180498717002562231e-02
2.071836429653555259e-02
-1.076476658856821353e-02
2.227761297739338023e-02
1.237002807443678305e-02
9.767795646476427895e-02
-6.181754401770554568e-03
8.133734149644458386e-03
-3.645170724815020163e-02
3.849578710119144070e-02
-8.306859087724330348e-02
6.329073640608810954e-03
-4.131765886293334300e-02
-1.792276186699377728e-03
1.298714037686149285e-02
-4.424954849717396138e-02
-5.288489691310539753e-02
1.029479523654671103e-01
7.679228478446352424e-02
-6.373170028698459111e-02
-3.108411680873891803e-02
-6.593278595655845120e-02
-8.944067826559649881e-02
-4.557695087642685966e-02
2.277093726050840108e-02
-1.031087480069574347e-01
8.938891788206151934e-02
-1.186768728540727180e-01
3.092752255572876405e-02
-7.722322419353570833e-02
-1.553507157882095258e-01
1.929142930400056216e-04
7.194452530061117013e-02
-1.230815694005014602e-02
-1.014222221697323595e-01
-6.013283699829160894e-04
-1.487772284443181041e-02
-3.687634563805811116e-02
2.306127052287885726e-01
1.113963673021436118e-01
3.240899729263758133e-01
4.366187412577035021e-01
2.142226415568013187e-01
8.853001898341314457e-02
1.523147874102288579e-01
2.348606068405707514e-01
4.224962107694092972e-01
2.985423755207483043e-01
1.136817414817982083e-02
3.117909799564451759e-02
-4.956186268851197479e-02
-5.316821218187245401e-02
3.552163714818221824e-02
-1.585565370506983041e-01
8.362528782056194432e-02
1.277049138392380781e-02
-8.871676807481151950e-02
-4.279688385778085413e-01
-6.213596895040621737e-01
-3.000604752526627728e-01
1.733909012267303984e-01
1.856509011325737923e-01
-7.654412150864518816e-02
-7.805227870855595274e-02
-6.448184680801605229e-02
-3.339485942968267729e-01
-1.442853151000525191e-01
-1.214490517207424264e-01
-3.561852830265995196e-01
-1.232269204297123527e-01
1.349324125168129551e-01
-2.431648628957326641e-02
9.561666991912173841e-03
-9.116674350503981006e-02
2.432091689302973148e-02
-5.787058777594879244e-02
2.034611565903042887e-02
3.542856114855937738e-02
-4.366461807387505417e-02
-1.405997381375596322e-01
-2.708144438977227314e-02
7.626005393853532710e-02
-1.236715165675619649e-01
-5.727843334561986965e-02
4.677843915075589193e-03
-3.736137456577005161e-02
-1.717645804859303099e-02
5.311258588058365149e-02
-1.428081517463158793e-03
-1.012837646000329661e-01
1.557407744835685118e-03
-4.833851713773335002e-02
6.435077364507722775e-02
1.401983315448251111e-01
1.539227051106410449e-01
6.850573934151282796e-02
-5.248935968980614208e-02
-8.090879558378086256e-02
-1.798377817232747200e-01
-1.283510296253973990e-02
-4.301678504820510666e-03
-5.058289222621095704e-02
2.206805498736072735e-01
1.601583711585815861e-01
3.490948023281436469e-02
-1.977745536954815184e-02
-3.251160728862224902e-02
-6.224435826420197243e-02
6.762795239745049425e-02
-1.421017516953437532e-01
1.428837318927607229e-02
2.808222856926058039e-02
-4.598780040738775082e-02
1.166067527367703610e-01
1.047697501023349964e-01
-1.854884119812193199e-02
-4.121223929030634614e-02
-1.306539963490334355e-02
-8.250003960173660222e-02
-2.468003496537650721e-01
-4.231745604777797931e-02
-8.379739459622484454e-02
-8.937875343441955070e-03
2.546302862993638210e-03
1.035940254843325040e-02
-7.095900584449069126e-02
4.033507088434146876e-02
1.369438817494834926e-01
6.566187975436182586e-03
-7.057874336379638125e-02
-8.650850532948065053e-02
-3.139574278992299239e-02
5.616181316143876306e-02
3.412376990912852071e-02
1.345526290280817938e-01
-3.058112416457223551e-02
-1.161406590052246612e-01
2.066886460220107025e-01
6.838828130198607025e-02
-3.881748773481043940e-02
1.242092196759753651e-02
1.409375618850586265e-01
1.297898653535083276e-02
-1.916719066037583796e-01
-1.927331965727424878e-01
-1.722571954146053796e-01
-1.476875119470868157e-02
-9.993757330738312072e-02
-1.074882731159733096e-01
8.819153189084005806e-02
7.756113568532346791e-02
1.303291375072614978e-02
1.888687430088438826e-03
-7.533911137550397541e-02
7.585040270405093987e-02
-1.579477982781581080e-02
3.830912962987933351e-02
2.216811516703046103e-02
-1.383616656756496595e-02
-4.691671357841818712e-02
-1.296347429898134229e-01
3.052675333411605796e-02
4.881845954299540019e-02
2.723967381487655409e-02
5.869028635299206043e-02
1.353732961204249796e-01
-7.555652551566932260e-03
2.171763057811107109e-02
-5.524145733878613532e-03
2.037780434242863342e-02
2.396902941154703884e-02
-3.673457532583506574e-02
-5.579724370804525074e-02
-5.744957482244524016e-03
-5.892166537894344414e-02
-9.083370859239643658e-02
-9.489936996882653020e-02
7.357104742488443372e-02
4.054819929699563646e-02
-1.084232360085213148e-01
-9.939068494158161127e-02
1.360791282976847871e-01
-6.398879009944924423e-02
5.247061381280352516e-02
3.946316433143812197e-02
6.446846821577287279e-02
-3.270851498216630765e-02
-4.727265658834289147e-02
1.093471530253895124e-01
1.343356320900995493e-01
1.480308473975511414e-02
8.806873208734472547e-02
-2.381158179424666330e-02
-2.777257567925998580e-02
-5.713933819666013048e-03
9.143121683623293972e-02
-1.431095817350280797e-02
1.582243382263792686e-02
1.427362928701315405e-02
4.360557842271256535e-02
-7.871386218277942604e-02
1.553671018816004945e-01
-4.005562525976281985e-02
7.100388253386426263e-02
-1.351887923482336384e-01
1.302999439859139075e-01
-2.819878568797541327e-02
5.540027213592545879e-03
-1.330230164843409016e-02
5.922032981510807342e-03
6.487060036528326246e-02
3.444327002760503263e-03
1.574306998070874875e-02
-1.742236013225946165e-02
5.420892380005733896e-02
-2.958888024685060736e-02
4.475452595824346014e-03
1.106975227088497216e-01
-6.137540507735050194e-02
2.792138662859284387e-02
-5.542679194488179042e-03
-3.096809977502209751e-02
-4.430138794955192083e-02
4.665180749973481950e-02
-1.275605190147822282e-02
-2.480982712076545971e-02
-1.114284506882830678e-01
9.211124749785800508e-03
-4.323146385322674395e-02
6.467635401742989620e-02
1.285814817989257806e-02
5.577770811498288656e-02
6.702898486701631964e-02
-1.161146567817758143e-02
-5.551878759479932784e-02
-4.832076969751908369e-02
-7.248827337817247704e-05
7.868168943629877399e-02
6.803998834452908151e-02
8.986534832192616049e-03
1.252682731076051048e-01
3.561326715462299897e-02
-1.611825100530367774e-02
-2.822567424437051956e-02
3.239389845340537311e-02
-3.680519194851997883e-02
-4.767285424914329689e-02
4.121830179506314612e-02
5.543113320654887571e-02
1.656027684882993845e-01
3.138708459649830473e-01
5.876929191677496833e-01
7.639947995002442926e-01
3.010930165679938098e-01
3.056116616212404824e-01
4.398190593673028670e-01
2.158687793383541331e-01
1.340458864788882931e-01
-5.889767338181316203e-02
-3.801307002602289341e-03
1.436032800959664846e-02
-3.314851046365545062e-01
-3.066518918660665061e-01
-4.545764653041038938e-01
-7.605419049792324637e-01
-6.374864333380931836e-01
-1.741221061313389662e-01
-1.070690111670008215e-01
-2.331825183146950253e-02
2.888071549373692759e-02
-8.275631247493302201e-02
-1.134013174843023636e-01
4.901314736941012745e-02
4.095281880943345276e-02
2.876188288480866981e-02
1.132342722376840534e-02
2.874963379384205819e-02
7.004150342845620603e-03
5.643493161442565687e-02
-1.069080257011801316e-01
4.485192845253204580e-02
-2.150429621383501480e-02
-4.935579027253415851e-02
1.324724454851727296e-01
-5.480518573597319143e-02
1.395341220766281587e-01
-1.581997691232974457e-01
-1.972398987485558114e-02
-3.070650601746053102e-02
-2.376216110579124421e-02
3.377170851830221115e-02
-1.438415756820061175e-01
8.105280214151457108e-02
2.539940312450564633e-02
9.945452506530369496e-02
4.203917879276442698e-02
-2.312671105542520381e-02
5.685616269810432610e-02
-5.052569071309673254e-03
-2.327987677389935575e-02
4.084000862021536921e-02
-4.995670746896145598e-02
2.610780567975693432e-03
-2.395160010676046156e-02
-7.644980574429281750e-02
-7.865044900175646725e-02
-1.581542155981973397e-01
-7.668480730730403705e-02
1.170271509960129144e-02
-1.937949762673848303e-02
-1.095961504676829651e-02
3.232602662081571210e-02
-2.292758068506490013e-02
-2.679038976993921781e-02
-1.724349638656124187e-02
1.962259255058852563e-03
3.906900639928626712e-02
1.774798652880120800e-02
-5.214877126453812406e-02
-9.477429685953325800e-02
6.827229270479462375e-02
4.326884734734056520e-02
1.698087377193373826e-01
2.557698944868769253e-01
3.793789564221710098e-01
4.860336976172004997e-01
4.996120830345065489e-01
2.097068460524643685e-01
4.907449897290023372e-02
2.501219411705291398e-02
-5.705333173227806337e-02
-2.552332549223741351e-02
-4.175236909308636252e-02
3.806103520414929470e-02
-3.492245339490421263e-02
7.187696774443126657e-02
7.210661875870781612e-02
-6.334461437336533218e-02
-1.143599074672833754e-01
-1.497625716995930854e-02
2.682178594272419808e-02
-4.564489909014210825e-03
-2.066491791094603181e-02
4.110290826874584552e-02
-1.143727787098788168e-01
-2.130870297066324581e-01
-2.346400346726001396e-01
-3.226641409675159999e-01
-3.539239977385933988e-01
-1.503222052491323124e-01
-1.116157740443674412e-01
-1.558225156286777435e-01
-4.526185848929056843e-02
-3.500791378324676767e-02
9.866352731844045543e-03
5.515682344836572021e-02
5.853644731837234771e-02
2.370382813253399043e-02
6.707700541851760456e-02
-8.276503074306110208e-02
7.779844344678656098e-02
1.655203779400770958e-01
6.671008581500837038e-03
7.491379790039289464e-03
-1.197752656545078148e-01
-2.901178859737371662e-01
-1.857995310525687171e-01
-1.923543477094814269e-01
-1.498636388874949321e-01
-1.721113877355934796e-01
7.311592470211782102e-02
1.661474577885226414e-02
2.220845788976200663e-01
1.139892993369787805e-01
3.562143348852264170e-03
2.507812351390809394e-02
2.959127749365546289e-02
-2.864921726230513707e-02
3.677075779247198500e-02
2.991929177105452208e-03
1.125586517373883787e-02
1.208893059964939731e-02
-7.552295583006629620e-02
-6.582127188421596498e-02
4.981873712532858267e-02
-4.717625552892004692e-02
6.225654427060934443e-02
-3.509243089977162611e-02
2.079527134648197564e-02
1.710061153612441476e-03
2.709675850270262462e-02
-2.017208621504746613e-01
-7.899955426653214319e-02
-1.643224606390168707e-01
-2.887524803317927081e-04
1.298406931318430791e-03
8.984507168269250180e-03
-1.400057532242720421e-02
7.646370313039681232e-02
-6.108875975189440206e-03
1.901631250846972862e-02
5.406484241767214871e-02
1.011007819349199650e-02
1.504035000106092139e-04
-9.760141762554691222e-03
1.320286441493669638e-01
-3.832244148025792940e-02
-3.581670375328214334e-02
4.146083502755640304e-02
-6.130364842454993912e-02
-5.370116993019184541e-05
-9.506966183304797063e-03
-6.033533226569635921e-02
-1.434937790644931210e-01
9.246591381047107247e-03
-4.934576538032046239e-02
-2.410123491691678471e-02
-1.813809718930363413e-02
2.504411689084529852e-02
-1.095297366151341129e-01
-6.138739545184421741e-03
1.455834961417331805e-02
1.175271242817232387e-01
1.709243537701204130e-01
5.303210232032073979e-02
-8.959134663577916768e-02
2.181504510409281450e-01
-8.933917657067598495e-02
2.421231316113140949e-02
-7.866764449783127111e-02
1.149580947875921549e-01
-1.217347639645897928e-02
-5.912273841161553613e-03
-1.545554826151105676e-01
-1.930276897001387548e-01
-1.362243526688346473e-01
-3.888958308649066720e-02
-2.483142283410672349e-02
7.221444753849567445e-03
-3.760663252558921893e-02
-4.539820696437579101e-02
-5.110154070934053161e-02
-9.002752160079410815e-03
4.126132761947363253e-02
1.002677801215282266e-03
3.128015322167525258e-02
1.122468893093080677e-01
4.035821679707949500e-02
9.631336196097113611e-02
1.246135772183050161e-01
1.478834852656799870e-01
2.041706224882114118e-01
1.257956854416332204e-01
1.961138434816304954e-01
8.916387357979349559e-02
8.002256917823057092e-02
3.540153555997324619e-01
2.830034674715458665e-01
1.830742080416299655e-01
2.800138885609662065e-01
1.476604397016661185e-01
1.801043148732175414e-01
1.422616784767288256e-01
2.362290390677392604e-01
-6.832872864692550452e-02
1.993206465298200114e-01
9.686175275744178526e-02
-6.165092234463706578e-02
-9.190027068934822352e-02
-2.864270758412842954e-01
-2.717121329852550948e-01
-2.799574532064632582e-01
-4.093846823021942138e-01
-5.444490548966903765e-01
-6.993964060661904403e-02
-6.849580630444930540e-02
-9.093114006648252146e-02
-5.793680449046159642e-02
-9.004217720072379971e-02
-1.818821428221606765e-02
2.781494572630069037e-02
-1.119521901054624895e-02
-5.370155665345299062e-02
-2.857339902696527309e-02
-4.203477882392182841e-02
3.157370759501022806e-02
-5.225349218461544654e-02
-2.022393301577225105e-02
6.284962706918298392e-02
3.091731489187464835e-02
2.427152844668691023e-03
-2.688225818204433709e-02
-7.132545060835179460e-04
4.480294455259212910e-02
-1.183918533616119990e-02
8.207749248604474107e-03
-1.712388657433270775e-02
3.829803608984832380e-02
-2.494828157912254776e-02
2.734151450004421863e-02
-2.142349170980932874e-02
2.847312710198288827e-02
-3.279786629330436187e-02
3.734856785908990257e-02
-1.554382506936439513e-02
3.286836417109198494e-02
5.174506200417743756e-02
6.507141271875668820e-02
-2.250747081452809592e-02
4.299555661529165518e-02
-5.167795151683392263e-02
9.732285559571823841e-02
-5.903460536441170609e-02
9.117678816682146803e-02
-7.808267478236302628e-02
6.322292706533409745e-02
-5.091422817507605669e-02
5.751419507299120742e-02
-4.394921765234578726e-02
8.447401239265622808e-02
2.055734514180967282e-02
4.059716426990011423e-02
-4.176283074234878739e-02
-4.314032956252419025e-03
9.691144405060692080e-03
3.695424925532104360e-02
-4.916633439798712320e-03
2.836775803905683055e-03
-4.493934810120563811e-02
-3.458040341948180607e-02
3.965890826536062896e-02
-3.631449389209470344e-03
1.611371358258329931e-02
8.093836351283617558e-02
9.443817465543115353e-02
1.502652317774875318e-02
-3.165205875574989003e-02
-8.776546930877814068e-02
9.256676899511073753e-02
9.939211903060676812e-02
-5.149392804678980945e-02
8.594468792253081788e-03
-1.194353614141678913e-02
6.143505102595870487e-02
4.962480220050138890e-02
-7.937636026428973590e-02
3.329457264490537360e-02
6.718990130595885180e-02
-1.314384352906826890e-02
6.359247247869689867e-02
7.259733342067212214e-02
-2.111606508272506275e-02
-4.419275927634172887e-03
-4.501790028311005581e-02
1.257786566685628049e-01
9.415665240465552477e-02
-1.174896407640206447e-01
-2.205519894926310717e-02
1.131009656913367460e-02
6.863266424887591068e-03
1.344490367170382041e-02
3.032776898239067723e-02
5.975982224173414549e-03
-1.635563752497913581e-02
1.603253318782211015e-02
1.719405127508983819e-02
5.257062877386259325e-02
4.964939876175930578e-02
-4.358400970132852992e-02
-5.091870608006447002e-02
5.812560434472267834e-02
-6.064100292981071394e-02
-4.211075574348385059e-02
-8.492198351035318282e-02
-4.495639424040315940e-02
-2.028328515229612938e-01
4.449166974262554891e-02
-1.824426940318979451e-01
-2.727707290645210447e-01
-1.676855264835358239e-01
-1.059931694766717558e-01
-1.821158834507007329e-01
-2.789482797807574244e-01
-2.087725144900672014e-01
-6.088860503140533509e-02
-8.842506295513190284e-02
-5.369923168849070200e-02
-3.463241141673809587e-01
-1.634521881587887027e-01
-5.633943477063245442e-02
-3.133607107361484345e-02
4.563461893970761907e-02
-2.480949509577865322e-02
1.614215733765685806e-02
2.764947442975201897e-01
2.402248687978525976e-01
2.586192635096448145e-01
1.720580830989900945e-01
2.155536680430608920e-01
2.489518218221477841e-01
1.286140902636963013e-01
-1.090612642762258527e-01
-7.233809825035580551e-03
-1.493997300931423043e-02
-3.763007313964514960e-02
5.278174482031225759e-03
-4.768064976217663287e-02
-1.714473434053911949e-02
1.646289118083883452e-01
9.011146924520310741e-02
5.593444201976013885e-02
-2.188064591785144480e-02
7.174963602834268095e-02
5.692905403050695957e-03
-1.589801669607402573e-02
-2.746541807323447156e-03
4.898255832368639089e-03
1.328464293518620554e-01
-5.585612239207058891e-03
6.231495458193457571e-02
-4.934547271263418911e-02
-4.121380564421251932e-03
-6.824011115684293360e-02
-1.053990861677863711e-01
-8.247017732693767700e-02
-8.507250842869104601e-02
6.470501943262126424e-03
5.663294891529745828e-02
3.074719054732038756e-02
6.477663151113779993e-02
-2.414268211574052136e-01
1.397066978901505274e-02
-1.945969477485784971e-01
-2.184857175765954861e-03
2.382889304501327118e-02
7.174986501056980492e-02
1.175674930002601482e-01
8.637433858487088278e-02
1.476210841484960068e-01
-2.586151092903144627e-02
-2.643413955746026648e-04
-9.413543343475569425e-02
-1.221191977228241327e-01
-9.392325328765459280e-02
-6.772099376495373246e-02
-9.103101151332589069e-02
3.790253162320233321e-02
-1.109000598923072095e-01
9.637612330465540611e-02
3.014627738283223377e-02
1.192410540444072964e-01
-7.598223447415142218e-02
1.787015286591229768e-01
-4.053409819254989721e-02
-8.246470390783000592e-02
9.292759172995976313e-02
1.302365421473784257e-01
-3.142505100608788265e-02
9.330347506924956125e-02
8.753636073533671569e-02
1.274723518993012283e-01
4.476571986325347807e-02
-1.122570884878974773e-01
2.174143396629929503e-02
1.324327500448351652e-02
1.736016385767051281e-03
2.668605512552331763e-02
-4.153594802746216758e-02
4.785733061013863754e-02
8.232825014811714914e-02
6.626272809618331816e-02
3.212008885596618485e-02
9.264170597439896904e-02
1.532142599645993364e-01
-6.777308717618440591e-05
6.268513338036145466e-02
8.234571501315458841e-02
2.025232638079252356e-02
7.920021508201731744e-03
8.507507163465603817e-02
-1.875996614824407618e-02
2.126541870535964690e-02
5.376805528123027858e-04
2.621764967003585578e-02
-1.797402630258606304e-01
-1.942796675927884464e-01
-4.207198703556668806e-01
-2.343760809824776414e-01
-1.979475489541790978e-01
-6.352003754865087615e-02
-2.564661742492094776e-01
-5.266458204517000807e-02
-1.006402262918777435e-01
4.473325274246017606e-03
-1.458635978554463364e-01
-1.092508459095777318e-01
-5.109475641360021747e-01
-9.370204347909447118e-02
-4.230567964228870714e-01
-3.036025784580446141e-01
-1.426802733866469330e-01
-5.768484113467534785e-02
3.076329365337485133e-01
1.815295333123442267e-01
3.466966917499896828e-01
2.535804957387359226e-01
3.783468562568905735e-01
2.690181006057899005e-01
4.965933705200810677e-01
3.021026077445610469e-01
3.508344235999487359e-02
8.247376227011775363e-02
1.964455844252299688e-02
4.811343326159574912e-02
-3.503904062930852242e-02
1.651655585826451028e-02
8.450195923228866202e-02
-1.537244092394896098e-03
-3.746704813233882325e-02
7.020593710050411496e-02
-3.928195314336804800e-02
-6.674620501911537884e-02
3.626217134085703286e-02
6.228101063728527786e-02
6.626203055640300654e-02
-6.915037846306307245e-02
3.277089169008069736e-02
4.302781621866612338e-02
9.957643630880464586e-03
9.221192046540132984e-05
5.055363665378880683e-02
-9.712881943757096376e-03
-4.331278166326596457e-02
-5.281609744434708799e-03
-1.375264609050390156e-02
4.119819972397775060e-02
-6.868288804965917878e-03
-2.933013469014195476e-02
-3.680603234133246471e-02
-2.069665221356450577e-02
5.359189580469018305e-02
-2.630420653598758516e-03
-8.940167722642532178e-02
2.507284840715182789e-02
4.204815096257656995e-03
-1.537200921817604218e-02
-8.224358956086431785e-04
5.994078562864586443e-03
2.753306213544363685e-03
3.116604414645295085e-02
4.849353156519312091e-02
-1.620741610801033211e-02
3.736791080977141383e-02
-3.084986332780778606e-02
3.142064721209019557e-02
2.112238312174298180e-02
1.634230936511208432e-01
1.033264348811791661e-01
6.547873667974668521e-02
1.834244744951854245e-01
3.440212997658952110e-02
-1.197521508911919830e-01
-3.056140030938599150e-02
-2.183474461670690259e-01
-9.429312756085057867e-02
-1.245776323391317858e-01
-1.932453538669209603e-01
-4.352150733644699621e-01
-1.426857019232661006e-01
-2.259419389499271180e-01
-3.020823441809978305e-01
-9.751299748541973622e-02
-1.222935828569802902e-01
-2.692952374853331832e-01
-3.508060286727688326e-01
-1.791564855025687408e-01
-1.896833514773278162e-01
-4.191553842384216355e-01
-3.520019656965781563e-01
-5.840654375786132751e-02
-5.277091817627019288e-02
1.075657440347500826e-02
2.321210835834789377e-01
-2.299663586626907730e-01
4.294945020808571545e-02
-1.293689571621401968e-01
-6.095301895637748012e-03
-1.467420856658446515e-01
1.480308008047042864e-02
4.958157036452878058e-02
1.022814733313563429e-01
1.751877035688213236e-01
6.650521367114432536e-01
3.192009298160011777e-01
8.651454939482226825e-02
4.058306868917881116e-02
-1.790073158672536580e-02
2.632809606973672834e-01
2.805795331105204737e-01
5.228236469097607975e-02
1.787471452123783888e-01
9.260290137869600646e-02
6.362365151399068663e-02
1.756637083402714551e-03
1.350145164919897521e-02
-5.607557012014880576e-02
4.305821883821931567e-02
-1.080752688338597854e-02
6.975623165524076456e-03
-1.599514020519538296e-02
-1.175110346092995972e-02
-7.356399458130911256e-03
-4.698859026506231606e-02
2.340775148770016245e-02
-7.287889934125946385e-03
4.555005356512974168e-02
2.174959159660341118e-02
-1.561321425025429845e-02
-5.037834400490488578e-03
-1.542269887113663709e-02
1.697909377433404893e-02
-5.803426070454092631e-03
9.244026837490032858e-03
5.467539253104566899e-02
5.013780642591605247e-02
-3.117587995356201763e-03
-4.080984236914519253e-02
-7.460133996235894429e-04
-2.939498227730647645e-02
-3.965815226974447514e-04
8.463863120312265648e-03
-2.970334834144893604e-02
4.875983985397897361e-03
-3.631680462851050433e-03
2.262689914373212929e-02
-3.382288480585633750e-02
4.460140199853906973e-02
1.881256821421966319e-01
6.784412370014965277e-02
3.052930286369692076e-02
-1.813277429904309179e-01
7.382647076543355849e-03
7.284874774777182205e-02
-2.962000499023766456e-02
-2.001314331849513711e-03
-1.946146676621757568e-02
4.426734504236733148e-02
3.364350338863424800e-02
2.076556690438666891e-02
7.137298007874461059e-02
9.560678677862956276e-02
1.336283987146957564e-01
-1.943791045211562193e-02
2.403840327642681879e-02
6.607071116849565218e-02
-7.938358842565114426e-02
-1.083651897135879671e-01
-4.260659515807657671e-02
7.768210553728994994e-02
7.399263501170492974e-02
7.694061960156806101e-02
2.697305331365151826e-02
5.802487624376005682e-02
-6.528030127534448224e-02
-5.397513746248370353e-02
-1.612808339997089113e-01
-4.170978671252498216e-02
-4.415691779974070114e-02
6.746936420869459328e-02
7.624232301645673948e-02
1.153938399921111829e-01
5.976384563471385386e-02
8.695386803329217817e-02
5.106399551007844567e-02
-7.904866696866015563e-02
8.257994695907640292e-02
4.489274038359606506e-02
6.593263699945317580e-02
1.084443139556242053e-01
5.031737516700527518e-03
-1.160203489324390831e-02
8.672242741553959355e-02
-1.069515030286090213e-01
3.332911985564410151e-02
-2.327578252721341015e-02
-1.917345464173871028e-02
-2.891008828064498687e-02
-4.753721818087495998e-02
1.450189748048288374e-01
-8.119651337030134308e-02
2.290461933683811749e-02
5.798674117863946570e-02
2.487541206656060030e-02
-5.695025570600253939e-02
-4.135318134916526195e-02
7.678050756549281708e-02
4.048344246607851749e-02
1.647348574227261789e-02
7.753160805022765723e-02
-2.017429087867627941e-03
2.574128600630326905e-03
1.236984089502850617e-02
-2.296838894651063168e-01
-1.735064787987446733e-01
-3.387611516013674939e-01
-2.932842854631373952e-01
-3.255152079268273102e-01
-3.696189961139056401e-01
-2.244041086345978098e-01
-1.424552052541283587e-01
-2.802656852561343781e-01
-3.070985779083496015e-02
-3.294357025424785035e-02
6.617176057234983033e-02
5.436039831330968103e-02
-1.029944599709053527e-01
-9.229726168927901431e-02
4.637076365705977699e-02
-1.392974098099976910e-01
-3.847792542570751401e-02
-4.549205004866127555e-02
1.414701282067492953e-02
3.027144004514021880e-01
8.002440034422706461e-01
4.523650624383311891e-01
2.081853462358498885e-01
1.682172725959556470e-01
3.800494246975180679e-01
2.686934810123645656e-01
9.405111579133616784e-02
-3.506665645492529348e-02
-6.202058374403788404e-02
2.902305703506826220e-02
4.670389228517207725e-02
4.512009011090050564e-02
1.971742293714057181e-02
-5.656409848633689452e-02
-2.341263403064332282e-02
-8.896379782797085578e-02
4.371392881395691488e-02
7.409769500757525801e-03
5.077893580133256701e-02
4.367674179925693477e-03
2.413209891500870882e-03
2.907080789351996000e-02
-2.803380929113592334e-03
2.500698694721134943e-02
5.954598136387429658e-02
-2.945243426210925053e-02
-7.103979999964446512e-02
9.677963746420964464e-02
-6.638956831846913598e-02
-3.891721956946764260e-02
1.291496735250947762e-02
-2.067611634697469891e-01
-3.489544899053628052e-02
-2.341760795488534788e-02
2.264046329799882309e-03
4.458885026229129217e-03
-6.191778988397059896e-02
-1.298100854439471763e-01
-9.668563067596430693e-02
-4.181622343526850138e-01
-4.531990969458339902e-01
-4.446310788806061010e-01
-2.047083755340722844e-01
-2.265759151790927295e-01
-6.170488067052278675e-02
-1.236555888197903991e-01
-3.241093897180357675e-01
3.718466803044964426e-04
1.120284225131921475e-02
-1.173792920566380793e-01
1.059998663914128725e-01
3.682884454782083677e-02
5.254005124066481874e-02
2.949974914901505874e-01
3.946067728972484923e-01
5.214115932924929808e-01
1.799981724690880303e-01
2.050449915204712870e-01
3.519407626016759355e-02
2.239846085643985019e-01
-4.089446165609095935e-02
-1.165465697122619257e-02
-1.348709678115468137e-02
2.429318480160051752e-02
-4.747883150859014134e-02
7.756603929800980936e-03
-2.806451841980841730e-02
-1.745610628421594493e-02
1.628413115340907047e-02
-7.245617367671743081e-02
-1.031959287163274237e-02
-5.555008432655133416e-02
-2.500698051442217223e-03
3.031215919362668237e-02
-1.571661692301142693e-02
1.883294132954018221e-02
2.060427436036418522e-02
8.028836281398589458e-02
-6.927474705123222443e-02
9.814604247835842510e-02
1.183579703384317165e-02
6.795068635786695455e-02
6.799372739389485977e-03
-2.798556618833638807e-02
5.981815594132846442e-02
-1.458750119782670565e-02
-5.349662818329462000e-02
-1.348722426995524748e-01
-2.097244444806682373e-01
6.344466881285959481e-02
-4.640367176661496472e-03
-2.149694218749539226e-02
-1.577349443926911662e-02
4.365357247051786238e-02
1.103041266033100293e-01
8.209524720247640683e-02
4.437474117968740611e-02
6.095713898855333740e-02
-4.716704838026603008e-02
-2.116747052415935554e-02
-1.616115999209987442e-01
-3.733379001608155140e-02
-9.740922092724445258e-02
3.220150507621567793e-02
-6.123752108742216982e-02
2.484496325269762787e-02
6.474447743409805778e-02
5.251477967169603661e-02
1.937735007757225916e-02
1.145644280758618544e-01
-9.905570466655390371e-02
8.232483759689898650e-02
-3.139005375806463473e-03
2.248818313108406214e-02
-2.351263902484225163e-02
7.080146094135028600e-02
7.917564736583296943e-04
5.150258785503743220e-02
4.670219977641338477e-02
-5.933291188240734024e-03
5.440575828009338449e-02
8.840933605748120538e-02
4.562645949138271345e-02
-6.420016103381506224e-03
1.785267593899278471e-02
-3.700343864614302758e-02
6.553214559064436673e-02
-1.047666951205082110e-02
5.413324725803973780e-02
9.088667454110325658e-03
1.050204899627408955e-01
1.024639306028219191e-02
4.095461972912090021e-02
6.420503820103869164e-02
1.015689115328472364e-01
5.305388541876891739e-02
6.218415194406731045e-02
5.174530079124364107e-02
4.174358527446651868e-02
1.038985099366507014e-01
5.225419422709422224e-02
4.601255205390009789e-02
2.703216230401199113e-02
3.960577325339794535e-02
2.279558719760708604e-02
-1.013129099453789206e-01
-1.918571929389190911e-01
-1.011849053632937617e-01
-2.743267587070761238e-01
-2.744113239773666724e-01
-4.673319057516367447e-01
-2.404463568607410617e-01
-3.005668307306318399e-01
-3.185198859193966170e-02
-1.061543386714729892e-01
-1.112618116598304147e-01
-1.475229297787065963e-01
-3.229217835867263520e-01
-8.478868828348947676e-04
-1.344160695087301682e-01
-2.177552474537926830e-01
-2.266378075080832666e-02
-1.238959169755134981e-01
1.401469842118174824e-01
1.888404361622868233e-01
2.864768701868349310e-01
1.762416514905525144e-01
6.036614169266116825e-01
-2.224184356133805315e-03
1.805937559927769942e-01
9.660819232735584627e-02
1.292762705316061744e-01
1.171266790617364190e-01
-5.816083133160707130e-02
-4.075769597575230191e-02
5.367363754569288992e-02
1.045385182664653051e-01
1.399517356781955768e-01
-3.337915966856195692e-03
2.332073758386678936e-02
-2.623073888303162696e-02
-5.123150150771206557e-02
5.889431821102517062e-02
1.719798899633215306e-02
-7.558860181459300942e-02
6.441182058835796809e-02
-2.170541484627313070e-02
2.818683182899028514e-02
4.804698863810821785e-02
1.107062361285011953e-01
-3.745124218357951534e-02
1.312660431117670112e-01
-7.737844601030145156e-04
-2.080043940291031318e-02
-1.246165538788693815e-02
-8.414120627874423219e-02
3.250891252939915044e-02
-2.568982653858358986e-02
1.005769369020730053e-02
-8.651674674145205801e-02
2.212607951908055620e-02
-4.239674881972906734e-02
-4.841966852914130620e-02
-8.217249177203715671e-02
-8.832737886077168810e-02
-6.112654563983207709e-03
-4.683683042769789563e-03
-2.714128952508872237e-03
-5.405563476960742984e-03
8.712550146480077529e-02
-1.257239574896763523e-01
2.884644604664354794e-02
9.634731834240226056e-02
2.005575393541428886e-01
2.886667602185185588e-01
1.292516148873580628e-01
1.195373948111012330e-01
2.000945328514447050e-02
-5.881300073599777384e-02
-7.518080421465753171e-02
-1.127406431033178280e-01
-1.701794180004767010e-01
5.203314812842073714e-03
3.464822365195178566e-03
-1.303521340587111832e-02
-4.949525099608542006e-02
2.022031649114404070e-02
1.217411349098238699e-02
-1.577321380079179866e-02
1.279450764044872541e-02
3.104330335822317460e-02
2.034109139142534772e-01
1.479601099085652849e-01
2.191623741228876723e-02
4.776474343158943620e-02
1.034138752083942070e-02
-4.511810380472072723e-02
2.795465846140346086e-02
-1.046877016354097328e-01
-3.095400960675693813e-01
-1.345308446521053802e-01
-1.172777877591846818e-01
-1.217712053467963074e-01
-5.184788772503141213e-02
1.227793906047522539e-02
-2.160800993289849481e-01
-8.702095818264267424e-02
-4.631368003231339098e-02
5.791148478349826545e-02
1.083924948379136333e-02
6.706835010459007151e-02
4.955069703021891883e-03
-7.938314338161620801e-04
-3.493930660376590169e-02
-6.235544388081538242e-02
-7.538103531233604493e-02
-3.025555041026254874e-02
-1.490779238494820969e-01
-8.249572625279003035e-02
1.374190617321268959e-01
1.135474423669327049e-01
-2.280658814955674810e-02
-6.822348631546767787e-03
-1.208166673342993009e-03
1.345870633283974549e-01
2.408028411509840344e-02
-2.734729682040100765e-02
8.550074492568070922e-03
-1.669321011072156385e-02
-8.129177520370493848e-02
-4.835213997448772894e-02
-5.676094159860189253e-02
-2.854456236835930388e-02
-7.102152419828668128e-02
4.359994355601164683e-03
1.122345764874794864e-02
-2.415693517270773531e-03
8.034630038222799475e-02
3.299324819915002566e-02
-2.377010299079332714e-02
-5.692417741939057030e-02
-2.266112042542285307e-02
4.743839446239838525e-02
1.131609338583037389e-01
8.946485599190909244e-02
2.588419448868105044e-01
1.473104817321198856e-01
4.494337979163103708e-02
1.522275444225791030e-01
1.662868422791010867e-02
1.478948619929300323e-02
-7.083557130955339676e-02
-5.946833424137767943e-02
-9.207338899797951060e-02
-9.595936413916240915e-02
-1.389824222211986093e-01
-9.116978485607844795e-02
-3.906030578224835292e-02
-2.301877605791595102e-02
-2.065939672056488555e-02
-1.630708604617415319e-02
1.121028269533641819e-01
3.610422724458962201e-02
-3.487498942524899781e-02
1.213859050571934189e-01
1.930292891258387697e-02
1.312472799590597150e-01
5.238456383511710945e-02
1.303418677042435525e-01
1.514919749893805789e-01
7.144122589186632788e-02
-9.465441955738070068e-02
9.463945006139914962e-02
-3.857341005601402223e-02
1.881196990860578610e-03
-2.289937317825322186e-02
-1.343461628985806733e-01
-1.061568805184243819e-02
-6.956870978693611984e-02
6.632131761926408908e-02
-7.575964350882433487e-03
-8.293658494791937563e-02
1.452867253428435368e-01
9.826018442299333175e-03
-2.752393752609279959e-02
1.986841490193150955e-02
1.216815049777345559e-01
1.108767394075806101e-01
8.577872062229072170e-02
1.727215334003582847e-01
7.601017803817941565e-02
1.160042075496904024e-01
8.851296575282753543e-02
8.623180380808399825e-02
1.134507885994398141e-01
6.108999346636380390e-02
-8.863499349986111997e-02
-1.170192104250876719e-01
-1.002496952882728568e-02
5.638044402355928998e-03
-8.911868246020072937e-02
3.927411740571488258e-02
-1.053295013339923016e-03
-1.672852084106985285e-02
3.697319232326853194e-02
-3.468037643845132967e-02
-7.096152370385841457e-02
6.093141477869520872e-02
-2.898110194033343481e-02
-6.564446537486766375e-02
-1.978836424019730922e-01
-1.546615104306703070e-01
-3.505748786693476532e-02
2.064434481174554428e-02
6.111339187651060843e-03
1.819271833537852712e-01
-5.550698368743058053e-02
-4.348980668430260654e-02
5.530208106221094766e-02
-8.037508883805570548e-02
-1.784867033842532646e-02
4.878056413279858311e-02
3.589173083227984156e-03
-5.878566450657559533e-02
1.313079369467988131e-02
-5.129811750958377520e-02
6.991422882594182375e-02
-5.962900564276882309e-02
3.431087141388772417e-03
2.419265537786547543e-02
2.454804060193138682e-02
1.417850018344370133e-02
-1.325818444354179629e-02
3.159285328297543882e-02
2.473598652377962878e-02
-2.369988014114536232e-02
-8.601702435852021924e-04
2.573414663806871446e-03
3.496078425425893504e-02
-1.037003019799933277e-02
-1.524454418575169751e-02
-1.003792302166578269e-02
2.925014487798064181e-02
-3.275237955568404552e-02
2.564685492291335009e-02
3.556916471225014548e-03
-5.231242255233622962e-02
2.477612045059117418e-02
1.158460352805930349e-02
6.199438345777154129e-03
-2.155691343737167406e-02
3.046273695111845897e-02
-1.767049092798041177e-02
4.357645636702429763e-03
-2.707273802460538267e-02
-1.084063596921638331e-03
1.004528127992570033e-02
3.855443028947003192e-02
-2.064414364526690956e-02
-2.463392477611577036e-03
-3.992964519221218339e-02
