7.091719032455343075e-02
2.259992565055671948e-02
3.273183455075132087e-02
6.853142156307232002e-02
5.247003158342074952e-02
4.623514153745186947e-04
3.685882066304602134e-02
2.710537494997585298e-04
1.820827264945179417e-03
5.466953696209146674e-02
-4.461963281612996157e-02
2.889272844845235892e-03
-2.318556339181960038e-02
3.068029528377479512e-02
2.754824417398163416e-02
2.623371147024589761e-02
4.940514759977095854e-02
-2.079727423711236547e-02
1.073159857368042175e-01
-4.867229316312702420e-02
4.380282624886280840e-02
7.658240133654690973e-02
3.086926251347253680e-02
4.900844342865499914e-02
4.509999366516644070e-02
7.416006160171620398e-02
4.703190952209506531e-02
5.995695280519477977e-02
6.241135930603896459e-02
4.259035685303266816e-02
7.396623178291383827e-02
3.742808445916002286e-02
6.791932564145092277e-02
5.463865028904139887e-02
-7.908047257680057493e-03
4.403146184372724870e-02
1.627599947381642986e-02
2.851641438493652050e-02
2.484174616657292348e-02
-1.217389876494710463e-02
-1.033348452190793743e-02
-2.114215989641731949e-02
2.643651513409219639e-02
1.301605503587522153e-02
1.105220433876078281e-02
3.466538538742723607e-02
-3.481654133692603514e-02
-1.067125465652548136e-02
-5.542403036207210754e-02
1.479785407135972633e-02
-1.826837048160961582e-02
-7.625487016405346069e-03
-4.403197545934048329e-02
-1.741294633382772794e-02
-3.877580054864075698e-02
1.597756965877654076e-02
-4.800392798026309471e-02
2.927117164291500456e-03
-1.031320130190821471e-02
-2.293989232354019109e-02
-5.346036893278037494e-02
-2.706214385712670326e-02
-1.200598692206532314e-02
1.731620047838510618e-02
-3.615124077970550964e-02
2.507923054182126590e-02
-3.504680759222369990e-02
9.828581255200377620e-03
3.741006108758375415e-03
-2.008150652482830478e-02
-2.540866192854942737e-02
9.065694998500323232e-04
-1.389851042958922117e-02
-3.406729154378037444e-02
-9.218933733689586851e-03
-2.858454616811761939e-02
-2.814155041558713544e-03
-3.620896563734132823e-02
1.887893862047803142e-02
-3.495740005204149570e-02
3.159045590652491409e-03
5.265249343192470594e-03
6.968406022338356764e-03
-1.831333309158212491e-02
-9.980522142183229084e-04
-4.266888129287896292e-03
2.053399457926902150e-02
-2.380295790225183880e-02
5.669639356039040887e-03
-2.617161490136627258e-03
2.958043051063562884e-02
-4.917632365741305550e-02
6.862643907485411338e-03
-1.726159112825310579e-02
-3.244532400457564303e-03
4.450046436694277130e-03
-4.245562507981425621e-03
-2.805534824925184217e-02
-2.106479905086264259e-03
4.648286189448992689e-04
-3.088125477989190140e-02
5.941766366703224445e-03
1.159341762641137585e-02
-5.490047236279612525e-02
-4.360490778264089484e-02
9.806696041047960333e-03
1.284106190736612058e-02
-1.096518542600205259e-01
6.035632350086900938e-02
-9.003415769606261387e-03
-2.957613084209100018e-02
-1.149187525425603845e-02
-2.391358564713098878e-02
-6.396036492886242319e-02
-4.248400858200794550e-02
4.842365636663638340e-02
-3.948430821363201754e-02
-4.350596052632951100e-02
6.495544900568181457e-02
1.061406329146835636e-05
-2.848557051471413762e-02
1.385899327982873311e-02
2.868161986284159179e-02
7.035516233231316197e-02
8.971972282690920952e-03
3.711990346798051121e-02
3.616077497561099446e-02
5.860502574816590926e-02
3.803081728484449670e-02
2.180197577932483505e-02
1.242639567104502907e-01
1.122316831673452198e-01
6.760111434204860159e-02
6.999635530654441107e-02
8.613109378253072657e-02
9.060366120352071617e-02
5.252936112346257014e-02
1.174838401922924658e-01
5.263408245342519887e-02
3.106587674799867610e-02
6.501960121431792083e-02
1.313545111446389468e-01
2.512329108739148192e-02
3.789194933149045430e-02
6.257524356416559186e-02
5.772726745702663059e-02
4.588022796409604864e-02
7.661274084331712309e-02
1.618674906056149013e-02
-3.015008052084024170e-02
6.289437115660156952e-02
2.699277641690206800e-02
-1.212810000536497165e-02
2.035888926424259809e-02
8.512849409998413108e-02
-2.464401411740295249e-03
7.000597237826294839e-02
-2.130694357124738106e-02
6.012607154972998691e-02
-4.873981242090232729e-02
-6.351314612632157075e-03
4.213357944516799014e-02
3.566113730436162865e-02
-1.934787352879053721e-02
4.752280548594692983e-02
4.359434335013213924e-02
7.744293248557101300e-04
1.290815206000864648e-02
-1.467310131300886625e-02
8.808624193307044992e-03
3.789335722982461324e-02
6.608477653414080409e-03
2.808414782582202562e-02
1.587853979451044756e-02
2.232593744875401021e-02
-7.045219534548843865e-02
1.195210845586207327e-03
6.340091673888920143e-02
6.250675860136895023e-02
-4.834026746419976123e-02
-6.410418814238138044e-03
-4.766977245266191404e-05
-2.698275960478974458e-02
3.519399933719141726e-02
8.933779013856226262e-03
-5.497935136475916307e-03
1.282859522478159604e-02
-5.162510339186615789e-03
6.617422688548850462e-02
1.536292586567282112e-02
3.469264165800324540e-02
9.711707832629303590e-04
-2.620300525853561449e-02
1.284993749723571492e-02
3.113832550112956288e-02
-2.634442745555198168e-02
2.277747686313953690e-03
1.071188169850337615e-03
-2.342818506989754329e-02
3.628445195341799268e-02
4.090955848679511675e-02
3.660585590765305652e-04
-6.730431282201937426e-02
-1.138296407262884696e-01
-3.626602281724419091e-02
-1.573236969668329599e-01
-3.401917917665139846e-02
-1.127101627282177942e-01
-1.434321510471991967e-01
-8.648481969886029352e-02
-1.477290850990774229e-01
-1.896986705281030750e-01
-8.241908967719376033e-02
-1.325681413881420745e-01
-1.047094870555492774e-01
-3.873661140599857916e-02
-2.809255584725998955e-02
-1.192725029814075688e-01
-4.679291690422016092e-02
-4.550007786489086714e-02
2.110249242908382450e-03
-6.709926666624735359e-02
-6.940390395860139561e-02
-4.800137968796092114e-02
-1.140557108346455795e-01
-7.844520183947262248e-02
-3.869623929770649173e-02
5.967981272111914232e-02
-1.169919709741169267e-01
-1.193186550930597223e-02
-2.500844220194765183e-02
2.477102556089945395e-02
-5.230761924725221834e-02
2.046930399685756644e-02
2.225890459293151588e-02
2.436087342147705628e-02
7.889776268802327006e-03
9.348198845840764021e-03
2.450463387655737665e-02
1.478274903504663701e-02
1.869937702612914018e-02
3.327902401317371639e-02
-2.950874506562243746e-02
1.991123710827205975e-02
4.769224604730076117e-02
6.738759297508369918e-03
5.374112346846439056e-04
5.483391883764803659e-02
-1.180828739808508117e-02
1.833887985877643775e-02
2.786326770734960656e-02
-1.611192328243278224e-02
2.391164891926318009e-02
7.339691170854180380e-03
1.669754438682648917e-02
-3.086756845496105295e-02
3.570431182477608323e-02
1.219737799099966657e-02
-1.674931504312933417e-02
2.209554967616978588e-02
-2.233675305465523259e-02
-1.000604534675494234e-02
2.106350538316693888e-02
-2.054411804355006296e-02
3.176777692173957807e-02
4.227242464002406441e-02
-2.448559640400638227e-03
1.383995701284476340e-02
-2.625539264152501259e-02
3.733024012128392799e-02
-2.218116618898033354e-02
3.810964349063580142e-03
8.119043370433447204e-02
-9.506731014500349741e-03
7.010980872409144915e-03
2.971205646378528159e-02
2.547446626465839012e-02
-1.537336312723852280e-02
4.171254863759050330e-02
5.933141593705908157e-02
-4.343456622274675244e-02
5.239024989302683288e-04
-5.609612767402933492e-02
2.967632849627571678e-02
2.605240598079624700e-02
3.865932198613705739e-02
-2.466818879214750099e-02
-1.377816364530134660e-02
3.574453029424371625e-02
6.175887589681508180e-03
1.655431276219328923e-02
7.087237269597246314e-02
3.876842153081547226e-02
-8.279827210131358861e-02
8.155069059316276403e-02
-4.652096924751854268e-02
-2.001322462924936749e-02
8.756940948623087584e-02
-5.987916286404251082e-02
3.273524170056856669e-02
9.823515061257861308e-03
9.880389514398082995e-03
-3.330127823822228751e-03
3.612388368673708980e-03
-2.479676746746978244e-02
2.379999676906009373e-02
8.839790440356863968e-03
4.632262598776842877e-02
3.168680065630855719e-02
1.530083272050941461e-02
1.246946366245486187e-02
1.376129507272201395e-02
-2.349717576586776019e-02
4.959184948751770711e-02
-7.452293394769199386e-02
1.490716515019713598e-02
-2.862045413647341247e-02
4.937310569094413570e-02
5.035416428010681955e-02
2.607756520425201507e-02
-3.467539505591942656e-02
3.000506279280800576e-02
6.380215606472960932e-02
-4.076258562353772541e-02
6.416667113738308559e-02
2.835349561637776072e-02
-1.047502724386503020e-02
-2.400851643777242306e-02
5.729565283359749905e-02
2.873608385937416465e-02
2.903040642342941471e-02
3.276686611357548101e-02
4.088984572322104660e-02
4.918394708515851088e-02
1.629988682806583072e-02
3.721555225797057442e-02
8.489390435168887861e-02
-1.452567799626344400e-02
-2.829837207224447995e-02
1.304411715628101542e-01
4.808769016457019319e-02
4.476894758700814686e-02
1.019826204343101360e-02
-6.652559853445196014e-02
7.205693783079229753e-02
1.608288861574645040e-02
4.526151208345788324e-02
1.650166211883473399e-02
3.169341676226425375e-02
1.062418134576519069e-01
5.177364249311239980e-02
-1.885198281214129495e-02
5.206577927426808694e-02
-1.771102787072920473e-02
-3.927631913159902732e-03
6.673891963384001591e-02
-3.536154872198361138e-02
4.829416177088312334e-02
-2.187920777140401826e-02
5.424059733219772916e-02
4.820852309600552263e-03
9.535352615396661125e-02
6.502704050374258360e-02
-2.145982823613953178e-02
-1.744277364512920869e-02
1.808245441861583772e-03
8.497753889469009114e-03
2.793264942710486920e-02
4.211692060788127523e-02
-1.438305113283210208e-02
-1.396665812407477114e-02
8.269893074352856199e-02
-3.736830808348401423e-02
1.861434945447269437e-02
5.699923406290408751e-02
4.251942657638422413e-02
-1.821986294823889308e-03
1.339072606530850029e-02
-2.711019347167313923e-02
8.728625757431326265e-03
1.104915528640957462e-01
2.904343499958271513e-02
-2.591353497919880039e-03
3.175068190791899975e-02
5.659360955383720138e-02
-4.304203552419436779e-02
9.073633191798789743e-02
-7.353414280437614581e-02
3.672747530365993301e-02
4.738174089752764107e-02
-3.463867752866359173e-02
2.303523251555762708e-02
9.753388415240962783e-02
-1.571476945384232826e-02
-6.499539015208574341e-03
-3.954379919039076319e-02
5.411743982304489942e-02
-5.956637379187604969e-02
-8.630479105100400533e-03
7.229377441551192163e-02
4.621512493974167662e-02
-5.603240275923576652e-02
6.698345932592361662e-02
7.593069076064540984e-03
-3.200635497481894159e-02
1.473214839355190854e-02
4.099493421203222535e-03
3.711291328726849803e-02
-5.310049254179910472e-02
-6.713278799656621776e-02
3.399743750800437309e-02
6.636901112674922776e-02
-1.628745507282103322e-01
-7.174900451308537097e-03
-1.550070317306163903e-01
-1.416133086846195210e-01
-9.955661690091141547e-02
-7.305330159733905426e-02
-1.195188352199924864e-01
-2.543639294564760747e-02
-1.348493756517181730e-01
-1.500837111071471885e-01
-5.939793912099770867e-02
-1.700452987249150838e-01
2.677920090489292748e-02
8.452407136567308132e-02
-5.481573452662055757e-02
-7.970595396235108376e-02
-2.391865941784918070e-02
3.634113979796076751e-03
-5.155917707925968679e-02
8.621834854141058324e-02
-1.082525436096177206e-02
1.052693354602809300e-02
1.304655708259869901e-02
3.270271941059577081e-02
-1.587235249780985166e-02
-9.437880232710323114e-02
8.477849517802596435e-02
-6.535425954828207040e-02
4.942574615840253371e-02
-1.622439125944725308e-02
1.728792927296897083e-02
-3.211333225684270126e-03
2.360057190243946765e-02
1.377783954623458540e-02
4.346191705592274829e-02
8.184461374588983609e-03
2.516983437934222634e-02
1.109022730548286408e-02
-2.103918682444457303e-02
7.636446357744108848e-02
-2.678546915778561455e-03
-5.783399421950590619e-03
1.650905412931945662e-02
1.014503916539336199e-02
2.078194080940444499e-02
-1.598612597562516086e-03
3.674176377427558482e-02
3.121082259530380543e-03
1.403531696568701727e-02
1.707212235606717088e-02
2.400200687848614428e-02
1.167740172492728358e-02
-2.551729152136737039e-02
4.485675720645519032e-02
-3.858356480954519985e-03
6.213609507191646467e-03
3.126420375338349184e-02
5.764167627119241855e-02
5.761729333783841001e-03
2.538673349134990421e-03
5.357193269210816511e-02
-3.364324985748828184e-02
-1.124745576891870991e-02
7.115866315046613655e-02
-2.624895371043738102e-02
-1.466522908549375281e-02
1.334705951464918057e-02
2.300877974204614679e-02
-3.411217143008467290e-03
-1.670732830837623820e-02
3.692758663061655733e-02
-3.058281123417183611e-02
4.126859225757792751e-03
6.609231015387136143e-02
5.821411343765788005e-02
-9.679898157189770896e-03
-6.603549275170464763e-03
3.161114603866203854e-02
2.854411669117412620e-02
1.839871702101445947e-02
-2.973961973635137063e-02
-5.017019317895747565e-02
-5.179439028976965537e-02
-2.298626391189705076e-02
-9.627055672180251378e-02
-2.239549252970706589e-02
-1.171812705846536906e-01
-1.140933560550837778e-01
-5.250306202987629206e-02
-1.197302612865006471e-01
-1.789969618219283409e-01
-4.834572025392009503e-02
-9.063436844087205402e-02
-7.121850474094167105e-02
-8.208840606453331190e-02
-9.183750746461351311e-02
-1.079172994714708705e-01
-5.273963487915196702e-02
-9.253859218609988835e-02
-5.824364646279674845e-02
-7.036679767205400449e-02
-7.010235135026712805e-02
-2.356303118250196657e-02
-6.444467829376519796e-02
5.583487337427816416e-03
-4.560964244468963813e-02
-2.727126483210235569e-03
-4.436934735123132523e-03
9.245062599828216682e-03
5.130283698551233590e-02
-5.350007839598333592e-02
1.411349835769293987e-02
-3.806905579449523791e-02
5.082083262515211391e-02
-1.690286564879260947e-02
-1.235255768843345273e-02
6.745694478756737722e-02
6.380370005663646427e-03
8.328213503422356168e-02
5.317346854816236423e-02
-3.911035658581245300e-02
3.263593625717967853e-03
5.137030418468373216e-02
-5.112667914772110744e-02
5.798468595837467238e-02
8.902571247924033482e-03
-5.398148344148794714e-02
2.100057240975459691e-02
6.783612871486374707e-02
-1.213865580159395954e-02
1.276474385195264238e-03
2.632628463170247346e-02
4.204196855070962968e-02
2.867506468868478986e-02
5.854345452436703935e-03
4.038451179885620135e-02
-3.494914044944133491e-02
1.024259861502272925e-02
6.286444735502766737e-03
4.110932052522484753e-02
-6.037480690023215579e-02
4.351694352156029039e-02
3.476604101986227602e-02
-3.909174685123849996e-02
2.875212643190291559e-02
1.320778176746737614e-02
1.040197855485008524e-02
8.509867281521366067e-03
-3.403347659205015890e-02
4.830805326403730254e-02
2.188998497627752532e-02
6.751053347384806946e-02
1.786720793758558162e-02
-5.644848791091813638e-03
5.319077918360457652e-02
-1.739248628800606948e-03
4.468011992039411240e-02
4.171362734476252027e-02
-5.603500188470575275e-04
2.185959316459063981e-02
7.088833759597625364e-03
5.142951352902758178e-02
-9.762441168004225289e-03
2.005470237476354028e-02
-5.444349088134893717e-03
3.727234000118344326e-02
-7.317009228588906670e-03
2.192078696881387401e-02
4.029639116973470631e-02
1.929213874433144058e-02
2.007483404013832642e-02
1.532782897983523199e-02
6.540298683056487705e-02
9.315504868698830376e-03
1.022006071618992290e-02
3.921723534882275153e-02
-2.852663009144554632e-02
1.005196015734539233e-02
2.451036300124292966e-02
3.444750238592608760e-02
-1.735568827158221611e-02
-9.635052403079687536e-05
-3.004993791675428585e-02
6.545812171969785098e-02
4.693129478260197468e-02
-3.647672617685749578e-03
3.321834785449942484e-02
2.372067243006144993e-02
1.408305485033323722e-02
2.545359324270295848e-02
-4.714666229622426277e-03
3.589115496614541517e-02
3.541328589778674346e-02
3.602186146260922400e-02
-9.636303158376198150e-03
1.430466711053877266e-02
6.003698160512608434e-02
3.841347412971390322e-03
-1.809943015517954251e-02
4.003979360243876268e-02
2.074838328289276349e-02
3.354203506887049047e-02
6.732173700940528860e-03
1.194782864592035254e-02
7.595839249365608954e-03
3.976269198730082027e-02
4.520031356696859598e-02
1.045114985584875804e-02
2.618851133166504724e-02
2.357144621635747644e-02
7.888090626567959354e-03
1.636393938855617430e-02
4.586360912416168056e-03
5.026383365446385892e-02
-1.762054995179829567e-02
4.957912395113225207e-02
7.551643279378966386e-03
4.548416109331717555e-02
7.230136595421586022e-03
6.083211611118218357e-03
-1.280768789818620065e-03
3.023342626615894979e-02
-2.862604635065156555e-02
3.397602293756560310e-03
5.606943562230664452e-03
1.976302134751432849e-02
4.222535950922720258e-03
4.373998440511233515e-02
1.488906383833766070e-02
2.941281317996202738e-02
-1.447751431705461729e-02
2.690706762793380197e-02
2.737671542052541943e-02
1.966309650539573711e-02
2.041281891462397996e-02
2.921368818426545860e-02
-1.068041003873996912e-02
5.113104607176689048e-02
-7.662384646952042667e-03
3.403357006816739444e-02
1.607278813103768869e-02
5.874891082502700645e-02
1.951732114381563368e-02
7.903748109958251208e-03
3.369891966988846493e-02
2.177322254250730130e-02
6.934310965730212939e-02
-4.540138485068973689e-03
3.344851725022936900e-02
-1.133490667719771637e-03
-1.872957281886093728e-02
7.577801471460013372e-02
-1.911903848941842385e-02
4.798690232801589711e-02
-2.111804088857479125e-02
4.066061950058517255e-02
5.138736437385030276e-02
2.234155220535769329e-02
1.157180498790024055e-02
4.313760931654448544e-02
-8.595613713986028498e-03
1.658911572727019001e-02
2.280368537411859783e-02
1.222244962049631387e-02
4.389126034548984645e-02
1.392272677275764592e-02
1.378058026452393114e-02
4.834349116125436635e-02
-7.631722006498712664e-03
2.812383119943866194e-02
1.645324832231158385e-02
1.010206052355414746e-02
1.077767973332202471e-02
-1.478258499810773501e-02
3.978572986932688016e-03
2.132626384667447514e-02
-9.125671713640731708e-03
2.843793587735213291e-02
3.294604426579188922e-02
4.777334364614438389e-02
-3.443951360235320003e-02
3.383781822099100889e-02
7.662600223971634088e-03
1.205181072455994290e-02
1.669295862715825668e-02
2.387896686180083702e-02
-3.304997255309018167e-02
1.524662962764429530e-02
-4.100031000545392018e-02
3.549070687240699074e-02
1.190964093965220065e-02
-1.553045879367213368e-02
3.878772162897574372e-02
1.424083166444900517e-02
3.687807947017342214e-02
-1.069145487172976083e-03
1.202360771129152434e-02
-1.190158425135928039e-02
-4.084997969316096073e-03
7.279813412648453164e-04
7.823237797950660655e-03
-3.990536262500023884e-02
-3.288740628498995622e-02
1.465031735100125881e-02
-3.910168343166412624e-02
-3.142084384873707059e-02
-5.339850164828300466e-03
-1.899701318161830382e-03
3.244310441832340408e-02
-2.855355835983352727e-02
-4.211256745445143834e-02
1.189739928723339626e-02
-8.126246985047023280e-03
4.949313993339217455e-02
-4.970570601756460483e-02
-4.619689048323782216e-03
4.903326005443364721e-02
-4.627430070858622180e-02
-1.669396271012785204e-04
-4.602135794105591260e-02
-4.867656450012023545e-02
-2.056963368972511419e-02
-1.407046478389747945e-02
-5.062120531015745772e-02
-1.384781582695435165e-02
-4.271733879667813372e-02
-7.693363829356772432e-03
-5.312472840176443722e-02
-2.780602408868328504e-02
-1.109792146459776321e-02
2.141624287480040773e-02
-5.925591838603667949e-02
6.557484611245736894e-04
-3.459160977243582596e-02
-2.352257984498216936e-02
-3.680582984092155979e-02
-3.225278788554155479e-02
-3.999192996888444041e-02
-7.485030423901792296e-03
5.524102028957877247e-03
-1.465448471456876761e-02
-4.723622206216443464e-03
-1.643905827923296259e-02
-1.925525504937786875e-03
4.237032943403558349e-03
-9.593552065502729959e-03
-1.761155665204412052e-02
7.049228367050436317e-03
-2.153955958375649085e-02
3.996672487302718735e-03
-2.960551591067149199e-02
1.077123371257484447e-02
-1.108054728022296945e-02
4.737030326799507307e-03
1.368147050688887922e-02
-7.197786885108060917e-03
-2.235973717358433199e-02
1.553649408802275020e-02
-2.842709621495407082e-02
-3.375436115630454925e-02
4.348279950783912051e-02
-1.693736082830639422e-02
1.903845299635194624e-02
1.290540974944800676e-02
-6.580020861541223398e-02
2.359874815190804095e-02
-2.328336757899333864e-02
-1.037917500280212749e-02
-3.739133540042978432e-02
5.146250054340661961e-03
-3.826519716618897310e-02
1.420833056195301702e-02
-3.962857087440078974e-02
1.088409502196634182e-02
-9.170623767195951181e-02
1.160664721627122781e-02
-1.253504917619948505e-02
-2.838140036071351568e-02
-1.117925000243784328e-02
2.372974465243170294e-03
-3.253866684969117240e-02
4.384726931830311425e-02
-1.060928718199988796e-01
-1.109263732252300377e-02
-2.914452662808691280e-02
2.488194267763205875e-02
-3.708332673155553816e-02
4.762790662287007259e-02
-1.321251948915587102e-02
2.623019656190386101e-02
-3.562247000866262947e-02
7.003725403926223947e-02
1.790956806655379790e-02
4.973723028305609278e-02
2.498409812465902935e-02
8.874211978401493062e-02
1.296255374199967864e-02
7.385398811521839968e-02
9.175945873249863327e-02
3.909782954316440295e-02
6.359718259677976659e-02
1.461849293826542606e-01
7.541454643827330551e-02
2.516651583121636698e-02
1.044344310517270058e-01
7.680866693912816179e-02
2.400327764148065673e-02
4.368696998442469365e-02
9.696850842482482302e-02
7.386076294317703295e-02
7.215348392236640984e-02
3.327642063615461610e-02
8.161445588028157228e-02
1.047186972410460992e-01
2.220834279355092186e-02
2.796411337101583142e-03
7.697918133882895864e-04
6.947193266947628010e-02
-5.147685382583635366e-02
8.190457199550985057e-02
-1.510030300349358111e-02
5.203370388823622128e-02
6.643736735654494352e-02
1.154401752642354034e-02
-4.705829298156842012e-03
4.903998148791802181e-02
-3.316837727392880908e-02
-1.068983782016616826e-02
8.281021321942358404e-02
-1.048170143700580259e-02
6.086643961256490293e-02
8.448588132319162503e-03
3.589127194586155811e-02
-5.824938981801917534e-03
-2.210272315197624876e-02
2.499363686079486904e-02
6.302831910892281453e-02
6.941669761329856067e-03
1.434763955152108805e-02
-1.806261978586444147e-02
3.439081880499104960e-02
9.107970071376439653e-04
3.870158362277686948e-02
-7.054537128314754268e-03
-2.042385613238187000e-02
4.391005971486536263e-02
-2.395755929492450476e-02
2.300809911104510774e-02
-1.454186542079742225e-02
1.171784057295015107e-02
3.821329508242766321e-02
6.474780876101478289e-02
7.932674869571550852e-03
1.867881752231945192e-02
5.572536489152291050e-03
3.206175549893046373e-02
-1.261422660043967983e-02
-1.079420520787463186e-02
2.617717450345585783e-02
1.815881962070669403e-02
4.756971576910304367e-02
-4.365439182020526554e-02
-3.428120467108242142e-02
-5.652116509900215885e-02
-9.112635319607820250e-02
-8.586385069494500977e-02
-8.759310659554839229e-02
-6.367048949404670311e-02
-2.118430572182380955e-02
-2.250980119634232168e-01
-1.215744718116447548e-01
-1.341925011490844311e-01
-1.626651068223517460e-01
-1.140955339943203750e-01
-1.000423361070255646e-01
-8.865020336792700517e-02
-4.505240619802201862e-02
-1.659557017262188738e-01
-1.374324458194807752e-01
-1.386535632546017083e-01
-6.834027429392003361e-02
1.224121314179008047e-02
-9.753760359749924502e-03
-4.251252119271651392e-02
3.911435349776275217e-03
-6.037635709603796780e-02
-5.829389531070760383e-02
-3.652709066466412052e-02
-3.265056206243517611e-02
2.687452136273564204e-02
-1.418410653039131608e-02
3.650631612195782971e-02
-1.346197951744051644e-02
2.549932109888855547e-02
5.371565932345296474e-03
4.455428992829287699e-02
3.962374712444396291e-03
2.930376638987060300e-02
2.743852991908608471e-02
1.653206164499745195e-02
1.524523424807932952e-02
1.938581808046524121e-02
9.244354226520892087e-03
-1.038146494957430631e-02
2.417665068195686690e-02
8.456555180438940500e-02
1.141170650684856548e-02
-1.211646647418179040e-02
1.410262265880986993e-02
-4.608963592731113966e-03
6.699325643005683319e-04
5.329115715766243738e-03
-1.248421481689417079e-02
2.857043598480193611e-02
-6.209720304063469018e-03
-1.148357885540632686e-02
-3.330836225934154238e-02
3.194379853621474863e-02
-1.261285654260949074e-02
-6.176816310113518102e-03
2.990943010701450910e-02
3.061858995508518963e-02
-6.364823825088559983e-02
5.184157913581587118e-02
1.718537234875593470e-02
-3.154039405302864335e-02
1.837813739114608352e-02
-2.084853816462767240e-02
8.320163788099152469e-02
1.014489635617011817e-02
1.969045817641409957e-02
3.685944678545066688e-02
-6.018325528082919124e-03
8.024664806882242374e-02
1.670853819460907733e-02
2.126488237140296972e-02
-7.705372968116239174e-02
-2.787653767806632515e-02
4.370412182193687822e-02
7.461877056463404878e-02
-8.528143568207934011e-03
1.573829624289237519e-02
-4.132012480034411017e-02
4.732148057187169493e-02
2.536191177745057701e-02
2.361409962484341263e-02
9.275808617722260119e-02
-3.149742887777987055e-02
1.206322895758176438e-02
2.564823040954988809e-02
4.012668422525984824e-02
3.103245667670544508e-02
-3.952914853166367148e-02
-1.189385502052995626e-02
3.545829662764802409e-02
2.959938849292709229e-02
-1.684109502260735733e-02
-2.783025300644699149e-02
2.655379296971848921e-02
3.179642787568608131e-02
-1.246402212752286201e-02
-2.696394284127673346e-02
6.383033835412093432e-03
5.476982582939338151e-02
-1.855780853798972424e-02
-7.104315920865814094e-02
1.153229400737870898e-02
3.750763699368016985e-02
-5.952491596939238350e-05
-3.177354036290717942e-02
4.929235901902609580e-04
4.150547606453477284e-02
8.309096611912000774e-02
3.578081210507324562e-03
-4.313527198811368570e-03
9.185107249961776965e-02
-1.888959144360265532e-02
-1.822748721504836855e-02
8.958464847019967370e-02
-2.203060142114403319e-02
3.025307287976996412e-02
-2.293826322935964539e-03
-1.080418878166587368e-02
-2.103174875692666139e-03
8.418357098314976916e-02
-1.054293745957921025e-02
1.691527739186270488e-02
1.695797867917219620e-02
3.440508021933359056e-02
4.510101990845041819e-02
-1.170727391363807213e-02
6.247175965092664762e-02
8.644080779184958041e-03
6.180632273145889033e-02
1.649275167469640285e-02
4.779771634243951128e-02
2.001167243478943134e-02
3.706336076542951496e-02
-4.427531921850082902e-02
4.086948208450265352e-02
5.299578871844495831e-02
3.983903232997205307e-02
-4.479908999076334664e-02
1.229877199360932816e-01
-5.123948075361400151e-02
6.293213159003026302e-02
3.289409565882690789e-02
5.990321480254150177e-02
3.621044478652295923e-02
-1.232673491048219203e-02
8.038983467526131244e-02
5.495510913527611868e-02
9.808150338642822319e-02
-1.532212536073922042e-02
-2.082622836205213351e-02
1.538689200935467773e-02
6.300986371321549984e-02
1.050003783952363143e-02
1.601450399091293442e-02
-1.184473441329549070e-02
-4.477939759778681167e-03
5.822823138490591799e-02
2.715332678825582366e-02
4.432060847745045162e-02
7.816915255730069734e-02
6.710400313968102604e-02
-7.226327726822730224e-02
-8.360536478528404411e-03
4.375133689769353739e-04
1.517523042732859748e-02
2.783828576631074136e-02
-2.543873130239639180e-02
5.049695697455943572e-02
4.661745345986238048e-02
-7.063962524512558405e-02
1.623458129466321884e-02
7.677222067345208789e-02
1.367557455142888630e-02
6.295471563126980863e-02
3.086538169174825319e-02
8.645647739679258176e-03
-8.583925639383824593e-04
8.629317820335931366e-02
3.381856052398042600e-02
2.883028198367645206e-02
1.592397644010591987e-02
1.039586767157537339e-01
-9.313293562168357964e-02
8.082322135126734919e-02
-4.466746102929490536e-02
-1.826704504850010929e-03
-1.998191390362138303e-03
1.662910083889478779e-02
9.233336313152105956e-02
6.875595086243424525e-02
-3.703466252610557868e-02
-1.118509144537107106e-02
-2.379713691879588311e-02
1.314934787933734125e-02
-3.270832969670747770e-02
-2.970453381104675231e-03
5.899352807982455316e-02
7.308079043880671977e-02
-5.425278197987409845e-02
-2.548669464660895459e-02
3.502963574524400880e-02
-3.730730784640019781e-02
-1.211875790209914275e-03
-3.197008352650780420e-03
3.048042733475268135e-02
-4.049741714856996966e-02
1.119601188772346295e-03
1.311833539733829601e-02
-6.206039318219817164e-02
-6.759671523986619801e-02
-5.805523219627740927e-02
-2.032046192416683827e-01
-4.801390190010397518e-02
-1.125403553999468620e-01
-1.000902643890172056e-01
-1.285472595500062321e-01
-1.336945342981981366e-01
-7.279289768458215015e-02
-2.727755679044757686e-02
-8.391961789774116109e-02
-4.574444107561448369e-02
-6.257994920661542892e-02
-6.885116524480465461e-02
7.868024452734294003e-03
1.802648023144025682e-02
1.453366674466788702e-02
1.344746311587598914e-02
-2.234948110190514148e-02
-1.641014259013071075e-02
-6.223704575012958297e-03
2.244408266757256035e-02
3.541189491276532791e-02
-1.816562538877346950e-02
5.124489821988893051e-02
-2.213491377865800525e-02
1.070222243091621395e-01
1.163456305161431580e-02
7.923349284769645902e-04
-1.286354798809194976e-04
1.065212686710451800e-01
-1.277935132474890961e-02
8.845146622455241775e-03
-3.369859361294802458e-03
2.757178851010504833e-02
1.308407856534607450e-02
4.297196387354297598e-02
-3.080392472686492578e-02
3.656657847666595212e-02
5.431183103559076436e-02
4.180761860467242449e-03
-6.639089665535044538e-03
6.114162835068749635e-02
1.994791437084595526e-02
4.089348001247058995e-02
-3.547561562880389985e-02
4.536856180247621217e-02
2.813886003949259834e-02
2.037051914209187312e-02
1.446341606947795962e-02
9.307511601171087820e-03
1.985983076146250956e-02
3.819248445848582793e-03
1.942415743779881548e-02
5.288619629040012399e-03
6.311074408622567924e-03
-2.297999734054559373e-02
1.411186266766013137e-02
3.900740053119577944e-02
-4.160140346479149209e-02
5.539213122745537121e-03
5.464014166869477634e-02
-1.989456277490793921e-03
6.511837276943727160e-02
1.042532009622890513e-02
5.878679407640035465e-02
-5.794787548737733232e-03
-1.760922413187952784e-02
4.702517631110587903e-02
1.329038403664406162e-02
1.372719857500252598e-02
-9.421811634884844772e-03
-1.186876282029981217e-02
-7.649063653687365738e-02
-1.255560817590979927e-01
-5.592442481714744729e-02
-7.598157688894172090e-02
-1.292792216865710775e-01
-1.001689831892080274e-01
-5.161781540653961886e-02
-1.174851124624721466e-01
-1.619971992202809130e-01
2.035739724159377206e-02
-1.175019755393383047e-01
-8.898801609327884610e-02
-1.151498341552206206e-01
-7.020919264366302925e-02
-1.144425744738782058e-01
-8.833025138740724369e-02
-4.115661078119058763e-02
-6.488140317832741255e-02
-1.274992707411868320e-01
-8.255969703724241882e-02
-1.792457334688730974e-02
-3.227053934282930747e-02
-4.207654088419966049e-02
-2.815193280279516819e-02
1.570948297334192473e-02
3.261174750189160809e-02
1.388181068706312825e-02
6.287812657876140632e-02
-4.148310578127471782e-02
5.650986253316680336e-03
2.540529479632702009e-02
-4.221795327499475170e-02
2.001452114903991622e-02
1.558241268876468452e-02
3.750171903201406087e-02
-4.563847337726257419e-02
3.942329945082177767e-02
-3.013504504185498395e-02
-1.576721517228525313e-02
1.487367260852362309e-02
-5.338815051406474790e-03
-2.006434811730042206e-03
6.366217688962114152e-02
-3.820559329147170391e-02
5.619412650375985030e-02
-1.174286533192091253e-02
4.887540717371381682e-02
2.639376698741187702e-02
6.396992941224537155e-02
4.886889750754312180e-03
8.513966182720732190e-03
4.981848965348576602e-02
3.650471322878286358e-03
1.935916871347482734e-02
-1.545596566407814523e-02
1.631651554961608200e-02
4.209337299624930223e-02
-2.425512451572325867e-02
-1.892160276723636042e-02
5.726832793305140085e-02
-6.606734183406240413e-02
2.826437075633398896e-02
-2.581158841981659458e-02
3.947220471926867619e-02
-6.354117228522901829e-05
6.187607210649268344e-03
2.831220358205461390e-02
6.244915215510386808e-02
5.450138401401467131e-02
2.426188092486108311e-02
1.856914103632605062e-02
5.702552579388080536e-03
1.046614541486121236e-01
-4.636791385688131262e-02
4.740125432476070821e-02
2.842512727744365281e-02
-1.272207867667752776e-02
2.588711942135712984e-02
-8.780831208015218992e-03
-1.687061422547493292e-02
4.142454436865507239e-02
4.253511195928342398e-02
1.350130341664508571e-02
4.374103786649175679e-02
2.104078029489385437e-02
3.656894323795820134e-02
2.804909473411829404e-02
4.276616898278102347e-02
-2.554998054244610531e-02
7.503936470296636296e-02
-2.593754685978844413e-02
3.498047813163753655e-02
1.977886581174817873e-02
1.094759380186525501e-02
-2.582739441400175653e-03
1.027068354795885631e-02
4.292326006873721511e-02
-1.045429389153240858e-02
3.581013831325504174e-03
2.733834375184285292e-02
1.040099002438902437e-02
7.979770885886843662e-03
2.122460961081957045e-02
-2.704309514233550413e-02
4.180949168630054141e-02
-4.117776480751911272e-02
3.717280034096173691e-02
4.283979721368328525e-02
3.707105505451067928e-02
-4.146304589953128672e-02
2.059423470043218740e-02
-7.286212157583724092e-02
4.623692177540644765e-02
-5.233898940411491063e-02
8.772648831226770305e-02
5.898777886133853982e-02
5.352281043416746292e-03
1.321192855712710612e-02
-9.462983505025250250e-03
4.001999511921985886e-02
-4.047784507971016743e-02
5.307445190326104401e-02
-6.378824103847169358e-02
2.391487496080841116e-02
-2.000611217339861615e-03
1.964974490459577006e-02
-4.960089422795066483e-02
-2.353526219287608440e-02
-4.498509258715162329e-02
-2.839238900496570545e-02
-1.313438155716257771e-01
-2.344048024019236912e-02
-9.628543888865935541e-02
-8.741860906960213784e-02
-9.632896232221742350e-02
-7.878842842178909733e-02
-1.229627374032144227e-01
-1.457645246744392886e-01
-9.408176436230883399e-02
-1.280817800131288098e-01
-9.822741352759997713e-02
-1.373115460989856873e-01
-1.145952533001022428e-01
-1.103317449086537588e-01
-1.309158696690097545e-01
-8.315960413338335799e-02
-1.326226501621035475e-02
-5.010056506832620549e-02
-5.560315875103247207e-02
1.438901842323446652e-02
-2.146393224665473637e-03
9.619151248360172102e-04
-3.018279432151610431e-02
2.336104427038907666e-02
-2.174601771393151056e-02
-2.810885269779530259e-03
8.985311334274673212e-03
1.468578959115309120e-02
1.820592351879787678e-03
3.910944003550299863e-02
-2.619927869562764175e-02
1.715882649304218549e-02
-9.833488531816727413e-03
2.175397649907625727e-02
-2.213046853065475227e-03
2.738577397194190757e-02
5.336241623010437585e-02
1.826702846532511290e-02
1.316940485117392562e-02
1.153893544819164195e-02
6.092917581145822908e-02
-9.006417453503784074e-03
-9.533932941470740080e-03
3.709226262550854858e-02
-2.245601034965654871e-02
3.196018694080718370e-02
-3.543819993164454892e-03
3.422796585554156029e-02
1.703469967688532247e-02
2.102898844148950314e-02
-1.999051616350865437e-02
3.258816511994015036e-02
-1.159228584172778548e-02
4.626842804195721581e-02
-5.470560459371533180e-03
2.829223297917828062e-02
-1.463220115402778451e-02
4.259393962215039103e-02
-3.797098702743445520e-02
5.706789827086982542e-02
-3.461319108977829392e-03
2.993118634788908064e-02
4.493290553263992043e-02
-2.466139193878172028e-02
1.023339630643138598e-02
6.659572964107154242e-04
4.802507092792489968e-02
-8.965407224327542543e-03
1.596309050676009492e-02
-7.181932481926474668e-03
3.673825249197121973e-02
3.164034365592549580e-02
-1.048756164568386516e-02
2.672895926104850231e-02
9.445826135873483520e-03
2.136778079443016343e-02
4.321833710496237463e-02
-3.104617261151055435e-02
4.645989530914409332e-02
-1.839410257879637439e-02
8.186548825273957941e-02
-5.023859471267098226e-02
3.897926264847632882e-02
6.196092679889295823e-02
1.421285524055771257e-02
-1.059587298895677682e-02
1.360664603295191032e-02
2.131458005498687580e-03
5.276470188456983818e-02
-3.980122018387752258e-02
2.693543635469677205e-02
3.081468061296888453e-02
-2.755800995776213139e-02
-2.059529743602430199e-02
4.564115857523887848e-02
6.958703058348888332e-03
2.728746873314026253e-02
2.573099247612450902e-02
2.933525683001922749e-02
-4.128649713460740694e-02
-2.407587777556760827e-03
1.000017784997414699e-01
-1.063438801987407444e-02
1.435654078837017220e-02
5.076582855382925918e-02
-4.381848113716974025e-03
1.812686501538873785e-02
-9.063857104829426640e-04
5.666960688822421377e-02
-2.971955204537708359e-04
-5.816656056653519286e-02
1.299129486117941816e-02
4.345114183816450176e-02
-4.225851504514380880e-02
-1.618907831245461684e-02
2.270201554724730463e-03
4.202734243998034608e-02
5.538361843250910049e-02
7.638436545005528738e-04
2.806558170146122855e-02
4.815471224343205459e-02
5.078227258824928592e-02
8.074109649577158876e-02
2.466154106210589544e-02
4.103640823874729615e-02
9.853875252699866027e-02
3.425349538284180179e-02
8.993565712671455770e-02
5.664865499788974967e-02
9.328061041718527235e-02
1.197891986440755424e-01
1.073356490523944134e-01
1.321729121334886403e-01
1.039897110297664795e-02
4.423618197267284446e-02
9.491434708476902127e-02
1.465417792707820466e-01
6.234486257934106213e-02
9.999588791517230457e-02
-3.771910926150563032e-02
2.517893802230896649e-01
-1.132183091614266529e-01
1.951262215984256865e-01
-6.239432491241574813e-03
3.173028622468183901e-02
1.733237306985023832e-02
3.409903368671055729e-02
6.182204024577078044e-02
-7.870091425797590828e-03
4.784567455114616813e-02
5.837439660585896917e-02
6.238602853423038525e-02
5.010226773402209899e-02
3.733846003197033650e-03
3.517236270688592348e-02
-7.774743692661099936e-02
-1.429563072023677314e-02
8.279698075643686372e-02
-7.374976186115349275e-02
4.651295357268638020e-02
4.319762927205299946e-02
-7.637836079312376389e-03
1.241695187079976288e-02
3.337564893845232361e-02
2.474851382518103438e-02
1.389197216301404740e-02
8.732682675732905686e-03
-3.077477475119308123e-02
2.426105035263450768e-02
-1.629949539042165052e-02
2.882074488182516034e-02
-3.383043520591260539e-02
1.006418106904148797e-02
6.997691580803236389e-02
-3.450365224447532117e-03
-2.651521818522354842e-02
-5.667298984484589464e-02
2.361614962882807589e-02
4.938908756902687935e-02
8.678908931973219887e-02
3.820669685729922299e-02
1.363892779536039247e-02
-9.937185552380722181e-03
5.079277273414348204e-02
4.859657029848887116e-02
-1.197905009358824976e-02
1.206864310915843896e-01
-1.065325002500440085e-02
4.767049515683359495e-02
3.930836503527991577e-02
4.161103394194032301e-02
2.988756557092825394e-03
6.794419449079902584e-02
-2.514014169169062618e-02
5.185430698344810352e-02
-3.784625707501831221e-02
6.986939541809354670e-02
-2.864203822114297707e-03
8.691927956375006259e-02
4.950686350182392781e-03
6.249726963958536496e-02
-1.270741341087766076e-02
5.588790581148932873e-02
1.290375317010902800e-01
2.023096849049241946e-02
-3.535735141377412127e-02
5.260037977148462884e-02
-2.094633673572013702e-02
1.779514904175245188e-02
1.290742635404888358e-02
-2.504805531181979183e-03
4.289908990687525681e-02
-2.843361815317363775e-02
-6.563400650278565854e-03
1.171311393167307445e-02
1.125998709927625990e-02
2.059818724831595504e-05
1.549040680102778747e-02
-1.363065324600747780e-02
4.162815163122107059e-02
1.889246888931165810e-02
1.737312810236617266e-02
4.470649951155168667e-02
-1.625558562714799274e-04
1.767432503521131765e-02
5.540393297356359381e-02
-4.053766124581654334e-02
1.605960295834555490e-02
3.105716565650599656e-02
4.881217580520241101e-02
3.342003478905385128e-02
7.407218057963396718e-02
2.584058986886118847e-02
1.046623521529368162e-01
6.700716630013951736e-02
1.427528082721903901e-01
1.002628474800845992e-01
8.303277992974179844e-02
4.776620767734564982e-02
5.066503299348228129e-02
2.003496067294637251e-01
9.526393557068324469e-02
1.492414142862563686e-01
2.453361619460674437e-01
6.716926116532198621e-02
1.567682936839360219e-01
1.048997987273664750e-01
1.405015157569658724e-01
1.582097841338989674e-01
5.000281449373571857e-02
1.966335709477525506e-01
8.529289739886973531e-02
4.048553966799578463e-02
7.661614133492580803e-02
7.405805395643925981e-02
5.454543811992616092e-02
6.476178668693610696e-02
-2.985862823095888560e-02
4.991851075475864374e-02
5.316361877190219770e-02
-1.764675805084677147e-03
-5.694390510132977222e-03
8.031885125899095035e-02
1.705265822793938747e-03
3.737639408426688542e-02
2.872868752407925497e-02
-4.499014047538590910e-02
3.761484647629947248e-02
1.601801042813727136e-02
5.436712560842379971e-02
-1.956661972622503187e-02
5.253169296305854746e-02
4.247764006935516451e-02
3.383743526543055071e-04
-2.325337557218845955e-02
7.329040420127741831e-03
1.202859205365717013e-02
1.367900694580424271e-02
3.337250922619683369e-02
-2.520953073184525883e-02
-8.220248521336005060e-03
2.727334142192060912e-02
1.083336147722744648e-02
1.138472309094330955e-02
2.213970181670908699e-02
-3.250860114878450363e-02
5.544003654602153164e-02
3.921831363614356261e-03
3.675097978704095630e-02
-1.913721597532736657e-02
7.966518791082415410e-03
3.476709440256990635e-02
-3.594082320534609798e-02
1.076659223751113767e-02
6.064927082952934617e-02
1.888568529033218465e-02
-1.396528886396192215e-02
2.794108132725045546e-02
2.407161434428134808e-02
7.959085247886125980e-02
-2.029676293080306948e-02
-3.130569631682430382e-02
3.493911426508236606e-02
5.513976877251075548e-02
-5.226679684547299448e-02
-3.000910712768042887e-02
-5.363231859735112517e-03
-6.846514373045589803e-03
-5.823028985462457008e-02
1.931054450389516411e-02
1.193255968269717020e-02
2.293345432084211225e-02
1.419075854033671064e-02
5.216026797008752047e-02
4.872204319515568288e-03
5.833450395594885762e-02
9.254438794827976600e-02
3.969188021471261457e-02
8.419189059671741693e-02
8.321156244941563251e-02
1.180532373198164564e-01
8.972161609321185893e-02
1.043203451903622903e-01
1.327462866113987561e-01
2.104222569245885743e-01
6.355712428428686445e-02
1.218002960311557470e-01
1.537409707615491894e-01
1.287487844159784234e-01
1.645111098325705568e-01
1.377803608584161343e-01
1.518230422177766215e-01
1.175802340925670986e-01
1.162010245097971628e-01
7.590249539449105132e-02
1.530737856947374798e-01
1.407014001597897690e-02
8.012936247611129881e-02
1.150549317689406881e-01
6.622502474854799481e-02
5.077075501833792220e-02
3.847681614979991949e-02
5.696707602404117721e-02
2.793503938681942897e-02
-2.760450625371680539e-02
1.967449020459284895e-02
3.056464257358556397e-02
-1.484042688263561595e-02
1.139030341267457599e-02
-8.464828293163195738e-03
-1.469718903322622672e-02
7.973702700526041909e-02
1.250494496601631256e-02
-1.510789991390138962e-02
3.797165841897662958e-02
1.656126782770097131e-02
1.424824446576309495e-02
1.920551149700077884e-02
-1.696158311132011168e-02
4.780086531752256868e-02
-3.169503199538972055e-02
4.472452698340617649e-02
1.150699679738365067e-02
4.012614223389237428e-02
2.769008525370683302e-02
-1.426699529973696028e-02
1.986532107361407493e-02
3.067229325787953348e-03
3.837284291480676929e-02
-1.318601242981975834e-02
6.912438226571571143e-02
-3.198163964878344978e-02
4.744683077301879021e-02
3.673358806977591179e-02
-7.408760828169332069e-03
2.529835969674917862e-02
6.944190662868279622e-03
3.455223831325638512e-02
5.889829708012055132e-02
1.937517217836244934e-02
-5.330277139279368873e-03
1.782383676120478586e-02
2.080808350255773653e-02
-7.472868935313867721e-03
-7.335785144948194988e-03
5.491419450028013106e-03
3.139324991042789781e-02
1.653123016648123597e-02
-6.277287720220329006e-03
1.137935134112763765e-02
1.459120140758314761e-02
2.157934840089578352e-02
1.310153450542133821e-02
1.994766383450230496e-02
1.896062316779520071e-02
-2.881564506429343253e-02
4.029347827424958894e-02
-3.339980652573237146e-02
3.208064852700585889e-02
2.613781376453355385e-02
-2.016563859089100241e-02
1.264690474734247658e-02
-8.546604386052250243e-03
3.050844801200087997e-02
4.916582211484567255e-02
-1.761999272721475468e-02
7.266926539042784308e-03
4.617960167488108919e-02
-7.602494162847677622e-03
1.586247167693691923e-02
4.352954166014361137e-02
-4.945318397011508500e-03
-2.895946790490252012e-02
1.036920041628642923e-02
9.154294944561694458e-02
1.233518049237200542e-02
5.745543255974941421e-03
3.483756140723317379e-02
-3.116846750194918279e-03
-2.377897528825701629e-02
4.183943472638496086e-02
-2.313299119663995984e-02
5.848388966280929774e-02
4.392244125477400181e-03
7.712986973342736072e-03
5.023250665203340959e-02
-2.881840569511942909e-02
6.700072429483128200e-02
-8.764427921944390604e-03
4.114465633336988198e-02
-1.950351709745412263e-02
1.270367262587833966e-02
7.627371308995109511e-02
-7.277244757382309026e-02
2.328579561683407489e-02
-1.433574894213884322e-02
-2.667348995822158703e-02
3.172565133734284865e-02
2.486408181253142724e-02
-8.434058119208776017e-03
-1.541454465665168362e-03
-1.526565301883314393e-02
6.049557587025728572e-02
3.537897101265025795e-03
9.238873087478824409e-03
-7.558729270396368632e-03
4.298750266943119139e-03
2.793528745683680412e-02
5.178193568875872482e-02
1.270861830366083189e-01
-1.247863991376872012e-02
1.481567945974677780e-01
1.093008956789771613e-01
4.846542476556564560e-02
2.042944544178207922e-01
1.008818013241139233e-01
1.118224771821338809e-01
1.081575222461581692e-01
1.229378317236677620e-01
1.451841771159087524e-01
1.572013986585398815e-01
5.815457627627140802e-02
2.150210724022393327e-01
8.438702859049315719e-02
1.222591916805034207e-01
1.417747718596652495e-01
8.613597848955968639e-02
2.305419531197827887e-01
1.366412156414042178e-01
1.437977116474806367e-02
9.849471069966445058e-02
6.178634438501075937e-02
4.104433407020589147e-02
5.258180242074940447e-02
2.043950723230410563e-02
4.044482290222175397e-02
-1.629271030065407994e-02
5.235486023650673393e-02
2.360655696365850792e-02
1.025359388535386357e-01
-7.812815340461964908e-02
2.022333277902505638e-02
1.890945176606410871e-02
2.479040339278749949e-02
4.944028366825428678e-02
4.311652536183245565e-02
-3.958193246759256906e-02
6.367797723143196753e-02
-1.080976454523711883e-02
1.798506076056806749e-02
2.805949083210257378e-02
-9.837566038815446362e-03
2.860919734239543086e-02
-4.672140427392031461e-03
-2.093770190993608435e-02
2.447073852708410435e-02
2.899612580885523906e-03
6.281568116112312694e-02
-2.556072682072074720e-02
6.397078651771881397e-02
4.959444862252222752e-02
-1.075257651873901509e-02
2.804145836596932950e-02
1.607191440914378794e-02
-1.268965997092139954e-02
7.790935795147688192e-02
6.571348652731823226e-02
4.635738376110987852e-02
8.245515720376829505e-02
4.075895037289660461e-02
1.156231760324539504e-01
7.765924605406583636e-02
8.478478361198023283e-02
1.456366650056875600e-01
8.664505269464185810e-02
9.266473165461980299e-02
6.708456985478281065e-02
1.265325888852588954e-01
7.071085161937998298e-02
5.575200390175616416e-02
9.770133534566895206e-02
-4.083058944715765165e-02
1.755535434184339327e-01
7.155971726317608694e-02
7.148798041516411794e-02
8.226114663599888577e-02
-5.376823801038567441e-02
6.264202986293916642e-02
-1.111091079669054328e-02
-3.711188827189929040e-02
6.485865197175642860e-02
3.174515385716495525e-02
1.697590191912613442e-02
6.188038843746993152e-03
-5.341088503847114116e-03
2.319436598530134203e-02
3.767050064588042119e-02
-1.785766137586953378e-02
6.308820319027787227e-02
-5.907442428363451209e-02
3.297911614408857717e-02
1.841131249933651917e-02
3.294983911158651246e-02
-3.233867880597358219e-02
4.748746243848828846e-02
3.737534568054398654e-02
1.396739325184422932e-03
-2.060753234551881280e-02
2.323379730874095342e-02
-4.488379580731922426e-03
6.047667629741310807e-02
-3.038347922800358272e-02
-3.142140285664611621e-02
2.251738253150412095e-02
6.657973958711328744e-02
-2.131137963194936966e-02
-6.116761484452329367e-02
-3.679050397107103132e-02
3.121250450161476564e-03
4.241665683533028114e-02
1.332536743047718075e-01
-4.915546278274478265e-02
6.706402351246228133e-02
7.209416532752721887e-03
-1.645413445793914020e-03
1.092774383780480835e-02
9.987889341481093197e-02
3.997923553799187513e-02
2.246104299233400020e-02
2.817562507048840953e-02
5.624180005170579394e-02
4.835502446129152920e-02
4.689424524800593630e-02
1.766905742259012105e-02
3.750889381588053129e-02
-1.712965624920533003e-02
4.235080598050431494e-02
-7.658650061056440639e-03
6.582816529599516686e-02
-3.275352521959806751e-02
5.090808106433285934e-02
1.016645453287551293e-02
1.264595446485350383e-01
6.871188705944445340e-04
3.580315503343482926e-03
9.069316513632390275e-02
7.737953844891935773e-02
1.240148877638145436e-02
2.095902947316515344e-02
6.115017259939667382e-02
-1.666427134995879591e-02
1.136220544779381787e-02
3.193889182853758280e-02
-1.589899559023877015e-02
3.476092094137722688e-02
-2.995849270273228358e-03
8.309192765917315648e-04
1.479629758129206302e-02
1.718529949419832573e-02
-6.883243686541101747e-02
6.924616980225942187e-02
-6.027752689632767669e-02
1.731761153986528454e-03
-7.849741985672651495e-03
1.387933112951553367e-02
5.362149576203346923e-02
4.111434149369146834e-02
2.490974036126001462e-04
-1.684307782827600825e-02
1.736131086730629061e-02
1.098718025872168214e-02
3.438341161026015752e-02
5.508441556845629361e-02
-1.433922121146029120e-02
2.450838739046649548e-02
4.426283481625173377e-02
6.812608826029821485e-02
9.671312409517232589e-02
5.055211600930409332e-02
1.444300542744299531e-01
5.869241766142205274e-02
1.830897246067348938e-01
1.239820450468138713e-01
2.873409713410469968e-02
2.386590713760066707e-01
1.316676058527108673e-01
1.781885962578219629e-01
1.978493588994248431e-01
1.259795637440273008e-01
1.622490699486619503e-01
1.099572084219332252e-01
9.444850960293012243e-02
1.017158386278904092e-01
9.652956791824757188e-02
1.366058365383834572e-01
1.244722513014077520e-01
9.428931431757320292e-02
1.161942505621891553e-01
8.398453636919084309e-02
4.028740677208969556e-02
6.008078243119149842e-02
3.584427366871648091e-02
2.940736136979252985e-02
2.259946959136877737e-02
3.624957655044532684e-02
-5.211872641774939821e-03
5.930676405258860501e-02
5.160154120810114819e-02
4.738939053229053282e-03
-1.844414224993861165e-02
4.419348938065654347e-02
5.389706767340747551e-02
-2.407679939928553808e-02
-2.532683664289264204e-03
4.571471338740563939e-02
4.154227579006866677e-02
4.676548884051799637e-02
-5.729881191581418648e-02
2.241414148471845141e-02
4.889735793465665656e-04
-4.837413783001628248e-02
3.016978841998673583e-02
1.302119865452348695e-02
1.784944075433365224e-02
5.999536929700061832e-02
-3.362984982990040173e-02
3.250122339026475377e-02
2.692790002939952215e-02
-2.520271682950709149e-02
-1.836199312717127011e-02
2.319420565421936864e-02
1.647957073600685510e-02
1.289743676536382264e-02
2.029526681530260945e-02
3.306256627666506742e-02
2.505457310454574371e-03
4.251272425377962405e-02
8.411002806127942932e-03
-1.885222776763580479e-02
9.775375739585938709e-03
9.587135328878693477e-03
7.884969948481443391e-02
-4.290093409514828676e-02
2.490140561439174033e-02
7.674665895360713308e-03
-1.822703828549514238e-02
-4.043924950516052108e-03
-9.154678675193134163e-02
1.329962356771061463e-02
8.730745142777794621e-03
-3.092086258675315683e-02
-1.779541135421321835e-02
-1.982064836665302018e-02
-2.419785203111209093e-03
1.823268847493319036e-02
-1.048487601130389593e-02
-2.003685298103112869e-02
4.527183694646434720e-03
-2.170512262007664311e-02
2.765269979870368239e-02
-6.783545370134273778e-02
-1.255536351511086363e-02
-5.290012587519467291e-03
-3.089179783394226109e-02
-6.055820448678050916e-02
-1.604633938525291265e-02
-1.074702517024692799e-02
4.920893072235955901e-02
-1.440827574872632043e-02
2.329482692841814209e-02
-4.128897908068976386e-02
4.029403788131309672e-02
-6.368176404844648822e-03
2.156486097113931993e-02
1.712991218741716226e-02
1.940058578456111890e-02
6.719774280414755885e-02
2.430998264211164939e-02
4.136288396625395491e-02
6.508249202952259838e-02
8.173209736402176073e-03
6.498588755075240808e-02
6.801717010209279435e-02
2.311799686579998209e-02
1.213951330234255277e-01
4.202940418970933095e-02
3.814857662147744244e-02
4.108578097017678149e-02
9.458861720193995071e-02
2.718930811138110804e-02
4.073084622932789112e-02
3.199842915496618756e-02
5.275017778338184082e-02
4.881581122822022806e-02
7.509462552125716062e-02
5.718380574815019879e-02
3.136086451807246211e-02
7.395374858105266402e-02
2.601319125061488449e-02
9.491291229202494795e-02
4.956249943078966380e-02
-3.238793063064017430e-02
4.735959613195754592e-02
5.995390679457546224e-02
3.961175601889750653e-02
6.098443136740225312e-03
9.503299007974613799e-02
2.274554037188982261e-02
2.251065188265011230e-03
5.071127623856865746e-02
5.005242717447774825e-02
7.750211432613431095e-02
4.437086108096864601e-02
4.100491037836215269e-02
4.986039686709937968e-02
5.316899103337986709e-02
1.208299566353321711e-02
4.424430095134947172e-02
2.488189608424325877e-02
3.611670608587678327e-02
3.164691370839062268e-02
2.992686046063711136e-02
5.704051612293319778e-02
3.620491058799344547e-02
5.326972723458150288e-02
7.524314680360731644e-02
3.858799234359368280e-02
1.091248572910623327e-01
3.598996709497383206e-02
5.764374295357708317e-02
4.837927457090668987e-02
6.204546672828555043e-02
-1.855507754041096566e-02
9.670484726269767961e-02
4.888232468275438558e-02
-1.085374982313479925e-02
3.412713629183263681e-02
2.174965734862516209e-02
5.915873146565098217e-02
-1.412725091300750559e-02
4.733790629349496348e-02
8.967908363044525127e-03
3.359299791255491302e-02
3.880117873822356428e-02
4.776628088487849637e-03
1.298995049554845307e-02
-9.324799984281243251e-03
5.162714786167138525e-02
-3.556857949024097576e-02
-6.425126372876684144e-03
-4.057057645464902385e-02
-2.697148258743788454e-02
-9.602629425598727120e-02
-5.481960308157327044e-04
-1.801020217448784377e-02
-5.473485341415923466e-02
-5.350358335903052098e-02
-3.835183623288462157e-02
-6.135621922277936791e-02
-3.534290883146396639e-02
-4.163578036121127340e-02
8.281637118899488892e-03
-2.428771815243108839e-02
-3.735376906760628363e-02
-1.249953857205934882e-02
-6.521685097736569861e-03
-1.484763280168836103e-03
1.489162630672948885e-02
1.857604808584895073e-02
-2.267309451301834783e-02
-1.251817935328569664e-02
-3.408987234250399068e-03
2.599059479829659430e-02
-4.387236061535917941e-02
-1.763259051802451918e-02
-2.110189032571586215e-04
1.518520773496747148e-02
-3.190942819888920728e-02
-3.132304911987073698e-02
5.039356689741061879e-02
-8.066749352702273432e-03
-8.085718999097877766e-03
2.318322353919247125e-02
5.873580698759497086e-03
6.963557530929971595e-02
-1.958888225752485057e-02
-4.077692311838088113e-02
1.515379160218047541e-02
7.592387700441288224e-03
-1.752473226519031188e-02
5.112547337099408729e-02
-7.798857004474669952e-03
3.308200786935171916e-02
-4.422516879447897092e-02
1.141589782756283374e-02
1.815368620826167401e-02
3.798999004309510492e-04
2.743915240807398223e-02
9.143293720272878053e-03
-4.105080740528951888e-02
1.664947376417196326e-02
-6.828993818115191260e-03
-7.429688708227192434e-03
-1.597594367838006332e-02
1.452827387178756702e-02
-2.791820097414704147e-02
2.369870098927214126e-03
-2.153682869677453482e-02
3.951997030633448704e-02
8.463930341221925432e-03
-8.990664188400870199e-03
8.912421876828214434e-03
-1.281581855073354349e-02
3.748581887015979552e-02
-1.318047085700094385e-02
2.912406303359245472e-03
-1.727543591933547104e-02
5.940658660854574325e-04
1.759734473228282900e-02
-1.296370188236936616e-02
-1.633706399444751628e-02
1.388677034515340553e-02
-8.342326464143351092e-03
3.364111871518095029e-03
1.130786065368845263e-03
-6.712576145509672500e-03
2.214794043495008069e-04
2.614956460542649033e-02
