-1.792823755654993079e-02
-4.272349033092792681e-02
-6.028521489063520811e-03
-3.920643112292854227e-02
-2.863648008628727482e-02
-5.403544583830521830e-03
-9.379573123030171544e-03
2.574299688424597221e-03
2.840639391047394824e-03
2.473569408552345195e-02
-1.220200468201126931e-02
6.824406639265312435e-03
2.235680641878912134e-02
1.044220983884769360e-02
-5.204336762047789833e-03
1.755212939053896193e-03
6.391701131796279078e-02
-2.412686949292752736e-02
-2.944650174760998773e-02
3.950908658130192208e-04
-1.995701448118625265e-02
-3.726135111117145904e-02
1.377299781029805992e-02
-5.506827141516512647e-02
3.612220727795745212e-02
1.003743499878417822e-02
-1.871441637986848150e-02
-3.972262643782520364e-02
1.472153984927992987e-02
6.716839787363215741e-02
7.218976514003294653e-02
-8.638079382930863304e-02
6.522566406348406787e-04
8.273099635483882608e-02
-1.485770752251980298e-05
8.436889683641801696e-02
6.676401863716252549e-02
3.229434799854224991e-02
4.279602748407684842e-02
7.749104858465472034e-02
1.371792673561156306e-02
1.909767168906650880e-02
2.521597256270435850e-02
6.940489804617033798e-03
5.840396937843839176e-02
2.461804493613772848e-03
2.052918683497972907e-02
1.201274496607407372e-02
2.405648596991394328e-02
-3.864019062074208755e-02
6.088098246381790091e-03
3.486527834802544135e-02
3.600093180245211855e-02
1.239195959957273274e-02
8.727185556241323638e-02
8.809131830274985475e-03
1.029549704312460179e-02
-9.358903761510273256e-03
1.823818286800316102e-02
2.694826894527535543e-02
4.453279623535344456e-02
-1.036144818792994471e-03
6.436327255802432035e-02
6.286445510871541131e-02
2.425369507302255201e-02
3.217260721615744501e-02
5.148131556763280159e-02
-3.664511237966916468e-02
-1.243761901063589193e-02
-1.399632367714342962e-03
3.382676505284942792e-02
4.017796409310836481e-02
4.845551206111187170e-02
2.312853160757732951e-02
2.212409576666329869e-02
5.845007035306482024e-02
4.522921673390811748e-02
8.409993219411493470e-03
5.203495494912235841e-02
5.443578968063311763e-02
1.031828330158339746e-01
1.441284405929499357e-02
6.215371414099735148e-02
2.411893836521983303e-02
7.360482373791965571e-02
7.669584071416801763e-02
8.112349838836019345e-02
4.296203287504862800e-02
1.222171345805103115e-01
8.432749319118260090e-02
1.413899976483889986e-02
4.247796802856207421e-02
1.014455522628550099e-01
1.397328111688089791e-02
1.210387456381489812e-02
5.510622647734608748e-02
3.664641513613720036e-02
1.007699466389579968e-01
1.070425049750558522e-01
7.632248153714904504e-02
8.215210736456590723e-02
8.022841501499078376e-02
6.538262012671847145e-02
5.281208040574192353e-03
4.902864408121576645e-02
9.385512550190888703e-02
8.700703599047399095e-02
4.518852651936189346e-02
5.742015962741264801e-02
6.658671247107861291e-02
9.863355212104929493e-02
7.620465649676200215e-02
2.937798439891370350e-02
4.165412898198539438e-02
4.112000478612065635e-02
4.667336444182357269e-02
2.253245630895017726e-02
1.418763265148434982e-01
1.019388854687912627e-01
3.760867659247235650e-02
1.418792315929140457e-02
8.756805834130121369e-02
5.205759686971012101e-02
3.941724939747581757e-02
4.249916351285198957e-02
3.229357694109236121e-02
6.284599409771063350e-02
2.379128765003235557e-02
3.524148865348708526e-02
1.189641351339378872e-01
4.019745331376567421e-02
2.528117496001813791e-02
5.457404818867761520e-02
8.585775822537788926e-02
7.877952804985355328e-02
3.459653899139958355e-02
5.730918877902624331e-02
1.029286963577344949e-01
4.880111250206065066e-02
1.238804127247927767e-01
1.125417900994318821e-01
5.080821525784706694e-03
3.191219290045177459e-02
8.500681171966295580e-02
5.614144122024899985e-02
3.355551594151107153e-02
4.956784180758599945e-02
3.549038945460480932e-02
7.253125034357932321e-02
1.892356870417577497e-02
1.234174280307462901e-01
2.798496801785343990e-03
9.740429921645432643e-02
4.946712822318000136e-02
4.086905652858874305e-02
7.165248762466802646e-02
2.907955587871535741e-02
7.720785623971382350e-02
5.377660975469344962e-02
1.245680095870311810e-01
6.402902542043786838e-03
3.493490089626982709e-02
8.055247570713097716e-02
6.599411066713711804e-02
8.558361400280567466e-02
1.403667990917245589e-02
6.626876512449397794e-02
6.111588619206465012e-04
1.362563037708204305e-01
2.375931331611891295e-02
3.741876562409940377e-02
7.599960336704025821e-02
9.759556584909034882e-02
6.629285087664449350e-02
1.812367963955940908e-02
7.828815125180499379e-02
4.145074387721559006e-02
1.850412902738352017e-02
5.548968205073867566e-02
8.098983309278473541e-02
5.813182271436057036e-02
4.138513858697034919e-02
9.401312622682445053e-02
6.842376325500287848e-02
7.523751561496627716e-02
9.396003309244793655e-02
2.261289393737353492e-02
1.124146468125042375e-01
1.595388153471111181e-02
8.911589115608675726e-02
1.887538913565389720e-02
1.055786980563504507e-01
6.353074753541232411e-02
6.184044689757861590e-02
5.486055133718026333e-02
4.793950081940545616e-02
4.248058554058475877e-02
1.160119151415377470e-01
7.345352478615563285e-03
2.088966336882336350e-02
3.269632017004564517e-02
6.682002318546320652e-02
2.956302687818612718e-02
-2.875893980176225107e-02
2.020433733319593195e-02
1.011556904142740798e-02
6.626577309010084349e-02
1.799780032803721674e-02
1.318787434786239388e-02
6.658209578333407208e-03
3.513952741234649402e-02
-4.985381195896643192e-03
3.267950979944433954e-02
-1.642539457580660667e-02
6.831519244858719198e-02
-6.493482098050007423e-03
3.222345522758685021e-02
1.215244826654475752e-01
-1.095859438149504594e-01
6.994201332281968497e-02
4.373627318005368636e-02
1.322431657401423877e-02
5.207388125248857413e-02
1.621462571265674946e-02
4.777611699503525600e-03
5.823783436009333236e-02
2.309696786495685217e-02
5.379991171962039687e-02
6.598946324168686317e-03
6.113809324321684002e-02
-2.262340175548915866e-02
1.358923635494280191e-02
1.007411890474370075e-01
2.469893142832724209e-02
5.461715720202597879e-02
7.222900231375373181e-02
2.530290290305536871e-02
3.372077338600343310e-02
5.204540361275666882e-02
3.290844108716850513e-02
2.358353833092774465e-02
9.037198920584765816e-02
-2.113609778538805273e-03
5.719218554305616209e-02
3.252926231676056545e-02
5.065336018500454784e-02
9.817206903318353994e-02
7.073515965394960858e-03
9.695929497613642312e-02
4.275320844734764592e-02
1.083210012879827211e-01
4.480294855791733255e-02
5.177766550926410360e-02
9.431912944539799781e-02
2.452123637254910449e-02
5.922845976024282422e-02
5.424929900124153548e-02
3.354938769079662819e-02
8.792484100514030843e-02
2.431840539177887450e-02
5.572107440114981713e-02
7.530378013129679360e-02
1.296797553348794096e-02
6.385752466290117724e-02
1.951638004493272405e-02
1.096295208443316405e-01
8.000947290792792543e-02
4.204275959460668233e-02
6.577129972710293870e-02
5.557474956270969102e-02
-3.437407933395419946e-02
1.161206544474229219e-01
7.746815725072808689e-02
5.899142080262098631e-02
1.292857430230593963e-01
1.246991219113566807e-01
7.904171591604614022e-02
8.666500793268028247e-03
9.825120911260087908e-02
9.132717547416424608e-02
4.259328357362646145e-02
2.196780378767781983e-02
7.925355855597793209e-02
1.005313674157357617e-01
8.805070461888542255e-02
6.902783735438644541e-02
4.099395261084870512e-02
6.248791997310831903e-02
5.883538382532016442e-02
1.014970817069245079e-01
7.506292730420582870e-02
5.652493023652738202e-02
2.148426383718504695e-02
6.936556463098320080e-02
1.309822467436205784e-02
9.345912016301749503e-02
2.387505788034927079e-02
9.411937765857603111e-02
1.008837499417962746e-01
6.657530276472378716e-02
1.831485428350099198e-02
2.087505965846636613e-02
5.957877697789770721e-02
4.607332601978697539e-02
7.551880853657344517e-02
1.031221751945596843e-01
9.625820592887723848e-02
6.415504662382520706e-02
3.059488581080582748e-02
8.258615858720652625e-02
7.210721788878471372e-02
1.071410442067213253e-01
3.698016445175733580e-02
9.178350595924689159e-02
8.408318774496015280e-02
7.167792133976202962e-02
5.119260828073990410e-02
5.325295065766999514e-02
9.403277401170528904e-02
1.364558531786430606e-01
6.930727247166146299e-03
8.581748311693981890e-02
9.247493976545495542e-02
2.116933855025227018e-02
1.364677240958718230e-01
-2.876817052209101888e-03
5.311461232307701508e-02
1.013600567866790314e-01
8.464795272309411089e-02
6.836121653274274124e-02
6.634055482456702180e-02
5.078527901394158661e-02
3.013920659271507319e-02
7.241906575133416624e-02
1.076463418115398696e-01
5.522279869603829994e-02
1.158400624407804891e-01
6.639997893949134422e-02
1.007028628200332676e-01
3.517805217030733900e-02
5.592738344091863212e-02
1.150312559956816472e-01
1.036958380994068563e-02
1.199971053862314285e-01
8.861257971340341655e-02
-1.027802199121419235e-01
2.516208870881282422e-01
7.292569004700322211e-03
6.001199182707628310e-02
7.100423441012271297e-02
-5.658514262063096822e-03
1.094883671367585798e-01
2.319928672082793852e-02
1.008003895407054706e-01
6.981208045407916174e-02
6.629248253313324568e-02
4.319791424290997384e-02
5.415599781849733674e-02
5.933419975823950310e-02
6.955701856247831216e-02
7.156952648192627109e-02
2.740980537994852639e-02
8.605665346574653540e-02
4.295895019369089241e-02
6.806290342479170974e-02
4.608949404356721402e-02
4.742170457315530996e-02
1.151678666378819216e-01
7.938170421421908429e-02
6.605961745508714955e-02
5.032181391157752870e-02
1.205681417009913936e-01
4.137512941203791428e-03
3.290794209579761542e-02
8.325191612764726301e-02
1.021569029893591996e-01
2.782240458524887217e-02
6.310818169788179333e-02
9.430250568024733937e-02
6.751155527033558812e-02
8.255698795630728171e-02
4.080353752212850793e-02
5.577602558273708766e-02
5.610523545077272800e-02
6.234085402227673711e-02
7.112631592078155762e-02
6.862425789914095020e-02
8.661510112204373613e-02
4.338434504156429838e-02
3.204868058338261605e-02
7.181510412675429222e-02
9.482642401526852893e-02
8.574132774485310193e-02
6.725286841203859112e-02
1.144562698162423509e-01
5.510573575343391539e-02
7.590110938788674488e-02
7.337881224698428184e-02
5.853604066388573557e-02
1.366712989726872607e-01
9.792148292509050833e-02
5.949187196621030793e-02
-1.439377892875626230e-02
1.239822153859395648e-01
2.975222644770481040e-02
9.887765926781266757e-02
7.380792707747430015e-02
1.013197199204176613e-01
1.264354673320839950e-01
5.126755901264523629e-02
6.957277599437339255e-02
9.062083136556697838e-02
5.953042001076669365e-02
1.026978020586177820e-01
5.013036315432395362e-02
3.332976084123573379e-02
6.905396335706637245e-02
-1.507234655017253289e-02
6.890020393902629436e-02
1.595405579341657720e-02
4.176851209097653950e-02
7.569388522735409630e-02
-6.310152484407405282e-02
4.143056799832534054e-02
-2.315615746118693252e-02
-9.225671359445697384e-02
7.232828110361078089e-03
1.142244921187416384e-01
3.121527945500313095e-02
1.044924713222918911e-01
4.453693690680693429e-02
-7.678635584534942993e-02
7.813868760732045615e-02
3.440262638970348341e-02
4.526702778286306739e-02
1.256730409617912159e-02
6.954640707630055374e-02
2.568401414772170099e-02
3.821507530419787635e-02
-2.664481589300660147e-04
8.071935917228922897e-02
1.981079981452826821e-02
6.942161339215102700e-03
3.526848358849976606e-03
1.117264382733444972e-01
-2.431109564697231384e-02
7.460979957345270641e-02
3.250404338050150166e-02
2.101049411122546395e-02
5.936549848417538300e-02
3.833151076738738894e-02
5.136465184513649973e-02
1.357010130897724487e-01
-1.716963480952804488e-02
4.024224054729685918e-02
5.522260106869758545e-02
5.742846361464826188e-02
2.933297720528882380e-02
6.419477398637107868e-02
8.452478973430554987e-02
4.333998964507923546e-02
3.489603056576795481e-02
7.346109571408243610e-02
1.418043487304743167e-02
3.080193596322633454e-02
7.564151476178881950e-02
8.028836772765668428e-02
9.458409770112607973e-02
5.212700057816865851e-02
4.571408751678474047e-02
5.884571839170504859e-02
6.033893576461180075e-02
4.302970461088717613e-02
9.482032255866501558e-02
6.303913438491859367e-02
5.484139011102895367e-02
5.953288511999810240e-02
9.346009206233230060e-02
9.713927855449044912e-02
1.487615709026313127e-02
7.751172080881429949e-02
2.966133811442173140e-02
3.259925356447679334e-02
4.145060478856477104e-02
8.314302292787933979e-02
1.509687893462601238e-01
4.361720055860041079e-02
7.964182581612622158e-02
7.966824536090633124e-02
1.347747232194242972e-01
1.245868340715006184e-02
7.231968681011968769e-02
8.597951350084631628e-02
5.348097453570321846e-02
2.112520198648781822e-02
8.379772950319730462e-02
3.669356414804703093e-02
7.335680497910068709e-02
-8.070465234767842944e-03
5.149645913882494597e-02
3.954491305195384498e-02
4.262935638185427756e-02
4.682944654483711666e-02
-3.362017340648826291e-02
1.088544529409296580e-02
-1.536478971253263381e-02
3.919328771641827913e-02
1.305596418932684077e-01
-1.728550522111760301e-02
-2.640760359456084672e-02
6.762173489194545084e-02
-2.578663274700154773e-02
3.829028845042325990e-02
2.886486538021726389e-02
1.583308082944578921e-02
8.998640231719012839e-02
-2.445645792161088572e-02
2.743038627345506519e-02
4.580612723313226553e-02
5.749141244278344054e-02
6.460918408584892525e-02
2.219457025189175425e-02
3.331865012930834702e-02
4.637263457097406949e-02
4.010017534057763733e-02
-1.641090323102778470e-03
4.323719006618476079e-02
5.661965723298734154e-02
3.914740703781705022e-02
2.553577014583052751e-02
6.212597343809989070e-02
1.307469917800885284e-02
9.594661786244618185e-02
3.797616118098856575e-02
3.596514003212636368e-02
-8.011132626735584239e-03
3.095580306016243455e-02
4.252559661470067809e-02
5.555430489948065542e-02
5.144958890433271037e-02
6.834365060630664956e-02
5.600218237483423067e-02
4.537091297129514089e-02
3.645835122273721751e-02
6.438114578524301024e-02
1.238714971557972611e-01
2.030108643799355406e-02
3.130438020372272589e-02
3.117777492191997624e-02
1.104687005499456198e-01
1.873005520497494913e-02
3.608896628410374063e-02
1.720987792263528604e-02
9.492995381844737679e-02
4.923830419824160032e-02
4.637554597662729705e-02
7.285887774811072859e-02
4.261595148859376181e-02
6.722121529925129124e-02
9.618193710119493645e-02
1.060469151266563159e-02
7.426682053309363596e-02
8.453515757931961971e-02
2.457465955863602503e-02
1.783373020486189731e-02
9.581196549574233501e-02
2.013848989563848946e-02
2.234693490446559849e-02
9.125098566361122820e-02
4.132635167282039390e-02
5.961585311696104839e-03
5.305172336321195559e-02
7.395369577630983571e-02
-3.529432389661524283e-02
1.214762122536541256e-01
2.378801486186121750e-02
7.428288345108091661e-02
2.090173302041531400e-03
1.486618261302408150e-01
2.408738574587143688e-02
7.825245539698855168e-02
4.338695219163923866e-02
6.786778446378782803e-02
2.428627578339037640e-02
4.849438897841595875e-02
5.378561694673944515e-02
7.342386844396342482e-02
4.135490481141701480e-02
6.270672670647048363e-02
3.740539977018597639e-02
7.583377414242153947e-02
1.782698508512847724e-02
4.953761689527613754e-02
5.578534876049667801e-02
7.973108898655745236e-02
6.358578752599131079e-02
5.739968340087919785e-02
8.718961086807341943e-02
5.434664052692950165e-02
8.538073833992410044e-02
6.983681978584632688e-02
7.671074147122913800e-02
7.130496361428484420e-02
4.910946088812240262e-02
7.467001306649745374e-02
5.737790410264764773e-02
3.139746013525401835e-02
6.168824954475260469e-02
6.094366753002766757e-02
6.029691802248837718e-02
3.567224845367533703e-02
7.857915284658290034e-02
5.806751547541511016e-02
5.899661776036912997e-02
1.128083106272814717e-02
6.633798771873511413e-02
7.719765595099126188e-02
9.036406047192846458e-02
7.066988472601520854e-02
7.965557541618828452e-02
1.142217560399299003e-01
3.395202602490243748e-02
9.416044054168404287e-02
4.430978678374719593e-02
5.362479538372078025e-02
9.235303778457160107e-02
5.311248966089232582e-02
3.636289356344724055e-02
1.078375311730037645e-01
4.961208058570676371e-02
6.968906365829719007e-02
7.303798090815138977e-02
6.135231032384158567e-02
4.239807920026539279e-02
1.117898870528031274e-01
5.718306383390281411e-02
1.113843914818701819e-01
6.118966658505264888e-02
6.344438241945393742e-02
4.648675414350966761e-02
4.678229566233094161e-02
4.942376408425053214e-02
5.032452079208837858e-02
7.746701581930759417e-02
4.083701477264600754e-02
3.153111017491827539e-02
1.157846210822119914e-01
5.462125922972083103e-02
7.259488698942906382e-02
1.177953444751045353e-01
5.310410272345711391e-02
5.726497570508870538e-02
5.747369660089329813e-02
1.094843418538986590e-01
5.640755156204724230e-02
4.118040675752432378e-02
1.276341123182826998e-01
3.900779790094865973e-02
6.428670265567149045e-02
9.241202092137834612e-02
1.860711425665684260e-02
8.706314001522308388e-02
4.720857121352617369e-02
8.703742614114107212e-02
5.730281934118597320e-02
7.570023512176904390e-02
4.536814862243643276e-02
4.094940775722344384e-02
8.196736372258994763e-02
8.490797314369302740e-02
3.301785182529570761e-02
7.928876881090740625e-02
1.477673235895218262e-01
4.707199002970696711e-02
8.216598618195680714e-02
4.620817588960957067e-02
9.053706113182480308e-02
9.970001529052696654e-02
2.867949769514055447e-02
1.091772107399751057e-01
4.613801260737959709e-02
7.383190601393252450e-02
2.965316573157217306e-02
8.688429151588250576e-02
1.364373633041946476e-01
5.959130785489508142e-02
5.361573197239222210e-02
1.753766485873153869e-02
1.587195865105948123e-01
8.242379062116977906e-02
8.215904568081544568e-02
4.585538183989301686e-02
1.096677659213107781e-01
9.984721268343799139e-02
2.706210922593221824e-02
7.873455885249125430e-02
9.068228173392034464e-02
8.441352707990867899e-02
2.544736328122665370e-02
7.144178482342766756e-02
3.251938872351223253e-02
1.052883221116514001e-01
4.339332426762654293e-02
6.429842907335459046e-02
7.414071519028464508e-02
3.417535677439786923e-02
7.859654276329752776e-02
5.600323499588233389e-02
9.140384467568463123e-02
-4.790871740945057411e-04
4.803275011473662204e-02
9.824564211996600349e-02
3.003569530246519292e-02
-1.355455638325242518e-02
5.428336386154031246e-02
1.124456584640900481e-01
2.144206193820297202e-02
4.582344562661511134e-02
6.505575796685958423e-02
4.637922128522120602e-02
2.695665978005790109e-02
1.018097755764069134e-02
4.987911530296917917e-02
5.716083087762724446e-02
2.495731268844192385e-02
2.086196148094332514e-02
5.259955259272297567e-02
2.341604526258267427e-02
3.028712460139626472e-02
3.412475471432863117e-02
-1.301388776465461916e-02
8.425062642732461526e-02
4.259748044366640229e-02
2.312969792350205722e-02
6.451509317949355449e-02
7.073019418050030538e-02
6.680265446593880441e-02
1.350912041230500904e-03
2.385073926537639721e-02
1.856223776954335491e-02
1.876790203712941363e-02
6.528232470673112076e-02
3.035400730116144530e-02
3.771198485953064505e-02
2.754560956806173522e-02
1.277435599334841854e-02
5.158068853564312661e-02
1.281963268069885586e-02
1.582486382070102948e-02
2.537679849719731706e-02
5.388930620331899846e-02
5.940207876799163955e-02
2.948062594233924472e-02
-1.618056152263847025e-03
4.103104642636878907e-02
3.746218773913234656e-02
3.642870922180252435e-02
5.357256397621545929e-02
8.756844844521438631e-02
7.246806461795429755e-03
5.610486768529865387e-02
5.666901008655278460e-02
4.270169469202755863e-02
2.567176201278842385e-02
8.657283421612005370e-02
2.637932940180887087e-02
1.043512585231836098e-01
5.815248056759703132e-03
2.483948360869137062e-02
1.015154019714676892e-01
2.293581784225429132e-02
9.067550595250706280e-02
6.756303452448975122e-02
5.676378327172715288e-02
3.125322520124296233e-02
6.757434983962173902e-02
-3.975270580818079935e-02
1.124317483898056302e-01
6.226684551462513539e-02
8.855156703197364365e-02
1.042985254179047416e-01
6.876569191469794617e-02
7.402100742895445507e-02
4.661749718547847365e-02
8.990549312033335738e-02
7.039854850806115394e-02
2.992788836114712581e-02
2.033070193456687491e-02
7.897339092643784753e-02
4.555750217708043337e-02
5.491454156272945752e-02
7.626327259796594760e-02
5.226781491296250692e-02
9.180914965075048784e-02
2.817149667394369672e-02
5.053953425763868523e-02
3.772618665185456521e-02
5.173104290575070152e-02
5.667004963358790448e-02
9.586191518851006066e-02
5.397976416688710088e-02
5.004288833669079395e-02
4.541205203581322181e-02
1.115286923263458796e-01
5.463128341960787893e-02
1.050571685572521119e-01
5.900870888041787055e-02
3.709270086520266574e-02
-2.555447893671702886e-02
9.121922783760849640e-02
1.513310123268065688e-01
5.682576631816305124e-02
3.979790304311192628e-02
7.089538394657157738e-02
-2.129867791300155133e-02
3.215735786999918133e-02
1.206357608838506401e-01
4.782731762205116866e-02
1.186737369032377920e-01
9.007081326101751273e-02
1.023577083956053180e-01
1.339075131630895754e-02
5.223034762700207168e-02
9.051256696314124994e-02
1.470211705095891830e-02
6.790360345427437494e-02
5.457353055965619149e-02
8.842940424903789065e-02
6.074022336521966992e-02
7.442099511596289574e-02
3.227081133140963232e-02
7.213031763495258986e-02
5.395382776455726059e-02
7.633238238950523780e-02
5.502919914843573679e-02
6.915277836041155979e-02
5.327882701917063812e-02
7.561102410130970952e-02
6.068950420508434362e-02
7.990402975523780427e-02
4.632871751109401970e-02
5.073055460975961495e-02
6.578856662582177606e-02
2.968638728201078436e-02
2.669477016876298237e-02
9.602701006525471428e-02
3.109954128263936468e-02
5.623322854253487435e-02
9.518050465863137077e-02
2.630658590267254127e-02
6.351355692652793650e-02
5.690501765344002649e-02
5.622657286936760812e-02
3.339955398644312012e-02
1.172768274125277621e-01
1.959299448345008798e-02
4.487412843123594897e-02
1.617412580802382038e-01
6.342112848415082382e-02
7.885849540471756569e-02
6.514533906066288793e-02
1.621545083556727995e-01
1.141443559319821333e-02
1.265467860159787961e-01
1.942390591963150115e-02
1.733463165027724351e-01
4.638617964819857775e-02
1.213839590990768436e-01
1.408351323943124456e-02
5.116527334923359760e-02
1.375279938752331788e-01
9.900676499394811536e-02
1.617985899450502529e-02
-1.966425169795327221e-02
6.845210639138676889e-02
-4.288663605790166145e-03
-5.079876634962232629e-03
6.482666116646162990e-02
5.270011702540777776e-02
2.674895476156424756e-02
2.838133748900295572e-02
3.159802440549275282e-02
-2.784407905678620843e-02
3.937413826088409508e-02
5.882175869940553525e-03
3.126045454603953999e-02
6.220460160248020287e-02
2.383360882973306616e-02
-1.077478196546155509e-02
2.888584910718794418e-02
1.216307410317618576e-02
4.593451594511788194e-02
7.579309997993943782e-02
6.320798354944678898e-02
-3.691488813244192535e-02
7.556883523804569514e-02
8.419060752142160098e-03
5.653853766905236888e-02
5.129219646072824546e-03
5.331510823486662609e-02
4.103901077426463928e-02
-1.189691326196928856e-02
6.218647502749830025e-02
7.796063955186660621e-02
1.989719947535695255e-02
1.852367697010093295e-02
5.234257633605698956e-02
7.557671302076496289e-02
1.149054137744887072e-02
4.578619277680440192e-02
3.276032711270193687e-02
2.854705246756905623e-02
7.521614476935445381e-02
3.358316297254715366e-02
3.009073544711737824e-02
1.413156706102434157e-01
2.853841357386910360e-02
1.204912135132545359e-01
8.502771769494499310e-02
8.438765111321000489e-02
5.710019950128053523e-02
6.798049621179824697e-02
7.358122144799583708e-02
4.443485548420644804e-02
4.707402216583034260e-02
6.683521292255445445e-02
7.724927251863444866e-02
8.187130214647764248e-02
6.921685384540054997e-02
3.283994593430161757e-02
6.379436019117434853e-02
1.583413185201010265e-02
2.731945322634743434e-02
6.830797381948583435e-02
8.806992945891956026e-02
1.911104168807353787e-02
9.922151546955815249e-02
3.303742993261993277e-02
9.010548578997079616e-02
7.574231760952665482e-02
6.620562180297007160e-02
6.911839701705080330e-02
5.428439808402751865e-02
1.018719912633043734e-01
4.743200826033922013e-02
1.272808231696229697e-01
5.740716834124892642e-02
1.008764468742868736e-01
-3.262346770370783133e-02
1.419943121495221838e-01
2.560206577739165823e-02
1.144015615705531452e-01
4.728077251628270972e-03
1.104352321760115885e-01
6.783599526317329875e-02
3.005853503631827905e-02
1.024734085594904975e-01
7.011891343932141751e-02
1.014369615236700994e-01
-4.417198908449426753e-02
9.370548610963780334e-02
6.643714273209955223e-02
5.594192164031497327e-02
1.437953115384265068e-01
7.059388542229294572e-02
4.279946746943696922e-02
1.506480167348245303e-02
9.771136284643811010e-02
8.503222011055067142e-02
9.433449380612479729e-02
8.249412428991886870e-02
1.094854164934822016e-01
1.079304038916415465e-01
8.233698730901517493e-02
1.141878910049043405e-01
8.473990994671609656e-02
1.209575793716486380e-01
4.136176182834683246e-02
5.270698507974813651e-02
8.872215211727096928e-02
8.385549893009036637e-02
3.696336408862999079e-02
3.751855999051079138e-02
2.429141852412541880e-02
6.710875324013665377e-02
1.385589129511188844e-02
8.726483552261843357e-02
8.887696125199262553e-02
1.065789173780151700e-02
2.550953478326345447e-03
1.146762167557269230e-01
7.439688088418527911e-02
2.745134093838563771e-02
9.039367758717276047e-02
-2.580906911366032119e-03
9.507733012317665100e-03
6.071710179194989010e-02
1.272972661051636756e-01
5.911236795786756204e-02
8.547084877259969460e-02
-9.013182522110252393e-03
6.884233172540366041e-02
5.221931781738797795e-02
3.835079616409586833e-02
5.403993169758036785e-02
7.326986503783716742e-02
9.134119903594895007e-02
2.336125050106874212e-02
9.019111307404781286e-02
7.898870744276154099e-02
4.571125438399148422e-02
1.127257431224295559e-01
2.512393730500894762e-02
9.420980681814183910e-02
-1.920713896550196864e-02
1.026584550380120753e-01
5.877438515934052532e-02
6.695256716351849491e-02
2.748477087610012859e-02
1.133551958089618061e-01
3.959711417293387825e-02
5.106780950380551687e-02
1.334168368252179881e-01
1.046161142256707421e-02
5.487071875544957678e-02
5.434384897632149602e-02
3.179093211444516953e-02
8.014087109334244730e-02
6.485478780928755071e-02
4.874553378645618551e-02
7.139141411802363280e-02
4.536542983971747489e-02
5.251645692625261930e-02
1.076917249166213786e-01
1.947389750005212861e-02
2.435841927864279555e-02
9.490278029440624152e-02
3.650166886676275979e-02
4.060632657394558365e-02
1.187713777028021056e-02
7.715202749069716148e-02
1.285577367907961843e-01
5.508256289244961579e-02
7.693524261075390669e-02
1.013956383216916279e-01
5.925112207398219866e-02
7.856700521463766407e-02
4.820729118575162175e-02
1.169884730546164597e-01
7.348271364067926470e-02
8.294867946523387658e-02
4.276842964712024298e-02
8.728827942446315546e-02
9.295542977235671245e-02
1.022545353291302028e-01
6.230416059013155206e-02
3.235767411744694400e-02
9.422234077168756272e-02
-2.464276640222973214e-03
6.145189341311496634e-02
9.943920992623889177e-02
6.675442735841174979e-02
8.155282606872926721e-02
5.393713213543005480e-02
1.009528194683597668e-01
2.924982903455664029e-02
2.620079483841841750e-02
8.152846852967288171e-02
1.089075403870212178e-01
7.444113542439678710e-02
7.520984303740840815e-02
5.706112495857107447e-02
1.110640048201672059e-01
6.556654834759312322e-02
1.049654039503833403e-01
6.103217711245134680e-02
5.671638896063635471e-02
1.224792978372573060e-01
4.234020674977356791e-02
1.060235691149000736e-01
5.204320125040950984e-02
1.105084935151849912e-01
1.003198537041876115e-01
4.410970544616565903e-02
1.343741914137508431e-01
1.244979070788767572e-01
7.604663148685042451e-02
3.289587445343444827e-02
8.036364978284127325e-02
3.023497373938610622e-02
-1.224529727527250422e-01
2.673886828977578567e-02
7.768564381003462138e-02
-1.983535998151930713e-02
-1.904952961526484856e-02
-5.788924849903653858e-02
4.615098214387725051e-02
-1.406589919730194538e-02
8.555069576474538806e-02
9.765528423114933076e-02
5.918623327258254463e-02
7.911123396657715467e-02
7.248976198474954558e-02
-1.261599485362241424e-02
8.658757762491031684e-02
3.673936616229100949e-02
9.213663721146936325e-02
-2.423347310887047357e-02
6.927706191853344464e-02
3.271482601711195315e-02
5.230731127240151324e-02
6.848916894065437688e-02
5.115820992041397730e-02
1.422896503067194729e-02
9.892690627944977777e-02
-5.507393745927124939e-04
1.093219034074115470e-01
9.039630025084299803e-02
2.937170407702804908e-02
5.632674447614949287e-02
7.814539512729856696e-02
2.959703905514121658e-02
1.067928305627545704e-01
5.010295415317056467e-02
8.976753427397365925e-02
6.599037638936433581e-03
1.227833405861367133e-01
4.328483978927533116e-02
1.336696039478635356e-02
6.418339762970681761e-02
1.289231283214586909e-02
7.961168931286710659e-02
3.424022359225897816e-02
5.540846213216843452e-02
7.435077409470425280e-02
3.387052201982676536e-02
3.910987839772683827e-02
6.510239571075837617e-02
2.733988219487448745e-02
7.672009364583542990e-02
4.223609775518433196e-02
1.307647508908966749e-01
9.759262038456473221e-02
9.540270201222122992e-02
9.511167681229659721e-02
2.165092745869179325e-02
-2.638613686924351498e-02
1.295768285329703673e-01
1.110960769936428783e-01
8.789783171063580980e-02
3.029007469153421894e-02
1.818756157684255914e-01
1.692086340120853016e-01
-1.292470129368950005e-02
5.160882139451627992e-02
1.264004031240235637e-01
1.895604538548207874e-01
4.334915669199790322e-02
-3.482331809467109629e-02
2.066441438991239998e-02
2.612601653372137456e-02
3.773635312741330239e-02
1.952844025364464109e-02
6.543049839701597925e-02
3.490958740449534581e-02
1.297731248551592387e-02
6.109559440465717195e-02
1.074810280663163198e-02
1.908242131293524935e-02
-3.655016599176508230e-02
2.861009708458883694e-02
4.433191382879364539e-02
7.384366872116188141e-02
-2.838541165978614167e-02
3.847985840631040766e-02
1.710706939543138461e-02
9.091531081760262367e-02
2.026976724027740318e-03
-1.092108297818139562e-02
1.125959645389418284e-02
4.300149436763223143e-02
-5.226483696276762458e-04
4.236565380610168852e-02
2.132394522953373617e-02
6.403223304555205608e-02
5.672774638997712948e-02
5.983028791269662250e-02
4.411223910966599604e-03
1.081115563463765916e-01
2.240333385765858054e-02
5.249247493880493387e-02
2.559674912349096942e-02
5.096410362985004383e-02
5.087578841240625316e-02
-1.831722303115723705e-02
1.114746068776937271e-01
6.858791913341821811e-03
6.520464700353012510e-02
1.129527856066525615e-02
1.102998244397834782e-02
1.451919264119974073e-01
-1.407945222028761378e-02
3.511195614517781394e-02
3.142996690180321906e-02
5.873061958857528353e-02
1.067732774216656466e-01
4.050217359876162604e-02
2.007786618999096717e-02
3.628239293026824797e-02
4.599327320279122944e-02
7.300415342200183844e-02
2.584884428279776714e-02
7.395087565699887122e-02
9.036612066974480939e-03
9.139694757339267284e-02
8.256276758327629750e-03
1.253228413381002326e-02
6.311081264851603478e-02
6.248494837578677519e-02
3.635711760715798491e-02
5.712979338704204935e-02
1.130276397669547350e-01
2.858448892477305492e-02
2.365929562754498505e-02
1.102778028456792292e-01
5.897638104262892256e-02
3.156811344876819803e-02
1.249539244221287149e-02
1.373857196349792531e-01
4.347823809403461581e-03
8.083807659213704255e-02
2.499947485137932190e-02
8.600366395922787177e-02
4.415467998587629950e-02
5.724933153575406664e-02
9.337699990967918140e-02
3.202824652503633018e-02
8.509976029104393547e-02
1.237275879238324272e-01
2.471705092917941826e-02
8.860059282429633143e-02
4.036213854774528542e-02
7.304215147895209981e-02
3.090228074992529272e-02
6.007576246917478713e-02
4.417057464657725419e-02
6.104920886110232203e-02
5.764536808785480915e-02
1.065610289984619818e-01
5.992152595451605279e-02
4.065341207137596058e-02
7.127806366083833112e-02
7.014194028050813046e-02
7.430658248008548128e-02
8.133114088836368438e-02
1.024707097951473855e-01
9.832677582340965117e-02
7.203531536810681146e-02
1.017647624971012021e-01
7.413798955676709213e-02
1.606290916604065089e-01
4.071927782780937477e-02
6.564638237264630583e-02
9.675391845263181523e-02
6.571050644219411652e-02
4.354947253494256820e-02
7.146747822810706197e-02
3.926460095349559865e-02
4.048016075502158806e-02
1.155191103951467291e-01
3.487510620402667350e-02
8.749496621182273337e-02
3.999137878104797039e-02
8.210082974442189929e-02
6.762288167053664978e-02
3.147768318028143497e-02
4.399750560714221770e-02
4.275191795592581112e-02
4.578849817683350309e-02
1.393076730247977402e-02
5.035467674256710602e-02
-2.429963045996785809e-02
2.806426200965461693e-02
1.388129714443919749e-02
4.900838820375164051e-02
-1.504786040503747202e-02
3.485825582508406129e-02
-1.478224514246706534e-02
-8.409322187268308824e-04
1.302834803533992059e-02
4.519794694515577582e-02
-7.134723538667253617e-02
4.960585515765247866e-02
1.826617495878146702e-02
1.942997032597781892e-02
-4.719055515893322283e-02
4.206124504411046239e-02
-5.379427977935558047e-03
-1.550253241264343274e-03
4.599696665966757081e-02
-1.093161091165417709e-02
3.874453423890811266e-03
-3.400513414327277495e-02
-1.955680474535292923e-02
5.205546825762907837e-02
1.851481497259421793e-02
-1.158020498393197428e-03
4.719534474975217719e-02
5.917798657547823638e-02
1.933624200742589672e-02
5.754854527374098083e-02
-2.339044786388022601e-03
3.807922061636981326e-02
4.408803219767443160e-02
4.277446858080313774e-02
-2.181064575417002160e-02
9.164334701814036421e-02
1.112190890989994685e-02
5.725337888331694103e-02
5.700948111304127153e-02
4.313599568954451513e-02
5.362471325982154369e-02
5.052789509047128647e-02
5.819233231253484462e-02
4.501937210528694777e-02
8.202537330057602105e-04
6.211694568990688836e-02
9.843772121563798549e-02
2.951733196341388421e-02
5.014112351070298956e-02
5.982785448351979340e-02
6.128138288368312203e-02
5.584943791152552350e-02
7.032815388751156860e-02
6.229687005114081799e-02
5.362832963837638189e-02
3.720817888415428598e-02
1.082666316896081504e-01
7.077547596468569679e-02
3.836334373858996116e-02
6.054012050741830464e-02
9.579511447093613796e-02
6.431070750399525693e-02
4.566686951469201006e-02
8.116405956091599094e-02
9.685063044039177171e-02
3.158813192012166482e-02
3.451155692489749072e-02
1.462879234776353066e-01
7.495533447244717706e-02
6.603409438180829483e-02
6.249572459153052151e-02
7.808128209225806415e-02
1.051055073878739421e-01
1.024849631299167285e-01
2.467614585656363602e-03
8.967270055954346120e-02
6.400630254755501625e-02
6.253180820320336508e-02
1.065522348081544557e-01
3.948695103651767013e-02
8.507261386897679856e-02
9.160833782050747942e-02
2.054250827998105322e-02
1.120962325038119545e-01
3.244055359141517769e-02
1.022684792774719575e-01
5.415671653892895065e-02
2.965736726676215795e-02
8.526728553365581220e-02
4.883706174481927675e-02
5.585711375854041094e-02
1.279697291209651588e-01
4.800942243505534890e-02
7.703789351533041341e-02
5.168537133539485851e-02
1.198315344374805136e-01
1.499056836743895005e-02
8.167840890591815395e-02
9.046063778727209126e-02
1.033727696193706969e-01
1.383271388845215277e-01
1.050004681323892797e-01
1.103001840514314935e-01
1.046675938163597053e-01
5.645678796331621285e-02
2.688885075764524402e-02
1.379465541407052243e-01
1.195302545748546663e-01
-9.656916501714518652e-02
1.590684994703832622e-01
2.056477192144035016e-02
6.692670342737194744e-02
2.346326740007631528e-02
8.267420565858607517e-02
1.938797206075326685e-02
5.834668470847548249e-02
6.310512350094921175e-02
6.317049637663796346e-02
4.009330278162615002e-02
2.754815118213516101e-02
7.230549697014465593e-02
7.071890968447736014e-03
9.048016034705508304e-02
2.178746419997468209e-02
3.637234133172473349e-02
7.648730942858827930e-02
4.166685700967054373e-02
6.909296550389809610e-02
7.606035841860414592e-02
4.610388741883886254e-02
3.861558730573255716e-02
6.633610299371417440e-02
3.681512969221412135e-02
8.163642342607646540e-02
4.887895590804358648e-02
5.746015169969931335e-02
8.085950092925608956e-02
9.327462860901913899e-02
8.972230672561387621e-02
-8.986684936057365292e-03
1.127900480864862942e-01
8.820284812671763675e-02
5.515562662597606192e-02
5.494045115073387109e-02
1.091220040434950356e-01
4.624327070387179717e-02
4.090802887542510646e-02
1.624746357514528228e-03
8.475153524963996432e-02
1.504530900107559077e-02
9.556441510594604338e-02
2.338023181318549248e-02
7.182457897055627427e-02
9.430227391431955652e-03
7.524435672650797713e-02
5.970437306387843535e-02
-2.652181369955375345e-02
9.893542129033239263e-02
6.803150913523170473e-02
7.068869191458970747e-02
2.166189155089437435e-02
9.225886510632541615e-02
5.044541153288850666e-02
6.705114511273757572e-02
3.499699249190157957e-02
7.576335215453111616e-02
8.977537890251774400e-02
6.289687924208253733e-02
-1.448695797413712683e-02
9.140042896175470943e-02
2.654327150829782767e-02
5.683507476598537167e-02
-2.998396311468365383e-03
9.339852533863668427e-02
3.521962812096290918e-02
9.619717040319297752e-02
2.436002811957838077e-02
1.575929956731543236e-01
1.828095006198360295e-02
7.654737958360779970e-02
8.077405888411259838e-02
1.482722065044117521e-01
-4.914523507291157500e-04
1.104173521640090527e-01
3.213611415252426440e-02
1.024282215107108485e-01
1.167463369550847396e-01
6.756228626354410238e-02
8.520377768503495375e-02
5.969172968252767220e-02
1.116087000787149286e-01
3.244723575665631188e-03
5.097621861768786289e-02
7.470097863675162486e-02
1.038522988928352042e-01
8.319950007780274603e-02
1.047333396613927547e-01
3.717466456792317686e-02
7.130290678274109339e-02
7.659626179064815688e-02
6.802155786661945314e-02
8.709923760854820785e-02
8.385108352010295363e-02
2.822524654880309569e-02
7.077915815309454572e-02
6.177579038017988466e-02
8.577779733106583038e-02
9.426825625278123510e-02
1.056620560139753806e-01
6.504984984791439828e-02
1.284214322931243046e-02
9.022391611089197738e-02
4.941200928542199833e-02
7.800198342763664527e-02
4.617814945135334526e-02
1.058562278498014209e-01
7.784813543555202386e-02
6.040441762497694711e-02
9.699206097456558595e-02
8.756188408640630527e-02
7.893205093444644049e-02
1.214939684989442270e-01
6.684263196603179580e-02
1.193042638277961309e-01
6.126503908084979244e-02
1.267445790970058717e-01
9.217514105377988543e-02
1.043612086102774228e-01
7.329017993866182579e-02
2.407295221446315026e-02
7.979410583732082785e-03
1.473372374440802268e-01
1.463488499748089033e-02
1.475349171097255496e-01
-9.609797683651555289e-03
6.694849091521248852e-02
8.820417944111591524e-02
-6.870523981437504091e-03
-1.272437256978564690e-02
1.077095144171129615e-01
1.096830236237986700e-01
2.437581994251414308e-02
1.535184996554050940e-02
8.854124269694607641e-02
1.250431664839317669e-01
7.932499439165252575e-02
9.983289560616470659e-02
1.350452706982252504e-01
-6.821466129412323554e-02
1.531372600199731870e-02
7.681570670813320234e-02
-2.010701527751734830e-03
8.390107456239714878e-02
5.075028041004503443e-02
3.795826748179442767e-02
1.838514252450462738e-01
-3.702005935310492823e-02
6.640822234458410023e-02
6.571321913573013873e-02
1.495446777070539301e-01
-2.734798962085460694e-02
3.253543080818910305e-02
3.838333813182415177e-02
-4.729855167559837703e-02
4.298032035017840258e-02
5.067893980080118155e-02
2.440406695597641118e-03
5.385626766537754406e-02
1.006401086920534205e-01
9.743031623018705289e-03
5.200116572067781107e-02
3.637560100000181151e-02
6.640136211307545722e-03
5.269183071169569743e-02
5.909745419974443692e-02
5.984619022509907182e-02
8.389874984913303635e-02
7.912476029469051042e-02
4.567693205910172694e-02
1.097527277516605615e-01
1.226236914527398802e-01
8.502354722513771890e-02
1.220647715572100722e-01
4.002950612746758452e-02
4.765230856298874329e-02
5.561275162013279427e-02
2.771701938608517324e-02
1.011495297368161239e-01
5.391256905432628699e-02
8.812736801416143351e-02
1.237673015842779556e-01
6.872574273173004400e-03
1.050841532958557423e-01
6.108896858907364447e-02
1.173814189013175913e-01
4.514791806841778055e-02
8.661535739484937935e-02
8.648345443706917379e-02
5.975392911796628681e-02
8.145087798182482075e-02
1.191465452432227679e-02
7.358160260922463891e-02
9.585930245368778913e-02
7.467152209016925113e-02
1.035937890823492857e-01
7.826257983441697874e-02
3.879560902919099163e-02
7.948277125697567058e-02
8.268697917144951504e-02
9.101390480742210798e-02
6.619190580997402762e-02
1.216059377618226023e-01
5.204847649613153493e-02
1.078274108796026809e-01
4.310181142905600282e-02
4.914919590317712306e-02
9.628497395818480520e-02
8.051025243473897142e-02
2.033894468741714867e-02
2.358726390803567163e-02
4.874796478997156512e-02
1.073275617862448073e-01
1.823203408682627646e-02
8.745606300258712551e-02
8.422916111445011289e-02
1.794615826038659101e-02
-9.001911974799714500e-03
1.057803565878900898e-01
1.355864078984625465e-02
2.688331837803792368e-02
4.792439468240816680e-02
1.275608022959020538e-01
8.005216741237886069e-02
1.685671307443725730e-02
1.395661850405625071e-01
-8.043699760098288465e-02
7.180904097891760429e-02
6.594904224635111945e-02
3.126724748008968824e-02
7.369505738400672357e-03
1.049684207150185511e-01
6.398681647912018988e-03
5.114969009556502577e-02
9.805606919554987755e-02
1.123134897738353732e-01
-2.149503528642071615e-03
6.060097029199518204e-03
-1.318637225519392331e-03
7.569001746119918828e-02
2.886126240616149197e-02
4.623889744648823630e-02
2.675945555339387383e-02
6.029857023154461260e-02
6.203116931787722166e-02
-1.346427958016604975e-02
5.319039357198018791e-02
3.752230149741953014e-02
2.102703531371918899e-02
4.466895173611318270e-02
2.817189610444792436e-02
7.565079640055927257e-03
6.649627173961691895e-02
3.549340793917288295e-02
8.264148226484113735e-02
3.163069236299742570e-02
4.062035445566314351e-02
4.865788265122228395e-02
9.299728184045008561e-02
3.588463705419187022e-02
6.467513550349712759e-02
6.841306950055470182e-02
5.031421537782510001e-02
5.620923125783505725e-02
7.762686977204324990e-02
4.254049605971887971e-02
9.707381199451869946e-02
7.802972169791999590e-02
6.646684526803170456e-03
9.029836616142983274e-02
6.675442043813095694e-02
2.764909744244414824e-02
6.336487751142128033e-02
8.286651897770891395e-02
7.415725871238176836e-02
5.990322858215257895e-02
7.608211390440366984e-02
5.721053271993881140e-02
5.243474785720181330e-02
4.162579505111230205e-02
9.031143397519181271e-02
2.998994943450949968e-02
9.666071880792714843e-02
3.472669655148941104e-02
3.764244305506925237e-02
1.197339824838610234e-01
1.701307250508987678e-02
5.656656775780666280e-02
2.397131743456304420e-02
7.720903414900881501e-02
2.265506628683366941e-02
7.814329799868957593e-02
6.918122816537142228e-04
7.386128104712419429e-02
3.782937779527051347e-02
2.374542784632893699e-02
5.547423831446618436e-02
2.196987152207507954e-02
2.633570787391592560e-02
7.474160229528048482e-02
1.558174910999321483e-02
5.334614528923875554e-02
7.222376704184951812e-02
2.984422438254186183e-02
5.605460379860138787e-02
3.180675498770235698e-02
7.090658321436893452e-02
-7.550145671643138101e-03
5.634582579954461323e-02
4.625511307104379632e-02
4.922016669909368147e-02
7.083616027655947889e-02
9.103536061493366915e-02
3.174572419537069479e-02
5.406628137578151083e-02
1.027826231618567121e-01
-3.580925997123562965e-02
1.158074379965274847e-01
2.526626365824413689e-02
1.010775721452494835e-01
2.665136662025058278e-02
6.152125371844463508e-02
1.113443602195340887e-02
2.456863473664339104e-02
1.138075392898865168e-01
3.658990800764594375e-02
8.945809464629594920e-02
2.426622807734113429e-02
7.149995086187876936e-02
1.631706629847684553e-03
8.098009920440674136e-02
3.682495819742070964e-02
5.072148792318698085e-02
3.557303702755465480e-02
6.809748820872552066e-02
4.488956568799973290e-02
3.318414423840154726e-02
3.663002404845738802e-02
2.682564395763975540e-02
1.428014119291720618e-02
7.778593520694276897e-02
3.192439844467731547e-02
5.246732444383672700e-03
2.463928175346730143e-02
3.603365091143673204e-02
1.289141408433369662e-02
1.308235007332703148e-02
9.172520209496770605e-03
3.806824303775369067e-02
5.334821995958294316e-02
1.019032250889821967e-01
7.108754546119255835e-02
7.495890772422564297e-02
5.679727410400947640e-02
9.675872093466653112e-03
3.793946810872861342e-02
9.059919830669671548e-02
8.556546298044809262e-03
1.174211168369301284e-01
8.883226803247845638e-02
-5.155548027703238390e-03
1.097701767684997609e-01
-1.887584950019993713e-02
9.846312783532895629e-02
4.179400700551072489e-02
1.073124539361982599e-01
1.341902013144840033e-01
3.640995383666489893e-02
2.008084517744301856e-02
-1.347501030126529997e-02
1.050313170765677651e-01
3.935579632502239633e-02
7.553221128852949384e-02
4.083858153761843468e-02
4.418140164801886982e-02
6.514206078369877417e-02
5.031740753290647739e-02
8.969792639786411392e-02
2.824323540916329200e-02
5.583395461191531517e-02
4.572094303982998653e-02
8.813120912396987805e-02
1.164014430002024980e-03
1.220550397349113858e-01
2.190998911067620902e-02
2.006244769187004451e-02
4.493435766965458988e-02
5.879104461153761285e-02
3.230519676363430293e-02
7.858248653384602989e-02
2.704782433557539889e-03
7.461534881274589637e-02
4.074872613641744579e-02
2.370483907561782289e-02
5.616467324861984522e-02
7.745896114161388013e-02
5.311156952652051899e-03
5.162967429457410162e-02
5.752007597101060909e-02
8.280567020387374910e-02
5.680876183044958339e-02
6.859561988133577870e-02
-3.107225262057200510e-03
1.246487998528797991e-01
1.641111790148741534e-02
-3.182436205344374436e-02
4.343208504712325890e-02
8.176713228167953318e-02
6.873085367675346724e-02
8.417664306102756733e-02
6.045044752719652692e-02
9.969687850283692754e-02
-1.189319419871148753e-02
8.957927038499002848e-02
1.344101665216381747e-01
-3.265460856164104086e-02
1.389542759703106256e-01
-1.870691341150232390e-02
1.208443141852288960e-01
7.541080434469149552e-02
-2.744896161574139626e-02
1.429916633852110763e-01
9.454328054162886019e-02
-1.738055289602513653e-02
5.834925380405087125e-02
5.458750728258676688e-02
2.224606719224242468e-02
6.549649658843392785e-02
-1.246112632775808748e-02
5.546656933148685908e-02
8.326084987585291586e-02
5.698451110955637944e-02
7.761343924894736901e-02
7.260228661739231981e-02
1.998822067483363440e-02
4.698650642191148918e-02
4.673032223056772239e-02
9.070965435541955557e-02
1.675878918615580915e-02
9.241920962576832821e-02
2.374315747981059488e-02
8.541849638056353555e-02
3.738157397687258410e-02
3.993183586271875640e-02
4.201816088742038602e-02
6.183679839931022215e-02
9.219607310009880763e-02
7.125917568881323660e-02
5.717604689039523791e-02
8.843304756561565227e-02
7.503444710884243918e-02
7.549671059833862330e-02
8.881733570965222313e-02
9.937838200596837979e-02
3.152883732412226081e-02
7.507769792221719030e-02
1.120301216463910343e-01
3.720822367268272757e-02
7.733067822088468546e-02
1.224224610545858738e-01
6.096710045621511753e-02
6.651750189516869582e-02
8.677063149591557334e-02
9.515953337818139346e-02
8.929635844066474704e-03
1.308906589595757453e-01
1.725481061340383704e-02
5.966532540452540445e-02
8.935702759217445390e-02
8.293729863478827014e-02
3.808537999377037409e-02
8.858828587555800382e-02
1.244352473016334670e-01
8.421036563333350600e-02
4.247769793380706815e-02
1.230601904271120262e-01
1.773913136336702223e-02
8.562627615065743214e-02
6.131603993782075435e-02
2.046146095628254002e-02
9.943334342450782515e-02
1.164607658751770636e-01
1.094254896944013566e-01
1.712851218065569725e-02
7.080489715446613985e-02
1.027817878886305714e-01
6.597643902780347958e-02
1.075315666473244391e-01
1.211162909049918746e-01
1.077601621452295433e-02
1.106354428837055259e-01
4.514214848879394282e-02
1.221785057043986988e-01
7.337497881279597678e-02
8.596340480190889366e-02
1.166100242562140288e-01
1.118047636731440697e-01
1.135796599564993237e-01
5.073131411851550254e-02
8.741563261642948390e-02
9.705659520082221547e-02
9.219980099390401307e-02
1.520759705814800355e-02
8.043111874415664886e-02
5.389337824832995949e-02
8.815462480179792060e-02
-1.928360259269901178e-03
2.437866841146796304e-02
7.666987618000509208e-02
1.964861846487964137e-02
9.010126282146568855e-02
1.645933289950241019e-02
3.347711304235145846e-02
9.311418810947991176e-02
5.959266210682989673e-02
7.935473069544562996e-02
-7.628529276076068122e-02
1.049588170305779666e-01
1.342822444740174870e-01
9.595004531888817745e-02
6.505792365564788682e-02
6.921903905701709547e-02
6.730812430877519681e-02
-3.496268330914231726e-02
1.108135659198887790e-01
-5.706747391458044660e-02
7.331841582341747099e-02
5.695210375188741736e-02
-1.432552791317154295e-02
3.975018492254300817e-02
1.330298921673946921e-01
3.634052667350795573e-02
4.278389341761545950e-02
7.836386917551863007e-02
8.480787341037121507e-02
-2.204030035453952152e-02
6.348767733287230541e-02
3.126010504193166284e-02
3.073784624908570962e-02
3.973784329243867930e-02
2.570617507128059032e-02
5.608593869916189689e-02
5.699805630386256539e-02
6.831620042252417591e-02
-1.388915203938001497e-02
2.067148315687372673e-02
8.350263348157982435e-02
3.862885744941113586e-02
1.216116466743137892e-01
3.640357278639605454e-02
5.725296604456220351e-02
1.408445424810289559e-01
1.549577259106937888e-01
1.151984335948315064e-01
6.287086564667365707e-03
1.011661182013399163e-01
1.743543653315069442e-01
3.115915663316570772e-02
8.053194660164830765e-02
7.355240888338832050e-02
7.114643635181394643e-02
7.442035867096929991e-02
4.662222195188281404e-02
2.017763120253364129e-01
8.375550778644269556e-02
9.709311801933173669e-02
7.203389630600121052e-02
7.938958202932688835e-02
9.416817557988821363e-02
5.300579496331980778e-02
6.838280118294948196e-02
6.000551494693784349e-02
9.741839712706168442e-02
6.750621923466848529e-02
1.036136181692679514e-01
9.184700257466005269e-02
4.986743568057461218e-02
6.968971648251942597e-02
5.880470366029699747e-02
1.420970076486329781e-01
2.419415599914387371e-02
9.060821979909494672e-02
8.011897195052997134e-02
1.599523818598758140e-02
1.037428856390532061e-02
5.580976013060112706e-02
8.843939267547717975e-02
3.125823977174535528e-02
5.854959717006202879e-02
5.768422418961050013e-02
5.569526902353016951e-02
7.763735980183472662e-02
-1.181998830553299129e-02
6.403961055252782586e-02
4.102460535388674501e-02
1.332126091564278525e-02
9.556708685473758180e-02
5.767474187458843105e-02
1.231802793481895364e-01
-4.891803491332114007e-02
9.562458794680939178e-02
7.655114367691018273e-02
4.102123673905833101e-02
6.431875444443058143e-02
6.920873208356592698e-02
1.542306832635320646e-02
9.840482716717158240e-02
3.027956208380677694e-02
5.359912365157804004e-02
8.492926783753684816e-02
5.913970699283321864e-02
2.842109377918156099e-02
1.359300747942082666e-02
1.171482390580314004e-01
6.814832127087155911e-02
5.736118046620664046e-02
5.218821991496858104e-02
9.893317432484494134e-02
6.396304151915543912e-02
1.850617927228181969e-02
7.513176974766411220e-02
9.212447061295891970e-02
3.851567173698455804e-02
4.148031329969903425e-02
5.115908611351160928e-02
9.263375475210278154e-02
1.549544975265821911e-01
9.382431314322481342e-03
3.491986723562146011e-02
6.835635867978684388e-02
1.008689999894811784e-01
-5.411028909095172423e-03
6.646533344969274282e-02
4.178846808220360032e-02
5.335595036011087089e-02
1.321013975521312389e-02
2.766609770881300889e-02
7.552513829387486055e-04
9.019670466836959832e-02
4.253796531092035593e-02
4.350288439099747606e-02
6.740536332599944558e-02
8.567042074797770468e-02
6.195372630986462070e-03
8.338641963210235986e-02
4.265906388021800666e-02
6.008086388972655456e-02
5.080291598101061012e-02
1.191398868542394851e-01
4.126768243183809304e-02
8.124295234165890278e-02
1.424109711839367520e-01
1.128258319709565249e-01
3.230487724026476215e-02
5.059301615993616608e-02
4.542490954586986263e-02
5.062075967457779768e-02
6.924173278723477765e-02
-2.488472028090749077e-02
5.941405369838648198e-02
4.653514960263205325e-02
8.190843636384981252e-02
7.302950870809787887e-02
3.103773168662460336e-02
1.159160551252034210e-01
4.415583186628779799e-02
5.462055130432608152e-02
8.795510953328289361e-02
5.469668065323896045e-02
4.805110745998941724e-02
4.304911001112721181e-02
2.858091854086852734e-02
7.909164249650713074e-02
6.382953591885520694e-02
2.517977031161944268e-02
4.386076519973203247e-02
4.441638250636703589e-03
5.641813973124998327e-02
4.852023336637589779e-02
5.435598195056590143e-02
4.469929270034089797e-03
6.354161347078024491e-02
-4.082362379972259703e-02
3.545289376366156375e-02
4.100318072212250087e-02
-1.431169086653083511e-02
8.615806540111314860e-02
-3.231372658118036867e-02
4.645443944792360114e-02
1.483166900016241740e-02
-4.327406573393144384e-03
8.001616027069369252e-02
2.233548212331504246e-02
3.674296664011089675e-02
-4.285134809531720990e-02
-1.998559850772485547e-02
6.714834670787439563e-02
-2.217451877969223162e-02
2.940819373741732079e-02
6.457280479901772452e-02
-2.983061873885795023e-02
4.547613194346800114e-02
1.160881550021115594e-01
7.802925854940290229e-02
2.585636638111044050e-02
7.601486952360736460e-02
6.520454068411241089e-02
8.636602543364668705e-02
3.449905118870755238e-02
4.936228980995993609e-02
3.593879852625758708e-02
2.529591616587922864e-02
1.826019670775580472e-02
1.106229911086811235e-01
1.727432940466933076e-02
2.945759528300784247e-02
2.308226774652766267e-02
1.034480195135456526e-02
2.307092551350309328e-02
1.248829546846195182e-01
2.078653675434227743e-02
7.274907263072227792e-02
1.858748496553763729e-02
2.325323630981435130e-02
5.932150538738933943e-02
4.476714091207223412e-02
7.358294027567569007e-02
-2.468860082304291659e-03
3.119581470085641683e-02
3.447200269841788067e-02
4.519544545717302242e-02
6.047305587426887730e-02
1.098720346809378690e-02
5.401894534276263649e-02
-3.895832021929729327e-02
4.026371513440185623e-02
5.682618428795072063e-02
4.656588876133233024e-02
7.237894453214016588e-03
-3.327296261881079742e-03
5.043145712549419735e-02
-1.472322478568918735e-02
1.017422098388497120e-02
1.301258071600058797e-02
5.136558844184953114e-03
-1.769234302215093313e-02
1.769530124907819912e-02
-2.490958352155531533e-02
2.273847497810654178e-02
-8.792166336845404565e-03
6.552523968339616159e-03
-6.367205654051412769e-03
-1.360909458018487624e-02
-4.735198799012798124e-03
2.296415691401581388e-02
2.382254461873393146e-03
-5.393689226008827227e-03
9.952526854459776973e-03
-6.739475484858429427e-03
-2.443207123774418510e-02
2.355299827655526340e-02
-2.716202176982087865e-03
4.628504098790267064e-03
1.750483207327931806e-02
-6.349961719632466785e-03
-1.644497902324640760e-03
-3.293417316824027996e-02
