-1.254489350225149735e+00
5.055322070282493030e-01
2.052867424776955829e+00
4.054502885033226534e+00
6.322240358132052762e+00
6.259156651708327246e+00
8.472400324977641617e+00
2.991321576982129749e+00
1.398464947320474439e+00
-2.634560029829303707e-01
9.336712905350513791e-01
-5.832474357336199233e-01
-2.888377318472183930e+00
-4.265140666563808303e+00
-1.611835616905453072e+00
-4.948600163031482424e-01
-2.058098587123543766e+00
-2.748757191544914491e+00
9.759739791533750264e-01
-5.532504264056466781e+00
-3.049778988527187096e+00
-2.495701164305156539e+00
-3.950619291038091063e+00
-1.166550046139516184e+00
5.042667045059445741e-02
-1.610779949042360215e-01
2.359268556994475574e+00
1.055719681004752886e+00
6.171436698962793344e+00
7.167854035963470594e+00
-7.817654501205844042e-01
1.550708108414797337e+00
2.608012765544843958e+00
1.631739331933132142e+00
3.846136798929985723e+00
4.612147933148051493e+00
2.807483555052321389e-01
1.164048853331098199e+00
1.193376238585519111e+00
1.992764199956267746e+00
2.423164514382060375e+00
1.452764851568453253e+00
1.093912383498656382e+00
9.681816284734772182e-01
8.024625137177032741e-01
3.372317829069064743e-01
1.017700918370092467e+00
2.468784822606821194e+00
2.452499204829230450e-01
2.272557985804205316e+00
2.338727685389983435e+00
4.514924258930577139e-01
-3.864878333808583477e-01
3.289587336349200086e-01
-1.192279219008490543e+00
3.229421710424240644e-01
2.236045007755222969e-01
-1.021936726273011686e-01
-7.398162556468150797e-01
-2.651537961637426832e+00
-9.816403507817774710e-01
-1.600472717239233233e+00
4.188648236265919422e-01
3.875737922087427734e-01
-1.750612335126398023e-01
1.776143782284677286e+00
3.016561565250412968e-01
3.269012785458471626e-01
-2.776566726955920217e-01
-1.014033185745191190e-01
9.122000345617955475e-01
-5.189563162521295681e-01
5.411205895351045569e-01
-1.690553134327750229e-01
6.361851053491562880e-01
-1.722773008830539965e+00
-8.131019227587295006e-01
-6.591879096763548773e-01
-7.086643651792190468e-01
5.985337779619452903e-01
7.799121795516263944e-01
9.536789663364650949e-01
-4.112582938313700254e-01
6.105774095331568674e-01
-1.527866800881412246e-01
-3.698596055080187739e-01
-2.626256965195226556e+00
-4.240006453073021930e-01
-4.693199621659314147e-01
1.344524942923882804e+00
5.794989215031822738e-01
-2.662210050596947042e-02
-5.014366390187579015e-01
-3.439393590404487000e+00
3.113884444581369593e-01
1.251654568712325499e+00
2.178398939778828591e+00
1.895647865285909006e+00
7.293077301932200385e-01
1.644478719674989264e+00
1.656890236326745480e+00
4.368534255854779502e+00
3.115180586085841696e-03
-2.697576492415123539e-01
-3.110436717975950671e-01
8.374213097926741511e-02
5.213188830253017159e-01
9.684637054039662019e-01
1.213216223906140812e+00
1.962842756943317113e-02
-2.601158930004991987e-01
-4.613624121501942454e-01
-9.678474661966447457e-01
-3.050294996532908698e+00
-3.801859130974833079e+00
-6.629770711373486947e+00
-1.622503631555074932e+00
-1.032366934990019303e+00
-2.620292373840406697e+00
-7.216026379792680245e+00
-4.931124932993625087e+00
-2.166019240968595660e+00
-1.072480219261392698e+00
-3.803171908953710378e+00
-2.674386432913497202e+00
-3.467354694737009524e+00
-4.040502173011926601e+00
-2.897395904290114288e+00
-1.322219645647649600e+00
-3.168761882497868498e+00
-5.903175224938571830e+00
-3.284117627548447160e+00
-4.188512253680514164e+00
-1.267976978725833703e+00
-1.150219785758388014e+00
-1.492102325054460721e-01
-7.433190283500437090e-01
1.081309531796257772e+00
6.609970770604753909e+00
1.361789524000633023e+01
3.476359142878848729e+00
3.197725807250368035e+00
3.343194169883560107e+00
2.170454193254784059e+00
3.992647041183861489e+00
-1.577641699319105584e-01
2.799862411847326982e-01
-1.163658485818861443e+00
1.349213815600549538e-01
4.037591873567318856e-01
4.689364559182074288e-02
8.735627249878241685e-01
2.379252740301288860e+00
4.417129596670195113e-01
-7.466607123985191663e-02
7.171547614368805057e-01
2.737576997441100168e-01
-9.753682946666719644e-02
1.910221568352081789e-01
-1.118276118361052340e-01
4.054829846759351319e-01
-1.946627243420597786e-01
2.938289882912914486e-01
-2.671017145939020843e-01
2.022362726290043433e-01
-8.547050567128988696e-01
-4.838084098560733182e-01
5.500422287114838937e-01
1.155966942477792969e+00
9.019875201505027640e-01
1.906208272425346406e+00
2.060507596147125753e+00
2.986882626601649271e+00
3.807216119020925049e+00
2.341520860385312375e+00
-2.569313505676957377e+00
-3.770362454401777086e+00
-4.457896880726963218e+00
3.980317524351207337e-01
6.012472762161187312e-01
-4.708125079433800764e+00
-1.036234051740323903e+00
1.025868732527127847e+00
2.661427740615375015e+00
1.657070218082639990e+00
-2.183795916709929674e-02
1.415653147155644387e-01
-1.094157021965415533e+00
-1.886107171486824940e+00
1.520806816848963017e-01
2.675861652912692179e-02
2.309655171661009199e-01
6.870149366908240296e-02
2.441263217495213134e-01
3.073164968997588176e-01
2.720087971504627777e-01
5.234071022992086153e-01
1.258341231408419469e+00
2.360030856971533808e+00
7.384756505529878723e+00
1.205754794250473871e+01
1.360933129511035489e+01
9.404218048311157929e+00
6.602059806443840273e+00
9.229080267536822646e+00
7.166486458055771891e+00
3.806789073804466739e+00
4.045903803605796156e+00
6.439108451465614280e+00
-2.010832513789040377e+00
-6.906433004933219877e+00
-1.855771144106242332e+00
-3.894534984714496773e+00
-7.376955020012751163e+00
-5.019291248155155927e+00
-1.135100136843298912e+00
-9.730467404574483226e+00
-3.887407790546703268e+00
1.068986342767665576e+00
-3.543226968871806548e-01
8.456887821994030219e-01
3.128274872117955852e+00
3.115423586638357278e-01
-5.175910335636409343e+00
-8.065668878183821278e+00
-5.030506671224543425e+00
-1.308112352522343258e+00
-6.437200719526391168e+00
-4.572919825925660930e+00
-3.342311821910193714e+00
-7.542964695281900056e+00
-5.465721417294422402e+00
-1.444800807319026603e-01
-8.967868693051650464e-02
5.819494546508516830e-01
-8.204942191417550212e-01
1.338444094799100537e-01
1.130537165480222095e+00
1.853699793267491236e+00
2.073605817984849331e-01
8.133524064921626717e-02
-2.525812641017287419e+00
-1.617256205775821298e+00
3.365668777651615873e-01
6.248266435367355598e-03
3.331469559742621378e-01
-2.170865259997079022e-01
6.451177470315301310e-01
4.631719493210790239e-01
1.798325545435882633e+00
6.612683723597012619e-01
-4.799741917576594297e-02
3.757451775583879883e-01
1.813659641567099357e+00
3.195607851108608344e-01
7.176200949258282336e-01
7.001643614168218122e-01
1.255272211113102721e+00
1.683939706545575454e+00
7.522654188463278047e-01
7.758017262967165095e-02
2.020093668844520352e-01
6.948376022234938887e-01
-3.850207519334549744e-01
1.727511285071541280e+00
1.481792848229819271e-01
2.069431256567416000e+00
1.610467663997145138e+00
3.062024049828753647e+00
-1.157817883817312321e+00
-1.762232168151843581e+00
-1.661394273038858671e-01
-8.583562682800813803e-01
-2.948359467062793726e+00
-3.246528442669838199e-01
1.541820010802545937e-01
-1.834449758967426902e-01
4.642547602218023428e-01
-3.541366698187076167e-01
1.382654764023740768e-01
5.664435972636461258e-01
-1.991023883117897242e-01
-2.233483908207389845e-01
5.306441993029036297e-01
-9.012626426365510923e-01
-4.108112531142786850e+00
-7.420231404362500172e+00
-2.018813620365615513e+00
3.658595474817942783e-01
8.392482885628427258e-01
-4.916875553215638295e-02
1.903671556382662278e-01
3.361245204673068976e-03
2.670500663540849029e-01
8.635147029094240034e-01
4.325058257519653893e-02
2.989372790856281714e-01
6.117935135536533009e-01
1.467733640214519131e-01
5.860476193481531926e-01
5.065993677975586529e-01
6.849805457315829571e-01
3.598784118649600572e-01
-4.354748518053903616e-01
6.967196314437442695e-01
-3.080550296268564914e-01
8.275707465569701604e-01
1.837410310136261771e+00
4.638349627374100947e-01
-7.085486252185368983e-02
-2.612558746911251006e-01
1.550050784848488128e+00
1.439926865182039606e+00
5.489101815323067513e-01
-3.288770258793931589e-01
6.822062181479360277e-02
-1.084595560027532102e+00
4.496319202245615543e-01
3.269888102051297096e-01
-1.598080601945758517e+00
2.508957449420901042e-02
-4.591523116791380588e-01
-3.677578704410128019e+00
-7.622431659754784761e-01
8.751382201833024510e-02
8.627206875210635673e-02
3.416210688846117449e-01
2.404834827566695310e-01
-2.616839683232261571e-01
7.171525777892617803e-01
-2.012985947442677670e+00
-4.943617940251968434e+00
-1.629562124164049219e+00
-1.431443769451242076e+00
-1.529433886239545792e+00
-2.639843904438547995e+00
-2.407201813417694680e+00
3.640159988008750958e-01
-2.010118856892688655e-01
2.293004032117771374e-01
2.249943747727840559e-01
4.100420083308176089e-01
-1.202129548096806388e-01
1.166370019044858708e+00
-1.929817302565819404e-01
2.316550071114429343e+00
3.301978121972064528e-01
3.754959429410722471e+00
5.692329414312219171e+00
9.871757952691573301e-02
1.635318497310598307e-01
-1.095153281335053741e+00
-5.899043088656100053e+00
8.278992791843338139e-01
-1.535295222704062823e-01
1.605765783722632900e+00
1.032862607179551473e+00
-1.584875670308480977e-01
2.908182863460266887e-01
-2.337565675463764148e-01
2.031595470028930706e-01
9.647333388720961134e-01
1.907883630914610773e+00
2.069937794622460636e-01
-9.011989089098874084e-01
-2.472832207567047913e+00
-3.483140517564287109e-02
2.475793602631961576e+00
1.082260261941421442e+00
-2.351593981782260645e-01
-4.900111256491124223e-02
5.529896785521914993e-02
-4.473626814613855807e-01
3.470539437225832469e-01
-8.530940795575503444e-02
2.065366518877920221e-02
-1.876213749310737366e+00
-2.122730689375244229e+00
2.260907680648136520e-01
1.193500407739067626e-02
-3.262025299799375944e-01
4.531489360442635395e-01
4.877212529872099189e-01
2.098777305164252649e+00
-1.619110828228901289e-01
-1.927744977977408514e+00
-1.080868611779584043e-01
1.151830024763671467e-01
4.726522490595554959e-01
1.437305889650797308e-01
-2.143056232368418801e-01
3.091051900958334819e-01
-6.484979876127225928e-01
7.247869228892027671e-01
2.830188613160929956e-01
6.088850371054221888e-03
1.025154359651478053e+00
3.909943979935676661e-01
1.194998838498361193e-01
2.021250861887581296e-01
3.021451715447662778e+00
2.261612771471434247e+00
3.285741981094298936e-01
7.666537337470558100e-02
-5.289417662967643707e-02
3.236708704476543019e-01
-1.709413316108312486e-01
2.990989816314804095e+00
4.207206340727296379e+00
8.318272614626378569e+00
1.191073751265805925e+01
1.380069074688253039e+01
1.221030525739920591e+01
3.196218014123708429e+00
8.230913918623272707e-01
3.236682922744236635e+00
-2.910072135919691050e+00
1.993055433442592062e+00
9.849928692554499321e-02
3.047737669816726225e+00
6.689462279611689155e+00
-3.156195016662891817e+00
-9.233839015157627728e-01
-1.044831209502292779e+01
-1.753712792591218772e+01
-2.023513298339731037e+01
-1.210326079628118201e+01
-5.320372302810872256e+00
-1.033116080067192577e+00
-5.846434346017613137e+00
-4.549122062556114621e+00
6.552101789674162902e-01
3.809341956476970381e-01
1.091190892751098485e+00
1.052488900172692698e+00
2.497208669125644320e+00
1.262833902093027927e+00
-1.057268876606207497e+00
-4.795246651859456644e-01
-5.561260860348644641e-01
-3.485054317012903358e-03
-4.099052612170034915e-01
-2.843018100315001018e+00
2.505459679043676946e+00
1.003969617209270027e+00
1.358076742537111414e+00
-2.730210726606454585e-01
-1.230851755848971996e+00
-1.949045015838406947e+00
8.850827743266354020e-02
4.701001922717302772e-01
6.249414709610813246e-01
1.553860723643992303e+00
-2.740602197677619589e-01
-2.662485411101993549e-01
-1.780589851512403010e+00
6.769945137311788042e-01
1.121900671680119421e-01
8.225908089883279262e-01
-3.736047408693091154e-01
5.778383666726401025e-01
4.143151572823094986e-02
-1.024549583625264104e-01
3.187679890068999544e-01
1.458373126835736944e-01
2.406509098319802309e-01
-2.636318195839486567e-01
-2.530250012608581400e-02
-9.809763467601384512e-02
-2.210424172292246858e-02
2.694377162087102651e-02
-2.496599007082236366e-01
1.396645098028519438e-01
2.298416630353575796e-01
-7.034306463996354841e-01
-1.330358979726402602e+00
3.061721332457985056e-01
3.389143495180930721e-01
-3.318759326059073089e-02
6.469173871085367455e-01
-3.470340778984785657e-01
7.719377109126002168e-01
-8.158028107931301065e-01
2.790480566511730487e-01
-3.228071274615695874e-01
1.471845790089619799e-01
4.175012812230730064e-01
1.528180849944163811e+00
3.160708476102840336e+00
5.686579632282703578e+00
5.908405895425818954e+00
8.199125046083668877e+00
8.813772760116485472e+00
8.339197946409768747e+00
6.673552672336356295e+00
9.692544063063955662e+00
4.325111909731340631e+00
-9.386404470677405243e-01
5.663995961601266060e+00
2.780911101449845546e+00
2.665267687628059434e+00
-3.111060740772600752e+00
-4.224730740992114875e+00
-8.374093815003220698e-01
-1.585159422706489352e+00
-6.157007725230592143e+00
7.460308408098086375e-01
-2.105116869332121610e+00
-7.784489294466254705e-01
1.854616895432172896e-01
-7.425557307034125643e+00
-5.538083435134915078e+00
-4.415512961792856572e+00
-6.126985850518529730e+00
-2.308255920262013206e+00
-2.442191723189775843e+00
-4.858405520978603676e+00
-1.868078129453628833e+00
-3.596332572199131050e+00
-2.243253282816224825e+00
-1.591554255923059102e+00
-1.322462260793178856e+00
-1.018928144475278685e+00
-4.265455609380723878e+00
-3.274325670379840680e+00
1.254356192987158281e-01
2.923186970183664357e-01
5.071053658064919034e-01
-5.138321709581910035e-01
1.997085517358083706e-01
2.053633818931559496e-01
-4.518290529910817810e-01
6.717212727514008108e-01
-7.065537132729788894e-01
4.059026294198857521e-01
-1.300879265844046673e+00
-1.881370386440112563e+00
-1.431220607169812364e+00
4.140090177246880110e-02
-1.839110592588750093e+00
-4.626016610049190625e-01
3.564342736442758230e-01
7.021304059532806896e-01
-1.651049503141250874e-01
1.048319518524580385e+00
-3.602065551714166425e-01
2.313440003482645224e-01
2.801395834140660845e-01
1.055218319093715884e+00
1.530978985953427074e+00
8.289435920848241546e-01
1.256988001374807151e+00
-1.195482857067600380e+00
1.802053316646381242e+00
-5.279420278547020118e-01
-2.876224005277889795e-01
4.566844448271885071e-01
-4.932187659564064575e-01
-3.426627080640988421e+00
-4.587068879879697469e+00
-7.808099798650864898e-01
-1.078227375915081332e+00
-3.582918863364419337e-01
5.401337223145761257e-01
2.674152057043039932e+00
1.821576903220098131e+00
7.878270974998604625e-01
2.422616893207619082e+00
3.113323862926035135e-01
-9.522232129485116436e-01
-5.642099319879455566e-01
3.388169233063699215e-01
6.264641947377677100e-01
-4.250029810638807914e-01
1.530104166240464636e-01
1.000868618102330299e+00
1.637818639547393929e+00
8.257964593615283455e-01
8.773755213170053580e-02
-2.006443307078176197e-01
-1.110324174692278731e-02
-2.703891602104120384e+00
-1.647500691981569121e+00
-1.012227747985601223e-01
6.002083491851035735e-01
-3.337816752432204992e-01
-5.606935594550344071e-02
-8.071674588218445967e-01
-1.751661316397678414e+00
1.891850375265583306e+00
-1.465484181225864990e+00
8.558227075532904848e-01
3.999860006811293278e-01
1.826448548434318253e+00
1.203178859881433471e+00
-6.009083546614663041e-01
-5.833198506217825985e-01
-1.985051478978869133e+00
2.212680264205557634e-01
3.616302156757951192e-01
7.380016764927566086e-02
1.283714720425686018e+00
4.320695825512217425e-01
2.111555641469966549e-01
1.164733212238799887e-02
-2.736307189654610950e-01
-7.798631801783146855e-01
1.452379912781157634e-01
4.743743146038465475e-01
-9.049644615511942547e-02
-1.806791201704711358e-01
5.953814957016478893e-01
-1.373011355675322509e+00
3.016212032927045872e-02
-2.805740686849820253e-01
3.028216075636471771e-01
-7.358019802919146812e-02
4.269637698911868395e-01
-5.918276797849115756e-01
7.142049744233132103e-01
1.779967917785648224e+00
-4.825878375688705813e-01
5.143479091429137284e-01
-3.689744219135535630e-01
-8.363849046723567104e-01
-2.214825757786334393e+00
-4.663048756801790873e-02
3.464845902358166807e-01
1.695410342658091540e+00
7.861660866888234844e-01
2.292672734273681900e-01
-8.450500573693732198e-01
3.455758970127053020e-01
-4.888540761911643329e-01
1.522960090466141114e-02
2.799672380289042195e-02
-3.231389843373672632e-01
-7.201373426286228341e-02
-3.555750781780522840e-02
7.643485691177505092e-01
1.076917114275335319e-01
6.212373274772015064e-01
-2.901075487843971512e-01
-5.910049081105912538e-01
-1.491391051803443002e+00
3.933728159323509055e-01
-1.514730717886890177e-01
2.755914559186413149e-01
7.391124374131863295e-02
-2.095551957622098227e-01
-1.159804255423067421e+00
-5.647403969599003037e-01
-1.957973716316363522e-02
7.455762483666201756e-01
3.118750631760225378e-01
6.021580710366827294e-01
8.030040097267623356e-01
1.301239719264384864e-01
1.232730841467511440e-01
-4.257381107977142864e-02
1.323069650377894924e-02
6.832341670441333115e-04
2.992941400171381661e-01
-4.312709427782098204e-01
2.428679586615318242e-01
-7.456285766086478972e-03
4.358392293310661136e-01
-5.401001747335502090e-01
3.215278802232559574e-01
2.223786578155831917e-01
-2.091145330362256249e-01
5.526286906850599312e-01
-2.641387224998179573e-01
1.783161579123693219e-01
-3.720056679989190984e-01
-2.206896734173001695e-01
-4.422297029254288470e-01
-1.035380667567061597e+00
1.656496588478879595e-01
-4.918971037677439817e-01
2.535978262576551456e-01
-7.469396001513145533e-01
-7.306149539591531017e-01
-2.629984742620887772e-01
-2.056007103706845029e-01
5.378908350328237553e-01
8.649514103430122614e-01
1.227213652974544100e+00
-2.853263943618328802e-01
4.955783707239029279e-01
-3.702693627432064316e-01
8.952395020290888628e-01
-2.104092279930368514e-01
2.830510425557796195e-01
7.818296823521087013e-02
1.066757488268952780e+00
1.589189998720087482e+00
9.540706043253397439e-01
1.106711344759413684e+00
2.008086788308354187e-01
3.076054125471898715e-01
1.609962059809380008e+00
1.295822254823847608e+00
2.501179394201141548e+00
2.204322839572927961e+00
1.345160916398713269e+00
2.056689160704832986e+00
3.586919318230140874e+00
3.344264481893855390e+00
-3.784144756626481865e-01
1.103235213030853146e+00
2.904524076105445829e+00
-1.860912294424466040e-01
2.069943300844556688e-01
-1.715173541969861049e-01
-2.858353849798835000e+00
-3.108654749247570237e+00
-1.142700067016932053e+00
3.740474670920903577e-01
6.924084268155077382e-01
3.602174075286161070e+00
-9.558894079037720815e-01
1.992680170939955531e-01
4.035659378318854351e-01
-5.450470783462471047e-01
1.346069394900016647e+00
1.555035756982903195e-03
2.141393262531821051e-01
1.197456741242540090e+00
1.255200843827310564e+00
2.830154990977007401e-01
-7.740748602720231020e-01
8.491774023956466522e-02
1.015113517461333714e+00
1.967685095021366237e+00
1.833785885783331793e+00
-2.338089678189234633e-01
-2.325703386959713015e+00
-5.728163693105720711e+00
-2.289543811741783230e+00
5.825274514787750491e-01
2.801660819514790290e+00
-9.685724281178664796e-02
1.477097110805654978e+00
3.410938686042683798e-01
4.421190951148474824e-01
-2.404033952869149005e-01
-3.795346986348651086e+00
-4.494455436096618683e+00
-2.877854991600280243e+00
-1.953715538535547580e-01
4.216554438728223886e-01
-3.009201926790474602e-01
-1.177448561071834376e-01
2.547310100040860448e-01
-1.040097395914685308e-02
3.132381152039585004e-01
-6.484151559563411382e-01
1.723793033426641585e-01
7.001629816199184120e-01
1.174730045700879799e+00
2.120279091949655026e-01
1.112337256257323048e+00
2.147739259469922501e+00
-3.223481913293611001e-01
4.873416668578691713e-01
-5.577341073450767794e-01
-2.135437622124296553e+00
-7.529621410932598735e-01
-1.245003404550850235e+00
-7.782205505373251953e-01
1.991802582761241780e-01
6.129055270132965916e-03
1.886070423231711146e+00
7.759160452049158607e-01
-5.655782111263434331e-01
2.386625001476581076e-01
1.542710708431705768e+00
-6.676902351556890380e-02
1.476231539738861898e+00
2.497193277073957773e+00
1.045020638669381441e+00
1.276740229639166557e+00
1.731571111653323669e+00
3.552483157616300957e+00
-3.273865830055484594e-01
-3.070175200297704521e-01
-1.293366450045166260e+00
-8.777205910624346075e-01
-1.308337596447941564e-01
-2.284355381023910780e+00
-6.588789842539846120e-01
-1.026430439158943386e+00
-2.534166903258608272e+00
-1.739535777463778743e-01
4.215923304037971775e-03
-3.181755046325793757e+00
-3.270923208181223174e+00
-2.491780798016820953e+00
-3.251067128833287967e+00
-8.236151827239373446e+00
-9.702959167447881228e+00
-1.433172021874671742e+00
-4.493557275700723608e+00
-4.269556680780764779e+00
-5.408081479212363263e-01
-1.763628349298972608e+00
-9.347741479297479117e+00
-3.444513456847403177e+00
3.171854336000947683e-01
4.899849496609505195e-01
-2.401887710527361719e-01
-8.798650183113565504e-01
-3.187130620776812862e+00
-4.352955719966580261e+00
-1.457947916448517844e+00
-7.527175545606823448e-01
1.396375493142301139e+00
6.067224098289159429e+00
1.276308269126382200e+01
3.666246954649881928e+00
2.413939250146018622e+00
1.663832024321749259e+00
4.735773205787729978e-01
1.667218321891699162e-01
2.519089470800958352e+00
1.852274002748524495e+00
6.857336418634254471e-01
7.047897335058372903e-01
1.196793428625237965e+00
2.668072374934880031e-01
1.349801090291723682e+00
2.315691374276699577e+00
7.500206614641800051e-01
-6.349525944132126121e-01
1.089749568101860966e-01
4.355410012259337549e-01
2.210340637270855169e+00
-2.273256214601606651e-01
-2.366608376361980515e-01
-2.737221225786734546e-01
-1.192926065777768496e-01
-6.154801546992660910e-01
2.292896031801840984e-01
8.302983433315835882e-02
1.427325009429685210e-01
3.790777188820353416e-01
3.560564896871236673e-01
-8.540425723017475157e-02
2.269758154042087916e+00
2.957919997265226364e+00
-1.274000061042379617e+00
-1.308887996629529260e+00
-2.723054802920471307e+00
-7.157862948509083889e-01
5.095766810027730909e-01
3.795271855871191757e-01
4.273434778040197113e-01
3.232618025348733548e-01
-3.041341263349609525e-01
1.854761128305892903e-02
-1.264562908144373221e-01
9.535928458799913798e-03
2.033789396228931068e-01
1.460627501446797538e+00
1.038505254636412634e-02
-4.040219800195168909e-01
-4.523704786788691062e-02
-1.132892300745213937e-01
9.786137853715144441e-01
5.042736984042065274e+00
6.675467800444141453e+00
1.204781107200145307e+01
1.170797564068561414e+01
1.028703381357397006e+01
7.224179547602886942e-01
4.669718087928039552e+00
6.124831711445047233e+00
9.453617326032777157e+00
9.555235224718131803e+00
4.206353669762393110e+00
7.807157081026474543e-01
-1.026935173567224524e+00
-8.683119758664048504e-01
-6.641625932978172386e-01
-4.819166788515332200e+00
9.465520364608863702e-01
-1.191278353462379869e+00
-3.533112438839353331e+00
-8.201148938473615146e+00
-1.540915844325531481e+01
-1.091748448079209055e+01
-1.314478272488301513e+00
1.344589387757366694e-02
-1.569295282689381565e+00
4.703758664442645454e-01
-3.690319305189550647e+00
-8.460298917174942090e+00
-5.610291827795826691e+00
-4.811020261402155995e+00
-1.029349959588902941e+01
-3.164798782536876409e+00
-3.520298209024641523e-02
4.676703554031282906e-01
6.633370459676950492e-01
-7.398313781198033734e-01
-1.363453531853031642e-02
-6.873856910244713347e-02
7.123706645196128395e-01
2.040077113227255268e+00
-4.085607412596964361e-01
-2.187302213176949284e+00
4.520230408019383361e-01
3.601026543416299130e-01
5.136312534452613932e-02
-5.457838296336590123e-01
7.066961698879359322e-01
9.709259954347709831e-02
1.257308570690581773e+00
1.148108255858792948e+00
1.311383041369165170e-01
2.322655136298181766e-01
-1.586149362977677946e-01
5.434855002724554573e-01
1.679820503109862528e+00
2.184326758996326667e+00
4.492490179358948232e+00
3.164952967142411921e+00
-5.385486792078246765e-01
-1.913624838531013950e-02
-1.015771196376757501e+00
-2.376604918807153410e+00
-7.860482474461036873e-01
-1.811243980748330706e+00
4.003298716495584664e+00
2.411622976317149281e+00
1.236465283825884498e+00
1.229234317308325330e+00
-1.265834840288704299e-02
-5.468758067443246773e-01
-1.220341972705600853e-01
-2.292815723262242145e+00
4.030474551695917285e-01
-2.811736810762344163e-01
5.515791755316854506e-01
5.729956159747331412e-01
2.279591037243131169e+00
8.599274504026617194e-01
-1.847925119040343844e+00
-8.744871868020354100e-01
-2.476607030664435882e+00
-6.597709787715219321e+00
-3.746192862018127290e+00
-3.815389097340379898e+00
-7.121232668496624285e-03
9.842899815833683341e-02
6.219416336775859255e-01
3.457323926052957574e-02
1.541313973178089602e+00
1.864953050582988325e+00
3.085037504328287383e-01
-1.476636338298428219e+00
-2.775654477736911652e+00
6.120281037401025248e-01
1.236119303032629624e+00
1.323079786113928069e+00
3.773279635850960378e+00
-2.376223579495020388e-01
2.936671231905885193e-01
3.060801592562315321e+00
9.195428980068935942e-01
1.533441533353604669e+00
7.056843229782980842e-01
2.119550924351070620e+00
1.983037147298704284e+00
-2.564889476093082266e+00
-7.492466004258404588e+00
-3.554222306478707516e+00
-1.747858452857898204e+00
-2.808834709888898828e+00
-1.423991680100989088e+00
9.018274061910056538e-01
6.950080581357775955e-01
1.956748713513566162e+00
8.549607595584551856e-01
-1.221950043544100417e+00
1.683228857647214305e+00
-9.992658538724111805e-01
1.131502204192856187e+00
7.961964960915173251e-01
-1.328058039281936331e-01
-1.918234142915202112e+00
-1.503691565818323417e+00
-8.686852470834212081e-01
3.500622220915072802e-02
3.213929655086966708e-01
2.471265738431192460e+00
2.997860966213661271e+00
7.177734500817596341e-01
5.500912848257861754e-01
5.197742828168632201e-01
-2.499681761872576402e-01
-3.591574395438694722e-01
-2.370873637685646518e+00
-2.280175637027437752e+00
-4.499786895203231607e-01
-2.244167100400712656e+00
-1.648060016887870738e+00
-2.228729888340929666e+00
-7.769378657035712621e-01
-1.100572759043691562e+00
-1.589097484807640015e+00
-7.694768366998498976e-01
-6.643394795674737452e-01
7.879483602168981804e-01
8.344997676472942771e-02
2.192877221248606290e+00
-3.718714234919584527e-01
-4.820655932603017391e-01
-1.952774198633679958e-01
1.836913049363440464e+00
3.030785993516684762e+00
1.687085117503866805e+00
1.646910279010280975e+00
-1.088421090659894563e-01
-1.396165488960835255e+00
-8.821588762134480177e-02
9.346000844800070873e-01
-5.325111300375331425e-01
9.762623009978264044e-01
-7.118479792652685489e-01
-8.240618770124008563e-01
1.177948377875405850e+00
2.647136463938463802e+00
-3.437249137647696573e-01
6.714171444254956045e-01
-1.242863129895177998e+00
2.652320496598968291e-01
-8.332074626695908925e-01
-3.963690669878801587e-01
2.412922542921520086e-01
1.591629695815892642e-01
5.191081696246627741e-01
-2.071227771521792216e-01
4.244437112954703162e-01
3.171925825695156576e-01
-8.306778202666786903e-02
-1.358162842155292704e-01
-1.156063975175999903e-01
1.097004509406017125e-01
-4.267767326088617308e-01
-6.377994970358747961e-01
3.699918216501187906e-01
-1.876060464023927565e+00
3.319351414954319068e-03
2.994073903697889172e-01
-2.312167890194503084e-01
-1.119530619715055186e+00
-8.322466602423892468e-01
-4.033299793024101021e-01
-1.628788668543537099e-01
9.463217837827109236e-01
3.110407899278206934e-01
1.166456590128511106e+00
6.277639499255509570e-01
3.683037068539882775e-01
-2.958737268481663740e-01
6.720442493745071300e-01
1.269249482109191529e-02
9.745615372225671091e-01
2.870214653777206859e+00
1.390607074693229084e+00
1.883255357122734175e+00
2.117647511693665940e+00
3.195248870572129363e-01
-6.502630383510634715e-01
-5.524121246728768142e-01
1.175574062762132499e-01
-9.936743521750681651e-01
-1.955099530194992496e-01
6.411265767794764869e-01
2.857940363362795111e+00
9.162215556689574214e+00
1.332070515889596152e+01
1.692195761826021538e+01
1.081958440522478071e+01
9.302865014494202001e+00
1.238034742120932208e+01
6.965025220306387155e+00
7.264813148425588452e-01
-8.513585350434595966e-01
4.683568283670211940e-01
-3.639096828382704985e+00
-6.276746070552462697e+00
-1.235450135509125857e+01
-1.514605476460932465e+01
-2.423467493660502114e+01
-2.077618856038223782e+01
-4.651033788815295722e+00
5.011878305435790715e-01
3.227520950570501590e-01
-2.663386037916475324e-01
-2.222688603197170210e+00
-5.090300225278639346e+00
-1.222140767116303373e+00
2.214565413306093244e+00
1.576422535749509413e+00
7.295288076153427781e-01
1.775456246754714140e-01
-7.530189062585135318e-02
-1.364771037943708354e-01
-2.655671083869390880e-01
-3.836703693726595255e-02
-9.929954793263018331e-02
4.187127517167077428e-02
8.693280022312958044e-01
2.034556347722678016e+00
-1.919314636854196898e-01
-1.058791142891879478e+00
-1.955308116692085152e+00
-7.282002780180536483e-01
-2.762888151056128727e-01
6.742778696169295927e-01
-8.117524971136047540e-01
4.758314325849739568e-01
5.107274126466032627e-01
3.379337683282660265e+00
1.206633658475518622e+00
6.910967697807453014e-01
-2.906664957635962665e-01
1.259084046313505567e-01
-3.818668775538927029e-01
-1.715643346553008541e-02
-5.461464296807196916e-01
-2.432863611316764541e-01
-7.910442772124137711e-02
-3.925751860058412923e-01
-1.374438734935647943e+00
-3.407616017533904085e+00
-9.032809981619762674e-01
7.005867537176451165e-01
-1.451746532442665938e-02
9.321938051720510821e-01
3.016379363937824465e-01
-3.472665304944047016e-01
3.570321359680606044e-01
2.401994064109018723e-01
5.465507822728916665e-01
1.071157853827723550e+00
-9.910413936326889495e-02
7.880066590960965733e-03
-2.536393034481604358e-01
1.712532864393147669e+00
1.556919348491566657e+00
4.640093769840813565e+00
8.236233563129211177e+00
1.310709421147175568e+01
1.230496208395473801e+01
1.467223679128668579e+01
9.822793188786413054e+00
2.742821476515118206e+00
1.163062750332429118e+00
-3.306913491089332524e+00
-5.945490202278307379e-01
-1.781651350140712964e+00
1.136574415654045822e+00
-1.364384496110432110e+00
-1.860752118275428302e-01
1.106061618127327506e+00
2.543367748111933224e-01
-2.842627699827922072e+00
-1.285145366278683809e+00
-1.527518757548314454e+00
1.628826746222188149e+00
-2.274706516566673997e+00
-5.243766889038212753e-01
-3.672106505085658057e+00
-7.056767719465128152e+00
-8.611533162856524370e+00
-9.203830330686034955e+00
-9.673375542682023820e+00
-6.466655581883125947e+00
-4.651422200327683498e+00
-3.785463549275537076e+00
-1.844892020623337014e+00
-7.902612434627549476e-01
-2.793221613541243542e-01
3.651874566828980928e-01
2.183040611118870267e+00
1.027445434377968425e+00
1.337404161036744199e+00
1.166758829502336781e-01
1.739567678494720049e+00
3.785819489255747072e+00
-2.623315144268758559e-01
6.996241049741946938e-02
-2.230985785175349179e+00
-6.949663549403279461e+00
-8.727791128963286127e+00
-5.509867048505525666e+00
-5.380029454888203944e+00
-4.726713188501108220e-01
9.899749463201104049e-01
1.849215006269744777e+00
9.463161158129828721e+00
5.656353912154652441e+00
3.001555977736778402e-01
1.901458604335853897e-01
-4.870247945620873598e-01
-3.791437265061378126e-01
1.327251543077517582e+00
1.011427095755543126e+00
-4.039065948741802359e-01
-2.660529375569884447e-01
-1.203336188882575541e-03
3.946417935476631556e-01
3.406023033204244044e-01
-1.240997699659169395e+00
1.452536555087882153e+00
-9.254553631204649466e-01
5.555607916824911729e-01
-1.781337910953295633e-01
-4.944881250747013013e-02
-3.858699533580932872e+00
-3.840369569383376813e+00
2.821716037156720702e-01
1.060732112670064176e+00
-1.071366138726173034e-01
4.437642543214161961e-01
1.435152118918813002e+00
9.124960779778279463e-01
9.731805780905606884e-01
-2.344484468827034984e-02
9.888015735957806918e-01
3.005369658777439223e-01
2.646769501743987396e-01
-8.373925985182950615e-02
2.700262685584754241e+00
2.546096797559447289e-01
4.717848456144451141e-01
3.171160413240361464e-01
4.012780323130211713e-01
-1.590643767886286142e-01
-6.537347131237796205e-01
-2.298805873027379931e+00
-2.175176067868870522e+00
2.501391466883960968e-01
-1.006872140617220968e+00
-4.417770482209604221e-02
2.842489779684668205e-01
1.034992344509512385e+00
-1.580331802815793774e+00
-8.472595122270096812e-01
2.304509997641350783e-01
2.758257455691588866e+00
3.579513184348145138e+00
1.753965824797689699e+00
9.904384361158031780e-01
1.863960363494649108e+00
6.013572069414951926e-01
-5.085766903423820651e-01
-8.677981710549254046e-02
-2.459555370026986765e-01
2.819208559024222183e-01
-1.213066495648006615e+00
-4.012243734995834643e+00
-6.473934619307172511e+00
-3.918772688700631335e+00
-6.668369028108642738e-01
-1.401274750644046385e+00
4.692153337403492941e-01
3.624771737027607799e-01
-9.906538721794291291e-01
-7.055828276208906402e-01
5.372620513110426543e-02
9.922073463702396623e-01
8.935359154665549752e-01
1.554070245869421107e+00
2.611704909795785845e+00
2.384051227636198700e+00
3.151851946150256545e+00
4.812221941760149946e+00
4.016692411815943942e+00
5.499338735711017279e+00
6.507077500434334638e+00
4.192877543003334040e+00
2.905665745746937034e-01
5.821703486800711147e+00
8.909212001950507442e+00
1.008908597803004881e+01
3.721665473075596253e+00
6.727649222696655329e+00
3.549283506968642143e+00
4.642865029741997773e+00
2.457090139385158523e+00
5.452899929209650054e+00
-9.180025117283889813e-01
3.710097432235286874e+00
2.360043259089309231e+00
-1.537689711591568198e+00
-3.436441574938484678e+00
-7.736157684025670278e+00
-9.546333122254843317e+00
-8.736541332112324199e+00
-1.168448529727903207e+01
-1.642479817052213420e+01
-6.091738363590966543e+00
-1.697289858417637021e+00
-3.851803082331544559e+00
-1.634653291490312910e+00
-3.151086844689366728e+00
-1.430517299988878221e-01
-5.202005249831742617e-02
-4.386974769554301545e-01
-2.752057100507165011e+00
-3.269788821353722952e-01
-3.096315740725570365e-01
-9.095422913995832026e-01
-2.691842598826988286e+00
5.734533508218442321e-02
6.926444049416026205e-01
8.082693311372541878e-01
-3.274000630045468263e-01
6.074208146363258010e-02
-1.671228260434416413e-01
9.829563470078017673e-02
-1.801576888733422699e-01
-9.742563996694972861e-01
-2.664554369573570725e-01
-8.278617267423232784e-01
-3.737503320119117678e-01
8.202169463661557192e-02
-1.557139577736086355e-01
4.420361008596325192e-01
-5.832104997354333742e-01
-5.261977193449060008e-01
2.320808681775634597e-01
4.763818399747854482e-01
4.825883143984260881e-01
4.739709264544466061e-01
-4.869454578354983632e-01
9.508697589998578448e-02
6.459905394178412641e-02
2.326291845881568732e-01
-3.076835406960795605e-01
5.034261488352644864e-01
8.763843999609743918e-02
-1.041314948235599336e-01
-1.611728393211347976e-01
2.489333893578937196e-01
-3.950194251671527712e-01
1.516612265925302072e+00
9.303588505056072933e-01
-8.945352056215098990e-01
-1.879503955129931736e+00
-9.934247294200665435e-02
1.845043564224713162e-02
5.342466642575546265e-01
-9.139540485794939162e-02
-5.644967875188156015e-01
-1.535374935985199807e+00
-7.641415937136331049e-01
1.824241272759339338e-01
1.577074769612901939e+00
-4.564859168041301984e-02
1.157559815823468563e+00
3.342259233303189525e+00
7.044934081405873627e-02
-3.148968752295704832e+00
3.392365763248780253e-01
8.045890399423070161e-01
3.053988618504952957e+00
-2.629501503281785446e+00
-2.658827652936712305e+00
-5.763738725208571445e-01
1.213434035538917710e+00
-3.959363337495047097e-01
2.010158276738821526e-02
-1.266859302775799057e+00
1.162422253272078265e+00
-8.695088367603798218e-02
7.381532254473404109e-01
1.101404430279484981e+00
-3.405468713044622620e-01
6.788407246829409880e-01
-1.181366874051156035e+00
1.880934800558881070e-02
-2.153874327230739461e+00
5.349124095752255670e-02
1.487172983710004726e+00
-4.338100191774522107e-01
2.301420182487297628e-01
1.160606882287116837e-01
-5.312399916911785258e-01
-4.039677902749264637e-01
5.483545046344342477e-01
-3.600062165869694075e-01
1.090349930815253554e+00
1.713174110444385168e+00
5.987710636230962891e-01
3.705339850934179502e-01
-7.046476958986649386e-01
-1.779999913916627818e-01
-1.074459428407179562e+00
-2.171758112333528334e+00
-9.973840625740224564e-01
-2.375517659839449180e+00
-3.128508150584174530e+00
-2.768764348326837599e+00
-3.086809497024058047e+00
-7.739796881165270648e+00
-4.953899187807003557e+00
-2.313586129939228186e+00
-5.043454357881078209e+00
-9.515285258820512126e+00
-3.552133563283518924e+00
-2.421687900467738075e+00
-8.915633507775098110e-01
-1.347769778617951886e+00
-7.212394937655389526e+00
-7.615274233411149396e+00
-2.359510696831861765e+00
1.783969218923616040e+00
3.698382369681091575e+00
1.652739692963692164e+00
9.352937675824932739e-01
9.756316577135798696e+00
1.615830661743576258e+01
-3.115986042373322107e-01
1.004337652500158740e+01
9.813439632723520489e+00
1.063259075510920582e+00
3.880241104603147306e+00
1.948635837060468390e-01
-1.338550579447055355e-01
-6.597279457363871558e-01
1.842270119776669546e+00
-1.253931615554076728e+00
5.279756880096186933e-03
4.322211180702275612e-01
5.135303465887276708e+00
4.904225269419413280e+00
-3.388304734805898666e-01
2.214750192826994812e+00
-9.872300618770506464e-01
2.649114340840688087e+00
-5.333349910061784271e-01
1.310129708641676327e+00
-5.926681949568202157e-02
1.624882983558517680e+00
7.004916765549644708e-01
5.687450047558417765e-01
7.060542326176744155e-02
-1.359693793629380920e+00
-4.956362535614775133e+00
-3.716524333630335519e+00
-1.859074535911123593e+00
-2.204861064565605488e+00
5.879799656028730226e-01
3.131789918469011003e+00
1.011264143587786712e-01
-1.101904747456929456e+00
-4.898389180787017239e+00
-7.002449882349571553e+00
-5.113716516260208067e+00
-1.423150888280201087e+00
4.600025909760134368e+00
3.789352332642652144e+00
5.705226816318695882e-01
2.878432621492667209e+00
2.472721361053864086e+00
5.621135652906223967e-01
-3.594341456663840972e-01
-3.711180101630783490e+00
-4.730996050147645349e+00
-8.805690159584074195e-01
-1.423025180205062412e+00
-5.756849603162947915e-01
1.213693852813904073e+00
3.159009869992956965e-02
1.740889813976654210e+00
5.049274317411963864e+00
2.192729149006751754e+00
8.975756301431259132e-01
1.298140431685609109e+00
-2.155887010033447737e+00
-3.879491792378377824e-01
1.710266718180361245e+00
2.529747075225372122e+00
2.277359047198880493e+00
1.504612603781682267e+00
2.879231856491960784e+00
2.758128084388654422e+00
-2.394146600814242021e-01
-2.247395825713402573e+00
-1.869836363754864061e+00
4.702398419904760818e-01
-6.049482754196860990e-02
-9.361435042421804020e-01
-9.582651380828530741e-01
5.992566125365250684e-03
3.725337155459751415e-03
3.406141511588349768e-01
1.277170987158450233e-01
7.432548357722149612e-01
7.698666305329601167e-01
-7.193852594838160419e-01
6.135499065735051660e-01
9.169358480342105766e-01
6.254311385196016371e-01
-1.029410237713621612e-01
2.174864774947047330e-01
-7.992751620681572966e-01
-4.082927859088600897e-01
-7.792801684096819503e-01
-2.647103285684885954e+00
-5.939804366279121339e+00
-9.336884617013090804e+00
-1.471175830927224482e+01
-8.165479132807597296e+00
-3.512016013990979957e+00
-8.791275833571603471e-01
-6.558667405973984899e+00
-3.542761498883706395e-01
-3.768389010778101067e+00
-1.906644352670092246e+00
-9.486234568758575847e-01
-6.054572551450945639e+00
-1.036985148260799861e+01
-8.124428380967415819e+00
-7.284017995346346197e+00
-8.321704871829908257e+00
-1.551702445374957051e+00
-1.015741819844748761e-01
1.003228373820749653e+01
1.469431433835926271e+01
1.075011942509506468e+01
8.585393405419878832e+00
1.131139780023708852e+01
1.385798721568133018e+01
1.275595754700607287e+01
5.936147763717089632e+00
2.848909963411646373e+00
5.176873900124987493e+00
3.783665910648075226e-01
4.189874692069488482e-01
1.339705027942450499e-01
2.291295576060419226e+00
1.813579409475125637e+00
-4.988622126560175452e-01
5.425731136256593812e-02
2.854325716098556898e-01
-8.544355419043270228e-02
-5.022458895144599200e-02
1.340795714784899229e-01
-1.524785149790489069e-01
-1.107575565717457133e-01
4.329779769367805287e-01
2.401675357280752543e-02
-2.369742184420242648e-02
-2.111027720636776128e-01
-7.223234056450328344e-02
1.817569706794489592e-01
6.760773907036898844e-02
-8.119321539975521418e-04
-1.310205756146779699e+00
4.533501600280831489e-02
3.537297181808302660e-01
-2.902542914556836551e-01
2.038804189379687659e-01
8.055419539861288225e-01
-1.692192223771511461e-01
3.453304925176481910e-01
-5.292272732775723521e-01
-6.631422985417023686e-01
2.904675168247927708e-01
-9.899925062591113933e-02
2.618264310475340029e-01
-1.982811037327256998e-01
7.686178194660626684e-01
2.546741539006201482e-01
1.211275778992459973e+00
1.558204548819889679e+00
-2.468630623605698737e-01
8.307240510446201043e-02
-1.427575087361461215e-01
7.263774772836661953e-02
5.882878216850739861e-01
2.401606880242620257e+00
3.922117745265153665e+00
3.405614210615620863e+00
3.330790303920947437e+00
9.158531489986501128e-01
-6.026853420606812506e-01
-1.045632845034226932e+00
-4.904061593395011798e+00
-3.771399094623351544e+00
-3.146663389486533902e+00
-6.435863503946791297e+00
-8.046985622533640026e+00
-3.780740651171768718e+00
-5.820981664912538989e+00
-7.617631027939086863e+00
-2.478692541776691627e+00
-3.378785367156812214e+00
-6.011368036208310173e+00
-7.222101683880921996e+00
-4.139939776834268059e+00
-7.102530206800061308e+00
-9.901869112344535040e+00
-7.815393204812011163e+00
-2.630193286863459434e+00
-1.872959117860517608e-01
1.500947822131237785e+00
6.448024604808992422e+00
-1.520521484399765200e+00
1.238487569816086875e+00
-1.882934043723309969e+00
-7.961000698341820225e-01
-2.082392621105142894e+00
1.678226682170816275e+00
6.078845600050328812e-01
4.614945154781466385e+00
9.685060247860938887e+00
2.069628957844214057e+01
1.016069305038459447e+01
1.489768065615653114e+00
-5.256493935037802601e-01
7.093733609800061402e-01
6.915488360978145010e+00
8.169671311305597428e+00
2.410267715115001153e+00
4.991244962636419480e+00
4.886741239433515460e+00
4.744776658742562159e-01
5.205527506878326882e-02
1.243914318945593678e-01
-4.887270662929168452e-01
-1.476384799987739971e-01
-1.207405672202286340e-01
7.256069742438020498e-02
-1.844700892065053166e-01
-4.793383536190875538e-01
-3.420853333687392528e-01
-5.616932901623468144e-01
4.772591259799091601e-01
8.574604902265303696e-03
5.581238613625384426e-01
-4.364232611893736902e-01
-2.178679040158810198e-01
-1.808862804015191617e-01
-5.746353310222955812e-01
-2.008349217280763765e-01
5.282863039113040449e-01
1.147130822627949742e-01
1.432420889909923334e-01
2.173042012695255154e-01
-3.079675591974857518e-01
-4.680354426188741424e-01
-5.832238581290150048e-01
-1.288523912318284559e-02
-7.655339787618307135e-01
-1.081019547323647245e-02
2.978849907866516489e-01
7.846640520704988297e-01
-1.147234773483549741e-01
1.395921709087797336e-01
5.417621542441025673e-01
1.426348395514046130e+00
3.205258161246326232e+00
1.010295098077318876e+00
-3.389760017741192399e-01
-3.067664175794822867e+00
-2.141960331485617708e+00
7.459510989634455802e-01
-1.205384700027579914e+00
9.413283792634427050e-01
-4.808936971111223979e-01
7.670820148166558328e-01
5.995316958539420593e-02
8.543260364548518337e-01
1.286201598999035411e+00
1.163102400495469979e+00
1.002957230932839394e+00
4.321161032579219352e-01
3.070051952821284402e-02
9.886561244637714907e-02
-1.022167364825798508e+00
-3.143058776409264787e+00
-2.467556324712130156e+00
3.907661520885297168e-01
6.084731772494813562e-01
2.162701788658953461e+00
8.776611914653331681e-01
-4.357931137875366012e-01
-1.341459437193901705e+00
-2.442548077363677184e+00
-3.229030348336961787e+00
-2.489998776361035837e+00
-5.009562573845283140e-02
1.015896277498624656e+00
2.702354717348052215e+00
3.256039896665598565e+00
2.817673887465685922e-01
7.121542481773182054e-01
8.821545487316639900e-02
1.216537296315994832e-01
1.203651330608891401e-01
-4.012197423925770723e-01
1.984185171902593137e+00
1.258940088964196846e+00
-1.599886146257580855e-01
-1.329532348996038671e-01
-2.603484626419125814e+00
-1.753928106520246555e+00
-1.968659839733823969e-01
2.513619139134257718e-01
1.040609178407565505e-01
-3.386642658241549864e-01
5.699754227622308989e-01
4.337144499626349181e-01
-2.001050268124743015e-01
-5.409794172055798489e-02
1.439931641126550033e-01
3.588114571460145064e-02
-2.784902269545723175e-01
3.973153544257437275e-01
-2.599083334489061398e-02
7.532442442331113708e-02
-4.253132831103842437e-02
1.341946734124130347e-01
-4.740734952216206499e-02
-9.598539135687686463e-02
-1.065555949158021320e+00
-6.266349808976644731e+00
-7.092779615760355760e+00
-8.603995124172024944e+00
-1.220719002195471958e+01
-7.864699636314377074e+00
-7.818094930360430794e+00
-1.028051534384253074e+01
-3.583627931741474981e+00
-7.034652036793403340e+00
-3.105550305646289644e+00
2.333073293932841352e-01
1.862415491444281201e+00
-7.667726317823451154e-01
-1.310726696961381776e-01
-2.720794433574511118e+00
-7.200018017312004304e-01
-1.263457350206778074e+00
-9.735536286065098466e-01
3.317734065796997811e-01
-6.345671042711984455e-01
6.213339881733062953e+00
2.552467050771500112e+01
1.454902654962553044e+01
6.778878667564015359e+00
5.443861206008275389e+00
9.599174265731713618e+00
7.538063238600201110e+00
2.208641557171817205e+00
1.130536205141114969e-01
2.909027112956035221e-01
-2.404340871316386075e-01
3.369914618365998926e-02
8.731018812162684162e-01
-3.406550752258842296e-01
1.378356358886345001e+00
-7.167346972975568997e-01
-2.521531483745794167e-01
1.686532918936855197e+00
1.471903920475965855e+00
5.062699562698247391e-02
6.715469564647493783e-01
-6.521540707908637380e-01
4.009070127455918175e-01
3.460533364806828160e-01
-5.026097095071477838e-01
3.977673363944820295e-01
-5.702194911358513529e-01
-6.840029575028421238e-01
1.552572566894554473e-01
-1.049751925065484315e+00
-2.771375638438624556e-01
-7.490548573347215466e-01
-4.044327638556026727e+00
-1.883716607325334635e+00
4.210071778360378048e-01
-1.758915108825229723e-01
6.213927338455178528e-01
-1.132629487475661278e+00
-1.336723293067143103e+00
-5.020619284669308513e+00
-1.138501498865515771e+01
-1.371316047619080081e+01
-1.321536549070939515e+01
-8.079918059097273897e+00
-3.600007916755451731e+00
1.125657204936345579e-01
-1.939909539944991934e+00
-9.354837367813075844e+00
3.687442990088356964e+00
-5.763877166585587020e-01
-2.213449432781530390e+00
3.745268852517227742e+00
1.954429137954249995e+00
4.989188022102240438e+00
8.322252464925306015e+00
1.843380315027079774e+01
1.620378625370158687e+01
6.216687841779963364e+00
3.015757130275519060e+00
2.485057911053639934e+00
6.062156975043468066e+00
1.548010713149740036e+00
8.441873345542358353e-02
-3.619766379030163739e-01
-6.166585843675739809e-02
1.340433634990151057e-01
-2.666133162620546448e-01
3.970865751525398668e-02
-1.643897265467369806e+00
5.976548595388102569e-01
2.049975598960878109e-01
-7.699382894165549551e-01
9.189765828147677951e-02
1.372319354444935247e-01
-2.189993888699026670e-02
8.568951955390269326e-02
2.939935919784737450e-01
-4.511829321601612541e-01
1.140639787996711618e+00
-3.509714927255981332e-01
3.302071935158467086e-01
3.805461467847275903e-01
-6.377595615340365676e-01
-5.393350182111806834e-01
-1.695114882843181681e+00
-1.053389934564403774e-01
1.129537868327576966e-01
-2.773132180967750049e+00
-7.871962947180749737e+00
-1.510968827107756596e+00
-1.655006810826396446e+00
-1.113140302513798474e+00
1.600285937573442396e+00
4.513700800724294027e-01
3.674781269253699634e-01
2.247587415029087765e+00
5.544766151788624420e+00
4.474711037692680193e-01
-4.883310107044538384e-01
-1.699200751193012948e-01
-2.178808839624711169e+00
-4.357000856656517485e+00
-1.742099401643237400e+00
9.550149981219178130e-01
-6.950650493717986933e-01
1.980283055719430862e+00
-7.352550454793238544e-01
1.973052282591444495e+00
2.603749675544998254e+00
4.950124398809414572e-01
5.596677866420201042e-01
-6.544381866888571153e-02
1.315468891257289386e+00
-2.704577976240010173e-01
8.197495892963493347e-01
-4.433367947405510989e-01
2.372548447814924799e+00
2.842335910421077028e+00
3.793482169340745003e-01
1.352589615056735139e+00
-8.503836548563541431e-01
8.035900537124895937e-01
1.968132317186676250e+00
1.195829414453296158e+00
1.448737780680002807e-01
-1.079738950062828939e+00
-1.255509264046794637e+00
4.828902071017788789e-01
-6.767322083297542257e-01
1.490200772702739429e-01
1.617349567835157653e-01
-3.568880638486826573e-01
-3.803954963642773857e-01
4.032840723359431001e-01
-7.146438565467435611e-01
1.190922402320637730e+00
2.742431720536159245e-02
1.566066829531545523e-01
2.883351877090338800e-01
2.821236214286109156e-01
2.647620505961509885e-01
5.630918045531592142e-01
4.658518706038705659e-02
-5.198786489319977555e-01
-2.292585798421766796e-01
-7.772028680184155380e-01
-5.624396781204906937e+00
-8.619588842436741061e+00
-7.838705515009911196e+00
-8.017251903503652244e+00
-8.634030173885651749e+00
-1.238199751505469237e+01
-9.728542897889269625e+00
-5.509312436398495549e+00
-1.767857292065983188e+00
-4.089929324537081357e+00
-1.321910017090175415e+00
-4.619674290036897446e+00
-8.061999860026148212e+00
2.444949335720949080e+00
-1.861375158582021072e+00
-1.611662636850368813e+00
3.166693479478510653e-01
-1.437517432200493772e+00
3.827904408178440576e+00
1.192071468658745914e+01
6.804842707432598559e+00
1.529134732667996843e+01
1.575980284220448624e+01
7.160021655386383799e+00
1.456890813086566538e-01
5.585898904106525009e+00
9.735710243645883111e+00
4.799989702075406761e+00
7.344982649122044904e-01
8.996850872391943810e-01
1.011583059342379798e+00
2.860840929388586140e+00
4.239877339960300695e+00
-1.193387901013882590e-01
-8.893353277059778961e-02
-2.173106479218445131e-01
-8.875112548036840909e-01
4.674975050759666573e-02
2.063742202608320753e-02
-4.301868881021280178e-01
9.683849312409136267e-01
-7.734648511000479232e-01
2.604806971611133282e-01
5.932772569108395455e-01
1.280721772220342558e+00
9.318661108953656402e-01
2.310801422212573897e-01
-3.424273467899840995e-02
-8.645510092703050375e-01
-6.358822402177510824e-02
-8.909389003120979922e-01
-8.117357759223546854e-01
2.949521292249805970e-01
-8.328039808847391701e-01
-4.091246862166495468e-01
-2.652983692905612756e-01
4.193675577894984130e-02
-6.559528892667465527e-01
-6.326553457708533612e-01
-2.247947218645794276e+00
-5.430695239388509954e-01
5.159032067365574292e-01
2.291401572197528935e-01
3.543243042620565220e-01
1.289627191211912827e+00
4.790272865878479891e-01
9.817933837564931654e-01
1.505094793334339709e+00
6.006784931399566929e+00
6.588547880743279350e+00
6.306829202952501490e+00
5.476043428616204523e+00
7.809695592723393531e-01
-1.092658827086662399e+00
-1.679592426204635558e+00
-2.322109109115746861e+00
-2.923751804818024880e+00
2.376907702648267673e-02
-3.809625864035588449e-01
-3.179164441301551847e-02
-8.145169387871398214e-01
2.738354907337132715e-01
-3.458164155035881038e-01
4.642838525229961988e-01
-2.309406045156947584e-01
7.372290066496773875e-01
3.294658370200078679e+00
3.559578278962074904e+00
1.316037253045891475e+00
1.679400832630687290e+00
2.250968123072638605e-02
-8.352349731251393905e-01
-1.974145217561833476e+00
-4.316316404293985443e+00
-7.538917322903285978e+00
-4.481088863605737771e+00
-4.860463825943959648e+00
-4.751704454304472414e+00
-8.555718079266050324e-01
-3.362596319841119286e+00
-5.943494757652102223e+00
-4.516288311535880950e+00
-1.366914703217316784e+00
4.489926604864269422e-01
-4.174242368709730755e-01
-4.311469451605631775e-02
-5.153324212211636279e-01
-7.254354131848295140e-01
-1.258036794567704675e+00
-1.799802239870757603e+00
-2.273199763010190111e+00
-1.222540905502697228e+00
-2.676289194722084375e+00
-2.445113841961781276e+00
2.165590282706258307e+00
3.385662193428281341e+00
-6.662567428954098148e-01
1.196331822568843961e+00
7.096132134987307438e-01
3.874654675562755557e+00
1.312134202457791332e+00
5.152216653077346109e-02
7.619901225043363979e-01
1.827995334636156599e-02
1.322521786961345924e-01
-1.657399765552902693e-01
-6.745102251051129372e-01
-2.418054733176084881e-01
-1.955770104905770523e+00
6.236119031710956051e-01
-2.410745482142466756e-01
-1.831773979458830581e-01
2.768713149182353561e-01
8.630692956000700633e-01
-2.388578258420121614e+00
-3.419189229669136409e+00
-4.360441834706811903e-01
7.009799759168018340e-01
8.641210050182976943e-01
2.563139485246850313e+00
6.059804563402371613e+00
2.234835023203810778e+00
2.236754150197370450e+00
1.949869054203364094e+00
8.968695248884142046e-01
2.959959515876064984e-02
-3.442640806016664889e+00
-4.336200685090114249e+00
-3.550976356529863764e+00
-5.320947235337143866e+00
-4.053310818603417687e+00
-1.876040930368461090e+00
-2.629032218259084175e-01
5.618327296825498252e-02
5.551339506749322084e-01
2.294131367801995225e+00
2.600819746312176051e+00
1.193687175920366883e+00
2.429356154192554129e+00
2.555008099138028399e+00
3.581037302379492360e+00
3.469004089515046019e+00
1.714062390254829538e+00
2.753293847292682450e+00
1.124384478552046929e+00
1.047077620361271055e+00
-1.126024283135523607e+00
1.340181331137024756e-01
2.991436870097690104e-01
2.197594354523886295e-01
2.827137062770832543e+00
2.823357137769602510e+00
8.435195620826807517e-01
3.310495254622457750e+00
3.656076746894774132e+00
1.419423083514047335e+00
2.493984695568450149e+00
3.596409054820387752e+00
2.874481915877865390e+00
8.594339145415119674e-02
8.960011970021746208e-01
2.634128591849723477e+00
4.986466708205654186e+00
2.887261895216958862e+00
1.070303166937179640e+00
9.619389035363070661e-01
1.035034235174045136e+00
-2.325301823432496917e+00
-3.978321457549874651e+00
-2.254139117546110072e+00
-6.131074955758055722e+00
-2.822313123423107584e+00
-2.238130650281169309e+00
-1.298758128022406311e+00
-8.760081780203385904e-01
-5.172816868755312214e-01
2.049126431755450284e+00
2.024606069479979453e-01
-1.073348930742845653e-01
-4.345921990793524259e-01
-2.254953771107714999e-01
-3.109344692462236992e-01
-1.273980427781644664e-01
-3.374132599164614277e-01
-2.652336029354124491e+00
-5.439875595944934084e+00
-5.592864687250550304e+00
6.661157673795065071e-01
-4.748642095272559427e-02
6.696426461250677420e-01
1.832060241875247186e+00
7.896456628081360840e-02
-7.552727105906575922e-02
-2.608568503776413916e-01
-1.326706380180696421e+00
-9.562058508319554173e-01
2.398349711049053701e-01
-1.751654546450720495e-02
-3.255441818385040875e-02
4.659632627487153567e-02
2.818086286682800479e-01
-2.499074185984448970e-01
7.179015608031236173e-02
9.930199057262067974e-02
1.686179809281394548e-01
-1.052828086280565012e-01
2.202316222596755746e-01
-2.352382134944154268e-01
2.544612439635695611e-01
4.925519155490881706e-02
-5.385846542289010608e-02
1.074291290039275371e-03
8.065315046889234840e-02
-1.598988695593763637e-02
-1.122801865700847647e-02
1.638712463442569545e-05
1.634672853867810000e-03
1.750520359211468063e-03
1.008904333924637645e-03
9.893319844363132609e-04
-1.899163877635487441e-03
-9.330502604314311332e-04
-1.898795315118247465e-03
-2.766021269200677826e-03
1.311662897573590003e-04
-8.182409918484172262e-04
2.651325559241198004e-03
1.711862514352313971e-03
-8.771361833149731585e-04
-8.675756324561922223e-04
9.654599553905029302e-04
3.251471666630700863e-05
-8.032981129411920218e-08
-6.789710528705417136e-08
-8.135217567287883478e-05
-1.946802436585893387e-03
