7.091719030931280254e-02
2.259992565055674030e-02
3.273183455074742121e-02
6.853142156309191546e-02
5.247003158341471268e-02
4.623514153713554806e-04
3.685882057429882425e-02
2.710538400316913916e-04
1.820827174110925669e-03
5.466953705252554363e-02
-4.461963281611527887e-02
2.889272755382477076e-03
-2.318556330279538530e-02
3.068029519375343669e-02
2.754824426712733712e-02
2.623371147024057548e-02
4.940514770099316277e-02
-2.079727434352739504e-02
1.073159859626988261e-01
-4.867229338824734935e-02
4.380282624887085752e-02
7.658240111413196216e-02
3.086926273406183710e-02
4.900844342865487424e-02
4.509999344950563899e-02
7.416006181457164559e-02
4.703190952208539943e-02
5.995695280517775866e-02
6.241135950988614678e-02
4.259035665155715827e-02
7.396623178293879053e-02
3.742808445913729798e-02
6.791932564146503648e-02
5.463865028904317522e-02
-7.908047002484323157e-03
4.403146158728767079e-02
1.627599947379046799e-02
2.851641438493296779e-02
2.484174642011257456e-02
-1.217389921252975439e-02
-1.033348457413795635e-02
-2.114215940599387805e-02
2.643651489328613380e-02
1.301605480000372038e-02
1.105220456923757671e-02
3.466538536668380827e-02
-3.481654132378724648e-02
-1.067125465653724799e-02
-5.542403036205720279e-02
1.479785386031495786e-02
-1.826837045620304661e-02
-7.625486838896453068e-03
-4.403197545935458312e-02
-1.741294633381718082e-02
-3.877580054864910447e-02
1.597756988148023652e-02
-4.800392807904553527e-02
2.927117049404941856e-03
-1.031320130192169005e-02
-2.293989241758174341e-02
-5.346036884770885567e-02
-2.706214385712642917e-02
-1.200598692206152757e-02
1.731620070920665208e-02
-3.615124095834143514e-02
2.507923054180313110e-02
-3.504680759222750935e-02
9.828581228833264266e-03
3.741006108750985493e-03
-2.008150651705466194e-02
-2.540866169571969965e-02
9.065695108728469287e-04
-1.389851066220291857e-02
-3.406729154376919588e-02
-9.218933733689396032e-03
-2.858454616812471441e-02
-2.814155041572920929e-03
-3.620896563735604562e-02
1.887893862047117233e-02
-3.495740005204821255e-02
3.159045590637527684e-03
5.265249442647099154e-03
6.968405914020089215e-03
-1.831333309160061706e-02
-9.980522142046845124e-04
-4.266888129316312797e-03
2.053399457928159824e-02
-2.380295790229563016e-02
5.669639356096403855e-03
-2.617161490168685815e-03
2.958043051066310339e-02
-4.917632365740128020e-02
6.862643880424984522e-03
-1.726159112826731665e-02
-3.244532178498361549e-03
4.450046227582944713e-03
-4.245562507977446165e-03
-2.805534846719762859e-02
-2.106479905090118815e-03
4.648288529207830755e-04
-3.088125453718306920e-02
5.941765666862663942e-03
1.159341808158469156e-02
-5.490047236276898723e-02
-4.360490778270240120e-02
9.806696040964311967e-03
1.284106160294314070e-02
-1.096518541173880090e-01
6.035632366787876263e-02
-9.003415435081190549e-03
-2.957613118639241395e-02
-1.149187525425826584e-02
-2.391358564713185614e-02
-6.396036492889382863e-02
-4.248400858192234730e-02
4.842365636660643513e-02
-3.948430782597671385e-02
-4.350596091720650149e-02
6.495544900573883840e-02
1.061406329134692572e-05
-2.848557051477098104e-02
1.385899327974328410e-02
2.868161986286779652e-02
7.035516194130064793e-02
8.971972670560376256e-03
3.711990346798007406e-02
3.616077497561208387e-02
5.860502574819249216e-02
3.803081728490331076e-02
2.180197577932400238e-02
1.242639567103688281e-01
1.122316831673452198e-01
6.760111434205097469e-02
6.999635500135611976e-02
8.613109407059568734e-02
9.060366120348109509e-02
5.252936112341578118e-02
1.174838403943885279e-01
5.263408224595918228e-02
3.106587674801287655e-02
6.501960121431865636e-02
1.313545111446168256e-01
2.512329108739802877e-02
3.789194948930497270e-02
6.257524341209776131e-02
5.772726760518826633e-02
4.588022781995694521e-02
7.661274084335215062e-02
1.618674883778597334e-02
-3.015008029746947885e-02
6.289437115659790578e-02
2.699277629390466754e-02
-1.212809988609917997e-02
2.035888926429974335e-02
8.512849409993972216e-02
-2.464401185769672827e-03
7.000597237822615837e-02
-2.130694390535614602e-02
6.012607165546011989e-02
-4.873981242093973487e-02
-6.351314612683077281e-03
4.213357957240071450e-02
3.566113717504430097e-02
-1.934787385299657769e-02
4.752280580857042025e-02
4.359434357824938655e-02
7.744290965067124333e-04
1.290815205998671264e-02
-1.467310131299725748e-02
8.808624193283879494e-03
3.789335700080236763e-02
6.608478194752693234e-03
2.808414751276539986e-02
1.587853970812181867e-02
2.232593762996288103e-02
-7.045219521366138937e-02
1.195210618180987672e-03
6.340091673884956647e-02
6.250675860136006845e-02
-4.834026756676943620e-02
-6.410418814257674500e-03
-4.766967116207835448e-05
-2.698275970370025978e-02
3.519399943425062516e-02
8.933779110434660747e-03
-5.497935233422656873e-03
1.282859522482242276e-02
-5.162510339195500175e-03
6.617422656036207884e-02
1.536292609349037414e-02
3.469264175323748256e-02
9.711705552454597858e-04
-2.620300503039480269e-02
1.284993758967791638e-02
3.113832540940963262e-02
-2.634442745556771562e-02
2.277747686318808747e-03
1.071188169827512558e-03
-2.342818506991235436e-02
3.628445218166231889e-02
4.090955816130981137e-02
3.660585590889789409e-04
-6.730431269516617965e-02
-1.138296407263061916e-01
-3.626602303318179205e-02
-1.573236969596934209e-01
-3.401917894336733278e-02
-1.127101629198666577e-01
-1.434321508671376200e-01
-8.648482002557930648e-02
-1.477290847443683275e-01
-1.896986709060357601e-01
-8.241908876018594343e-02
-1.325681419087173518e-01
-1.047094866273762387e-01
-3.873661184433033200e-02
-2.809255591230432059e-02
-1.192725033263118406e-01
-4.679291694792066247e-02
-4.550007694312607764e-02
2.110248779506669614e-03
-6.709926666618926117e-02
-6.940390395860349115e-02
-4.800137968790343934e-02
-1.140557108345887916e-01
-7.844520183947287228e-02
-3.869623929770325127e-02
5.967981272128725090e-02
-1.169919709742337222e-01
-1.193186550924841757e-02
-2.500844265393369417e-02
2.477102556067216355e-02
-5.230761873899455322e-02
2.046930394052634550e-02
2.225890459304524435e-02
2.436087387332932022e-02
7.889776213007265726e-03
9.348198449056592529e-03
2.450463387644368982e-02
1.478274903493294497e-02
1.869937702613088532e-02
3.327902401311869096e-02
-2.950874506567927047e-02
1.991123705173911823e-02
4.769224604735757683e-02
6.738759408552926281e-03
5.374111794786231612e-04
5.483391883759120011e-02
-1.180828694556730618e-02
1.833887895348166458e-02
2.786326815994481440e-02
-1.611192283008604578e-02
2.391164852288325815e-02
7.339691114502430724e-03
1.669754438677234151e-02
-3.086756845484753958e-02
3.570431182471919818e-02
1.219737799105590111e-02
-1.674931504318893233e-02
2.209554922932253918e-02
-2.233675260904328247e-02
-1.000604579090457781e-02
2.106350582564060075e-02
-2.054411804377667336e-02
3.176777692170344031e-02
4.227242463996731814e-02
-2.448559640518006147e-03
1.383995701278682711e-02
-2.625539264158074579e-02
3.733023969572572126e-02
-2.218116576704937809e-02
3.810964349176635541e-03
8.119043370433430551e-02
-9.506731014444012862e-03
7.010981281028512424e-03
2.971205605811455541e-02
2.547446626460210528e-02
-1.537336312712387146e-02
4.171254863747694830e-02
5.933141593717421169e-02
-4.343456622285962049e-02
5.239024988171366026e-04
-5.609612729085883265e-02
2.967632811622242586e-02
2.605240611808424742e-02
3.865932184673370742e-02
-2.466818842201817102e-02
-1.377816438568378599e-02
3.574453066508088278e-02
6.175887730046960081e-03
1.655431262199595979e-02
7.087237283621482253e-02
3.876842153098604415e-02
-8.279827224113447959e-02
8.155069059316279179e-02
-4.652096924768903130e-02
-2.001322462907466349e-02
8.756940948622375653e-02
-5.987916249302557142e-02
3.273524095920469362e-02
9.823515431221887736e-03
9.880389514512033511e-03
-3.330127823823209304e-03
3.612388368726140130e-03
-2.479676746758375377e-02
2.379999676922999602e-02
8.839790440243007127e-03
4.632262598771162698e-02
3.168680065635672005e-02
1.530083272052226544e-02
1.246946366234061646e-02
1.376129507271301941e-02
-2.349717576609195932e-02
4.959184983532822361e-02
-7.452293429171000239e-02
1.490716515023291291e-02
-2.862045413664347088e-02
4.937310569071785837e-02
5.035416428033366587e-02
2.607756487641491733e-02
-3.467539473101743236e-02
3.000506311479829089e-02
6.380215574545314294e-02
-4.076258562342383734e-02
6.416667096648630275e-02
2.835349561619563211e-02
-1.047502707216814259e-02
-2.400851643777330777e-02
5.729565252191014257e-02
2.873608416967610157e-02
2.903040642365781535e-02
3.276686611334753835e-02
4.088984572316501503e-02
4.918394691176673772e-02
1.629988700026990117e-02
3.721555257365335989e-02
8.489390403244830019e-02
-1.452567799614720712e-02
-2.829837207236183053e-02
1.304411713998352429e-01
4.808769016462796642e-02
4.476894774526891940e-02
1.019826238846055846e-02
-6.652559888330471238e-02
7.205693783084787807e-02
1.608288861579647289e-02
4.526151208329068365e-02
1.650166211900597202e-02
3.169341676215031017e-02
1.062418134575955631e-01
5.177364249316913219e-02
-1.885198295950685568e-02
5.206577978191144485e-02
-1.771102859447119815e-02
-3.927631549801782231e-03
6.673891963384084858e-02
-3.536154872221995704e-02
4.829416140473100777e-02
-2.187920703801141467e-02
5.424059659764837033e-02
4.820852677384449350e-03
9.535352615383939356e-02
6.502704050386211299e-02
-2.145982809384889417e-02
-1.744277415582662707e-02
1.808245809671369872e-03
8.497753747176971587e-03
2.793264956919971551e-02
4.211692060776755370e-02
-1.438305099048126090e-02
-1.396665863495560184e-02
8.269893111126670748e-02
-3.736830845080515301e-02
1.861435018865164465e-02
5.699923369642382470e-02
4.251942657631815198e-02
-1.821986294823950891e-03
1.339072606531815229e-02
-2.711019310457445444e-02
8.728625389483723324e-03
1.104915527219893501e-01
2.904343514104444982e-02
-2.591353127466475108e-03
3.175068139621748525e-02
5.659360969418941040e-02
-4.304203552419435391e-02
9.073633191799393427e-02
-7.353414280437654826e-02
3.672747530365373658e-02
4.738174075859687834e-02
-3.463867738973561844e-02
2.303523251559947208e-02
9.753388415240954457e-02
-1.571476945384990206e-02
-6.499539015265406484e-03
-3.954379919032839641e-02
5.411743982321529089e-02
-5.956637416819805103e-02
-8.630478729145733829e-03
7.229377441544837524e-02
4.621512531536879631e-02
-5.603240313346079249e-02
6.698345932586866058e-02
7.593068705516634390e-03
-3.200635460620663425e-02
1.473214839360955861e-02
4.099493421147232600e-03
3.711291292492269189e-02
-5.310049218238912377e-02
-6.713278799650765349e-02
3.399743750794482350e-02
6.636901146275636654e-02
-1.628745513655495691e-01
-7.174900039555377751e-03
-1.550070315411216093e-01
-1.416133089272751666e-01
-9.955661690125522378e-02
-7.305330141386881526e-02
-1.195188353717880625e-01
-2.543639294552807809e-02
-1.348493756517246400e-01
-1.500837111073612673e-01
-5.939793935362011612e-02
-1.700452984928687017e-01
2.677920113597965363e-02
8.452407113634588520e-02
-5.481573452673215580e-02
-7.970595396219119777e-02
-2.391865951860846010e-02
3.634114310403523986e-03
-5.155917740945798605e-02
8.621834864195281056e-02
-1.082525436079122792e-02
1.052693364275016953e-02
1.304655698731214779e-02
3.270271941036285990e-02
-1.587235249775895488e-02
-9.437880232681913895e-02
8.477849504625521726e-02
-6.535425941705153008e-02
4.942574615845938407e-02
-1.622439116300645676e-02
1.728792940461799238e-02
-3.211333453509896546e-03
2.360057180867753193e-02
1.377783964032337945e-02
4.346191705597967497e-02
8.184461374418481108e-03
2.516983428384466162e-02
1.109022740007904045e-02
-2.103918682427403583e-02
7.636446357738206625e-02
-2.678546915611617306e-03
-5.783399422118593383e-03
1.650905412954679560e-02
1.014503916567754439e-02
2.078194090190606941e-02
-1.598612689360188847e-03
3.674176377416191186e-02
3.121082259473536256e-03
1.403531705727273544e-02
1.707212217268800139e-02
2.400200674206406579e-02
1.167740195325442376e-02
-2.551729129325536541e-02
4.485675707104640891e-02
-3.858356480954550343e-03
6.213609507077965700e-03
3.126420365972990001e-02
5.764167613696944553e-02
5.761729467550318930e-03
2.538673349021300114e-03
5.357193269199447827e-02
-3.364324985754515301e-02
-1.124745554102162849e-02
7.115866292242209457e-02
-2.624895371049375259e-02
-1.466522899142945827e-02
1.334705942093192786e-02
2.300877974192746395e-02
-3.411217142553710398e-03
-1.670732830826252707e-02
3.692758663033237493e-02
-3.058281114154110317e-02
4.126859133215381517e-03
6.609231015364396000e-02
5.821411343765364732e-02
-9.679898157076082324e-03
-6.603549275113333381e-03
3.161114613434484744e-02
2.854411648991134545e-02
1.839871712985647126e-02
-2.973961973629455843e-02
-5.017019340140659034e-02
-5.179439022750823018e-02
-2.298626373218657509e-02
-9.627055692854830093e-02
-2.239549206077895427e-02
-1.171812710382946071e-01
-1.140933560551826154e-01
-5.250306185851291718e-02
-1.197302612865174531e-01
-1.789969618217560898e-01
-4.834572012228977728e-02
-9.063436844088398892e-02
-7.121850484488284616e-02
-8.208840606448361554e-02
-9.183750790405470488e-02
-1.079172990236970664e-01
-5.273963487920872717e-02
-9.253859264591729472e-02
-5.824364646285060121e-02
-7.036679720730147636e-02
-7.010235135029030396e-02
-2.356303118247163320e-02
-6.444467829375982726e-02
5.583487337413622908e-03
-4.560964244467544115e-02
-2.727126483200793469e-03
-4.436934735114701767e-03
9.245062599829011185e-03
5.130283652616724616e-02
-5.350007793758921465e-02
1.411349835770004356e-02
-3.806905579451069777e-02
5.082083267039548546e-02
-1.690286569458367832e-02
-1.235255768844766358e-02
6.745694478756805723e-02
6.380370053662359070e-03
8.328213498545979088e-02
5.317346854812995960e-02
-3.911035658581229341e-02
3.263594079988583335e-03
5.137030327670943919e-02
-5.112667824044676151e-02
5.798468550492772572e-02
8.902571247938246071e-03
-5.398148344147373628e-02
2.100057240973263878e-02
6.783612826069418400e-02
-1.213865534694621301e-02
1.276474385152206667e-03
2.632628463168859914e-02
4.204196850252937129e-02
2.867506473643675544e-02
5.854345452413713645e-03
4.038451134262600190e-02
-3.494913999304175706e-02
1.024259861504408370e-02
6.286445191830296320e-03
4.110932052516769186e-02
-6.037480781196474799e-02
4.351694397723109009e-02
3.476604147512636633e-02
-3.909174730622580474e-02
2.875212643188853126e-02
1.320778176748929611e-02
1.040197855485025004e-02
8.509867333102449222e-03
-3.403347664235678582e-02
4.830805326402725502e-02
2.188998497630887524e-02
6.751053342871302099e-02
1.786720752355932043e-02
-5.644848333254683451e-03
5.319077918356965307e-02
-1.739248628751615322e-03
4.468011992036936830e-02
4.171362734478385043e-02
-5.603500188612777063e-04
2.185959316460644661e-02
7.088833759578644020e-03
5.142951352901700690e-02
-9.762440709932214411e-03
2.005470237474930861e-02
-5.444349546030698324e-03
3.727234000116194657e-02
-7.317009184790394111e-03
2.192078646708761971e-02
4.029639162639024608e-02
1.929213828809770923e-02
2.007483404011024125e-02
1.532782943610906494e-02
6.540298683057105267e-02
9.315504868710633435e-03
1.022006025980795423e-02
3.921723580529604819e-02
-2.852662963491047268e-02
1.005195970041370714e-02
2.451036300124590298e-02
3.444750238591932912e-02
-1.735568877237503999e-02
-9.634960867232773146e-05
-3.004993787379557982e-02
6.545812126215726223e-02
4.693129432514309834e-02
-3.647672160259551963e-03
3.321834789767191126e-02
2.372067284496475262e-02
1.408305439252801293e-02
2.545359370059088744e-02
-4.714666687485026542e-03
3.589115450832319754e-02
3.541328681320351363e-02
3.602186146263775673e-02
-9.636303615956061039e-03
1.430466756812452320e-02
6.003698114754465326e-02
3.841347412928671455e-03
-1.809943015516540105e-02
4.003979360239426355e-02
2.074838328296460532e-02
3.354203506889885666e-02
6.732173700933428637e-03
1.194782818829913905e-02
7.595839206372348960e-03
3.976269203016340181e-02
4.520031448239700267e-02
1.045114985582743655e-02
2.618851133170057438e-02
2.357144575871700579e-02
7.888090626539303457e-03
1.636393893121397200e-02
4.586361369635693318e-03
5.026383365446370627e-02
-1.762055040912654733e-02
4.957912440860007958e-02
7.551643279371779427e-03
4.548416063574827611e-02
7.230137052903729336e-03
6.083211611139661273e-03
-1.280768789825725493e-03
3.023342626615897755e-02
-2.862604635068001155e-02
3.397602338133837770e-03
5.606943517756761593e-03
1.976302134749302261e-02
4.222535950929825685e-03
4.373998394803095546e-02
1.488906429533077072e-02
2.941281272303915284e-02
-1.447751386028610886e-02
2.690706762796328533e-02
2.737671542053658758e-02
1.966309650540917081e-02
2.041281845788212729e-02
2.921368864104607888e-02
-1.068041003874708322e-02
5.113104607178720062e-02
-7.662384646973283489e-03
3.403357006817444436e-02
1.607278767383183912e-02
5.874891128248588279e-02
1.951732114380856642e-02
7.903748567673493652e-03
3.369891921208958974e-02
2.177322254251086095e-02
6.934310965730923482e-02
-4.540138942800079312e-03
3.344851816559246682e-02
-1.133491082365259721e-03
-1.872957331957200711e-02
7.577801471459659488e-02
-1.911903848942878015e-02
4.798690278549175292e-02
-2.111804088860791753e-02
4.066061950060809865e-02
5.138736391657765940e-02
2.234155261840988990e-02
1.157180457519514476e-02
4.313760977353828935e-02
-8.595614170881499608e-03
1.658911664088600843e-02
2.280368537410157673e-02
1.222244920960069252e-02
4.389126029963785064e-02
1.392272677275764245e-02
1.378058026452393288e-02
4.834349116124402046e-02
-7.631722006478575127e-03
2.812383119944577084e-02
1.645324832228671139e-02
1.010206052355052189e-02
1.077767973331136657e-02
-1.478258504072126403e-02
3.978572986918444201e-03
2.132626338853479617e-02
-9.125671255491069403e-03
2.843793637704858379e-02
3.294604339094473616e-02
4.777334360474097541e-02
-3.443951318567628483e-02
3.383781826258155934e-02
7.662600265712606745e-03
1.205181068267094889e-02
1.669295862715824974e-02
2.387896686181496808e-02
-3.304997255307590143e-02
1.524662962764780465e-02
-4.100030954945342587e-02
3.549070601002188297e-02
1.190964134395516676e-02
-1.553045879365792629e-02
3.878772208127695409e-02
1.424083166444897741e-02
3.687807902148441952e-02
-1.069145487172896286e-03
1.202360771131019343e-02
-1.190158432844195743e-02
-4.084997886655634264e-03
7.279817720039771789e-04
7.823236947458206414e-03
-3.990536168504017767e-02
-3.288740680551101997e-02
1.465031735099071863e-02
-3.910168343167041982e-02
-3.142084384873945757e-02
-5.339850554048283099e-03
-1.899700934783813550e-03
3.244310479545678416e-02
-2.855355872940885942e-02
-4.211256745445463023e-02
1.189739928722628737e-02
-8.126247331089034298e-03
4.949313993338137069e-02
-4.970570601755415485e-02
-4.619688728743513717e-03
4.903326005442615321e-02
-4.627430070858681854e-02
-1.669396270801981608e-04
-4.602135821839666019e-02
-4.867656423411378247e-02
-2.056963368973617826e-02
-1.407046478387785973e-02
-5.062120531017380576e-02
-1.384781582696105809e-02
-4.271733879668704326e-02
-7.693363829380527735e-03
-5.312472840176911404e-02
-2.780602408868140113e-02
-1.109792146459570930e-02
2.141624301613698558e-02
-5.925591851516281983e-02
6.557484611232136662e-04
-3.459160977243050383e-02
-2.352257984497066468e-02
-3.680582953556403580e-02
-3.225278818007228099e-02
-3.999192996887300511e-02
-7.485030423898236113e-03
5.524102028955462512e-03
-1.465448471455599658e-02
-4.723622206246117644e-03
-1.643905851195722259e-02
-1.925525272138586819e-03
4.237032943396699253e-03
-9.593552075873324966e-03
-1.761155663371771762e-02
7.049228393438446150e-03
-2.153955961853332504e-02
3.996672487287963177e-03
-2.960551585788339171e-02
1.077123365017551224e-02
-1.108054728023160837e-02
4.737030326796908691e-03
1.368147060100120826e-02
-7.197787094069284242e-03
-2.235973728562297425e-02
1.553649431263295563e-02
-2.842709621495677352e-02
-3.375436115628769468e-02
4.348279950782206471e-02
-1.693736098219984429e-02
1.903845315885726794e-02
1.290540974944014846e-02
-6.580020861538493637e-02
2.359874793902612400e-02
-2.328336736827676251e-02
-1.037917500276450480e-02
-3.739133540043312887e-02
5.146250054325708645e-03
-3.826519716620395417e-02
1.420833056194675120e-02
-3.962857087441500753e-02
1.088409529630288142e-02
-9.170623824608221952e-02
1.160664781474852331e-02
-1.253504948679160652e-02
-2.838140036062817076e-02
-1.117924967086372789e-02
2.372974124448638811e-03
-3.253866684966276457e-02
4.384726952699319336e-02
-1.060928720400816233e-01
-1.109263718218905098e-02
-2.914452662817349979e-02
2.488194216208895401e-02
-3.708332595556716738e-02
4.762790610522436852e-02
-1.321251936520888293e-02
2.623019668546925504e-02
-3.562247013403784662e-02
7.003725403931893023e-02
1.790956806655292360e-02
4.973723028311237415e-02
2.498409798648608751e-02
8.874211992641065083e-02
1.296255374197344962e-02
7.385398846297114295e-02
9.175945839618752931e-02
3.909782954313045789e-02
6.359718259682875519e-02
1.461849290832061277e-01
7.541454690722390608e-02
2.516651564079183667e-02
1.044344310517061475e-01
7.680866693911531096e-02
2.400327764147409948e-02
4.368697000039303835e-02
9.696850839551345025e-02
7.386076294317067692e-02
7.215348408943533798e-02
3.327642063620581125e-02
8.161445572798391168e-02
1.047186973861431031e-01
2.220834265444064648e-02
2.796411337101590081e-03
7.697918133782524763e-04
6.947193256972326869e-02
-5.147685337614608253e-02
8.190457165341766266e-02
-1.510030311708598569e-02
5.203370411138542873e-02
6.643736724661092330e-02
1.154401752646565769e-02
-4.705829298212740874e-03
4.903998148792679951e-02
-3.316837727391652724e-02
-1.068983759323724990e-02
8.281021299231051958e-02
-1.048170143702712234e-02
6.086643951249853801e-02
8.448588231012504196e-03
3.589127194586229364e-02
-5.824938981781005443e-03
-2.210272315198068965e-02
2.499363686077916633e-02
6.302831910894850231e-02
6.941670082150209857e-03
1.434763945853896952e-02
-1.806262001382463733e-02
3.439081890093382415e-02
9.107971384956163163e-04
3.870158371837361527e-02
-7.054537450757488240e-03
-2.042385613238064876e-02
4.391005971490441473e-02
-2.395755897453214628e-02
2.300809901927579684e-02
-1.454186564911945367e-02
1.171784057294138030e-02
3.821329531085847914e-02
6.474780885048431189e-02
7.932674552081620672e-03
1.867881752227503953e-02
5.572536399678728811e-03
3.206175558849155144e-02
-1.261422660045256015e-02
-1.079420520788853567e-02
2.617717450346251570e-02
1.815881971371464607e-02
4.756971566983792671e-02
-4.365439182020461328e-02
-3.428120467109893599e-02
-5.652116509903054586e-02
-9.112635298023111230e-02
-8.586385090546883037e-02
-8.759310659560870516e-02
-6.367048949403091018e-02
-2.118430572170577203e-02
-2.250980122813671658e-01
-1.215744714646331132e-01
-1.341925011490180397e-01
-1.626651072184731039e-01
-1.140955334737416560e-01
-1.000423361944275391e-01
-8.865020381261307092e-02
-4.505240574391438518e-02
-1.659557017260423484e-01
-1.374324462839104088e-01
-1.386535632545268792e-01
-6.834027382461511924e-02
1.224121312904846715e-02
-9.753760359863521134e-03
-4.251252119259951029e-02
3.911435349833604358e-03
-6.037635709609383283e-02
-5.829389576462544464e-02
-3.652709021257470601e-02
-3.265056200384509194e-02
2.687452085343094987e-02
-1.418410607986591264e-02
3.650631612212869304e-02
-1.346197951749443684e-02
2.549932160737672024e-02
5.371565875258739638e-03
4.455428947682289753e-02
3.962375164155913440e-03
2.930376593785429667e-02
2.743852991925658374e-02
1.653206164494060160e-02
1.524523379614525949e-02
1.938581853249211895e-02
9.244354226520937190e-03
-1.038146494957429937e-02
2.417665068190006164e-02
8.456555135202778462e-02
1.141170695919937680e-02
-1.211646647418183030e-02
1.410262311081033129e-02
-4.608964044379711827e-03
6.699325642437808578e-04
5.329115773220041534e-03
-1.248421487487829523e-02
2.857043598479888646e-02
-6.209720753493435351e-03
-1.148357885552033809e-02
-3.330836136757024668e-02
3.194379809240555784e-02
-1.261285661636120381e-02
-6.176816233265207401e-03
2.990943010712833472e-02
3.061858995497195729e-02
-6.364823868558784625e-02
5.184157956848906706e-02
1.718537234864584914e-02
-3.154039405297288934e-02
1.837813739108833805e-02
-2.084853816457724746e-02
8.320163788104897873e-02
1.014489635599541417e-02
1.969045817641268056e-02
3.685944678545102771e-02
-6.018325527913016837e-03
8.024664806882245149e-02
1.670853807099239793e-02
2.126488249882476506e-02
-7.705372968121998456e-02
-2.787653805814205993e-02
4.370412219752370375e-02
7.461877056452212442e-02
-8.528143198405941164e-03
1.573829587407949912e-02
-4.132012480023022905e-02
4.732148094154092766e-02
2.536191103719872761e-02
2.361409962490026299e-02
9.275808654773302908e-02
-3.149742887789531293e-02
1.206322895735491112e-02
2.564823077810726368e-02
4.012668422515356520e-02
3.103245616609932866e-02
-3.952914824699320373e-02
-1.189385516297392087e-02
3.545829662748262862e-02
2.959938849292176322e-02
-1.684109502266114763e-02
-2.783025336837755687e-02
2.655379332876078857e-02
3.179642787574173124e-02
-1.246402247977562022e-02
-2.696394214533516867e-02
6.383033835375546278e-03
5.476982533129107211e-02
-1.855780804225389338e-02
-7.104315920859714806e-02
1.153229384222504740e-02
3.750763682909065422e-02
-5.952524610956713008e-05
-3.177354003167023183e-02
4.929235900770841290e-04
4.150547606470512962e-02
8.309096611911999386e-02
3.578081210507502372e-03
-4.313527531000763485e-03
9.185107283124320510e-02
-1.888959144354594374e-02
-1.822748721521901330e-02
8.958464814030386858e-02
-2.203060109200088296e-02
3.025307287959943386e-02
-2.293826323106192087e-03
-1.080418878137011200e-02
-2.103174875677953515e-03
8.418357098297923891e-02
-1.054293745946558239e-02
1.691527706218721311e-02
1.695797933509018626e-02
3.440507989319690346e-02
4.510101990827994345e-02
-1.170727391358181331e-02
6.247175933063942727e-02
8.644080609778361651e-03
6.180632322001769485e-02
1.649275167481173768e-02
4.779771634227074351e-02
2.001167243473244567e-02
3.706336076565563270e-02
-4.427531921861797837e-02
4.086948241380310154e-02
5.299578838559521055e-02
3.983903233002986100e-02
-4.479908999059926955e-02
1.229877199360345091e-01
-5.123948075367242699e-02
6.293213159008696767e-02
3.289409601162254781e-02
5.990321444678074758e-02
3.621044463823671483e-02
-1.232673491053903198e-02
8.038983482126069169e-02
5.495510913527642399e-02
9.808150338625779008e-02
-1.532212499695932359e-02
-2.082622872660463975e-02
1.538689200929759665e-02
6.300986371315861478e-02
1.050003798307530371e-02
1.601450348073563471e-02
-1.184473404570966261e-02
-4.477940127998873351e-03
5.822823175362606268e-02
2.715332678831270177e-02
4.432060810938365930e-02
7.816915292508125335e-02
6.710400313956731144e-02
-7.226327763572697183e-02
-8.360536110878495630e-03
4.375133691390472885e-04
1.517523042738541661e-02
2.783828576642450106e-02
-2.543873130239638139e-02
5.049695697467313643e-02
4.661745345997597711e-02
-7.063962538805682034e-02
1.623458143786133193e-02
7.677222067357342139e-02
1.367557455149501049e-02
6.295471563132165604e-02
3.086538169168451945e-02
8.645647739904947435e-03
-8.583925638246589756e-04
8.629317783583984047e-02
3.381856126053824768e-02
2.883028161488495472e-02
1.592397629833869691e-02
1.039586768567844904e-01
-9.313293562174040918e-02
8.082322097837753294e-02
-4.466746065499042906e-02
-1.826704880159910407e-03
-1.998191014081797216e-03
1.662910083895165550e-02
9.233336313152089303e-02
6.875595048477711746e-02
-3.703466214800141265e-02
-1.118509144537111789e-02
-2.379713654044186139e-02
1.314934750117487464e-02
-3.270832969670689483e-02
-2.970453380996507416e-03
5.899352807971951912e-02
7.308079043880671977e-02
-5.425278197981617256e-02
-2.548669464660996420e-02
3.502963574530084528e-02
-3.730730784662805721e-02
-1.211875790206271356e-03
-3.197008352659199901e-03
3.048042768930300100e-02
-4.049741749976340510e-02
1.119601345170164602e-03
1.311833523504037785e-02
-6.206039318215064021e-02
-6.759671523973778684e-02
-5.805523219648769245e-02
-2.032046192415566943e-01
-4.801390211277008213e-02
-1.125403551789300460e-01
-1.000902643890185656e-01
-1.285472595500062043e-01
-1.336945345445481603e-01
-7.279289747903675001e-02
-2.727755679023075724e-02
-8.391961789796895110e-02
-4.574444107560531048e-02
-6.257994910293218638e-02
-6.885116534965532442e-02
7.868024679442912894e-03
1.802648011245634729e-02
1.453366663591048116e-02
1.344746311597279538e-02
-2.234948120869175575e-02
-1.641014248577726473e-02
-6.223704677572135593e-03
2.244408276918527859e-02
3.541189491282215746e-02
-1.816562561619370145e-02
5.124489834754504536e-02
-2.213491367956324854e-02
1.070222243091620978e-01
1.163456305126780999e-02
7.923350250680543175e-04
-1.286355759434697731e-04
1.065212688987371842e-01
-1.277935164858599176e-02
8.845146622796314431e-03
-3.369859264572546819e-03
2.757178851038950135e-02
1.308407856523222113e-02
4.297196364570930044e-02
-3.080392449872028718e-02
3.656657847660485516e-02
5.431183103581829763e-02
4.180761948508675101e-03
-6.639089754409072466e-03
6.114162835068757962e-02
1.994791437084587199e-02
4.089348001235085239e-02
-3.547561562840466365e-02
4.536856189838985032e-02
2.813885984494666689e-02
2.037051924046499526e-02
1.446341606942117344e-02
9.307511601341597260e-03
1.985983076129202093e-02
3.819248446132797285e-03
1.942415743779216802e-02
5.288619304782917266e-03
6.311074731767517092e-03
-2.297999756849075648e-02
1.411186280360988282e-02
3.900740062221293158e-02
-4.160140337514461190e-02
5.539213122972983655e-03
5.464014149386674929e-02
-1.989456277433921012e-03
6.511837285563240596e-02
1.042532009634257462e-02
5.878679407634763293e-02
-5.794787548908324204e-03
-1.760922413193982683e-02
4.702517631099226852e-02
1.329038412727505392e-02
1.372719847698638737e-02
-9.421811973022685416e-03
-1.186876233319294344e-02
-7.649063653688288611e-02
-1.255560819485630475e-01
-5.592442481725028169e-02
-7.598157688899624673e-02
-1.292792216866783528e-01
-1.001689833654389045e-01
-5.161781540652546352e-02
-1.174851123088925808e-01
-1.619971995908034423e-01
2.035739763047056394e-02
-1.175019755394498266e-01
-8.898801609313716776e-02
-1.151498337219318407e-01
-7.020919360175716106e-02
-1.144425739655696855e-01
-8.833025138741099069e-02
-4.115661078116221450e-02
-6.488140317838771154e-02
-1.274992712068447887e-01
-8.255969657232967163e-02
-1.792457381027756300e-02
-3.227053931275566251e-02
-4.207653999842642795e-02
-2.815193375961523581e-02
1.570948305380130347e-02
3.261174791879926232e-02
1.388181068701490120e-02
6.287812657879617018e-02
-4.148310582409404229e-02
5.650986296563817110e-03
2.540529529769907507e-02
-4.221795377715021474e-02
2.001452160505539854e-02
1.558241218467756178e-02
3.750171908284489347e-02
-4.563847343104945886e-02
3.942329950755339707e-02
-3.013504504192176386e-02
-1.576721517224707186e-02
1.487367260853587891e-02
-5.338815051357402933e-03
-2.006434361002892158e-03
6.366217643677002380e-02
-3.820559374630408400e-02
5.619412691450380304e-02
-1.174286528976769411e-02
4.887540717374642962e-02
2.639376744576194672e-02
6.396992895393309453e-02
4.886889750747206752e-03
8.513966182716173337e-03
4.981848965349548047e-02
3.650471780932785203e-03
1.935916825565586405e-02
-1.545596566408219234e-02
1.631651550598147218e-02
4.209337304038544142e-02
-2.425512451572326214e-02
-1.892160276723909781e-02
5.726832793303000824e-02
-6.606734183405316152e-02
2.826437075633019338e-02
-2.581158841983378915e-02
3.947220426361446044e-02
-6.354117226355538318e-05
6.187607666274687682e-03
2.831220358204887544e-02
6.244915215510418727e-02
5.450138451547784785e-02
2.426188088153890393e-02
1.856914057844554281e-02
5.702552579411564355e-03
1.046614536904383330e-01
-4.636791294037048011e-02
4.740125386647167649e-02
2.842512681915799339e-02
-1.272207771882889749e-02
2.588711937965318399e-02
-8.780831666039268235e-03
-1.687061422548936929e-02
4.142454436865798673e-02
4.253511195926901189e-02
1.350130341663768885e-02
4.374103786649885528e-02
2.104077979092130318e-02
3.656894328758379664e-02
2.804909518884941486e-02
4.276616893273190584e-02
-2.554998003764264933e-02
7.503936379344665342e-02
-2.593754685981704278e-02
3.498047858665362386e-02
1.977886576223063589e-02
1.094759430617905580e-02
-2.582739896749689824e-03
1.027068354792356683e-02
4.292326006871595434e-02
-1.045429389153241205e-02
3.581013831323963739e-03
2.733834420537083892e-02
1.040098957192231964e-02
7.979770885881224893e-03
2.122460961085623210e-02
-2.704309514234260955e-02
4.180949168625626433e-02
-4.117776436109724103e-02
3.717279951887660083e-02
4.283979714444828557e-02
3.707105543073954679e-02
-4.146304589955890352e-02
2.059423476573160605e-02
-7.286212157585855720e-02
4.623692183662692079e-02
-5.233898946349629933e-02
8.772648831235593803e-02
5.898777886131723047e-02
5.352281043353075002e-03
1.321192855715705092e-02
-9.462983505038524354e-03
4.001999552801972088e-02
-4.047784548965499551e-02
5.307445190323984568e-02
-6.378824103847195726e-02
2.391487541625284680e-02
-2.000611671583554622e-03
1.964974535693592150e-02
-4.960089467741950892e-02
-2.353526219284430079e-02
-4.498509258721014592e-02
-2.839238935866455690e-02
-1.313438156636271281e-01
-2.344047982366039007e-02
-9.628543888868772160e-02
-8.741860945566820584e-02
-9.632896195596832301e-02
-7.878842876463165723e-02
-1.229627372572127120e-01
-1.457645244907829762e-01
-9.408176436230204776e-02
-1.280817800130438777e-01
-9.822741370717100184e-02
-1.373115459587750387e-01
-1.145952533000726831e-01
-1.103317446781463262e-01
-1.309158699010985472e-01
-8.315960413321187017e-02
-1.326226478338640019e-02
-5.010056530077230952e-02
-5.560315871559246004e-02
1.438901837892377425e-02
-2.146393275725988828e-03
9.619152385827601376e-04
-3.018279438264884901e-02
2.336104433570670991e-02
-2.174601785278654914e-02
-2.810885122825834519e-03
8.985311334161069641e-03
1.468578951280264007e-02
1.820592581274674444e-03
3.910943980646845730e-02
-2.619927869579813037e-02
1.715882649304217161e-02
-9.833488531816779454e-03
2.175397649913027309e-02
-2.213046853008191622e-03
2.738577374324840941e-02
5.336241654724203920e-02
1.826702837565369678e-02
1.316940462298672558e-02
1.153893590489164615e-02
6.092917558309714210e-02
-9.006417453446942389e-03
-9.533932712994942771e-03
3.709226248793930092e-02
-2.245601044020259507e-02
3.196018694092085666e-02
-3.543819993334984715e-03
3.422796576600547341e-02
1.703469985493664962e-02
2.102898835267557123e-02
-1.999051616339866250e-02
3.258816511988784498e-02
-1.159228584161858984e-02
4.626842795303783007e-02
-5.470560281350136944e-03
2.829223289000425828e-02
-1.463220115413723689e-02
4.259393939389119477e-02
-3.797098670929646008e-02
5.706789818091301952e-02
-3.461319108864113498e-03
2.993118643833617837e-02
4.493290553241254676e-02
-2.466139180186931179e-02
1.023339607801780973e-02
6.659572963993876799e-04
4.802507092792412946e-02
-8.965407452217357201e-03
1.596309060005223629e-02
-7.181932347197165362e-03
3.673825249185783820e-02
3.164034365580428027e-02
-1.048756164574075889e-02
2.672895926110543247e-02
9.445826045976985288e-03
2.136778088397554842e-02
4.321833701600976546e-02
-3.104617252236766684e-02
4.645989530914408638e-02
-1.839410257890174843e-02
8.186548825280241803e-02
-5.023859471253461217e-02
3.897926264847622474e-02
6.196092702659661278e-02
1.421285501278290835e-02
-1.059587298895110601e-02
1.360664603295796103e-02
2.131457908704891078e-03
5.276470198132073713e-02
-3.980122018399122330e-02
2.693543635469686920e-02
3.081468061291211744e-02
-2.755800995787586333e-02
-2.059529743573368377e-02
4.564115857535271104e-02
6.958703285944386335e-03
2.728746873325652716e-02
2.573099202080218056e-02
2.933525695958617494e-02
-4.128649703751601646e-02
-2.407587777510872620e-03
1.000017784997414283e-01
-1.063438801986884077e-02
1.435654078848386250e-02
5.076582832593502098e-02
-4.381847886082644236e-03
1.812686492103112584e-02
-9.063858440589993466e-04
5.666960711610056350e-02
-2.971956143971512003e-04
-5.816656047170581934e-02
1.299129486129520575e-02
4.345114193545671077e-02
-4.225851514367189032e-02
-1.618907831239801628e-02
2.270201454639005599e-03
4.202734253932518399e-02
5.538361853081040509e-02
7.638435587251999476e-04
2.806558156533755372e-02
4.815471247217988082e-02
5.078227250841912954e-02
8.074109656473034413e-02
2.466154077498037764e-02
4.103640847074938730e-02
9.853875250252908113e-02
3.425349538272555450e-02
8.993565710534026647e-02
5.664865495174335047e-02
9.328061048850165571e-02
1.197891986440283163e-01
1.073356490523953849e-01
1.321729121334927481e-01
1.039897110297914595e-02
4.423618197259544110e-02
9.491434708499196793e-02
1.465417792705551725e-01
6.234486257962557759e-02
9.999588791504529506e-02
-3.771910926158154875e-02
2.517893802229538847e-01
-1.132183090087001964e-01
1.951262214486602087e-01
-6.239432852324530016e-03
3.173028622479749650e-02
1.733237343711806211e-02
3.409903419820820014e-02
6.182203935936081418e-02
-7.870091425847481476e-03
4.784567493044084019e-02
5.837439698832077445e-02
6.238602801821359345e-02
5.010226773413705564e-02
3.733846133105586315e-03
3.517236270672619708e-02
-7.774743705701302188e-02
-1.429563058982639447e-02
8.279698075655195222e-02
-7.374976172904115779e-02
4.651295343985309416e-02
4.319762927210923920e-02
-7.637836458283885077e-03
1.241695224771019283e-02
3.337564893856624637e-02
2.474851396461282688e-02
1.389197202198488509e-02
8.732682675789686655e-03
-3.077477475119316797e-02
2.426105035280126318e-02
-1.629949539054664776e-02
2.882074488194791978e-02
-3.383043520574276208e-02
1.006418106892766409e-02
6.997691580808942935e-02
-3.450365224447936308e-03
-2.651521818516788115e-02
-5.667298984501545345e-02
2.361614962887424035e-02
4.938908756904145103e-02
8.678908972560275825e-02
3.820669633728153436e-02
1.363892749220598985e-02
-9.937185138745020102e-03
5.079277273397286852e-02
4.859657071542889534e-02
-1.197905051316598343e-02
1.206864310917476896e-01
-1.065324993205555779e-02
4.767049506805550591e-02
3.930836503522242009e-02
4.161103394194032301e-02
2.988756557266044472e-03
6.794419449086736007e-02
-2.514014169169095578e-02
5.185430698350512735e-02
-3.784625752212954219e-02
6.986939592950230926e-02
-2.864203883288261171e-03
8.691927956369327468e-02
4.950686293084612284e-03
6.249726969537559851e-02
-1.270741386284189936e-02
5.588790626380103765e-02
1.290375317009766765e-01
2.023096849038794748e-02
-3.535735141365889400e-02
5.260037977137099752e-02
-2.094633634282172877e-02
1.779514864914698291e-02
1.290742635409963465e-02
-2.504805531181976148e-03
4.289908990698906854e-02
-2.843361815305995785e-02
-6.563400650277422671e-03
1.171311438325951110e-02
1.125998619614830554e-02
2.059863879452263069e-05
1.549040634981081049e-02
-1.363065279484800343e-02
4.162815163133217616e-02
1.889246843802666262e-02
1.737312855326369337e-02
4.470649951160494268e-02
-1.625558563781411350e-04
1.767432548550876628e-02
5.540393297367726677e-02
-4.053766169604780534e-02
1.605960295840735616e-02
3.105716610809224759e-02
4.881217529932316279e-02
3.342003483333777503e-02
7.407218104018223337e-02
2.584058942858208710e-02
1.046623521414037777e-01
6.700716630169877008e-02
1.427528082576339508e-01
1.002628474800278668e-01
8.303278043029778399e-02
4.776620716861108146e-02
5.066503299353698059e-02
2.003496063014144069e-01
9.526393639042948780e-02
1.492414137702476884e-01
2.453361620961482803e-01
6.716926116534399638e-02
1.567682941511337746e-01
1.048997982850492505e-01
1.405015157570353446e-01
1.582097841338684363e-01
5.000281449371085651e-02
1.966335709477852745e-01
8.529289739881100452e-02
4.048553977615400312e-02
7.661614113086472055e-02
7.405805382614241705e-02
5.454543834771607980e-02
6.476178668695717344e-02
-2.985862845916371217e-02
4.991851098310785828e-02
5.316361845457557439e-02
-1.764675487457055027e-03
-5.694390510115217123e-03
8.031885125904143774e-02
1.705265912326290765e-03
3.737639408425263987e-02
2.872868743419904752e-02
-4.499014056541364437e-02
3.761484656647377800e-02
1.601801010943517192e-02
5.436712601811212464e-02
-1.956661981719894083e-02
5.253169305432865699e-02
4.247763997783517848e-02
3.383743526748778639e-04
-2.325337557218418172e-02
7.329040420160301723e-03
1.202859205364829182e-02
1.367900685372566878e-02
3.337250931797192816e-02
-2.520953073187362850e-02
-8.220248749615740452e-03
2.727334165021036427e-02
1.083336147721942512e-02
1.138472309090390183e-02
2.213970181677976309e-02
-3.250860082903058584e-02
5.544003622653892460e-02
3.921831363536750804e-03
3.675097978717507818e-02
-1.913721597539774777e-02
7.966518791082441431e-03
3.476709440256550709e-02
-3.594082329642625528e-02
1.076659232952355619e-02
6.064927082952445425e-02
1.888568538559934687e-02
-1.396528896085458271e-02
2.794108142572524281e-02
2.407161424419030846e-02
7.959085225178649803e-02
-2.029676270400291443e-02
-3.130569631688594201e-02
3.493911426509963003e-02
5.513976877255442888e-02
-5.226679684548027338e-02
-3.000910726958915323e-02
-5.363231710051331522e-03
-6.846514373069724144e-03
-5.823028985456491641e-02
1.931054450388095672e-02
1.193255990135105513e-02
2.293345410130789158e-02
1.419075868829523628e-02
5.216026769333581559e-02
4.872204444551907210e-03
5.833450384556586321e-02
9.254438804219258796e-02
3.969188044455764647e-02
8.419189036526113223e-02
8.321156244944052927e-02
1.180532373197781815e-01
8.972161605471157264e-02
1.043203452669270170e-01
1.327462866114233753e-01
2.104222569245764174e-01
6.355712428429399763e-02
1.218002960312219440e-01
1.537409707615127463e-01
1.287487844159762029e-01
1.645111098325161281e-01
1.377803608584161343e-01
1.518230418550838290e-01
1.175802344775139785e-01
1.162010239899487207e-01
7.590249591483373692e-02
1.530737856947541053e-01
1.407014045539032795e-02
8.012936203224832465e-02
1.150549317689415207e-01
6.622502474860778032e-02
5.077075501831042337e-02
3.847681569329436391e-02
5.696707648156973391e-02
2.793503934578473250e-02
-2.760450621370750396e-02
1.967448974608447532e-02
3.056464349052658014e-02
-1.484042729996658608e-02
1.139030337119478938e-02
-8.464828293191612243e-03
-1.469718857522308436e-02
7.973702654742119422e-02
1.250494496601611827e-02
-1.510789991392984255e-02
3.797165846194067163e-02
1.656126778474291752e-02
1.424824446579151492e-02
1.920551149697235713e-02
-1.696158311126326826e-02
4.780086531753546808e-02
-3.169503199533812987e-02
4.472452698342922056e-02
1.150699679738803952e-02
4.012614223386536810e-02
2.769008525365025328e-02
-1.426699575765476638e-02
1.986532153158970804e-02
3.067229325849592410e-03
3.837284291483519100e-02
-1.318601247179201214e-02
6.912438230748534085e-02
-3.198164010699521692e-02
4.744683123136837766e-02
3.673358806983282460e-02
-7.408760868175232571e-03
2.529835927736625439e-02
6.944190662867970841e-03
3.455223831328581297e-02
5.889829753931573320e-02
1.937517217841931705e-02
-5.330277139250919408e-03
1.782383676120490729e-02
2.080808304416711246e-02
-7.472868935313016839e-03
-7.335784229347266580e-03
5.491418992181474647e-03
3.139324991039176005e-02
1.653123062439624744e-02
-6.277287720259153853e-03
1.137935084097744208e-02
1.459120144978182099e-02
2.157934840094588580e-02
1.310153496326751238e-02
1.994766337686225757e-02
1.896062321205069234e-02
-2.881564465297116809e-02
4.029347781808072237e-02
-3.339980652566761771e-02
3.208064852706971060e-02
2.613781376453368915e-02
-2.016563813637466812e-02
1.264690429261360397e-02
-8.546604336167214905e-03
3.050844750728252605e-02
4.916582256948629631e-02
-1.761999227281588198e-02
7.266926084883277431e-03
4.617960122085857516e-02
-7.602493708665019126e-03
1.586247167698898869e-02
4.352954166014069703e-02
-4.945317940814581911e-03
-2.895946836169814576e-02
1.036920041631507125e-02
9.154294944566605807e-02
1.233518053612857497e-02
5.745543211958907548e-03
3.483756140726164408e-02
-3.116846750194941264e-03
-2.377897483124282590e-02
4.183943426941615779e-02
-2.313299119661169773e-02
5.848388966272380363e-02
4.392243669462723640e-03
7.712987428921674361e-03
5.023250660377861360e-02
-2.881840564707159255e-02
6.700072388694325309e-02
-8.764427057924325040e-03
4.114465592485602730e-02
-1.950351714462896305e-02
1.270367262590677351e-02
7.627371258680680499e-02
-7.277244711768679486e-02
2.328579566376802121e-02
-1.433574848598492824e-02
-2.667349000505997089e-02
3.172565138405515628e-02
2.486408130958727911e-02
-8.434058575401755242e-03
-1.541453506669994726e-03
-1.526565393108561888e-02
6.049557632639351867e-02
3.537896645199929517e-03
9.238873087394711137e-03
-7.558728814090675749e-03
4.298750266999730105e-03
2.793528699858902759e-02
5.178193614887065949e-02
1.270861830101902845e-01
-1.247864036270972254e-02
1.481567950630738040e-01
1.093008956790433167e-01
4.846542522756878968e-02
2.042944539618715138e-01
1.008818013240868616e-01
1.118224772658258093e-01
1.081575221455387537e-01
1.229378317236232143e-01
1.451841771160071182e-01
1.572013986584091527e-01
5.815457627638469934e-02
2.150210724023193243e-01
8.438702886224618005e-02
1.222591914422593296e-01
1.417747718596217565e-01
8.613597848956591752e-02
2.305419531197828165e-01
1.366412156414893997e-01
1.437977093913938090e-02
9.849471092653078186e-02
6.178634428511207283e-02
4.104433407020589147e-02
5.258180251765786489e-02
2.043950700467093290e-02
4.044482345344006802e-02
-1.629271071783196245e-02
5.235486023662033056e-02
2.360655705719613348e-02
1.025359388537092353e-01
-7.812815340461963520e-02
2.022333268603955514e-02
1.890945185853337707e-02
2.479040339283998182e-02
4.944028366825441168e-02
4.311652536183276097e-02
-3.958193246782013702e-02
6.367797723160249779e-02
-1.080976454523784394e-02
1.798506086194958178e-02
2.805949072923936971e-02
-9.837565916099204680e-03
2.860919722120649350e-02
-4.672140427448876615e-03
-2.093770190987409227e-02
2.447073852699890167e-02
2.899612580916336065e-03
6.281568116097907550e-02
-2.556072682072074373e-02
6.397078651769000368e-02
4.959444852191709219e-02
-1.075257642089800895e-02
2.804145836602679742e-02
1.607191440914301772e-02
-1.268966005958017257e-02
7.790935788679351215e-02
6.571348684726549538e-02
4.635738358077019783e-02
8.245515720371154877e-02
4.075895037305585222e-02
1.156231758364467260e-01
7.765924628449870359e-02
8.478478351202335672e-02
1.456366650056829803e-01
8.664505269459386871e-02
9.266473165450428429e-02
6.708456965395974414e-02
1.265325890767241557e-01
7.071085161953914733e-02
5.575200390173884468e-02
9.770133534574547418e-02
-4.083058979492110163e-02
1.755535437726163384e-01
7.155971726316653903e-02
7.148798041505388667e-02
8.226114663596410803e-02
-5.376823815529903350e-02
6.264203000785785458e-02
-1.111091079663365823e-02
-3.711188827201296336e-02
6.485865197175641472e-02
3.174515371217513648e-02
1.697590206384749778e-02
6.188038479192589994e-03
-5.341088138416621826e-03
2.319436598540952979e-02
3.767050013622459670e-02
-1.785766049924233587e-02
6.308820282324159590e-02
-5.907442465129193049e-02
3.297911651220496176e-02
1.841131249944994233e-02
3.294983911147275624e-02
-3.233867880597364464e-02
4.748746243871560663e-02
3.737534568059009549e-02
1.396739466420916570e-03
-2.060753248660690540e-02
2.323379730874081464e-02
-4.488379721350707272e-03
6.047667643717769687e-02
-3.038347885502498333e-02
-3.142140323053545237e-02
2.251738253150432911e-02
6.657973958711349560e-02
-2.131137963203055471e-02
-6.116761484434209140e-02
-3.679050397112802739e-02
3.121250450217775280e-03
4.241665683527455488e-02
1.332536743046568439e-01
-4.915546278274564307e-02
6.706402351240528525e-02
7.209416532809731840e-03
-1.645413445968421998e-03
1.092774425492648582e-02
9.987889341481269445e-02
3.997923511527625567e-02
2.246104247232432946e-02
2.817562558981867582e-02
5.624179961952883999e-02
4.835502489610134236e-02
4.689424524806519445e-02
1.766905742259032575e-02
3.750889381593169869e-02
-1.712965624926334612e-02
4.235080598032785193e-02
-7.658650060945128638e-03
6.582816529616668244e-02
-3.275352477160844988e-02
5.090808061539432716e-02
1.016645453276171160e-02
1.264595446485347330e-01
6.871188705376230161e-04
3.580315446312066011e-03
9.069316519306053204e-02
7.737953844891939936e-02
1.240148832463755860e-02
2.095903037654960402e-02
6.115017169642754380e-02
-1.666427089877083739e-02
1.136220499677731942e-02
3.193889227950260506e-02
-1.589899559029554071e-02
3.476092099937595770e-02
-2.995849328361643946e-03
8.309188256256944821e-04
1.479629803230961098e-02
1.718529904293112850e-02
-6.883243635661255577e-02
6.924616974484229526e-02
-6.027752650293307507e-02
1.731760760633482138e-03
-7.849741592645211041e-03
1.387933073683572660e-02
5.362149576186299449e-02
4.111434143516528444e-02
2.490974626195713304e-04
-1.684307827836332636e-02
1.736131131727495364e-02
1.098718025877843882e-02
3.438341161020330716e-02
5.508441556834259289e-02
-1.433922166372739691e-02
2.450838784528591024e-02
4.426283481619495974e-02
6.812608826012886420e-02
9.671312407470464279e-02
5.055211601442832769e-02
1.444300542744821059e-01
5.869241766147591938e-02
1.830897246065634754e-01
1.239820445997606158e-01
2.873409800308891066e-02
2.386590708556989848e-01
1.316676059746336724e-01
1.781885962578786120e-01
1.978493585557189183e-01
1.259795640568217578e-01
1.622490702268702401e-01
1.099572081793166178e-01
9.444850981036569115e-02
1.017158384135717075e-01
9.652956791827596583e-02
1.366058365383649997e-01
1.244722513015109056e-01
9.428931397823711591e-02
1.161942508922716444e-01
8.398453646657177973e-02
4.028740667808405201e-02
6.008078234040784005e-02
3.584427375693534368e-02
2.940736136976401793e-02
2.259946936260411737e-02
3.624957686583675509e-02
-5.211872817984784280e-03
5.930676414198598340e-02
5.160154097982604104e-02
4.738939281472379431e-03
-1.844414224996978810e-02
4.419348938059418364e-02
5.389706767344918520e-02
-2.407679939933117172e-02
-2.532683664217048533e-03
4.571471338736322887e-02
4.154227579005254772e-02
4.676548884054264332e-02
-5.729881181488928610e-02
2.241414138153410146e-02
4.889735793303026656e-04
-4.837413782995647615e-02
3.016978841998270433e-02
1.302119865449116731e-02
1.784944052836629283e-02
5.999536952281947499e-02
-3.362984982988966726e-02
3.250122327649867388e-02
2.692790014345435023e-02
-2.520271682944768069e-02
-1.836199312718901286e-02
2.319420565419808705e-02
1.647957062306628154e-02
1.289743665066355599e-02
2.029526704132841169e-02
3.306256616811192178e-02
2.505457417985871606e-03
4.251272425382441461e-02
8.411002806086474368e-03
-1.885222776761796837e-02
9.775375847765992166e-03
9.587135216724685174e-03
7.884969948483754043e-02
-4.290093409518801887e-02
2.490140561442081429e-02
7.674665895387039471e-03
-1.822703806853552891e-02
-4.043925165229205615e-03
-9.154678675188870907e-02
1.329962336895397848e-02
8.730745350332139859e-03
-3.092086258673895291e-02
-1.779541135423991227e-02
-1.982064859904225998e-02
-2.419785203014657854e-03
1.823268847491952421e-02
-1.048487575532309167e-02
-2.003685298107431637e-02
4.527183694669228986e-03
-2.170512262014836699e-02
2.765269979870289829e-02
-6.783545387869535648e-02
-1.255536302999288312e-02
-5.290012910722403927e-03
-3.089179783393838918e-02
-6.055820448683771340e-02
-1.604633938519407776e-02
-1.074702517024605543e-02
4.920893072233083199e-02
-1.440827610781193410e-02
2.329482743569985526e-02
-4.128897922903905504e-02
4.029403788125598962e-02
-6.368176404846085173e-03
2.156486097113910483e-02
1.712991218750140043e-02
1.940058544624666606e-02
6.719774313686124878e-02
2.430998280776756199e-02
4.136288379769098578e-02
6.508249202963917179e-02
8.173209561617364449e-03
6.498588772880697917e-02
6.801717039280552601e-02
2.311799658456949527e-02
1.213951327530608110e-01
4.202940444794201619e-02
3.814857662149165329e-02
4.108578097014690955e-02
9.458861699848797322e-02
2.718930831760571487e-02
4.073084622931095328e-02
3.199842935240140851e-02
5.275017740425427815e-02
4.881581140991102935e-02
7.509462534722613491e-02
5.718380591457492002e-02
3.136086451804454694e-02
7.395374858110982663e-02
2.601319125058699708e-02
9.491291229191753387e-02
4.956249920671554343e-02
-3.238793040532431111e-02
4.735959613198567619e-02
5.995390679455978034e-02
3.961175601888303199e-02
6.098443136682757393e-03
9.503299007979175428e-02
2.274554037185431976e-02
2.251065188238671189e-03
5.071127623871837797e-02
5.005242717436211158e-02
7.750211432619097396e-02
4.437086108097639675e-02
4.100491037785955473e-02
4.986039686709925478e-02
5.316899105134324094e-02
1.208299563903605933e-02
4.424430098234751613e-02
2.488189606372037330e-02
3.611670631812222143e-02
3.164691347645764985e-02
2.992686050905508238e-02
5.704051606078915787e-02
3.620491051136018323e-02
5.326972741724281951e-02
7.524314669771328679e-02
3.858799234362416536e-02
1.091248574239500613e-01
3.598996680614231780e-02
5.764374288934088347e-02
4.837927478866705516e-02
6.204546690145062993e-02
-1.855507772017413182e-02
9.670484747644900181e-02
4.888232446992292479e-02
-1.085375001475298758e-02
3.412713648574836056e-02
2.174965734862395472e-02
5.915873146565352875e-02
-1.412725091301367773e-02
4.733790629345106804e-02
8.967908572252249189e-03
3.359299770354377823e-02
3.880117853368326986e-02
4.776628292048445967e-03
1.298995049554593252e-02
-9.324799984284433407e-03
5.162714786167175302e-02
-3.556857949022904780e-02
-6.425126551118114440e-03
-4.057057645464430540e-02
-2.697148242771311641e-02
-9.602629425599065738e-02
-5.481960308138592031e-04
-1.801020204940064276e-02
-5.473485341414854183e-02
-5.350358345301702706e-02
-3.835183623288646038e-02
-6.135621928322267105e-02
-3.534290878700840216e-02
-4.163578036121298731e-02
8.281637118899447259e-03
-2.428771815240617776e-02
-3.735376906763850785e-02
-1.249953858004345178e-02
-6.521685097733005872e-03
-1.484763259446504266e-03
1.489162630671624771e-02
1.857604808587243195e-02
-2.267309451301121812e-02
-1.251817935328036584e-02
-3.408987180038207040e-03
2.599059473747720311e-02
-4.387236061535917248e-02
-1.763259044442874734e-02
-2.110189830273768302e-04
1.518520773505236364e-02
-3.190942811235897292e-02
-3.132304897701112395e-02
5.039356675416285097e-02
-8.066749437847920909e-03
-8.085718999099655857e-03
2.318322345323047332e-02
5.873580785678141243e-03
6.963557522151460344e-02
-1.958888225751951456e-02
-4.077692302983614014e-02
1.515379160223041810e-02
7.592387700450180417e-03
-1.752473235280436678e-02
5.112547345826790740e-02
-7.798857004474678625e-03
3.308200786935349552e-02
-4.422516879446652255e-02
1.141589782760983433e-02
1.815368620821682100e-02
3.798999004713672872e-04
2.743915249399273004e-02
9.143293634367430367e-03
-4.105080740529307159e-02
1.664947376418084851e-02
-6.828993818063131341e-03
-7.429688622631973154e-03
-1.597594376398134633e-02
1.452827387179111973e-02
-2.791820097413816315e-02
2.369870098923661413e-03
-2.153682869677808753e-02
3.951997030633094127e-02
8.463930341223701789e-03
-8.990664188400870199e-03
8.912421876840648932e-03
-1.281581855073709621e-02
3.748581887015979552e-02
-1.318047085700804928e-02
2.912406303361020962e-03
-1.727543591933014197e-02
5.940658660854575409e-04
1.759734473229348714e-02
-1.296370188237291540e-02
-1.633706399444396357e-02
1.388677034515340553e-02
-8.342326464146905540e-03
3.364111871528752302e-03
1.130786065365291899e-03
-6.712576145516777060e-03
2.214794043566059632e-04
2.614956460543181940e-02
