-1.792823709113799957e-02
-4.272349033092792681e-02
-6.028521489060856275e-03
-3.920643112293276111e-02
-2.863648008628616459e-02
-5.403544583833408410e-03
-9.379572665902724538e-03
2.574299231658860876e-03
2.840639847760284553e-03
2.473569362873240252e-02
-1.220200468201015909e-02
6.824407096253981564e-03
2.235680596171674139e-02
1.044221029572556247e-02
-5.204337218291055223e-03
1.755212939057004817e-03
6.391701086344614424e-02
-2.412686903960836737e-02
-2.944650169115381466e-02
3.950908063481417543e-04
-1.995701448119735488e-02
-3.726135118004925140e-02
1.377299788480068621e-02
-5.506827141516157376e-02
3.612220719021141946e-02
1.003743509314469762e-02
-1.871441637986204221e-02
-3.972262643780566371e-02
1.472153996179681457e-02
6.716839775695326864e-02
7.218976514005803757e-02
-8.638079382932617456e-02
6.522566406415020168e-04
8.273099635483882608e-02
-1.485809702828078116e-05
8.436889722507556755e-02
6.676401863713765650e-02
3.229434799854313809e-02
4.279602709352881007e-02
7.749104885055535519e-02
1.371792725358123022e-02
1.909767089735026069e-02
2.521597296129729493e-02
6.940490206075455859e-03
5.840396897384936281e-02
2.461805013802331743e-03
2.052918631452760323e-02
1.201274496606030695e-02
2.405648596993481547e-02
-3.864019071910185232e-02
6.088098766368066350e-03
3.486527791753646355e-02
3.600093180245256264e-02
1.239195959958738769e-02
8.727185556239902553e-02
8.809131898158906182e-03
1.029549653197836534e-02
-9.358903310314303781e-03
1.823818286801692778e-02
2.694826940129857462e-02
4.453279577759561292e-02
-1.036144818778783616e-03
6.436327255803808711e-02
6.286445513919280970e-02
2.425369458397597100e-02
3.217260721616854724e-02
5.148131556761859073e-02
-3.664511191480901431e-02
-1.243761901065010278e-02
-1.399632833304131907e-03
3.382676505216508644e-02
4.017796455861466498e-02
4.845551207128773186e-02
2.312853160759154036e-02
2.212409576667129230e-02
5.845007035306526433e-02
4.522921673390856157e-02
8.409993219383071761e-03
5.203495494913612518e-02
5.443578968063045309e-02
1.031828330157922302e-01
1.441284451428082036e-02
6.215371368809119446e-02
2.411893836521672441e-02
7.360482373789078991e-02
7.669584071416846172e-02
8.112349838827448423e-02
4.296203287507704971e-02
1.222171345805396214e-01
8.432749319112975428e-02
1.413899976478072418e-02
4.247796802859404863e-02
1.014455527827826664e-01
1.397328111688089791e-02
1.210387394381262638e-02
5.510622657967667593e-02
3.664641513616917479e-02
1.007699462274822544e-01
1.070425049751002611e-01
7.632248193970880834e-02
8.215210776200043696e-02
8.022841435801186805e-02
6.538262037939190918e-02
5.281208040602169973e-03
4.902864408124152362e-02
9.385512550196795090e-02
8.700703563815004316e-02
4.518852702010578426e-02
5.742015946528011838e-02
6.658671279495287365e-02
9.863355180757382712e-02
7.620465649676821940e-02
2.937798439888483770e-02
4.165412898192988322e-02
4.112000478613309085e-02
4.667336444175340660e-02
2.253245656700730848e-02
1.418763262616322685e-01
1.019388854688050294e-01
3.760867659245814565e-02
1.418792315929096048e-02
8.756805834122305399e-02
5.205759686972610822e-02
3.941724914462918505e-02
4.249916377054274719e-02
3.229357694112078292e-02
6.284599409765379008e-02
2.379128765000793067e-02
3.524148865352305648e-02
1.189641351339196795e-01
4.019745331373325570e-02
2.528117496001813791e-02
5.457404818862077178e-02
8.585775787370186762e-02
7.877952841563073960e-02
3.459653899151993173e-02
5.730918877910928799e-02
1.029286962421118723e-01
4.880111260773967174e-02
1.238804127247932207e-01
1.125417900994034603e-01
5.080821525891288104e-03
3.191219290047975221e-02
8.500681215782179834e-02
5.614144078007754501e-02
3.355551638303433393e-02
4.956784136476377611e-02
3.549038945466165274e-02
7.253125041150587649e-02
1.892356863855360061e-02
1.234174280306898908e-01
2.798496352630852613e-03
9.740429966665153927e-02
4.946712822317334002e-02
4.086905652864158967e-02
7.165248756874476044e-02
2.907955587860078239e-02
7.720785584071920837e-02
5.377661020826884908e-02
1.245680095871493087e-01
6.402902542046007284e-03
3.493490039142699288e-02
8.055247621141425896e-02
6.599411025990153945e-02
8.558361441129624936e-02
1.403667986281353919e-02
6.626876516990920507e-02
6.111588618065155742e-04
1.362563037708772740e-01
2.375931331599234753e-02
3.741876566568258511e-02
7.599960374201542024e-02
9.759556543305514253e-02
6.629285041904209308e-02
1.812368055302693293e-02
7.828815074822603748e-02
4.145074392737457813e-02
1.850412902726938924e-02
5.548968205085236249e-02
8.098983263847348013e-02
5.813182271436101445e-02
4.138513904149654365e-02
9.401312577179199437e-02
6.842376371048208838e-02
7.523751607050810364e-02
9.396003263692565000e-02
2.261289393749477128e-02
1.124146468125042375e-01
1.595388112816387149e-02
8.911589110792572654e-02
1.887538959149237527e-02
1.055786981034780858e-01
6.353074748896725410e-02
6.184044735409655047e-02
5.486055088067764984e-02
4.793950081940190344e-02
4.248058554051836744e-02
1.160119151414240601e-01
7.345352478558497822e-03
2.088966332271313675e-02
3.269631976349085534e-02
6.682002318545521291e-02
2.956302732622062557e-02
-2.875893980176158493e-02
2.020433742021765511e-02
1.011556852090089720e-02
6.626577349316131738e-02
1.799780046017485091e-02
1.318787420022826673e-02
6.658209246456658903e-03
3.513952771386397167e-02
-4.985381467844218761e-03
3.267951008332992124e-02
-1.642539457953851034e-02
6.831519263158969402e-02
-6.493482254702254153e-03
3.222345545113758369e-02
1.215244821045244894e-01
-1.095859435863320019e-01
6.994201345588879626e-02
4.373627313464645283e-02
1.322431657403999594e-02
5.207388125244594157e-02
1.621462571266829578e-02
4.777611699501083109e-03
5.823783436008622694e-02
2.309696786498727228e-02
5.379991171957820839e-02
6.598946324144483455e-03
6.113809324325858441e-02
-2.262340164408493948e-02
1.358923635495989934e-02
1.007411891598908316e-01
2.469893120243860096e-02
5.461715720198734303e-02
7.222900220162564722e-02
2.530290267697976603e-02
3.372077372308401877e-02
5.204540361278109373e-02
3.290844108716539651e-02
2.358353833101034525e-02
9.037198920583833228e-02
-2.113609778570779696e-03
5.719218531716130371e-02
3.252926231677477631e-02
5.065336063716019410e-02
9.817206880699291816e-02
7.073515965387411342e-03
9.695929486686472032e-02
4.275320866547627219e-02
1.083210011782274051e-01
4.480294844716015135e-02
5.177766584695442376e-02
9.431912921958396367e-02
2.452123637255843036e-02
5.922845976021484660e-02
5.424929900123487414e-02
3.354938769081661221e-02
8.792484100514919021e-02
2.431840552210928763e-02
5.572107426602990188e-02
7.530378027112449857e-02
1.296797538894045587e-02
6.385752466296734653e-02
1.951638004478706279e-02
1.096295208443383018e-01
8.000947290809135026e-02
4.204275959453651623e-02
6.577129972716777573e-02
5.557474975152132401e-02
-3.437407953096949242e-02
1.161206544473851743e-01
7.746815725071787284e-02
5.899142080258990006e-02
1.292857427995346420e-01
1.246991221399595950e-01
7.904171591608788461e-02
8.666500793343967501e-03
9.825120911261153722e-02
9.132717547427482430e-02
4.259328357368952211e-02
2.196780378771912012e-02
7.925355829157876286e-02
1.005313676852059857e-01
8.805070480692567259e-02
6.902783716801730307e-02
4.099395232847191650e-02
6.248792053788099210e-02
5.883538354389772351e-02
1.014970818927012353e-01
7.506292711831896725e-02
5.652493042230721798e-02
2.148426383713797350e-02
6.936556444484898165e-02
1.309822467436427829e-02
9.345912016309565473e-02
2.387505788026578202e-02
9.411937765876121631e-02
1.008837496608827600e-01
6.657530332806560480e-02
1.831485400082488724e-02
2.087505965855473988e-02
5.957877697789637494e-02
4.607332601963376462e-02
7.551880853649928227e-02
1.031221751944171316e-01
9.625820592883505000e-02
6.415504662383275658e-02
3.059488581082447922e-02
8.258615858741524818e-02
7.210721788870699811e-02
1.071410442066942359e-01
3.698016445189056256e-02
9.178350564951021084e-02
8.408318805831527243e-02
7.167792133953820866e-02
5.119260828078431302e-02
5.325295065778634651e-02
9.403277401165022198e-02
1.364558535095627967e-01
6.930726913543239220e-03
8.581748278054801560e-02
9.247494010436074774e-02
2.116933855030156408e-02
1.364677239373759399e-01
-2.876817052336111402e-03
5.311461248046178696e-02
1.013600567864481050e-01
8.464795306901340410e-02
6.836121618559243274e-02
6.634055482479306320e-02
5.078527901369378483e-02
3.013920659244506695e-02
7.241906559590827186e-02
1.076463419679596356e-01
5.522279835377474910e-02
1.158400627798146232e-01
6.639997893951710140e-02
1.007028628200514753e-01
3.517805200388623987e-02
5.592738344084802193e-02
1.150312561661470667e-01
1.036958349711225580e-02
1.199971056945519088e-01
8.861257971351754748e-02
-1.027802199122000992e-01
2.516208870879252935e-01
7.292569004655469200e-03
6.001199182713312652e-02
7.100423441040693007e-02
-5.658514262119940241e-03
1.094883669563952999e-01
2.319928660595849124e-02
1.008003901267229274e-01
6.981208016295337160e-02
6.629248253296182725e-02
4.319791424281982373e-02
5.415599810614812881e-02
5.933419918457794040e-02
6.955701913483380849e-02
7.156952619648260239e-02
2.740980538003245925e-02
8.605665346581448105e-02
4.295895037787911264e-02
6.806290352629762452e-02
4.608949375781490332e-02
4.742170438888315687e-02
1.151678668225306623e-01
7.938170421416224087e-02
6.605961763933843045e-02
5.032181401298352341e-02
1.205681414154327058e-01
4.137513227297162643e-03
3.290794152262943584e-02
8.325191641475315762e-02
1.021569029894235925e-01
2.782240458519202875e-02
6.310818169794174537e-02
9.430250539386042519e-02
6.751155555542620590e-02
8.255698777220255025e-02
4.080353770684741477e-02
5.577602530072001130e-02
5.610523554638513488e-02
6.234085420798018973e-02
7.112631592078111353e-02
6.862425789906456686e-02
8.661510112221426638e-02
4.338434504133070746e-02
3.204868039675279334e-02
7.181510431357862601e-02
9.482642401532004328e-02
8.574132774490994535e-02
6.725286841197819498e-02
1.144562698162427949e-01
5.510573575349830833e-02
7.590110938800087581e-02
7.337881252137545829e-02
5.853604038937820775e-02
1.366712989726805993e-01
9.792148265002875718e-02
5.949187224285257258e-02
-1.439377892847160112e-02
1.239822156675938203e-01
2.975222616342909632e-02
9.887765926792591031e-02
7.380792707758843108e-02
1.013197202124835883e-01
1.264354670365053224e-01
5.126755901275803495e-02
6.957277599426148207e-02
9.062083104296125846e-02
5.953042068962122180e-02
1.026978011916115374e-01
5.013036328932796160e-02
3.332976123827324777e-02
6.905396335697644439e-02
-1.507234697813042423e-02
6.890020437914956553e-02
1.595405579349340464e-02
4.176851209089149641e-02
7.569388522737363623e-02
-6.310152484927766814e-02
4.143056798516120409e-02
-2.315615748998944845e-02
-9.225671355449538424e-02
7.232828110372402364e-03
1.142244921187050011e-01
3.121527900037968095e-02
1.044924717245176993e-01
4.453693650430046169e-02
-7.678635539070599592e-02
7.813868760732134433e-02
3.440262684513717417e-02
4.526702732706366916e-02
1.256730409624862155e-02
6.954640707627346430e-02
2.568401414766441349e-02
3.821507580787653069e-02
-2.664486627175222111e-04
8.071935917223238555e-02
1.981080026996417942e-02
6.942160835542443564e-03
3.526848406133487046e-03
1.117264378172673212e-01
-2.431109519095531191e-02
7.460979957350954983e-02
3.250404338053036746e-02
2.101049365551355130e-02
5.936549894014353512e-02
3.833151076738738894e-02
5.136465184515559557e-02
1.357010130897209343e-01
-1.716963480945921106e-02
4.024224054724001576e-02
5.522260106864074203e-02
5.742846407099833073e-02
2.933297674879131733e-02
6.419477398634265697e-02
8.452478973431976073e-02
4.333999010166289523e-02
3.489602965268012724e-02
7.346109621649521415e-02
1.418043482703712499e-02
3.080193591708457745e-02
7.564151526438633866e-02
8.028836772762826257e-02
9.458409770114117876e-02
5.212700012206505917e-02
4.571408801979970349e-02
5.884571788860570862e-02
6.033893576459803398e-02
4.302970461088673204e-02
9.482032255860817216e-02
6.303913433740993000e-02
5.484139015854738730e-02
5.953288512002297139e-02
9.346009251839459964e-02
9.713927809829003834e-02
1.487615709030221112e-02
7.751172080877211101e-02
2.966133811440707646e-02
3.259925356459048018e-02
4.145060524489752041e-02
8.314302247148797065e-02
1.509687893462885455e-01
4.361720055859596989e-02
7.964182581612622158e-02
7.966824536091499098e-02
1.347747236751462019e-01
1.245868249782899895e-02
7.231968726284354609e-02
8.597951350084498401e-02
5.348097460402767567e-02
2.112520146964591561e-02
8.379772993270773185e-02
3.669356373090537637e-02
7.335680578373393601e-02
-8.070465490103817530e-03
5.149645913903166949e-02
3.954491289426931289e-02
4.262935638192066889e-02
4.682944654475829083e-02
-3.362017359843982867e-02
1.088544529392287963e-02
-1.536478950421726886e-02
3.919328771630148367e-02
1.305596417390515462e-01
-1.728550509346993280e-02
-2.640760359455751605e-02
6.762173481847044698e-02
-2.578663274694159568e-02
3.829028847895488141e-02
2.886486538033028459e-02
1.583308082950152240e-02
8.998640231736043660e-02
-2.445645792161066367e-02
2.743038627345462110e-02
4.580612723307520007e-02
5.749141244278321849e-02
6.460918408579252592e-02
2.219457032801441798e-02
3.331865004778045147e-02
4.637263457097384745e-02
4.010017534057963573e-02
-1.641090094763875129e-03
4.323718983802815607e-02
5.661965723298734154e-02
3.914740703775509978e-02
2.553577037378951253e-02
6.212597321042001575e-02
1.307469917789649827e-02
9.594661786250258118e-02
3.797616107879342451e-02
3.596514023907992907e-02
-8.011132836879042429e-03
3.095580316613588678e-02
4.252559661470067809e-02
5.555430489948065542e-02
5.144958890421813535e-02
6.834365070902981287e-02
5.600218227416631223e-02
4.537091297140838364e-02
3.645835122262308658e-02
6.438114555743279510e-02
1.238714973836647637e-01
2.030108643799133361e-02
3.130438029716620107e-02
3.117777482948547174e-02
1.104687005498887764e-01
1.873005511227310294e-02
3.608896628393365447e-02
1.720987811264773626e-02
9.492995372260493170e-02
4.923830410056062590e-02
4.637554607580263166e-02
7.285887774805388517e-02
4.261595148876340389e-02
6.722121529930813466e-02
9.618193732821067599e-02
1.060469128528351845e-02
7.426682053321265187e-02
8.453515757937513087e-02
2.457465933008728953e-02
1.783373052037884321e-02
9.581196541113756737e-02
2.013848989541155987e-02
2.234693490452688280e-02
9.125098566344602702e-02
4.132635167282083799e-02
5.961585311639261420e-03
5.305172336304009306e-02
7.395369577636889957e-02
-3.529432389644471257e-02
1.214762121702115394e-01
2.378801486180437408e-02
7.428288353531087296e-02
2.090173301984243892e-03
1.486618263590293587e-01
2.408738560692347264e-02
7.825245530584723497e-02
4.338695228465416776e-02
6.786778446372832008e-02
2.428627569037677958e-02
4.849438897853319830e-02
5.378561694674033333e-02
7.342386853611682085e-02
4.135490471962155468e-02
6.270672661515641622e-02
3.740539985977608950e-02
7.583377414257563842e-02
1.782698508501434631e-02
4.953761675297929656e-02
5.578534858892769677e-02
7.973108921545035699e-02
6.358578761263755652e-02
5.739968348766444350e-02
8.718961078089382255e-02
5.434664075569051178e-02
8.538073802544454693e-02
6.983681987084899845e-02
7.671074138675315623e-02
7.130496369904726350e-02
4.910946097333424021e-02
7.467001289541563835e-02
5.737790410276133457e-02
3.139746022160005978e-02
6.168824945854689545e-02
6.094366761632175056e-02
6.029691802231784692e-02
3.567224845350480678e-02
7.857915284651495469e-02
5.806751547543642644e-02
5.899661776048237272e-02
1.128083106272814717e-02
6.633798780484889690e-02
7.719765572217029970e-02
9.036406070097635634e-02
7.066988455467404506e-02
7.965557541618784043e-02
1.142217560398730569e-01
3.395202611111969304e-02
9.416044054151395670e-02
4.430978687129183413e-02
5.362479529548425106e-02
9.235303778460179913e-02
5.311248974859150707e-02
3.636289347649901416e-02
1.078375311730606079e-01
4.961208067211142492e-02
6.968906357144133423e-02
7.303798090823621081e-02
6.135231032384158567e-02
4.239807920029425858e-02
1.117898870527462840e-01
5.718306406254169971e-02
1.113843912533907243e-01
6.118966658510949230e-02
6.344438241951122492e-02
4.648675423246384497e-02
4.678229557299573571e-02
4.942376417401073141e-02
5.032452070163673241e-02
7.746701581931114688e-02
4.083701477264378710e-02
3.153111017489118595e-02
1.157846211728550401e-01
5.462125913925053311e-02
7.259488698945748553e-02
1.177953444751032031e-01
5.310410272342558358e-02
5.726497570511712709e-02
5.747369668866708636e-02
1.094843417672133334e-01
5.640755156201882059e-02
4.118040667214861728e-02
1.276341124033173458e-01
3.900779790097663735e-02
6.428670265569991216e-02
9.241202100683931775e-02
1.860711408506166009e-02
8.706314033006368192e-02
4.720857107088649585e-02
8.703742614116949383e-02
5.730281934116110421e-02
7.570023503474176962e-02
4.536814862241156376e-02
4.094940775723410198e-02
8.196736381050939713e-02
8.490797282679940494e-02
3.301785214269381541e-02
7.928876872180001811e-02
1.477673236793641820e-01
4.707198984904881200e-02
8.216598618199588699e-02
4.620817620926764846e-02
9.053706090356916647e-02
9.970001529051275568e-02
2.867949769514055447e-02
1.091772107399666680e-01
4.613801260734318177e-02
7.383190601393208041e-02
2.965316573157172897e-02
8.688429151591092747e-02
1.364373633041946476e-01
5.959130762600661768e-02
5.361573197240598887e-02
1.753766494206399074e-02
1.587195864273471813e-01
8.242379076728045817e-02
8.215904607590385211e-02
4.585538161078250852e-02
1.096677656092173159e-01
9.984721291251918984e-02
2.706210945497833364e-02
7.873455862348555101e-02
9.068228173391323921e-02
8.441352707988736270e-02
2.544736328124086455e-02
7.144178482342056213e-02
3.251938862955672249e-02
1.052883225331924244e-01
4.339332393964090429e-02
6.429842907335459046e-02
7.414071507971486952e-02
3.417535677439609287e-02
7.859654288779927001e-02
5.600323499588721887e-02
9.140384467570328297e-02
-4.790873938023132439e-04
4.803275033239229330e-02
9.824564194306351084e-02
3.003569568196651218e-02
-1.355455657818049886e-02
5.428336386966581273e-02
1.124456584640936008e-01
2.144206193820208384e-02
4.582344562660001230e-02
6.505575822247999795e-02
4.637922102091884824e-02
2.695665950693415525e-02
1.018097784092564240e-02
4.987911530298383411e-02
5.716083087762680037e-02
2.495731300005488151e-02
2.086196148093666380e-02
5.259955259271587025e-02
2.341604492390514380e-02
3.028712460138205387e-02
3.412475471432330210e-02
-1.301388776466261277e-02
8.425062680135164683e-02
4.259748006146013566e-02
2.312969792348873455e-02
6.451509317953751932e-02
7.073019418047454820e-02
6.680265446592503764e-02
1.350912041216734139e-03
2.385073926537062405e-02
1.856223776955268079e-02
1.876790203714362448e-02
6.528232470668848819e-02
3.035400685748612659e-02
3.771198530695585305e-02
2.754560956807639016e-02
1.277435599334886263e-02
5.158068853567110423e-02
1.281963225907878368e-02
1.582486424998252872e-02
2.537679849719509662e-02
5.388930620331899846e-02
5.940207876800895903e-02
2.948062594232192524e-02
-1.618056152281610593e-03
4.103104641927313168e-02
3.746218774220011483e-02
3.642870922181673521e-02
5.357256351068739875e-02
8.756844891046799972e-02
7.246806926693771800e-03
5.610486722096652557e-02
5.666901008652436289e-02
4.270169515469923738e-02
2.567176155133532589e-02
8.657283421608941154e-02
2.637932940179199548e-02
1.043512589792756629e-01
5.815247149240310165e-03
2.483948411704428594e-02
1.015154019102322280e-01
2.293581784225429132e-02
9.067550595255990942e-02
6.756303452445688862e-02
5.676378283225780308e-02
3.125322563762322758e-02
6.757434983967858244e-02
-3.975270580823853095e-02
1.124317484840893222e-01
6.226684541574245557e-02
8.855156703198874268e-02
1.042985254179491506e-01
6.876569191466952446e-02
7.402100742892603336e-02
4.661749718558860778e-02
8.990549312033424556e-02
7.039854888423935364e-02
2.992788762780529410e-02
2.033070264809921923e-02
7.897339057950913954e-02
4.555750217713372408e-02
5.491454188965771976e-02
7.626327228076634768e-02
5.226781491296161875e-02
9.180915012772405959e-02
2.817149620211489847e-02
5.053953407191169589e-02
3.772618665179905406e-02
5.173104283359686306e-02
5.667005014853865319e-02
9.586191513233455197e-02
5.397976396981274405e-02
5.004288813933621682e-02
4.541205223193323093e-02
1.115286923263605345e-01
5.463128341966516643e-02
1.050571685572809777e-01
5.900870906776356506e-02
3.709270068096737205e-02
-2.555447893674633875e-02
9.121922814729233053e-02
1.513310120046948981e-01
5.682576631824343139e-02
3.979790304316921379e-02
7.089538359003100254e-02
-2.129867768692594865e-02
3.215735800384633691e-02
1.206357608839923046e-01
4.782731762202230286e-02
1.186737369033794565e-01
9.007081274065686927e-02
1.023577089154943387e-01
1.339075131632272431e-02
5.223034806173654232e-02
9.051256696305731708e-02
1.470211661090781163e-02
6.790360389667737806e-02
5.457353011530852172e-02
8.842940424903744656e-02
6.074022336516282650e-02
7.442099562702741977e-02
3.227081121098374084e-02
7.213031724263130329e-02
5.395382731286701983e-02
7.633238329358027485e-02
5.502919869600786384e-02
6.915277836041067161e-02
5.327882701917374675e-02
7.561102410130748908e-02
6.068950420519803046e-02
7.990402970366883295e-02
4.632871756228285065e-02
5.073055460975917086e-02
6.578856617101624948e-02
2.968638773699838751e-02
2.669477016876120601e-02
9.602701006531422223e-02
3.109954128263936468e-02
5.623322854254553249e-02
9.518050465857097464e-02
2.630658631268989467e-02
6.351355647022538520e-02
5.690501770076084043e-02
5.622657332500979876e-02
3.339955348270917668e-02
1.172768278682414511e-01
1.959299407474190957e-02
4.487412843129323647e-02
1.617412580801684818e-01
6.342112889448747737e-02
7.885849494829955120e-02
6.514533910615405432e-02
1.621545083556723554e-01
1.141443554819421280e-02
1.265467864728617720e-01
1.942390550708550379e-02
1.733463165027120390e-01
4.638617919140974877e-02
1.213839595559829121e-01
1.408351323937395705e-02
5.116527334934861670e-02
1.375279938752329567e-01
9.900676545021069863e-02
1.617985853942616181e-02
-1.966425169802321626e-02
6.845210639139187592e-02
-4.288663605788389788e-03
-5.079876722351661655e-03
6.482666126587588451e-02
5.270011702535470910e-02
2.674895476139194095e-02
2.838133748905025122e-02
3.159802406520206830e-02
-2.784407874628858082e-02
3.937413826087743374e-02
5.882175625265162466e-03
3.126045454766646081e-02
6.220460181813636247e-02
2.383360869088946288e-02
-1.077478186329328125e-02
2.888584910726010868e-02
1.216307406811467651e-02
4.593451594514030845e-02
7.579310020508134293e-02
6.320798331695431926e-02
-3.691488813243770650e-02
7.556883523805213443e-02
8.419060752154150506e-03
5.653853766908256695e-02
5.129219749590463451e-03
5.331510812323370097e-02
4.103901099954598841e-02
-1.189691336927500842e-02
6.218647491049589249e-02
7.796063955188969885e-02
1.989719947532098132e-02
1.852367708093183296e-02
5.234257611033976687e-02
7.557671313407032798e-02
1.149054126496462658e-02
4.578619288889740346e-02
3.276032711268417330e-02
2.854705246756150672e-02
7.521614488163175238e-02
3.358316286084983560e-02
3.009073544706053482e-02
1.413156706102292048e-01
2.853841357384112598e-02
1.204912136234583819e-01
8.502771758483795850e-02
8.438765111316781642e-02
5.710019938984878252e-02
6.798049632427405342e-02
7.358122144801715336e-02
4.443485570984062605e-02
4.707402194035026355e-02
6.683521292259531066e-02
7.724927264032199759e-02
8.187130214654070315e-02
6.921685357719020715e-02
3.283994607507745300e-02
6.379435997028570782e-02
1.583413207175432547e-02
2.731945322636031293e-02
6.830797381952979919e-02
8.806992962559956339e-02
1.911104151575360177e-02
9.922151546952751033e-02
3.303742993255509575e-02
9.010548578992194635e-02
7.574231760940586256e-02
6.620562180289768506e-02
6.911839701706146144e-02
5.428439808406393396e-02
1.018719912633292424e-01
4.743200826029569939e-02
1.272808231696247461e-01
5.740716814397028855e-02
1.008764470691101423e-01
-3.262346770374602301e-02
1.419943124184448457e-01
2.560206550218424582e-02
1.144015615706810429e-01
4.728076968527616941e-03
1.104352324600879065e-01
6.783599526303607519e-02
3.005853475340458658e-02
1.024734091245256273e-01
7.011891343931253573e-02
1.014369612417542754e-01
-4.417198908450847838e-02
9.370548610980966586e-02
6.643714244716392159e-02
5.594192164037492532e-02
1.437953116392933772e-01
7.059388579075820402e-02
4.279946728530337197e-02
1.506480167354151689e-02
9.771136284641013248e-02
8.503222011051780882e-02
9.433449409899097304e-02
8.249412399356259584e-02
1.094854164934533358e-01
1.079304041964355143e-01
8.233698669044775542e-02
1.141878910050819762e-01
8.473991009879444647e-02
1.209575792123036564e-01
4.136176182836726056e-02
5.270698557338038270e-02
8.872215195255028775e-02
8.385549925860313891e-02
3.696336376143083413e-02
3.751855999032205347e-02
2.429141852419691716e-02
6.710875324007670173e-02
1.385589129527886598e-02
8.726483584880240230e-02
8.887696092526375935e-02
1.065789173762388131e-02
2.550953478262840690e-03
1.146762170842570150e-01
7.439688055478832496e-02
2.745134093836476552e-02
9.039367758695915356e-02
-2.580906911488156652e-03
9.507733012342978185e-03
6.071710179196365686e-02
1.272972661050850718e-01
5.911236828660859643e-02
8.547084811157024120e-02
-9.013182189760993168e-03
6.884233172541120993e-02
5.221931781728805788e-02
3.835079650212858127e-02
5.403993153789921067e-02
7.326986485843400843e-02
9.134119903594939416e-02
2.336125050092885402e-02
9.019111307407579048e-02
7.898870744294805846e-02
4.571125438392353857e-02
1.127257427933288092e-01
2.512393763043929695e-02
9.420980681807966661e-02
-1.920713896551973221e-02
1.026584550381817174e-01
5.877438515948174569e-02
6.695256716353314985e-02
2.748477057225295894e-02
1.133551961092824634e-01
3.959711399335796855e-02
5.106780950380507278e-02
1.334168370066248777e-01
1.046161142245338738e-02
5.487071875533544585e-02
5.434384868587560646e-02
3.179093240393493502e-02
8.014087109342682425e-02
6.485478780931597242e-02
4.874553396965275454e-02
7.139141422156791705e-02
4.536542955370981289e-02
5.251645721110786980e-02
1.076917246324193833e-01
1.947389750008010623e-02
2.435841956375561779e-02
9.490278000897367505e-02
3.650166886670636046e-02
4.060632685993192936e-02
1.187713748414553905e-02
7.715202749075000810e-02
1.285577367908254942e-01
5.508256289225066382e-02
7.693524261086714944e-02
1.013956383217204937e-01
5.925112207381166840e-02
7.856700503086511134e-02
4.820729136925416825e-02
1.169884730545289742e-01
7.348271364070013689e-02
8.294867946511796930e-02
4.276842964717531004e-02
8.728827942440098298e-02
9.295542977218618219e-02
1.022545356147857021e-01
6.230416002007777010e-02
3.235767440166137376e-02
9.422234058698109038e-02
-2.464276455063085791e-03
6.145189341311496634e-02
9.943921020531254484e-02
6.675442708118861646e-02
8.155282634429372735e-02
5.393713186090209888e-02
1.009528194683597668e-01
2.924982903467077122e-02
2.620079511044837162e-02
8.152846825784099138e-02
1.089075403870780612e-01
7.444113515311867602e-02
7.520984330877489299e-02
5.706112495874204882e-02
1.110640048200544072e-01
6.556654834766284523e-02
1.049654039503833403e-01
6.103217711256458955e-02
5.671638896052266787e-02
1.224792978372568619e-01
4.234020674971850084e-02
1.060235691150794857e-01
5.204320125024342047e-02
1.105084932135067532e-01
1.003198540098946268e-01
4.410970561837057602e-02
1.343741912468718880e-01
1.244979070787028963e-01
7.604663148706980458e-02
3.289587445344777095e-02
8.036364978277354965e-02
3.023497364542548915e-02
-1.224529726800986928e-01
2.673886828976179686e-02
7.768564381003439934e-02
-1.983535952302162286e-02
-1.904953009341214809e-02
-5.788924849908338999e-02
4.615098214387569620e-02
-1.406589919732370575e-02
8.555069621875377450e-02
9.765528377742493937e-02
5.918623321955363004e-02
7.911123447345658199e-02
7.248976153193664729e-02
-1.261599485368658513e-02
8.658757717172638202e-02
3.673936661612176025e-02
9.213663675730110469e-02
-2.423347265451392119e-02
6.927706191853300055e-02
3.271482606732778464e-02
5.230731076770922527e-02
6.848916939564064776e-02
5.115820992044195492e-02
1.422896503075854469e-02
9.892690673492587905e-02
-5.507398301989319123e-04
1.093219033595427270e-01
9.039629984342800739e-02
2.937170407702760500e-02
5.632674493166023311e-02
7.814539512718576830e-02
2.959703905519806000e-02
1.067928306093102186e-01
5.010295410715936981e-02
8.976753427396477747e-02
6.599037638880478340e-03
1.227833410434295836e-01
4.328483933222537772e-02
1.336696039481521936e-02
6.418339762967795181e-02
1.289231283222092017e-02
7.961168931280582228e-02
3.424022404794069274e-02
5.540846122135612006e-02
7.435077454988103796e-02
3.387052201985518707e-02
3.910987839771218333e-02
6.510239571078679788e-02
2.733988219481764403e-02
7.672009364585363755e-02
4.223609734811661909e-02
1.307647512990963712e-01
9.759262043129401931e-02
9.540270150977248065e-02
9.511167726902458597e-02
2.165092791562894803e-02
-2.638613686927104851e-02
1.295768276182536205e-01
1.110960769936286674e-01
8.789783216823909839e-02
3.029007469155553522e-02
1.818756157684036090e-01
1.692086340121492505e-01
-1.292470129365175247e-02
5.160882139454492368e-02
1.264004035806784998e-01
1.895604533997179431e-01
4.334915629599755960e-02
-3.482331726744369860e-02
2.066441438990129775e-02
2.612601610838427568e-02
3.773635312756340454e-02
1.952844025367683756e-02
6.543049839710923798e-02
3.490958755631479171e-02
1.297731248551503569e-02
6.109559422966492903e-02
1.074810252463165305e-02
1.908242156913364518e-02
-3.655016599191185378e-02
2.861009708487416425e-02
4.433191399940494826e-02
7.384366865934466340e-02
-2.838541177255482495e-02
3.847985840625400833e-02
1.710706939542960825e-02
9.091531081754933297e-02
2.026976726472451418e-03
-1.092108300444460944e-02
1.125959649960805997e-02
4.300149459832014465e-02
-5.226487397231860399e-04
4.236565372928802198e-02
2.132394568806739166e-02
6.403223273374414326e-02
5.672774638997579721e-02
5.983028791281652659e-02
4.411223682185383410e-03
1.081115565750818686e-01
2.240333399772076461e-02
5.249247480158669710e-02
2.559674902911224237e-02
5.096410349985047716e-02
5.087578863955899422e-02
-1.831722325778639693e-02
1.114746071034431463e-01
6.858791913292971998e-03
6.520464700369998923e-02
1.129527856061418589e-02
1.102998244398190053e-02
1.451919262952916512e-01
-1.407945211198491364e-02
3.511195624484653166e-02
3.142996658190622128e-02
5.873061981767024875e-02
1.067732774215519598e-01
4.050217351668461419e-02
2.007786627238550281e-02
3.628239293026824797e-02
4.599327320267931896e-02
7.300415342194543911e-02
2.584884419876276596e-02
7.395087574238168315e-02
9.036612066918525699e-03
9.139694734468362114e-02
8.256276986804422791e-03
1.253228413380957917e-02
6.311081264850848527e-02
6.248494837572993177e-02
3.635711760710780283e-02
5.712979338709978094e-02
1.130276397668916744e-01
2.858448902075316767e-02
2.365929562725543889e-02
1.102778027495414648e-01
5.897638104240154888e-02
3.156811344871224279e-02
1.249539258198328895e-02
1.373857194061507414e-01
4.347823894225388841e-03
8.083807659203401386e-02
2.499947493420195954e-02
8.600366379405421924e-02
4.415468006810741031e-02
5.724933161816769811e-02
9.337699997304849120e-02
3.202824629589429151e-02
8.509976037495770029e-02
1.237275879237755838e-01
2.471705092924514346e-02
8.860059282418664139e-02
4.036213854768844200e-02
7.304215147895209981e-02
3.090228061950739402e-02
6.007576269671899283e-02
4.417057454634631952e-02
6.104920863382989893e-02
5.764536821496513141e-02
1.065610291978971169e-01
5.992152595468702714e-02
4.065341197257499317e-02
7.127806343336606787e-02
7.014194040971633015e-02
7.430658257767541741e-02
8.133114088824999754e-02
1.024707097952042290e-01
9.832677582340920708e-02
7.203531536787943779e-02
1.017647623913870980e-01
7.413798966680706926e-02
1.606290916605215280e-01
4.071927782792261752e-02
6.564638237264652787e-02
9.675391845246195111e-02
6.571050630962327332e-02
4.354947303037803863e-02
7.146747800581887411e-02
3.926460059403269476e-02
4.048016075490767918e-02
1.155191106186648220e-01
3.487510620402645145e-02
8.749496643650522820e-02
3.999137855583478895e-02
8.210082974447341364e-02
6.762288167053620569e-02
3.147768318044574798e-02
4.399750560714255077e-02
4.275191795581212428e-02
4.578849785454741639e-02
1.393076762316791672e-02
5.035467674245330816e-02
-2.429963046008165595e-02
2.806426191300459561e-02
1.388129724660080999e-02
4.900838809350105407e-02
-1.504786028342008919e-02
3.485825582519697097e-02
-1.478224514252213240e-02
-8.409318367400553385e-04
1.302834782129946856e-02
4.519794673702559606e-02
-7.134723538667087084e-02
4.960585541796336262e-02
1.826617467113411664e-02
1.942997064099161175e-02
-4.719055565864871404e-02
4.206124518718445948e-02
-5.379427977997952581e-03
-1.550253241271448701e-03
4.599696708922351718e-02
-1.093161135560705155e-02
3.874453423902357585e-03
-3.400513411035865907e-02
-1.955680476264887169e-02
5.205546825764084673e-02
1.851481496590312581e-02
-1.158020485376276554e-03
4.719534521404389338e-02
5.917798611192193192e-02
1.933624154457436184e-02
5.754854619808869032e-02
-2.339045248026749846e-03
3.807922107740990825e-02
4.408803127680482881e-02
4.277446950042396168e-02
-2.181064575415536666e-02
9.164334655915196137e-02
1.112190886953356994e-02
5.725337892452930788e-02
5.700948111308434818e-02
4.313599568952986019e-02
5.362471325979356607e-02
5.052789509043753569e-02
5.819233231256548677e-02
4.501937214905860074e-02
8.202541458310896871e-04
6.211694523293509462e-02
9.843772126089911367e-02
2.951733187233118727e-02
5.014112355639221974e-02
5.982785448351934932e-02
6.128138283808537423e-02
5.584943841367318029e-02
7.032815343078446801e-02
6.229687005111195219e-02
5.362832963837593780e-02
3.720817842718027180e-02
1.082666326037373672e-01
7.077547550761753570e-02
3.836334373859751068e-02
6.054012050750889884e-02
9.579511447096678012e-02
6.431070704694885620e-02
4.566687042882744407e-02
8.116405910386204070e-02
9.685063044035402413e-02
3.158813196475573903e-02
3.451155733703492601e-02
1.462879230207518866e-01
7.495533447250357639e-02
6.603409483860156470e-02
6.249572459153096560e-02
7.808128158994120938e-02
1.051055074342173157e-01
1.024849631298847541e-01
2.467614585628385981e-03
8.967270060614751515e-02
6.400630300374343662e-02
6.253180770027411128e-02
1.065522348080425452e-01
3.948695103652299920e-02
8.507261386900566436e-02
9.160833782047905771e-02
2.054250782308653100e-02
1.120962329607477770e-01
3.244055313431060128e-02
1.022684797344832752e-01
5.415671653892850657e-02
2.965736726675238799e-02
8.526728553363494001e-02
4.883706174478241735e-02
5.585711375848312343e-02
1.279697290727930259e-01
4.800942248386563804e-02
7.703789351537837504e-02
5.168537133537931538e-02
1.198315339820563707e-01
1.499056882287552739e-02
8.167840890597455328e-02
9.046063778721569193e-02
1.033727696192281442e-01
1.383271388846067929e-01
1.050004681322844746e-01
1.103001840515447363e-01
1.046675937682799429e-01
5.645678796327224802e-02
2.688885085525205554e-02
1.379465536367829870e-01
1.195302550303614098e-01
-9.656916501712653478e-02
1.590684994704396615e-01
2.056477192135863774e-02
6.692670342737194744e-02
2.346326744792381902e-02
8.267420561103566712e-02
1.938797160474381442e-02
5.834668521167740707e-02
6.310512345406138479e-02
6.317049592060897112e-02
4.009330323743620639e-02
2.754815118213516101e-02
7.230549742557323967e-02
7.071890513367318221e-03
9.048016034694139620e-02
2.178746374523310436e-02
3.637234178657289263e-02
7.648730988381302609e-02
4.166685655390800491e-02
6.909296600632464092e-02
7.606035837506874842e-02
4.610388696024259048e-02
3.861558776631612844e-02
6.633610255939803579e-02
3.681512967146938209e-02
8.163642296117812336e-02
4.887895590809510082e-02
5.746015216499289480e-02
8.085950139270936532e-02
9.327462814881481989e-02
8.972230672566094967e-02
-8.986684935877065072e-03
1.127900480864298949e-01
8.820284812668433005e-02
5.515562662606621203e-02
5.494045115080670172e-02
1.091220040434794925e-01
4.624327070387579397e-02
4.090802887535183174e-02
1.624746357424378118e-03
8.475153524954448514e-02
1.504530917696600412e-02
9.556441492774414570e-02
2.338023210734663238e-02
7.182457897037952677e-02
9.430227105397648302e-03
7.524435662981687756e-02
5.970437343243339967e-02
-2.652181369965012081e-02
9.893542102049535103e-02
6.803150886967479494e-02
7.068869198337823789e-02
2.166189155092901331e-02
9.225886529943227998e-02
5.044541153302883885e-02
6.705114491987362868e-02
3.499699268465361612e-02
7.576335215453644523e-02
8.977537909426924756e-02
6.289687905105756371e-02
-1.448695797425836318e-02
9.140042923213398396e-02
2.654327123494537588e-02
5.683507476601290520e-02
-2.998396125208913077e-03
9.339852515340174577e-02
3.521962812091894435e-02
9.619717040322317558e-02
2.436002811949578017e-02
1.575929956733128634e-01
1.828095006200403105e-02
7.654737958358825978e-02
8.077405888415789548e-02
1.482722065043629023e-01
-4.914523506878154535e-04
1.104173521640756661e-01
3.213611415255179793e-02
1.024282215107690241e-01
1.167463369549146535e-01
6.756228603566993840e-02
8.520377770231180037e-02
5.969173010581796390e-02
1.116086998650027695e-01
3.244723575677177507e-03
5.097621841085331340e-02
7.470097883839565966e-02
1.038522988927379487e-01
8.319950029128975189e-02
1.047333394461427147e-01
3.717466456795426311e-02
7.130290678274109339e-02
7.659626179073786290e-02
6.802155786660346592e-02
8.709923760857618547e-02
8.385108352008119326e-02
2.822524667900561113e-02
7.077915825025904439e-02
6.177579015553202879e-02
8.577779733106494220e-02
9.426825602706312424e-02
1.056620562400745200e-01
6.504984995857476804e-02
1.284214311927955876e-02
9.022391611094215946e-02
4.941200928539224435e-02
7.800198342759223635e-02
4.617814945138265514e-02
1.058562275082319815e-01
7.784813577738125545e-02
6.040441762495207811e-02
9.699206097456158915e-02
8.756188408632148423e-02
7.893205093445754272e-02
1.214939684989526647e-01
6.684263185221395176e-02
1.193042640544983435e-01
6.126503896756041456e-02
1.267445792105048596e-01
9.217514094038614658e-02
1.043612086102103653e-01
7.329018005305210082e-02
2.407295209915494283e-02
7.979410583675239366e-03
1.473372374441024313e-01
1.463488487950503902e-02
1.475349171097184442e-01
-9.609797565056643620e-03
6.694849091523380480e-02
8.820417932786028814e-02
-6.870524103857356124e-03
-1.272437234119072613e-02
1.077095143491835216e-01
1.096830239010702090e-01
2.437581970999169734e-02
1.535184973273073794e-02
8.854124292930265483e-02
1.250431664839279922e-01
7.932499424977867974e-02
9.983289571571418719e-02
1.350452706982578910e-01
-6.821466147708754590e-02
1.531372644377126946e-02
7.681570664105397128e-02
-2.010701705755790769e-03
8.390107456245687878e-02
5.075028063913178400e-02
3.795826720769301943e-02
1.838514252452050357e-01
-3.702005935327790098e-02
6.640822234452570250e-02
6.571321913578853646e-02
1.495446777071089972e-01
-2.734798916788161449e-02
3.253542989962432408e-02
3.838333863563336834e-02
-4.729855172321362211e-02
4.298032035023524600e-02
5.067893984630433835e-02
2.440406650936477462e-03
5.385626725260683756e-02
1.006401091044168972e-01
9.743031623018705289e-03
5.200116572084212407e-02
3.637560145703488956e-02
6.640136211193858884e-03
5.269183025487844674e-02
5.909745374286323738e-02
5.984619068182839285e-02
8.389874943766173487e-02
7.912476116278988059e-02
4.567693160247010553e-02
1.097527282081833810e-01
1.226236909962632460e-01
8.502354722508398410e-02
1.220647715571554492e-01
4.002950612763278571e-02
4.765230856298829920e-02
5.561275116363217919e-02
2.771701984277852304e-02
1.011495297367024371e-01
5.391256910001196445e-02
8.812736796862141730e-02
1.237673015842215563e-01
6.872574273228515551e-03
1.050841532959192470e-01
6.108896899969362693e-02
1.173814184905923597e-01
4.514791806841378374e-02
8.661535739495418440e-02
8.648345443689686718e-02
5.975392911790944339e-02
8.145087798193850759e-02
1.191465406783631664e-02
7.358160306580607823e-02
9.585930245380147596e-02
7.467152254595532668e-02
1.035937886268691877e-01
7.826258028955823676e-02
3.879560857438546506e-02
7.948277130800773804e-02
8.268697911900568798e-02
9.101390480725601861e-02
6.619190580991141104e-02
1.216059377619362891e-01
5.204847649612842631e-02
1.078274104360765762e-01
4.310181186999018088e-02
4.914919590315869335e-02
9.628497395821877802e-02
8.051025243473919346e-02
2.033894460764140710e-02
2.358726398532873247e-02
4.874796523151436745e-02
1.073275608970485351e-01
1.823203453539634644e-02
8.745606255016236119e-02
8.422916157054172182e-02
1.794615822330625221e-02
-9.001911949329644003e-03
1.057803565878636665e-01
1.355864078995860922e-02
2.688331884218619905e-02
4.792439422307026575e-02
1.275608022959953125e-01
8.005216741233689426e-02
1.685671307435177013e-02
1.395661850405280902e-01
-8.043699760105171848e-02
7.180904097894580396e-02
6.594904224631870093e-02
3.126724748008991028e-02
7.369506030451056233e-03
1.049684204530596521e-01
6.398681676087702996e-03
5.114969010628978019e-02
9.805606919552278811e-02
1.123134896198298982e-01
-2.149503388054974096e-03
6.060097029171096494e-03
-1.318637225509844413e-03
7.569001746115655571e-02
2.886126249803111499e-02
4.623889736015174279e-02
2.675945532420764827e-02
6.029857046091890993e-02
6.203116939849229183e-02
-1.346427974292963015e-02
5.319039388329338536e-02
3.752230126836497703e-02
2.102703531372229762e-02
4.466895165182593885e-02
2.817189618911797311e-02
7.565079640113658854e-03
6.649627173958849724e-02
3.549340816799562148e-02
8.264148203603260967e-02
3.163069236300408704e-02
4.062035445565603808e-02
4.865788265120807310e-02
9.299728184045141788e-02
3.588463705417366256e-02
6.467513550354109242e-02
6.841306950048142710e-02
5.031421537783309361e-02
5.620923125785548535e-02
7.762686985661515493e-02
4.254049597530151772e-02
9.707381199455467069e-02
7.802972169793420676e-02
6.646684297814342557e-03
9.029836639053323566e-02
6.675442052089763934e-02
2.764909736035514598e-02
6.336487751139241453e-02
8.286651874838657506e-02
7.415725902081105048e-02
5.990322858212460133e-02
7.608211390434771459e-02
5.721053264273079364e-02
5.243474785717339159e-02
4.162579505114072376e-02
9.031143397522045646e-02
2.998994951648881191e-02
9.666071880790338966e-02
3.472669638116543389e-02
3.764244314002396230e-02
1.197339824838163924e-01
1.701307242049709956e-02
5.656656775779267399e-02
2.397131729000179234e-02
7.720903437793436019e-02
2.265506628687186108e-02
7.814329791334317932e-02
6.918123682306820399e-04
7.386128127571467417e-02
3.782937747618531077e-02
2.374542793959077969e-02
5.547423831451681053e-02
2.196987152210549965e-02
2.633570787394434731e-02
7.474160219421155382e-02
1.558174921031141302e-02
5.334614551658201087e-02
7.222376691403820104e-02
2.984422428202226918e-02
5.605460369673798127e-02
3.180675509062624862e-02
7.090658331779731149e-02
-7.550145774259942044e-03
5.634582579954683368e-02
4.625511307113283621e-02
4.922016660620398554e-02
7.083616036630946411e-02
9.103536061487726982e-02
3.174572419542620594e-02
5.406628160433601948e-02
1.027826229331756380e-01
-3.580925997117900828e-02
1.158074379964988410e-01
2.526626356912564653e-02
1.010775722347032612e-01
2.665136662019396141e-02
6.152125371838845780e-02
1.113443611634434838e-02
2.456863464057978952e-02
1.138075390620982841e-01
3.658990823549079785e-02
8.945809496969170382e-02
2.426622765913966084e-02
7.149995118463303712e-02
1.631706401851840127e-03
8.098009920437831966e-02
3.682495806344521228e-02
5.072148782925878230e-02
3.557303725554405993e-02
6.809748811503513188e-02
4.488956545993727509e-02
3.318414446650308491e-02
3.663002391390324242e-02
2.682564405100062999e-02
1.428014123410248359e-02
7.778593539387346212e-02
3.192439835117943936e-02
5.246732538050968842e-03
2.463928175349305860e-02
3.603365081841425344e-02
1.289141408436256242e-02
1.308235015543068869e-02
9.172520138954531888e-03
3.806824280644538483e-02
5.334822022289076315e-02
1.019032250837108577e-01
7.108754546124318452e-02
7.495890778256875109e-02
5.679727400949086125e-02
9.675872093610093927e-03
3.793946789133739728e-02
9.059919851657438628e-02
8.556546298155165431e-03
1.174211168368810565e-01
8.883226803258126303e-02
-5.155548027693690472e-03
1.097701767685421714e-01
-1.887584912199358200e-02
9.846312743525831301e-02
4.179400700563062898e-02
1.073124539360819085e-01
1.341902013144844474e-01
3.640995383666800755e-02
2.008084523560671464e-02
-1.347501035412834725e-02
1.050313166217133887e-01
3.935579632502284042e-02
7.553221174403290661e-02
4.083858158556141760e-02
4.418140200838682752e-02
6.514205991911636850e-02
5.031740753296354285e-02
8.969792685370525653e-02
2.824323540910689267e-02
5.583395461197238063e-02
4.572094258370129616e-02
8.813120958029929675e-02
1.164014429894777436e-03
1.220550397349682292e-01
2.190998911079011791e-02
2.006244769181431131e-02
4.493435766965392375e-02
5.879104461131023918e-02
3.230519721819291590e-02
7.858248607974793742e-02
2.704781927625354854e-03
7.461534931905644541e-02
4.074872613641744579e-02
2.370483907556897307e-02
5.616467324867668864e-02
7.745896114161476831e-02
5.311156952656936880e-03
5.162967429457410162e-02
5.752007597106745251e-02
8.280566974919123524e-02
5.680876228580311604e-02
6.859561988122209186e-02
-3.107225261943513672e-03
1.246487993956966189e-01
1.641111885914026125e-02
-3.182436304432578744e-02
4.343208553558763896e-02
8.176713228167664660e-02
6.873085367693487768e-02
8.417664257854928778e-02
6.045044756109252404e-02
9.969687895767154195e-02
-1.189319419865442207e-02
8.957927038487234483e-02
1.344101665216572705e-01
-3.265460867928116073e-02
1.389542761026349993e-01
-1.870691341134111951e-02
1.208443141854838032e-01
7.541080434435798452e-02
-2.744896130587637373e-02
1.429916630829151103e-01
9.454328054160754391e-02
-1.738055289612505661e-02
5.834925380416011720e-02
5.458750710053372757e-02
2.224606737442780258e-02
6.549649658856226964e-02
-1.246112632791396280e-02
5.546656933152904756e-02
8.326084969363867216e-02
5.698451129189585629e-02
7.761343953862276379e-02
7.260228632836085438e-02
1.998822067475058972e-02
4.698650652686309215e-02
4.673032183947523066e-02
9.070965464180158477e-02
1.675878947197784186e-02
9.241920934070391169e-02
2.374315747972532975e-02
8.541849638062126715e-02
3.738157397690233807e-02
3.993183586278270525e-02
4.201816088729426468e-02
6.183679858439061761e-02
9.219607291495357515e-02
7.125917568894957199e-02
5.717604670481657436e-02
8.843304775182403432e-02
7.503444683036342155e-02
7.549671087548981419e-02
8.881733570961980462e-02
9.937838200595594529e-02
3.152883732413380713e-02
7.507769792220742033e-02
1.120301216463985838e-01
3.720822367271381381e-02
7.733067822081896026e-02
1.224224610546600367e-01
6.096710045627595775e-02
6.651750189518468304e-02
8.677063149589470115e-02
9.515953337829641256e-02
8.929635637344279786e-03
1.308906589595006942e-01
1.725481080871116291e-02
5.966532537922875079e-02
8.935702762624986306e-02
8.293729880789380005e-02
3.808537982752424611e-02
8.858828587540967803e-02
1.244352473016192562e-01
8.421036563332373603e-02
4.247769793383326942e-02
1.230601904271426683e-01
1.773913136335547591e-02
8.562627615054507757e-02
6.131603981111677371e-02
2.046146107939295078e-02
9.943334342452025965e-02
1.164607658752263575e-01
1.094254896943938071e-01
1.712851195495268541e-02
7.080489738024731139e-02
1.027817878886163605e-01
6.597643914015982602e-02
1.075315664216773826e-01
1.211162911327421376e-01
1.077601609944167649e-02
1.106354429994258481e-01
4.514214837308028194e-02
1.221785057043476286e-01
7.337497903831913248e-02
8.596340457651630018e-02
1.166100243722247853e-01
1.118047635573025111e-01
1.135796600721086236e-01
5.073131422861321127e-02
8.741563239082150716e-02
9.705659486016138260e-02
9.219980133479532824e-02
1.520759671714522199e-02
8.043111908548139510e-02
5.389337824836548663e-02
8.815462457644951400e-02
-1.928360034077813978e-03
2.437866853038395121e-02
7.666987606039876724e-02
1.964861846481058549e-02
9.010126282146946330e-02
1.645933289950707312e-02
3.347711315339396698e-02
9.311418800918214167e-02
5.959266210682678810e-02
7.935473069542742230e-02
-7.628529299265962571e-02
1.049588172633653116e-01
1.342822444739899534e-01
9.595004531894213429e-02
6.505792365562035329e-02
6.921903892713654471e-02
6.730812464360180769e-02
-3.496268330791330037e-02
1.108135657216149372e-01
-5.706747391457511753e-02
7.331841550948370312e-02
5.695210409674578145e-02
-1.432552753985771865e-02
3.975018452524303747e-02
1.330298920620329728e-01
3.634052676378241031e-02
4.278389341761723585e-02
7.836386917563142873e-02
8.480787341033235727e-02
-2.204030074942053830e-02
6.348767773529684355e-02
3.126010549703583941e-02
3.073784579298699526e-02
3.973784283583547960e-02
2.570617552840870346e-02
5.608593869899136664e-02
5.699805634658794418e-02
6.831620083645750796e-02
-1.388915295388493121e-02
2.067148361376869303e-02
8.350263352686182472e-02
3.862885740355492814e-02
1.216116466742569457e-01
3.640357278628680859e-02
5.725296604467633443e-02
1.408445424810245150e-01
1.549577259107439708e-01
1.151984335948399440e-01
6.287086564610522288e-03
1.011661182014580440e-01
1.743543657859971674e-01
3.115915617927944581e-02
8.053194660159190832e-02
7.355240888325331738e-02
7.114643635180728509e-02
7.442035867085516898e-02
4.662222200745436140e-02
2.017763119691791118e-01
8.375550778649953898e-02
9.709311756760996559e-02
7.203389675746585397e-02
7.938958202921764240e-02
9.416817558000234456e-02
5.300579496326296436e-02
6.838280073133828907e-02
6.000551545453713942e-02
9.741839707187383013e-02
6.750621878170237622e-02
1.036136186224041467e-01
9.184700257448863425e-02
4.986743568040274965e-02
6.968971648263355689e-02
5.880470411298421851e-02
1.420970071968445936e-01
2.419415599925756055e-02
9.060821979909272628e-02
8.011897195046691067e-02
1.599523818598802549e-02
1.037428847991783698e-02
5.580976022028272254e-02
8.843939267547629157e-02
3.125823935062310710e-02
5.854959758686684168e-02
5.768422418961005604e-02
5.569526902357768705e-02
7.763735939841698297e-02
-1.181998830561559188e-02
6.403961055255624757e-02
4.102460574281430183e-02
1.332126091561480763e-02
9.556708685476689169e-02
5.767474187456178569e-02
1.231802793481611147e-01
-4.891803476253020477e-02
9.562458813559127080e-02
7.655114334167745227e-02
4.102123673908675272e-02
6.431875444445012135e-02
6.920873208365030393e-02
1.542306832640960579e-02
9.840482716714360478e-02
3.027956178738167026e-02
5.359912376836950543e-02
8.492926801695599437e-02
5.913970699289006205e-02
2.842109377925350344e-02
1.359300747943459342e-02
1.171482390580895760e-01
6.814832095107803411e-02
5.736118079180529961e-02
5.218821975144516401e-02
9.893317448531568914e-02
6.396304151914655733e-02
1.850617942604948496e-02
7.513176959771472596e-02
9.212447097652942674e-02
3.851567136590761109e-02
4.148031292066312048e-02
5.115908650090839060e-02
9.263375475210322563e-02
1.549544975266385904e-01
9.382431427409354541e-03
3.491986712773043067e-02
6.835635867989964254e-02
1.008690004112429150e-01
-5.411029759654795157e-03
6.646533387849373753e-02
4.178846765027133259e-02
5.335595079499144688e-02
1.321013975518425809e-02
2.766609770884009833e-02
7.552513829094387177e-04
9.019670466841001044e-02
4.253796537360843288e-02
4.350288433288351797e-02
6.740536332601454461e-02
8.567042074804787077e-02
6.195372630999784747e-03
8.338641963208281993e-02
4.265906388021223350e-02
6.008086388972522229e-02
5.080291598098884975e-02
1.191398868542190570e-01
4.126768243186162977e-02
8.124295234166112323e-02
1.424109711838941195e-01
1.128258324365836174e-01
3.230487724027941709e-02
5.059301522882808655e-02
4.542491047682695182e-02
5.062075874375171480e-02
6.924173325238180965e-02
-2.488472026691779249e-02
5.941405367989993636e-02
4.653514913955669741e-02
8.190843682529846959e-02
7.302950916737316334e-02
3.103773077342264486e-02
1.159160555786642455e-01
4.415583186628246892e-02
5.462055085799244480e-02
8.795511041865955448e-02
5.469668013660777817e-02
4.805110754241415094e-02
4.304910957888985479e-02
2.858091897044445773e-02
7.909164258888257137e-02
6.382953582443562368e-02
2.517977073604704685e-02
4.386076477638267690e-02
4.441638250608281879e-03
5.641813973127129955e-02
4.852023336636879236e-02
5.435598195053925608e-02
4.469929372206138396e-03
6.354161336825159268e-02
-4.082362338140255176e-02
3.545289334484502675e-02
4.100318072210784592e-02
-1.431169086651662425e-02
8.615806540110604317e-02
-3.231372658118791819e-02
4.645443987812436504e-02
1.483166900015531198e-02
-4.327407010780159879e-03
8.001616027070079795e-02
2.233548212331903926e-02
3.674296619158612387e-02
-4.285134809531809807e-02
-1.998559805165855963e-02
6.714834670787306337e-02
-2.217451831798644690e-02
2.940819327387966808e-02
6.457280479901905679e-02
-2.983061873885972659e-02
4.547613194346444843e-02
1.160881550021191089e-01
7.802925808381400152e-02
2.585636638111110663e-02
7.601486998881012980e-02
6.520454068412173676e-02
8.636602543363025575e-02
3.449905118870932874e-02
4.936228980996015814e-02
3.593879898873630907e-02
2.529591570420985924e-02
1.826019670775580472e-02
1.106229915685068566e-01
1.727432894587921375e-02
2.945759528301938879e-02
2.308226820402614621e-02
1.034480145072280699e-02
2.307092601402915832e-02
1.248829542268199422e-01
2.078653675435648829e-02
7.274907217306725293e-02
1.858748542299104578e-02
2.325323585250638203e-02
5.932150538739622281e-02
4.476714136923898302e-02
7.358294027567424678e-02
-2.468860082322166249e-03
3.119581424352024790e-02
3.447200315581544494e-02
4.519544545718712225e-02
6.047305587426876627e-02
1.098720346808668147e-02
5.401894534273499193e-02
-3.895832021928469224e-02
4.026371513439480632e-02
5.682618474561151878e-02
4.656588830366226173e-02
7.237894453213988832e-03
-3.327296261888185169e-03
5.043145712550330118e-02
-1.472322432797461972e-02
1.017422052616137260e-02
1.301258071599348254e-02
5.136558844177845952e-03
-1.769234302212251836e-02
1.769530124907819912e-02
-2.490958352154820990e-02
2.273847497810654178e-02
-8.792166336845404565e-03
6.552523968325403569e-03
-6.367205654058518197e-03
-1.360909458017776734e-02
-4.735198799012798124e-03
2.296415691401582082e-02
2.382254461866287719e-03
-5.393689226008826360e-03
9.952526854473986093e-03
-6.739475484865536589e-03
-2.443207123775129053e-02
2.355299827656236883e-02
-2.716202176996298286e-03
4.628504098804477919e-03
1.750483207328642002e-02
-6.349961719639572212e-03
-1.644497902310429688e-03
-3.293417316825449775e-02
