3.597313535966788489e+00
3.738242359622129474e+00
3.921301539272415315e+00
4.057029337225243282e+00
4.205742076071881108e+00
4.365023077855474831e+00
4.524465888131941504e+00
4.511689478604379744e+00
4.667169977988977259e+00
4.821943113610435816e+00
4.999833675232851604e+00
5.113161251352568826e+00
5.230700423683867228e+00
5.376127982051162491e+00
5.519168425571963077e+00
5.704631193556729762e+00
5.815374917834239099e+00
5.954054447136531536e+00
6.134282956210955540e+00
6.317831968245940288e+00
6.480708874316843726e+00
6.624686760070094493e+00
6.789539480203994337e+00
6.988183483772475668e+00
7.107185902243003284e+00
7.212177294603459465e+00
7.387648582967865529e+00
7.489205862592125840e+00
7.614509178856793348e+00
7.804270437458034948e+00
7.825922032027439634e+00
7.902035740322252089e+00
8.000005059034364763e+00
7.979256307175733198e+00
8.083934893806731026e+00
8.049775636150393154e+00
8.090754906235341437e+00
8.086672523598414486e+00
8.019447086251528134e+00
8.054292669877954225e+00
8.012386743257717825e+00
7.971718223895807753e+00
7.995531158602349642e+00
7.923205005249672084e+00
7.970653451939239353e+00
7.958463710821193082e+00
8.027508292091903641e+00
8.121810860554393940e+00
8.147874079098134104e+00
8.138145342881522026e+00
8.121340128337497077e+00
8.023483341322670270e+00
8.066035283442550607e+00
8.084711535708548169e+00
8.119187823648001512e+00
8.225409700715424322e+00
8.250547716192222936e+00
8.264384736615699723e+00
8.276466007480731690e+00
8.262342166655074038e+00
8.348662739214756101e+00
8.343066785949771358e+00
8.358338815159017443e+00
8.366195046243968036e+00
8.395067623642727739e+00
8.437773879039783154e+00
8.458538058238154633e+00
8.623586100705994184e+00
8.601872855278688945e+00
8.586754379146460892e+00
8.627753799739755536e+00
8.656262980370033944e+00
8.636394823608604554e+00
8.698655547660845144e+00
8.744664581096481371e+00
8.739318246473118279e+00
8.803982640242267621e+00
8.835733976002979162e+00
8.894402415245908244e+00
8.918051730891013662e+00
8.966472654400529763e+00
8.980794373146018472e+00
9.097399590340064179e+00
9.144932301816846021e+00
9.175417012515392656e+00
9.280016436200332564e+00
9.332032744343781161e+00
9.440127584502183922e+00
9.399218265291192864e+00
9.507833728044086996e+00
9.573598982411144931e+00
9.651172651077100539e+00
9.710687410336015901e+00
9.724276817430736131e+00
9.815524044958760186e+00
9.854942668912780590e+00
9.903425468378930674e+00
9.929256198484225138e+00
9.952840587995318344e+00
1.000579504073612114e+01
1.000530263472797898e+01
9.943354481169103920e+00
9.849640810137980651e+00
9.803904807137502786e+00
9.744877955258781199e+00
9.617668578325149653e+00
9.599230330081807594e+00
9.554108533751682231e+00
9.554946838835592260e+00
9.499073495720782745e+00
9.468279201628869046e+00
9.390342591081145329e+00
9.381317721096555928e+00
9.277617890779120913e+00
9.192447205456634407e+00
9.115271048551562671e+00
9.045058098957092341e+00
8.965411103603539544e+00
8.927830368448287146e+00
8.924378816991591634e+00
8.935696826187351505e+00
8.860710526757408445e+00
8.876238299411141952e+00
8.850599448388758006e+00
8.810441850370557049e+00
8.747479127834456136e+00
8.696128117652618172e+00
8.699213331291993256e+00
8.641950617155846004e+00
8.626703132972162180e+00
8.632725645160899575e+00
8.705659879602677620e+00
8.610791430351584452e+00
8.700591575407894851e+00
8.778183850914690112e+00
8.844593378054534938e+00
8.835621731047424987e+00
8.926076247668959240e+00
8.958045918608002367e+00
9.088559271749300450e+00
9.169488646878726001e+00
9.205662293370311389e+00
9.364085579315938546e+00
9.379678794298458300e+00
9.474399991105668661e+00
9.539951634630314814e+00
9.626465850937922397e+00
9.690702203082105726e+00
9.747005391870192881e+00
9.896897296579782122e+00
9.897152647932804470e+00
9.989682549631737629e+00
1.006484920061432931e+01
1.016054040729629548e+01
1.019246069609472194e+01
1.031789064640456566e+01
1.033198851371602167e+01
1.042687707306740030e+01
1.048651207362592075e+01
1.046385355399904427e+01
1.041414163834148709e+01
1.034848575449755970e+01
1.023045793876112519e+01
1.023205564692994862e+01
1.014169641538495803e+01
1.004834618609008778e+01
1.001559080708094029e+01
9.933444870383162595e+00
9.882174718462913177e+00
9.763767438328601500e+00
9.737948113258012128e+00
9.665517610780176128e+00
9.670685422748332982e+00
9.643456130328639020e+00
9.667293057127020361e+00
9.617529928366328917e+00
9.670034579216087778e+00
9.650238408644170818e+00
9.691893611307943246e+00
9.704259543633204643e+00
9.689020613139676996e+00
9.693064500713864717e+00
9.639628043030690208e+00
9.574571759229614898e+00
9.527348522274396103e+00
9.462282340562317984e+00
9.381017605132983661e+00
9.297119160817960193e+00
9.242184414887152144e+00
9.102859847623335554e+00
8.914864701792204471e+00
8.678285519643539558e+00
8.378258260232954058e+00
8.070587333266749042e+00
7.797223961946073700e+00
7.567750922621359067e+00
7.351729480748173451e+00
7.110808868531729665e+00
6.833277896644561089e+00
6.569270741826442439e+00
6.281766394699072720e+00
5.977972957430474743e+00
5.648437719513597521e+00
5.307415353696515403e+00
5.028230195910454725e+00
4.776393271125092710e+00
4.546010193675622091e+00
4.488822649841646140e+00
4.365886640900103366e+00
4.338857975878602780e+00
4.270141968369016716e+00
4.291310132769715402e+00
4.336775245124790956e+00
4.372366001457663742e+00
4.404201028535295492e+00
4.506879732296561691e+00
4.597298112100985712e+00
4.719031466158944532e+00
4.858562604760513715e+00
4.989364197583684657e+00
5.139397170952955562e+00
5.337699813154352491e+00
5.518283677872835469e+00
5.738682635015165623e+00
5.911070374704896047e+00
6.128776763884032697e+00
6.371618350246258444e+00
6.576574251386491099e+00
6.780888529869103287e+00
6.999768924641747603e+00
7.248853172211592089e+00
7.447042784523067560e+00
7.629056157828499884e+00
7.850391840148308376e+00
8.101351129529458461e+00
8.286116826385207190e+00
8.518359142575098630e+00
8.723820055514186933e+00
8.928168475358248202e+00
9.159137655484849816e+00
9.266865733405953875e+00
9.357909490963450594e+00
9.363391273303076190e+00
9.404290995504698714e+00
9.525740579357018234e+00
9.567084603327021597e+00
9.695454090312237483e+00
9.791728669963179144e+00
9.919562940413467089e+00
1.007742593520623409e+01
1.015918708271179227e+01
1.030817160258695075e+01
1.040715189086153991e+01
1.056070925651522252e+01
1.067291953493369583e+01
1.083746306448544949e+01
1.092359008193108849e+01
1.101196996960083929e+01
1.118342356250943226e+01
1.128703840686269011e+01
1.140084860190996174e+01
1.145850215045058462e+01
1.160503513358729499e+01
1.170922720035772358e+01
1.188751956618921035e+01
1.174797178374615036e+01
1.196312300339270962e+01
1.196532991373601718e+01
1.208475395089842941e+01
1.213229250131395531e+01
1.221557172845484018e+01
1.231923720886989848e+01
1.231860659062596319e+01
1.243337839276339452e+01
1.249497043833981813e+01
1.253359896843531907e+01
1.259822102852880477e+01
1.260179857189020503e+01
1.272152376315890088e+01
1.270478885188019191e+01
1.274659738809168452e+01
1.282923587466746262e+01
1.294577710689049965e+01
1.290833377564164586e+01
1.296643474694136877e+01
1.300056230790733025e+01
1.293203892951625278e+01
1.281439986011967314e+01
1.284192473781642363e+01
1.258867793452898276e+01
1.261510772345110531e+01
1.254443824982883093e+01
1.248949816840364058e+01
1.242364124515821011e+01
1.238622691532451547e+01
1.231576350960881072e+01
1.226399161721357700e+01
1.217471934402413325e+01
1.213399111075155723e+01
1.205801112318846613e+01
1.203084864766274542e+01
1.209733077722331807e+01
1.191519210605512491e+01
1.200151466362608765e+01
1.174364649360289903e+01
1.177503084379051401e+01
1.175985159667849800e+01
1.177409366567234628e+01
1.174313796384364750e+01
1.169810917707902220e+01
1.168129214525369264e+01
1.163159637190752349e+01
1.170588666938130196e+01
1.171951432892561762e+01
1.170631808394667495e+01
1.172473235158765625e+01
1.168723185809888321e+01
1.175051529921998927e+01
1.178743630005587129e+01
1.172028179747365151e+01
1.173541538664515826e+01
1.173632102493918516e+01
1.168646177254417040e+01
1.174668125040579802e+01
1.173227861160263963e+01
1.177786594374565254e+01
1.170545991934311658e+01
1.174531762906373622e+01
1.175954463011766471e+01
1.178398415716517711e+01
1.174298768288572070e+01
1.174646968503518352e+01
1.179104217164675283e+01
1.180499075142050458e+01
1.180382591893209820e+01
1.195997850726156031e+01
1.188161869849178842e+01
1.205924520265908839e+01
1.212477628448958811e+01
1.212852485461491447e+01
1.225939388069199332e+01
1.227073972761380816e+01
1.231829089854239179e+01
1.237696651436995765e+01
1.241994613905261247e+01
1.295211100169744611e+01
1.207288050375117194e+01
1.253948965351139577e+01
1.262485088943386558e+01
1.268466030935885946e+01
1.273782419416054346e+01
1.277075948287785145e+01
1.276026863601014760e+01
1.285746617646344525e+01
1.287821971044861513e+01
1.292996523984995783e+01
1.300666178349690583e+01
1.301028211202859275e+01
1.304414035668387761e+01
1.312284823749976148e+01
1.310626891618653644e+01
1.315162629421748619e+01
1.304939842641008774e+01
1.297048775702822176e+01
1.291379687969080514e+01
1.286058710115819359e+01
1.283574162107290384e+01
1.271885576397897566e+01
1.269966879724753106e+01
1.269647654755263488e+01
1.269558929380730028e+01
1.266266394015330476e+01
1.271247042383903469e+01
1.267853193825746594e+01
1.271275082142341972e+01
1.268263446259467919e+01
1.269052885475347381e+01
1.268119768073495734e+01
1.267637524000700644e+01
1.263628690401362675e+01
1.261054946543749367e+01
1.256871065296378021e+01
1.246602267424844612e+01
1.235214608517412138e+01
1.232469159147277438e+01
1.223518434163262647e+01
1.218947676325941387e+01
1.203541910490872979e+01
1.200241971818493525e+01
1.192258030884539011e+01
1.180314280579770525e+01
1.158455657647334114e+01
1.138744444509000076e+01
1.120385373402459628e+01
1.094870050998414968e+01
1.091731277668751687e+01
1.083776068836404605e+01
1.074908595684702561e+01
1.060429375150743425e+01
1.050341361675699225e+01
1.034690040455510207e+01
1.025156955284389859e+01
1.013375773796001056e+01
9.964206261705966128e+00
9.821850040996450204e+00
9.641524504070410728e+00
9.328070534122542057e+00
8.998180996318483338e+00
8.632117803525453326e+00
8.268210237086508485e+00
7.854012391314999952e+00
7.455277976901243164e+00
7.047878704296886454e+00
6.707338467005267368e+00
6.308936619569760929e+00
5.934094655535914420e+00
5.616095257868676249e+00
5.238304315281452794e+00
4.856844520433561740e+00
4.706256231064844364e+00
4.585861408263363082e+00
4.554172851899689789e+00
4.572708482984611855e+00
4.571563151745282383e+00
4.641934311463841389e+00
4.726300938963455600e+00
4.797165231726631340e+00
4.914336072483116880e+00
5.028115950431187642e+00
5.149004739042355006e+00
5.322610397089698075e+00
5.485253587167777667e+00
5.607551004664227179e+00
5.760639820205198269e+00
5.943392015366284475e+00
6.012940608260638697e+00
6.232268041948545445e+00
6.322492425103117597e+00
6.570137431048601151e+00
6.665876087467650812e+00
6.845288079285941407e+00
6.989981297857228881e+00
7.125926278052834739e+00
7.279015961349115216e+00
7.428908834017160956e+00
7.564292525485811325e+00
7.692586448920937237e+00
7.865111604515639954e+00
7.953352004197149938e+00
8.134173669878414614e+00
8.258469287477431919e+00
8.377660135348858006e+00
8.495374593196270752e+00
8.677545960672889080e+00
8.770185518926902901e+00
8.855616137517884567e+00
8.980375459463120436e+00
9.154513894209538094e+00
9.178108851862978312e+00
9.232473806110428782e+00
9.371989157599392328e+00
9.450488197147214109e+00
9.499709997708475129e+00
9.566612211400522980e+00
9.620460914658382379e+00
9.664350370898832310e+00
9.600412450310521706e+00
9.553436453088481883e+00
9.504250165533470351e+00
9.424109727003941117e+00
9.334087088911918073e+00
9.262036074703994259e+00
9.207785763719570582e+00
9.131428617192090869e+00
9.084066465505966192e+00
9.002114664791218246e+00
8.967096324028256404e+00
8.892799283996165371e+00
8.836309113815035587e+00
8.783286060361714220e+00
8.755787731515214389e+00
8.644198602292657796e+00
8.600358746230405416e+00
8.496098958757434261e+00
8.322585640757388603e+00
8.125132903872648527e+00
7.925801782591872957e+00
7.737581024262835783e+00
7.598771127825497018e+00
7.435782539376725175e+00
7.259701015731421236e+00
7.058778384327910160e+00
6.833753548417495161e+00
6.572455226792510707e+00
6.251274095919670870e+00
5.947452452588620986e+00
5.648029428106672967e+00
5.466310326819312060e+00
5.364195176856906500e+00
5.322427759928781477e+00
5.253693143768158436e+00
5.215505062733991615e+00
5.184276782752210266e+00
5.203729716046261444e+00
5.128871825366061898e+00
5.050678418487938082e+00
5.009930238735717190e+00
4.967331805604825234e+00
5.012132710787744472e+00
5.007570149669938964e+00
5.033379712299882236e+00
5.105987989592869702e+00
5.222023163499849296e+00
5.340516963177780241e+00
5.502669816493609645e+00
5.632105257033882317e+00
5.797596009000191231e+00
5.967247542981930941e+00
6.122483734136005218e+00
6.264831043135621336e+00
6.390734738191371278e+00
6.555558513268758603e+00
6.700464561603673985e+00
6.831844430786963684e+00
7.002961447004853568e+00
7.145141255184310758e+00
7.434725424365145052e+00
7.294741302066833022e+00
7.603092641192300327e+00
7.740026410602601992e+00
7.898884097862603149e+00
8.036863780564578619e+00
8.169114728302609763e+00
8.321393827864726589e+00
8.460623752358879202e+00
8.504886910780813380e+00
8.680482546313887937e+00
8.734392736761529719e+00
8.854248969213470488e+00
8.956273276923640836e+00
9.070368682820241446e+00
9.124759142303181747e+00
9.238669599038994207e+00
9.348894213925660779e+00
9.397691695971708725e+00
9.458720706937437939e+00
9.377294618993111897e+00
9.298175408499121275e+00
9.249174568944591002e+00
9.175712465105306137e+00
9.066307440600253287e+00
8.991535551046721864e+00
8.915395585980222748e+00
8.782089418372917677e+00
8.703438322958385598e+00
8.620209121720865397e+00
8.519654360510434898e+00
8.446052781752674932e+00
8.345752635479241732e+00
8.316607125564761560e+00
8.204834573317880242e+00
8.227731492842067951e+00
8.205352863383073014e+00
8.244560064926563570e+00
8.324343647002290680e+00
8.390923032911173252e+00
8.483464894229188147e+00
8.581781633507439722e+00
8.558950650391709658e+00
8.637312124182999540e+00
8.716538954622215840e+00
8.752959908744267992e+00
8.788185675269836850e+00
9.071389809736063015e+00
8.675619999884938593e+00
8.963657162846647708e+00
8.993062294887867125e+00
9.291031906271362217e+00
8.840699302128259163e+00
9.129771339812545961e+00
9.175819985093957243e+00
9.226634918787835815e+00
9.276743766759539156e+00
9.347844890578828725e+00
9.380960823111827551e+00
9.429910183188065176e+00
9.461999344377968413e+00
9.530772296798426524e+00
9.538351643013424308e+00
9.591735684840081433e+00
9.633459309765296297e+00
9.687872139434407615e+00
9.747257553131996488e+00
9.781759249327668826e+00
9.811445543151723570e+00
9.889797926327615230e+00
9.967204940620286280e+00
1.002070219506412307e+01
1.011169585658670833e+01
1.022256345972626868e+01
1.022652659373816419e+01
1.034262454860914460e+01
1.036542591434116289e+01
1.049500174571732991e+01
1.051800706271755281e+01
1.065321339662103206e+01
1.068996148364116827e+01
1.074790850400473197e+01
1.082384594322858895e+01
1.082827125673671631e+01
1.088755467121657894e+01
1.089264036256174784e+01
1.099831272708377838e+01
1.099441048107270547e+01
1.100436795380888633e+01
1.089884306854107088e+01
1.076579713514012404e+01
1.074233912671771130e+01
1.070344399415374603e+01
1.076713936595632859e+01
1.076707206716565857e+01
1.092105241503496238e+01
1.096417140995575679e+01
1.108651181310577627e+01
1.108542364373466782e+01
1.109090388412124817e+01
1.116986222679912366e+01
1.126531328478908911e+01
1.125396470937822535e+01
1.127643079345601151e+01
1.132169112442759307e+01
1.138310790356379165e+01
1.134687444515029497e+01
1.138490494685864540e+01
1.136044451142226386e+01
1.129810155881085443e+01
1.121393890005736615e+01
1.118843833544374711e+01
1.105913604472508105e+01
1.107092974265003882e+01
1.106314550686184184e+01
1.111915744128789107e+01
1.107807595070646123e+01
1.108712050716353126e+01
1.108890066356077675e+01
1.116305727400933812e+01
1.120434006597462151e+01
1.125383311233873584e+01
1.129295823471566429e+01
1.130278095669552485e+01
1.135387702924744957e+01
1.141722644583144053e+01
1.143014149580711347e+01
1.141038501301070340e+01
1.150273578799168916e+01
1.157288232703941055e+01
1.151984398416795585e+01
1.158292237382859291e+01
1.160338505299733747e+01
1.164029950213058662e+01
1.163074438232224672e+01
1.169181247116017808e+01
1.170105026056789477e+01
1.173049234809241170e+01
1.176265193764582229e+01
1.182097331162814591e+01
1.183162859996326333e+01
1.188716950163390074e+01
1.180727820316709220e+01
1.168875150328534573e+01
1.165104083972186189e+01
1.156779812636812466e+01
1.149369231807365033e+01
1.155626832290428396e+01
1.147878019374599567e+01
1.149710802664672293e+01
1.147999412440290889e+01
1.144105953562606004e+01
1.147432904627045858e+01
1.139203406849091316e+01
1.136285054633123792e+01
1.136001674858684041e+01
1.128492484355338199e+01
1.141658413580555553e+01
1.105746445794123112e+01
1.120137884334322287e+01
1.116007853457975862e+01
1.144883575731896563e+01
1.069026039602047184e+01
1.100569033445393430e+01
1.088003547031866880e+01
1.079005949047213164e+01
1.074749412158664974e+01
1.064978947534337017e+01
1.054649133211036194e+01
1.048708212064185474e+01
1.040343958054577378e+01
1.032688324562648496e+01
1.029066827238072612e+01
1.017404227582893839e+01
1.015093617887238331e+01
1.007708614154190840e+01
9.986178302014778296e+00
9.958081446121981983e+00
9.819509822746184113e+00
9.696509313560641274e+00
9.632225534895145103e+00
9.555927782359962208e+00
9.458850519607896246e+00
9.367030566954211324e+00
9.285089898782482365e+00
9.155013021324620581e+00
9.198733013006124892e+00
9.051727029690283644e+00
9.057801571936945351e+00
8.934534729328683866e+00
8.997581255456807980e+00
8.975758290434415088e+00
9.051937867247440650e+00
9.077972685434527733e+00
9.109775856948362005e+00
9.124643779015338296e+00
9.060173964978313066e+00
9.072173433936271181e+00
9.051075812889504135e+00
9.076261973900777491e+00
9.027467657800553269e+00
9.051182035129683001e+00
9.079785048917713652e+00
9.112992174582993599e+00
9.079769564670826298e+00
9.122931647105351871e+00
9.134619003184255348e+00
9.139512274517873180e+00
9.074657378996894508e+00
9.079615649028408342e+00
9.102374035775799399e+00
9.126614287025955008e+00
9.179967236716800372e+00
9.240127825298550590e+00
9.251443244326271298e+00
9.286678389497010855e+00
9.255660753607438451e+00
9.224082208813930706e+00
9.250133924597237822e+00
9.260591838709226309e+00
9.170897505745653433e+00
9.248488767316581871e+00
9.249538638736853002e+00
9.287862838464159054e+00
9.323740896572106251e+00
9.363154946505948928e+00
9.411436012293403763e+00
9.438455413033761232e+00
9.361100438553044967e+00
9.413821257317131597e+00
9.409348687353945806e+00
9.540914959064959788e+00
9.428209225707567143e+00
9.561714226389163684e+00
9.615813208892275199e+00
9.686824179067158980e+00
9.741555882219694595e+00
9.797199096762856385e+00
9.871276698073828015e+00
9.918770151215237973e+00
9.981885102822470657e+00
1.000348901760161802e+01
1.020038575711250139e+01
1.019061838140754439e+01
1.030097712744633220e+01
1.037171022399770948e+01
1.052084585079949797e+01
1.054374793600586990e+01
1.065229987964169922e+01
1.069409986681348634e+01
1.081399135059097993e+01
1.087073893915991363e+01
1.084119606729318086e+01
1.076252328785814250e+01
1.069725961816069848e+01
1.059548274817903390e+01
1.057845335773562390e+01
1.055705529120731789e+01
1.062427442393333443e+01
1.059174236857284868e+01
1.058478262175855988e+01
1.059527528867151780e+01
1.061656589610452706e+01
1.061656560839388952e+01
1.062814878262608609e+01
1.061352752258749810e+01
1.060368990885035068e+01
1.056638667496902784e+01
1.051840584139705648e+01
1.042872226374681688e+01
1.036215775736759781e+01
1.028777215292990377e+01
1.029054919082051711e+01
1.012871432532272920e+01
1.009976083104858446e+01
1.002962845684145776e+01
9.993719880416692902e+00
9.940168826613740904e+00
9.877452186553167479e+00
9.818194310146896697e+00
9.761366071233172903e+00
9.669409790818495054e+00
9.573288461588383313e+00
9.585616353551342783e+00
9.536244698374972018e+00
9.537807612794262369e+00
9.545370965713413369e+00
9.587935864180373358e+00
9.623122508826174482e+00
9.640999302680944183e+00
9.691851053732944976e+00
9.682892421597342647e+00
9.806996692401821036e+00
9.896898693069120512e+00
9.986107654310270476e+00
1.009210196131852655e+01
1.017467569414654882e+01
1.020767720260731082e+01
1.031478784251969927e+01
1.039534978806642229e+01
1.047271682981166663e+01
1.056990924985085556e+01
1.062346314699489014e+01
1.072203735341612507e+01
1.076071084769886710e+01
1.087041073487893961e+01
1.093072882925890354e+01
1.097524185106911609e+01
1.102418566012010359e+01
1.107345918280122810e+01
1.114111579355507686e+01
1.110041370155524731e+01
1.111941115704475003e+01
1.111664709919956628e+01
1.120851155984077607e+01
1.107630727207298449e+01
1.123231143123625841e+01
1.122495557255465215e+01
1.134127863219071664e+01
1.115464612580218784e+01
1.126907904077590672e+01
1.127404215983417402e+01
1.123049215167631409e+01
1.128336368965697467e+01
1.126190254818330772e+01
1.128823311690520725e+01
1.135430373206807175e+01
1.130432716554824246e+01
1.129766216550754976e+01
1.122603907635381049e+01
1.113618252982808343e+01
1.107869076450213619e+01
1.094806313613940318e+01
1.091463630148412811e+01
1.084127455779109894e+01
1.069601040201997044e+01
1.054459536739926939e+01
1.023843486061482011e+01
9.915369910074369741e+00
9.569799459499444438e+00
9.229422820699509700e+00
8.876526440306520271e+00
8.506536467798522239e+00
8.176117359890485048e+00
7.824208330303346948e+00
7.537374802055280654e+00
7.210286210696009945e+00
6.978523364569905851e+00
6.841197684636707521e+00
6.585964497360953906e+00
6.220904223924844878e+00
5.866495837607813790e+00
5.469075048357028734e+00
5.366692531757909279e+00
5.253282707351094594e+00
5.176742606669024305e+00
5.157466612889685997e+00
5.145381544240443361e+00
5.192443390403556513e+00
5.177276216171405210e+00
5.279153136534218582e+00
5.373160155695907214e+00
5.486375641632284861e+00
5.609796590726737087e+00
5.749747822174509082e+00
5.904606410692728957e+00
6.076157390754751475e+00
6.251283057269550802e+00
6.398695188561503322e+00
6.612657864230028437e+00
6.833999917645372513e+00
7.003980329503399993e+00
7.199465158244375829e+00
7.439217536458775371e+00
7.624277188720023801e+00
7.827542201122082766e+00
8.063959035909956441e+00
8.276602748011672617e+00
8.486881234661046491e+00
8.677850878661415024e+00
8.918390394188079995e+00
9.075161269324034663e+00
9.286140570383137671e+00
9.506438017457357503e+00
9.697950999219616008e+00
9.912648473570477847e+00
1.010855463498862683e+01
1.028613917702218750e+01
1.050509650969571851e+01
1.067191592654346977e+01
1.083320138267353983e+01
1.096232783054928639e+01
1.112972750790986076e+01
1.120012647148829288e+01
1.135818252499254122e+01
1.144819683599381221e+01
1.158347629897620124e+01
1.168629956564255501e+01
1.180530134351036509e+01
1.186876375604427203e+01
1.197000490019118857e+01
1.199027345423673196e+01
1.200416290394428209e+01
1.201394998627091226e+01
1.206134502773749340e+01
1.215587191436508085e+01
1.219586394136427998e+01
1.228198778566832772e+01
1.230681507889035764e+01
1.246110869688855871e+01
1.252081376529567969e+01
1.258831711090557981e+01
1.266835158974796904e+01
1.272721293393628983e+01
1.281833866339361094e+01
1.289228213200430950e+01
1.299628788871013008e+01
1.309038060049445029e+01
1.313852182750905229e+01
1.320676885252946953e+01
1.328647078657682812e+01
1.329203128783758103e+01
1.341546289242371515e+01
1.350281400150954170e+01
1.360701780499667457e+01
1.362349352858305274e+01
1.376657841277980943e+01
1.373251676209998173e+01
1.382701756703206009e+01
1.386961365170234473e+01
1.378945471149190638e+01
1.377070753546047932e+01
1.363504189916585041e+01
1.362001655233628306e+01
1.354263344276290049e+01
1.347377489897019487e+01
1.344315342680180869e+01
1.339004000248399251e+01
1.330423628149979720e+01
1.330215166342745370e+01
1.323103636662812477e+01
1.315527114661881569e+01
1.293898268244451799e+01
1.262268780258648349e+01
1.218742402587346163e+01
1.177934856195956748e+01
1.134673308929030533e+01
1.089972144187302305e+01
1.043502315404906788e+01
9.982663686924444946e+00
9.433183187604742059e+00
8.983184043742509672e+00
8.779577967051201526e+00
8.734591666618529260e+00
8.645779838837121645e+00
8.784868327111727382e+00
8.772858080327324615e+00
8.845824964929013490e+00
8.944655939592884408e+00
8.981624037389337900e+00
9.008176060772118632e+00
9.077109126496909042e+00
9.243808792734226287e+00
9.209943928089346699e+00
9.266086207681960119e+00
9.247159396155261391e+00
9.372342959035780297e+00
9.430327416628793813e+00
9.484583976945227590e+00
9.581667945916263918e+00
9.570751118463302731e+00
9.659535713600062579e+00
9.727628518145841952e+00
9.842110774541067642e+00
9.929933860040568661e+00
9.995815781761523411e+00
1.004580282080462084e+01
1.017319681688495692e+01
1.023203932612702260e+01
1.034670616302044621e+01
1.039671145450167167e+01
1.049762170784769566e+01
1.061410440288362089e+01
1.068606916564707099e+01
1.069920531007767117e+01
1.086577669520320732e+01
1.103278517345708920e+01
1.101296543726505384e+01
1.106295505463086215e+01
1.124052967296492866e+01
1.122347787159528565e+01
1.139722937573452199e+01
1.133257488114051981e+01
1.151264126018685729e+01
1.156916150284289024e+01
1.166804129078191110e+01
1.173734583765354245e+01
1.180252986257321268e+01
1.186024663871396889e+01
1.191470427763904816e+01
1.208586696137802541e+01
1.202124123238427167e+01
1.209874624146945798e+01
1.218700645393596993e+01
1.227733461069673204e+01
1.234951557184755622e+01
1.240061152174642700e+01
1.244879907753637482e+01
1.252332130317499015e+01
1.263008594254577588e+01
1.267420747011056825e+01
1.270912389629574513e+01
1.271191626821732612e+01
1.281935676705881022e+01
1.279950022997661563e+01
1.283918447727205070e+01
1.286018680900550315e+01
1.293745957388855850e+01
1.297377189751277449e+01
1.302441688850583823e+01
1.294689474663378626e+01
1.290726827453869241e+01
1.281534776533070996e+01
1.272174485408792499e+01
1.261796716874335722e+01
1.262151675063428868e+01
1.251135912425244712e+01
1.244174594740192141e+01
1.239600723746768907e+01
1.234465939575258808e+01
1.232273463432612104e+01
1.227237934607292758e+01
1.223095460142090296e+01
1.219160052884690515e+01
1.218842072018122558e+01
1.208491633813249422e+01
1.207831770301643637e+01
1.200774880752500984e+01
1.192431794299040959e+01
1.185018334185112465e+01
1.176353638232837362e+01
1.168275895350674887e+01
1.166138869043515847e+01
1.151566897729851746e+01
1.150549686289322615e+01
1.138372786357193256e+01
1.128526870901923829e+01
1.122220269899466594e+01
1.108167971560645881e+01
1.085805054691613769e+01
1.063170860963941955e+01
1.029184136658463444e+01
1.003562154217252278e+01
9.756772885461629130e+00
9.487640508461819167e+00
9.217794024955628274e+00
8.911905556535304029e+00
8.562839912219590843e+00
8.178683117763293708e+00
7.810945292511415339e+00
7.309519142217430598e+00
6.976528876016826253e+00
6.796282999422799342e+00
6.764171978723925172e+00
6.650799403235200025e+00
6.664657895612033478e+00
6.696607343731033168e+00
6.792456489061165392e+00
6.850699058187558421e+00
6.957302265121383833e+00
7.050591357244686996e+00
7.139919883928891764e+00
7.299354623703955269e+00
7.397273584663157209e+00
7.489802902122958628e+00
7.626596911661171596e+00
7.719696205741895412e+00
7.927406247238997672e+00
7.994105484351359259e+00
8.135960799349479800e+00
8.259835050845801163e+00
8.427741701734968061e+00
8.534438925368391438e+00
8.577643349208763368e+00
8.723153626589816412e+00
8.829932326479960736e+00
8.980639075909477853e+00
9.082188695145433144e+00
9.191096223960894207e+00
9.254737625928425970e+00
9.295001438758532686e+00
9.328644552147157043e+00
9.300938972959556850e+00
9.187213038980393875e+00
9.134195602295250183e+00
9.079026743855282078e+00
8.995824724861373411e+00
8.925464624160834859e+00
8.986899177329648936e+00
8.977539454524302798e+00
8.989608133736791018e+00
9.028888143207321804e+00
9.126546912450212545e+00
9.117937155544709071e+00
9.177375740242972313e+00
9.196908831420381958e+00
9.271776204935566312e+00
9.309443098329353461e+00
9.352094729619379265e+00
9.393219834933542955e+00
9.411492954466108785e+00
9.424103575386951093e+00
9.356239373540022441e+00
9.358293308275776212e+00
9.341506534515557902e+00
9.324407246284597051e+00
9.242844272352320090e+00
9.199361324289482056e+00
9.127259024911399621e+00
9.097289100786008831e+00
9.024597222578613298e+00
8.915298692365674071e+00
8.708231967217429315e+00
8.522312466940753950e+00
8.592378437012396120e+00
7.644504044836689438e+00
7.731372946274940539e+00
7.406189582156764928e+00
7.067032397754413608e+00
6.713931531455883395e+00
6.398278493594665939e+00
6.074573007021969673e+00
5.816641188305281318e+00
5.645194146994576556e+00
5.559600286640048239e+00
5.501842849813930236e+00
5.453475939812622464e+00
5.402041172908848665e+00
5.375715310455872142e+00
5.347053610936963075e+00
5.329107847939747344e+00
5.286951305845718707e+00
5.288494658608478893e+00
5.198110028600620325e+00
5.213032789516554466e+00
5.179001052074468703e+00
5.193310122535168993e+00
5.252533336250597706e+00
5.270516122135042281e+00
5.297416661841976904e+00
5.348291184143037391e+00
5.418888174775124966e+00
5.577704230421965725e+00
5.677468157738990939e+00
5.782689394037314301e+00
5.889322436558556362e+00
6.050397630918998182e+00
6.149129985769319795e+00
6.289458595486671300e+00
6.404510400795492941e+00
6.503679206509990429e+00
6.622051153784107136e+00
6.712420276966317267e+00
6.827803428580740075e+00
6.916554665611863939e+00
7.027968690972482335e+00
7.117338462766152674e+00
7.265544687168132398e+00
7.399269989614631449e+00
7.487820114474982525e+00
7.700030809914347074e+00
7.752746230352689949e+00
7.907762482949632243e+00
8.010615971466073404e+00
8.153569785622671873e+00
8.296443004519595377e+00
8.389388028287937615e+00
8.537167240677247193e+00
8.657312343016478451e+00
8.785883990316767367e+00
8.904737720107553045e+00
9.034524233511575630e+00
9.165279897049238400e+00
9.246793485299852122e+00
9.359567355347914841e+00
9.484997943374995799e+00
9.572613139011952654e+00
9.661426159393796453e+00
9.719729418978783286e+00
9.831644612891551560e+00
9.876911683677178644e+00
9.949587434981335576e+00
1.004496530434067836e+01
1.005976246426987686e+01
1.001775393827342064e+01
1.006767243015095126e+01
1.009796998033688986e+01
1.010863991647527271e+01
1.000172662078711916e+01
9.925865539887553268e+00
9.881587040188072990e+00
9.812185499863245397e+00
9.807451199618496318e+00
9.782990840524233178e+00
9.770348728465060972e+00
9.860334834842680252e+00
9.828595221105004498e+00
9.874113048405694926e+00
9.913105333978107225e+00
9.957986434800369935e+00
9.961176483739007992e+00
9.978390501857683503e+00
1.002506862406542076e+01
1.002436699424369948e+01
1.006682221423326240e+01
1.011112850057830492e+01
1.010810583238783522e+01
1.013693742733132730e+01
1.018756787715257239e+01
1.021980211804483041e+01
1.018911126597308048e+01
1.015095058782839743e+01
1.016431891759432560e+01
1.012532912344763147e+01
1.011275018702569639e+01
1.006364191508549411e+01
1.000859087054789320e+01
9.929363123641863353e+00
9.818050366979090171e+00
9.742421521584081034e+00
9.604669831933978941e+00
9.468885885222881882e+00
9.172284251044692027e+00
8.901561993221655200e+00
8.605150453200419491e+00
8.261336078928149362e+00
7.929043463393454338e+00
7.621484231515593954e+00
7.476597486021077543e+00
7.328931996676437244e+00
7.063035700119192128e+00
6.791615382338490825e+00
6.494751446900886016e+00
6.155639179477965683e+00
5.826311155360584415e+00
5.461495456244517932e+00
5.197693285388049311e+00
4.774212870361277616e+00
4.412821910044294249e+00
4.047802806978271661e+00
3.784357926520047322e+00
3.441845794410261838e+00
3.225220142995062211e+00
3.200284733583985464e+00
3.143642797431793756e+00
3.109702803794499371e+00
3.110738279136847417e+00
3.087446757515498241e+00
3.132776555343146807e+00
3.184317703174663006e+00
3.251463205828957648e+00
3.342621118872944219e+00
3.429997710861289573e+00
3.522198777740858766e+00
3.569385480447751835e+00
3.614897046370729061e+00
3.735291421125349842e+00
3.748814898635505433e+00
3.899921095409192073e+00
4.010224590968103797e+00
4.040138052339109720e+00
4.230461173294237653e+00
4.330317155589507472e+00
4.493720954561118752e+00
4.711210118559436388e+00
4.865575943989897567e+00
5.146618673729491000e+00
5.322176484353852821e+00
5.568987078826660664e+00
5.819956588349846527e+00
6.029616765917787724e+00
6.336818775468604947e+00
6.570657415386697231e+00
6.814618157036973933e+00
7.062493726186035659e+00
7.340059540812754690e+00
7.542018068726955349e+00
7.855663065576025339e+00
8.095138612192050331e+00
8.319793332773970818e+00
8.564947901413175302e+00
8.781843992554248857e+00
8.974652795303109443e+00
9.271839882217260964e+00
9.490612895370883706e+00
9.687463717459689150e+00
9.873095968702703118e+00
1.004823402353615336e+01
1.023536653244062045e+01
1.037864454796910252e+01
1.054006223524000063e+01
1.060249085367869704e+01
1.077170957005249186e+01
1.089776819203929037e+01
1.102804036957819456e+01
1.122488311813857997e+01
1.119291602749983383e+01
1.138203893310394932e+01
1.150238209095607012e+01
1.159014129424996042e+01
1.172380407674368819e+01
1.186098155577388802e+01
1.193535079305499558e+01
1.214080999783593029e+01
1.218434677895211138e+01
1.229054153709865638e+01
1.243568352868479643e+01
1.253267433952748355e+01
1.260173433524893127e+01
1.266052188669299916e+01
1.281367484712713001e+01
1.285130924039293632e+01
1.255173266130634602e+01
1.257148876110498037e+01
1.251371984546698357e+01
1.243331068964593911e+01
1.239298088238289886e+01
1.222160057335989336e+01
1.216125903087869098e+01
1.235165655160504627e+01
1.196227669903924351e+01
1.200705940087661361e+01
1.195419722600847479e+01
1.184419425446292351e+01
1.178521112153747374e+01
1.166339659942754636e+01
1.164120170587197478e+01
1.158458895201621885e+01
1.157403864340389354e+01
1.149064575404796074e+01
1.148444531162218496e+01
1.145626371366545726e+01
1.142697404307140729e+01
1.145897041192180055e+01
1.125848095186695907e+01
1.138731027675877883e+01
1.139124805137041108e+01
1.124884044090364554e+01
1.133556267495404590e+01
1.134607846526153274e+01
1.125079417490723266e+01
1.124697120862993671e+01
1.114747055705421985e+01
1.091524067135011933e+01
1.039089193053164628e+01
9.863892939804392412e+00
9.495753719769849610e+00
8.950422837929812303e+00
8.469681230014394657e+00
8.310535344844019789e+00
8.261415475343232728e+00
7.956387473351687945e+00
8.224831345517484849e+00
8.117993828900953446e+00
8.294475288044427685e+00
8.192962723501009847e+00
8.383136562733040975e+00
8.439165973069387761e+00
8.473982387206135058e+00
8.615404961513808857e+00
8.679190347398868965e+00
8.754947289411717293e+00
8.882871676173293096e+00
8.967325806246359221e+00
9.006046201010640573e+00
9.082873704016957817e+00
9.129278085943585808e+00
9.124611859098385125e+00
9.045630751359155397e+00
8.941889312087981878e+00
8.830351378713057642e+00
8.761675457018148094e+00
8.660082527081755188e+00
8.611255052083141237e+00
8.497514588985719541e+00
8.414028636876212275e+00
8.412257966183494418e+00
8.295941701925114486e+00
8.256426902934173029e+00
8.198764524833515921e+00
8.172423124198953559e+00
8.118693681193205336e+00
8.108659889341804927e+00
8.110890262115406202e+00
8.107334395728102550e+00
8.110717837059524982e+00
8.165559467315180342e+00
8.270622600373913613e+00
8.385824226563714845e+00
8.521432752781510800e+00
8.624906468082732758e+00
8.819141503594851272e+00
8.979499288218898201e+00
9.117305393431026417e+00
9.349619677329272349e+00
9.441303279842937712e+00
9.596465721930542259e+00
9.714575021120486653e+00
9.866671683396216253e+00
1.001220790007737094e+01
1.016093491079352873e+01
1.025422340992779624e+01
1.042303856295374942e+01
1.053705431069296594e+01
1.069504511198146979e+01
1.085812948062536343e+01
1.093854729224704769e+01
1.112416348023902657e+01
1.118112339464217264e+01
1.132081766850429005e+01
1.137081888702132026e+01
1.145158905621848433e+01
1.161984547963129089e+01
1.158834650257291976e+01
1.170587382305198254e+01
1.173144327840487300e+01
1.181629926586816381e+01
1.169074208999579412e+01
1.165111544561333368e+01
1.154466617264822759e+01
1.150766169844902187e+01
1.142465893585388592e+01
1.141271720751441165e+01
1.147365478499898828e+01
1.135360582402084262e+01
1.135012394575687722e+01
1.137935023835197512e+01
1.138488835445815361e+01
1.148158377546757336e+01
1.140605995760482294e+01
1.149636171846097277e+01
1.153308229952712871e+01
1.159634541009191899e+01
1.164905331606123973e+01
1.170991407866492473e+01
1.173324190712218140e+01
1.193483298917884206e+01
1.191286729344082751e+01
1.189579459086292701e+01
1.197924731456382652e+01
1.203373680872702067e+01
1.206218391011747393e+01
1.211083864551678069e+01
1.221421373458639259e+01
1.218458605193647593e+01
1.227770646710839664e+01
1.223373188138701195e+01
1.234229860424977687e+01
1.224163901642019425e+01
1.224146063770300685e+01
1.210746761149388107e+01
1.206186889235127957e+01
1.196812196183754473e+01
1.180904087366210931e+01
1.175695753741459804e+01
1.171777539863140305e+01
1.160423777212744056e+01
1.155357102070890818e+01
1.145170541511985185e+01
1.134800225153786357e+01
1.124254595506163312e+01
1.118207600431496473e+01
1.108180688855965457e+01
1.104650235156363181e+01
1.092510637807576579e+01
1.085445885413398415e+01
1.073470347916414980e+01
1.068550096744817601e+01
1.054705748819702649e+01
1.035411911502854743e+01
9.997143406916377373e+00
9.649800505579037235e+00
9.338248142528165374e+00
8.877962108289674248e+00
8.442368843258723388e+00
8.167944837191429386e+00
7.862178034750237465e+00
7.447751829780568045e+00
7.069989063945531171e+00
6.764655154432984041e+00
6.620414547733491695e+00
6.389930018671042156e+00
6.141773882765312109e+00
6.001427836070040378e+00
5.900241450335638405e+00
5.817959266362033866e+00
5.753082183216823964e+00
5.728969784052378778e+00
5.699274143359289724e+00
5.674217583094794293e+00
5.762662343863163450e+00
5.687801144544814669e+00
5.706336775055866894e+00
5.799054852091676260e+00
5.810693743408303469e+00
5.893841117846282174e+00
5.861659135003060683e+00
5.944983228271704334e+00
6.087861523624800597e+00
6.170377611864164891e+00
6.328185836300143308e+00
6.493647086254360268e+00
6.616454318144927349e+00
6.759571817474982147e+00
7.008333802652932931e+00
7.166540068763324278e+00
7.384962285071580368e+00
7.557470645247808427e+00
7.842333002868691061e+00
7.912878688066951938e+00
8.159271800920841144e+00
8.323906244185225844e+00
8.577303956280102781e+00
8.592337314370981360e+00
8.847575708881903367e+00
8.990170290051135993e+00
9.183444386927158476e+00
9.338834123831142975e+00
9.516290224948329879e+00
9.707543854407502337e+00
9.765443572752028345e+00
9.887634418776169554e+00
9.952776051044319061e+00
1.005937052737596460e+01
9.971985278657454543e+00
9.920847932757151710e+00
9.852442567532078144e+00
9.770590467953640612e+00
9.678271517327431184e+00
9.657903999925295579e+00
9.634698332814924271e+00
9.635601984645576934e+00
9.583442813598461285e+00
9.609254865445597815e+00
9.536599434246950224e+00
9.568761809481271641e+00
9.612243924452155142e+00
9.633537244900267638e+00
9.740327633776315608e+00
9.759064808798520119e+00
9.863685337901136663e+00
9.967314221798343254e+00
1.003080101216268005e+01
1.008384332450592780e+01
1.018771875251965220e+01
1.022639004628514314e+01
1.027773643540257353e+01
1.022887055183665339e+01
1.023244894347448053e+01
1.018912508593881761e+01
1.010381035870957867e+01
1.002388395663673215e+01
9.921303229016634972e+00
9.818282996225534021e+00
9.644987251888602842e+00
9.393997292985313052e+00
9.030625526744699982e+00
8.651861068218869022e+00
8.240441522779011763e+00
7.818894670367300570e+00
7.458954718291098906e+00
7.160270370329002709e+00
6.832817888078718482e+00
6.601941301752118463e+00
6.538937982834246654e+00
6.442964007351590361e+00
6.284311854964196975e+00
6.153740830998912337e+00
5.997446262257359884e+00
5.831308717711997325e+00
5.755754295793085618e+00
5.703653924471020709e+00
5.559454759982346950e+00
5.511005973805461977e+00
5.447423524475460077e+00
5.410810639725765370e+00
5.470508046420142989e+00
5.489024437815071877e+00
5.523874118329397120e+00
5.561988952497052274e+00
5.651949584803768190e+00
5.717227385353671920e+00
5.859031310833155537e+00
5.960814789211853260e+00
6.104743459596721600e+00
6.216284173771923882e+00
6.404286807419152794e+00
6.594404037537983321e+00
6.731663823755912546e+00
6.855597795874987632e+00
7.056138727087036600e+00
7.194214540118562873e+00
7.369376502370054816e+00
7.479155306693114014e+00
7.677251445911414507e+00
7.768337289882359720e+00
7.968125053394105706e+00
8.051029445612980950e+00
8.208699499763323360e+00
8.324382629366580133e+00
8.466816170323406610e+00
8.608566178585162376e+00
8.756086415185599492e+00
8.845945020719552687e+00
9.013487799222742680e+00
9.115535238690286590e+00
9.259044472326086961e+00
9.406298224689573217e+00
9.524527638742712909e+00
9.589308478896686694e+00
9.686805269701739718e+00
9.817193688372499949e+00
9.903086997711758599e+00
1.001138343162878286e+01
1.009068553283158032e+01
1.016669542291651851e+01
1.021250476553381326e+01
1.025015946266029232e+01
1.025757528968513199e+01
1.014605833182201877e+01
1.012428794523839137e+01
9.997914132902366191e+00
9.873958932112385511e+00
9.841308119636323681e+00
9.834967467150368847e+00
9.693183080786798911e+00
9.646826263895984965e+00
9.488417373526388587e+00
9.201853944792400597e+00
8.858172957768234212e+00
8.578328548207293736e+00
8.326886307333664305e+00
8.127803853877670903e+00
8.045057536597777670e+00
7.849825915489536676e+00
7.706739760214514234e+00
7.741727120535891515e+00
7.579533386236388282e+00
7.564207666221928861e+00
7.461786487416957492e+00
7.462704234441082995e+00
7.476322444001510803e+00
7.456883190203120293e+00
7.437295416955275407e+00
7.431679651753155369e+00
7.461232108902477123e+00
7.485682501005778811e+00
7.512534243141768542e+00
7.542219469042152014e+00
7.604047107449414256e+00
7.634033549312698952e+00
7.691159925634739380e+00
7.710505378250989139e+00
7.730802721860500881e+00
7.802415166918099665e+00
7.769544152193083697e+00
7.842053172826273233e+00
7.808842855321771914e+00
7.840279986796756972e+00
7.836140399885325181e+00
7.908129269205213419e+00
7.919815482280004204e+00
7.957701034093132897e+00
7.994204289933595220e+00
8.008598237898411298e+00
8.082067872865170699e+00
8.074332331474060709e+00
8.108957830137212497e+00
8.072274150536909332e+00
8.059301335328472149e+00
7.975878160857034160e+00
7.907832396427313171e+00
7.870294154274197318e+00
7.774262428447693551e+00
7.881446809254039287e+00
7.679800324022678204e+00
7.738930987919678373e+00
7.699841807079266687e+00
7.702871069230362799e+00
7.694791664678585441e+00
7.629211773115794237e+00
7.569515862524455407e+00
7.496108945756498443e+00
7.450100565859433921e+00
7.400903799854822829e+00
7.365417634783689493e+00
7.232944104673407537e+00
7.161131538164482002e+00
7.090190364978403714e+00
7.030150211892056689e+00
6.995439092803931835e+00
7.050975122882995549e+00
7.129158094747028329e+00
7.148318430362380127e+00
7.155937628779907023e+00
7.158505117868513068e+00
7.209919537129071188e+00
7.208192732695843041e+00
7.223690569593423483e+00
7.202623203316412592e+00
7.212990339579615551e+00
7.176111596246792068e+00
7.088680054810759579e+00
7.011299629808955380e+00
6.919952236717267446e+00
6.850486278272880369e+00
6.837588679354736243e+00
6.817722383809742048e+00
6.844298030375783881e+00
6.803871573402845208e+00
6.821848067013004169e+00
6.878982542568397918e+00
6.861741504815343617e+00
6.960024526452319726e+00
7.059321018050617624e+00
7.133496776813329276e+00
7.261356993736477250e+00
7.355293914933556110e+00
7.440003496256138327e+00
7.514208869731924700e+00
7.658737109983479563e+00
7.724677766517539013e+00
7.803619889549412214e+00
7.891357267729238067e+00
7.942150692946240653e+00
8.000036309449734873e+00
7.922543848934669342e+00
7.701849048975060619e+00
7.466919803309168380e+00
7.369759325540469419e+00
7.324827454781484448e+00
7.047358472155358378e+00
7.266340949526209236e+00
7.257870205364426397e+00
7.439290736343685317e+00
7.423483521394133255e+00
7.604269217544119108e+00
7.727994209044534379e+00
7.699116789749495204e+00
7.713312220958787435e+00
7.800863010255485008e+00
7.898641847039182373e+00
8.007050200341671697e+00
8.073923813102297231e+00
8.213460114817079827e+00
8.312187385411586860e+00
8.348779326257975697e+00
8.444810641885201363e+00
8.525262648860751469e+00
8.477356655548801356e+00
8.427465091797094132e+00
8.347994498426373866e+00
8.253026686101982534e+00
8.165219270751189029e+00
8.070116029260555379e+00
8.010448760977512350e+00
7.936443298904810817e+00
7.870961404252883931e+00
7.813480289219633335e+00
7.858703258974572670e+00
7.830261075596797404e+00
7.753112042546176141e+00
7.852283717190323920e+00
7.817593135111509994e+00
7.835904207207111227e+00
7.895918285374656342e+00
7.974922137549169676e+00
8.029902583857419174e+00
8.113492884249097870e+00
8.202741756014347629e+00
8.357945690907301994e+00
8.450894896671455214e+00
8.614117734351205868e+00
8.752495896403951647e+00
8.952721426605320332e+00
9.115557732463203777e+00
9.247324813013021227e+00
9.494319848118850658e+00
9.596018733440734749e+00
9.699271198375033265e+00
9.919430266531270135e+00
1.007751608781690678e+01
1.027959555573684014e+01
1.040395146854755559e+01
1.055648595586656846e+01
1.070574308981341893e+01
1.080872158686783813e+01
1.096443816929253146e+01
1.107803657034563294e+01
1.122099579270972391e+01
1.132060067269945058e+01
1.146460879451993975e+01
1.156669460490615009e+01
1.169215103959350621e+01
1.176011581997806665e+01
1.190594233417238890e+01
1.200621092440434445e+01
1.204072133149492174e+01
1.208177606034784013e+01
1.213056881799822406e+01
1.208310909617964946e+01
1.198090250137298618e+01
1.190671969128048602e+01
1.183420983786152725e+01
1.177174977720654425e+01
1.166475021951975855e+01
1.158970203458227388e+01
1.152057998133468075e+01
1.147232997013705358e+01
1.152269771902634865e+01
1.137721033611333965e+01
1.134935608083997494e+01
1.132833772070181766e+01
1.123228017839506698e+01
1.131767181206124917e+01
1.110676900741230533e+01
1.115605228046931430e+01
1.115172517041983902e+01
1.113598447204027586e+01
1.110042853991616596e+01
1.114361492881477389e+01
1.115715863971962918e+01
1.119129941991729105e+01
1.122744511005553747e+01
1.133743467712274189e+01
1.135687351139181089e+01
1.138614607435174975e+01
1.136291123172011197e+01
1.138055128277489203e+01
1.144033992617042017e+01
1.136934884478472263e+01
1.129553040812893805e+01
1.120315512323276330e+01
1.116835279697413341e+01
1.106534174390837677e+01
1.096577479159121360e+01
1.087997102956835427e+01
1.079500891033338483e+01
1.071974164533786755e+01
1.059867450976431691e+01
1.057195502035759560e+01
1.050859957665736744e+01
1.048974564709047463e+01
1.043170460542063438e+01
1.045360839902449790e+01
1.041184061483539303e+01
1.046543693041082079e+01
1.041123882304850312e+01
1.037127872420873942e+01
1.029528931560949268e+01
1.021978244132187719e+01
1.011263858316890918e+01
1.001059662261564753e+01
9.722458254474673822e+00
9.478007145966552471e+00
9.174503257277340396e+00
8.839802890430540572e+00
8.477051948693452132e+00
8.070038092942507291e+00
7.704620747494159261e+00
7.437135345402506204e+00
7.360188076333713525e+00
7.227447533681045755e+00
7.044012890997988663e+00
6.904898835216902953e+00
6.666932837436100989e+00
6.483330197351169666e+00
6.360023578059657012e+00
6.174267726687013180e+00
5.960999342430293169e+00
5.884089640377786701e+00
5.600765063778021080e+00
5.610992115353998777e+00
5.551927766281528065e+00
5.562999539652113690e+00
5.553026528553026253e+00
5.589673627932253197e+00
5.640921885917676626e+00
5.694161530534920246e+00
5.763136500291314412e+00
5.800314952738811591e+00
5.944888350295048696e+00
6.071698667320927001e+00
6.217527573577799949e+00
6.413848578504370401e+00
6.646170658779444018e+00
6.863052064782244166e+00
7.012523289543172389e+00
7.257010475242344327e+00
7.449106150349686928e+00
7.683311578158818378e+00
7.921646028195712397e+00
8.169944399433594739e+00
8.365590409899496649e+00
8.571815454523822098e+00
8.744297132085682378e+00
8.908186025710776335e+00
9.096681440790876039e+00
9.271530673852419469e+00
9.430606376877719299e+00
9.540585692839250953e+00
9.748084659334740110e+00
9.850223794393993870e+00
9.911721130587153539e+00
1.005164567109181384e+01
1.014746090301740367e+01
1.018991589447174739e+01
1.029379590778141207e+01
1.042042814952084129e+01
1.054054872853387081e+01
1.061729298163272084e+01
1.070118949680416520e+01
1.077374109752339670e+01
1.086071658604578616e+01
1.090213100579003402e+01
1.100437398060427086e+01
1.099890229215408333e+01
1.091776116106894357e+01
1.088290945179368840e+01
1.088469072932426585e+01
1.080275789268133657e+01
1.077504863724551498e+01
1.079017989003047795e+01
1.081211370737483080e+01
1.079750648224815279e+01
1.082785097369735361e+01
1.075710517880925110e+01
1.074897269119229115e+01
1.078338664937412439e+01
1.073608413334466860e+01
1.067952212455356786e+01
1.059883497869116731e+01
1.053276522660208236e+01
1.042379530806170429e+01
1.030114865910312183e+01
1.022285519539816079e+01
1.012531090221736996e+01
1.012414775894002439e+01
9.967341940364887520e+00
9.883025386504012744e+00
9.840929612446053909e+00
9.809122641014958788e+00
9.757739517866463430e+00
9.726882093046921085e+00
9.746001211984300028e+00
9.750747321662855072e+00
9.790263151303015832e+00
9.796292200873065070e+00
9.854789376795032751e+00
9.856831422892158301e+00
9.948093541627642367e+00
1.000170532282483293e+01
9.992146381390860199e+00
1.016727015003896284e+01
1.019527100503322004e+01
1.018671924043085752e+01
1.026390080300961927e+01
1.035040697580101288e+01
1.032658955136637502e+01
1.037044901434388144e+01
1.046870928173594173e+01
1.051330765195523753e+01
1.054274907696041552e+01
1.054924511602550474e+01
1.060505300424682673e+01
1.063273066902225494e+01
1.066222125962926981e+01
1.071395275442260697e+01
1.074410698844822321e+01
1.087318132262755732e+01
1.083235144395058747e+01
1.077448474981506621e+01
1.072369008298909066e+01
1.063880746224495510e+01
1.056727381420304646e+01
1.045390064419916953e+01
1.037860468506652722e+01
1.024877712245926276e+01
1.019259374524254014e+01
1.007988183035346985e+01
9.999316946718874277e+00
9.981334602225512498e+00
1.000561377418630649e+01
1.002632846673273725e+01
1.003403390291729913e+01
1.007866778491549731e+01
1.005519654449344102e+01
1.012356272668729140e+01
1.014647344151127584e+01
1.018273231500872100e+01
1.016559376507932910e+01
1.027184425152337077e+01
1.033434064944782627e+01
1.044502219925922049e+01
1.047556839811888807e+01
1.051854994416387257e+01
1.059064471111813255e+01
1.070286716880589850e+01
1.069006456756291357e+01
1.073064478219058415e+01
1.079435392118947235e+01
1.085449639228046337e+01
1.087035889240997832e+01
1.085983299788119538e+01
1.082345307255623013e+01
1.078672957030162038e+01
1.071187713005998354e+01
1.069689779178832190e+01
1.061314651766486428e+01
1.056382325727460803e+01
1.049752557138264919e+01
1.044153648515882082e+01
1.037078255253559433e+01
1.031613384186017335e+01
1.021743532554583567e+01
1.019322999470585067e+01
1.011864782983028732e+01
1.015900122581795983e+01
1.010953195678043315e+01
1.009680208489182540e+01
1.012646488106678611e+01
1.008075088396376096e+01
1.011470672403881466e+01
1.010311417655156063e+01
1.012302313112451380e+01
1.003873987194606698e+01
9.932371938501106001e+00
9.917441858592926707e+00
9.894364544097596692e+00
9.816743386017973805e+00
9.749207422197205375e+00
9.661021076636489013e+00
9.604386382818834278e+00
9.537967847905512997e+00
9.502729851145245377e+00
9.375744112226250593e+00
9.384014571837868246e+00
9.278995161261892832e+00
9.260060972004666269e+00
9.329788401911455864e+00
8.982309692338478868e+00
9.065946337638015606e+00
9.042266064109361068e+00
8.978210314191265695e+00
8.874605899919719931e+00
8.904246628243161155e+00
8.834616710999116052e+00
8.770250988322290553e+00
8.767525631949592224e+00
8.700945548070516011e+00
8.600077662387150212e+00
8.600037161269362684e+00
8.430034112862156093e+00
8.367251195245037465e+00
8.362799138038193192e+00
8.245024486241725015e+00
8.083104825180800646e+00
7.901856725808103832e+00
7.665178497662028079e+00
7.388586742921563477e+00
7.124693706827854633e+00
6.861843155093071189e+00
6.617387062599377145e+00
6.384613597268109508e+00
6.119488651677345459e+00
5.960679471154445075e+00
5.815384626012868097e+00
5.716657081476240521e+00
5.598617151898221955e+00
5.483061492193658459e+00
5.339405769413232861e+00
5.212194801196130101e+00
5.095270656598849257e+00
4.933043442574844839e+00
4.784165577828966676e+00
4.587646383996593968e+00
4.360361032898670608e+00
4.145737060121943429e+00
3.914248707191661847e+00
3.692917824814089034e+00
3.493084641801757151e+00
3.285748888878623486e+00
3.093851867245611231e+00
2.879252041976751997e+00
2.676350782590867894e+00
2.471576075078707468e+00
2.244384441369463801e+00
2.040995676838030626e+00
1.748802577213542264e+00
1.536148148165888960e+00
1.261545448258659441e+00
9.759725868301541984e-01
7.203814403079554785e-01
4.826972582460527517e-01
2.943097957556802813e-01
1.774958968544383675e-01
8.080382551985743067e-02
3.915990174271928755e-03
2.842170943040400743e-14
5.684341886080801487e-14
7.105427357601001859e-15
0.000000000000000000e+00
0.000000000000000000e+00
2.929642751054231969e-14
0.000000000000000000e+00
7.105427357601001859e-15
7.105427357601001859e-15
2.929642751054231969e-14
3.177643716156509591e-14
2.842170943040400743e-14
2.842170943040400743e-14
2.842170943040400743e-14
0.000000000000000000e+00
2.929642751054231969e-14
7.105427357601001859e-15
0.000000000000000000e+00
7.105427357601001859e-15
0.000000000000000000e+00
2.929642751054231969e-14
2.842170943040400743e-14
0.000000000000000000e+00
