7.502604264834896064e+00
7.816226602391183498e+00
7.689843550634121172e+00
7.176626694439882215e+00
6.163000973181575581e+00
4.582440883648562391e+00
3.017651720721480579e+00
8.995516394770701751e-01
1.517212452315376825e-01
-1.978949915985809271e-01
-1.320309908528483345e-01
-3.654488134866111793e-01
-2.196369545532061984e-01
5.024573750648397841e-01
1.568742541705791860e+00
1.971701445932155128e+00
2.095416450007942188e+00
2.609941096788828130e+00
3.297130394675056753e+00
3.053136899886712996e+00
4.436262965900829691e+00
5.198707713032626465e+00
5.822633004108915600e+00
6.810287826868438366e+00
7.101925338403317411e+00
7.089318670790668797e+00
7.129588169516727802e+00
6.539771030268108909e+00
6.275841110016920688e+00
4.732981935276222352e+00
2.941018426285354703e+00
3.136459788815500804e+00
2.748782761711801470e+00
2.096779570325590480e+00
1.688844737342307445e+00
7.273105376098110142e-01
-4.257264456772017480e-01
-4.959135345535097827e-01
-7.869257478862843325e-01
-1.085269807532664110e+00
-1.583460857521731047e+00
-2.189251986117246140e+00
-2.552443199009359454e+00
-2.825921294884023549e+00
-3.067966702002392854e+00
-3.268582330431818672e+00
-3.352890276158545291e+00
-3.607315505751068407e+00
-4.224511711402773706e+00
-4.285824191523504467e+00
-4.853963687974555796e+00
-5.438645609322051655e+00
-5.551518715795316083e+00
-5.454896757450101497e+00
-5.537136440858831499e+00
-5.239066636106708863e+00
-5.319802178867314879e+00
-5.375703304061195453e+00
-5.350154885904370161e+00
-5.165200821992666391e+00
-4.502316331583309683e+00
-4.256906243887865315e+00
-3.856788064578057007e+00
-3.961504270484704993e+00
-4.058397718536890686e+00
-4.014632410158730735e+00
-4.458668355729900057e+00
-4.534082394861160381e+00
-4.615807714497622172e+00
-4.546393546323724166e+00
-4.521042716680094387e+00
-4.749092725320543273e+00
-4.619353646257510881e+00
-4.754633793641287021e+00
-4.712369965283093265e+00
-4.871416241620382337e+00
-4.440722989412747346e+00
-4.237447508723064971e+00
-4.072650531303976251e+00
-3.895484440009171490e+00
-4.045117884499657812e+00
-4.240095929387564411e+00
-4.478515670971680684e+00
-4.375701097513838178e+00
-4.528345449897127395e+00
-4.490148779875092089e+00
-4.397683878498087395e+00
-3.741119637199280756e+00
-3.635119475872455208e+00
-3.517789485330972354e+00
-3.853920721061943055e+00
-3.998795451437738624e+00
-3.992139926311246256e+00
-3.866780766556556781e+00
-3.006932368955435031e+00
-3.084779480069969271e+00
-3.397693122248050646e+00
-3.942292857192757793e+00
-4.416204823514235045e+00
-4.598531756062540055e+00
-5.009651435981287371e+00
-5.423873995062973741e+00
-6.516007559026668616e+00
-6.516786354173190077e+00
-6.449346941862811988e+00
-6.371586023913413221e+00
-6.392521556658230075e+00
-6.522851277414555504e+00
-6.764967203765547055e+00
-7.068271259742082258e+00
-7.073178366634440550e+00
-7.008149393384315751e+00
-6.892808790346767189e+00
-6.650846923797606003e+00
-5.888273174664378828e+00
-4.937808391920670559e+00
-3.280365714077298822e+00
-2.874739806188530089e+00
-2.616648072441025263e+00
-1.961574978980923589e+00
-1.575683840327535001e-01
1.075212849215652744e+00
1.616717659457801659e+00
1.884837714273149833e+00
2.835630691511577428e+00
3.504227299739951729e+00
4.371065973424204110e+00
5.381191516677185760e+00
6.105540492749714332e+00
6.436095404161626732e+00
7.228285874786093856e+00
8.704079681020736814e+00
9.525109087907848604e+00
1.057223715132797714e+01
1.088923139600943557e+01
1.117678634244903257e+01
1.121408890057539409e+01
1.139991865766290502e+01
1.112959127471384058e+01
9.477098582062652099e+00
6.072624772061069542e+00
5.203534986341357360e+00
4.404103534528765351e+00
3.568304992057875324e+00
3.025691443744179310e+00
2.027529683448213937e+00
2.066970725931191577e+00
1.996974165635008402e+00
2.287888787089723763e+00
2.254158441699710025e+00
2.153218644860527053e+00
2.141495233462571868e+00
1.923104552215615826e+00
1.328291367140293611e+00
1.217863127223538733e+00
1.236529645033501712e+00
1.057240954674281586e+00
9.888015297382540814e-01
1.013185737104920880e+00
9.654301978961188357e-01
9.933871008551451443e-01
8.920163546861613613e-01
9.406820357716763059e-01
8.672247886988534438e-01
9.340002173473289648e-01
8.834411491900778790e-01
1.097117413368302596e+00
1.218069515832320926e+00
1.080558958654449953e+00
7.915672230350017102e-01
5.660703429973760192e-01
8.951827489103943158e-02
-4.256086241457419650e-01
-1.172329280796154283e+00
-2.124133310551385545e+00
-2.709513525647713639e+00
-2.067185149228474295e+00
-1.124594535628030023e+00
-1.012031544628920303e-02
-1.096282535550693882e-01
-2.599400726090990710e-01
9.170911972493510644e-01
1.176149710184432040e+00
9.196825270526500784e-01
2.543255918988063247e-01
-1.599419626218536450e-01
-1.544824728300788208e-01
-1.898738015089699305e-01
8.366545398238393882e-02
5.551922468540901878e-01
5.171720764328661124e-01
5.104824223005843820e-01
4.527410430090591520e-01
4.355656695917885513e-01
3.745340891544082229e-01
2.977049649294685185e-01
2.297027656418528241e-01
9.885099006705068414e-02
-2.157343177850541971e-01
-8.057420320279377046e-01
-2.651931158410407274e+00
-5.666318144036591953e+00
-9.068650967814180675e+00
-1.141970547989197016e+01
-1.307022043150293023e+01
-1.537749049838713589e+01
-1.716911211290107886e+01
-1.812080938135219554e+01
-1.913228533225364458e+01
-2.074206244512004815e+01
-2.023935431667278806e+01
-1.851274606543948309e+01
-1.804880327941292251e+01
-1.707516953323429831e+01
-1.523093077823111052e+01
-1.397610796619232154e+01
-1.369233293198149681e+01
-1.125971608083787601e+01
-1.028786413320120019e+01
-1.055511071889311658e+01
-1.046653004467132142e+01
-1.067795224022117218e+01
-1.146002095825066114e+01
-1.153790654791662007e+01
-1.024392896400751773e+01
-8.227511744461562415e+00
-6.969885076655426559e+00
-6.642856988524840745e+00
-5.033556808643242952e+00
-3.890326852161827720e+00
-3.054748896684279291e+00
-1.169007722863804277e+00
1.974226314598013510e-01
2.335426516427770161e-01
2.559623233754061422e-01
1.104749597126932353e-01
3.155985144981319768e-01
2.821374121281544634e-01
-4.968792419010780370e-04
-4.639218275587738693e-01
-5.157619730083951026e-01
-5.360957831706991694e-01
9.535737708362274079e-02
4.996714285275780654e-01
4.155297090862876686e-01
4.139676424774458297e-01
3.306809034838802952e-01
3.849525349838072708e-01
2.236730982259247380e-01
1.078801108956549820e-01
-3.417012754633156901e-01
-5.070183685532410056e-01
-4.950190137592995199e-01
-5.889553081488965169e-01
-1.042370218540671356e+00
-1.122260414818386565e+00
-1.301665438549843623e+00
-1.476706528904049076e+00
-1.790524581682324756e+00
-2.211509508318718620e+00
-2.399575863030300571e+00
-2.418970906187718484e+00
-2.469473247908831492e+00
-2.643182648464704965e+00
-2.546927460481341221e+00
-2.978805281749226541e+00
-3.015850102954972023e+00
-3.533207917096826023e+00
-3.935824833096112307e+00
-4.701330845553300719e+00
-4.411876374598972639e+00
-3.971318332561011744e+00
-3.929783475735040277e+00
-3.715194408665019932e+00
-2.978104541899321500e+00
-2.896941330832575545e+00
-2.935486831102639194e+00
-2.889625587128453521e+00
-3.005689277183904107e+00
-2.917155109729227203e+00
-2.951721478829820722e+00
-3.093332378145732253e+00
-3.043556781067784822e+00
-2.987719683362600076e+00
-3.120380733188325983e+00
-2.895065072529188210e+00
-1.868036939743491498e+00
-1.297908865286641865e-02
4.917243164385374787e-01
4.002594295680889092e-01
1.904473574273782277e-01
2.027395463104173234e-01
1.551477574008507665e-01
1.543074460996824993e-01
8.754492951116127353e-02
-1.283337462161947273e-01
-1.391463918599938621e-01
-2.138807116314009049e-01
-3.668290900198142301e-01
-4.035224310251772084e-01
-5.500343358622155066e-01
-6.766841778116051698e-01
-8.479293142445009090e-01
-9.378989172107409233e-01
-8.290302042593933329e-01
-1.003210112120329400e+00
-9.261963547136152775e-01
-1.133089041352857818e+00
-1.592441618886923260e+00
-1.708400359571275784e+00
-1.690686643940812361e+00
-1.625372675268031086e+00
-2.012885371480153118e+00
-2.372867087775663020e+00
-2.510094633158739708e+00
-2.427875376688891418e+00
-2.444930532142589819e+00
-2.173781642135706793e+00
-2.286189622191847182e+00
-2.367936824743129609e+00
-1.968416674256689980e+00
-1.974689067880242233e+00
-1.859900989960457718e+00
-9.405063138579257132e-01
-7.499455223640560941e-01
-7.718239778686386554e-01
-7.933919950566652446e-01
-8.787972622778181808e-01
-9.389181329669855636e-01
-8.734971408861790243e-01
-1.052785285333494469e+00
-5.495387984728250519e-01
6.863656865901671678e-01
1.093756217631179473e+00
1.451617159993989992e+00
1.833975631553876440e+00
2.493936607663513438e+00
3.095737061017937108e+00
3.004733061317718334e+00
3.054986032740035551e+00
2.997660931937091267e+00
2.941412338243895253e+00
2.838901836161190850e+00
2.868955074863611010e+00
2.577362570102396333e+00
2.625608002666541818e+00
2.046470484887934482e+00
1.963921031838632869e+00
1.025181174485952251e+00
-3.979011790921024305e-01
-4.225805739738313638e-01
-4.634635364065963214e-01
-1.896752160728328862e-01
1.285085556091192238e+00
1.078110736295108785e+00
1.116493116862710355e+00
7.150516709320521302e-01
4.568360191371642620e-01
4.964579108948762864e-01
4.237533393083696143e-01
4.821924811949637180e-01
4.314025944442404503e-01
1.902192597262164220e-01
-2.867516480024362435e-01
-3.385000928679977594e-01
-1.132003656405259073e-01
5.050076862512360432e-01
5.137155375451467609e-01
-1.052328631128436470e-01
-3.757979285981989936e-01
-3.170080790536424775e-01
-3.047578009124146670e-01
-3.185825428762194544e-01
-2.067418725108730593e-01
-2.935053584415188710e-01
-2.721780064525801124e-01
-2.773414227497749129e-01
1.917120145779094564e-01
7.223946869217204858e-01
6.658719949055170728e-01
6.628882438861694038e-01
7.444388763811538023e-01
6.311516423700879175e-01
5.092213291232854377e-01
-1.547299716777767419e-02
2.500477353794485630e-02
5.069410180322969639e-01
5.339627333267865650e-01
5.051669827076947783e-01
3.870039204428059043e-01
3.510712732015359716e-01
4.046476790107464416e-01
3.273713814867880711e-01
4.894958783899687194e-01
3.082991476676680276e-01
2.375444323386447787e-01
2.360222197458812232e-01
-2.026637016698827967e-02
-1.180149696653801927e-01
-1.478899406278392226e-01
-1.984212121750287550e-01
-9.537841410369444217e-01
-1.519187333904802983e+00
-1.601330883432160457e+00
-1.620497226775836852e+00
-1.607273682618417743e+00
-1.688191400230331318e+00
-1.645456067327623506e+00
-2.393203521406324530e+00
-3.445005106588148625e+00
-5.524573260244743267e+00
-8.502257638409258078e+00
-1.195243032512989068e+01
-1.500500663947969215e+01
-1.580406114301061926e+01
-1.600983399097620108e+01
-1.681900472166226024e+01
-1.609148668768233748e+01
-1.658975054604298549e+01
-1.661437536777437174e+01
-1.737630978522855330e+01
-1.904867535513147558e+01
-1.825962660096575263e+01
-1.802878062558681194e+01
-1.541670260183107999e+01
-1.103242062035303306e+01
-5.973637374503705466e+00
-2.947822175433409964e+00
-1.617729099730691900e+00
-1.359450079713893755e+00
1.021585067905095151e-01
1.239439022429538184e+00
1.075636477687684112e+00
9.804029287757598521e-01
7.076052055879852309e-01
4.444829805448120563e-01
-1.798191867365989682e-01
-4.955276622598559499e-01
-2.312104431083040756e-01
-1.113292768118176596e-01
2.770224469689844607e-02
2.857350827615167191e-02
1.310498235804025413e-01
8.418043486591527680e-01
2.154394288982335315e-01
-3.555297540408395435e-02
-3.750721610383618287e-01
-3.068168928732004641e-01
8.960460890425601694e-04
4.881573000486442715e-01
4.660302306904783864e-01
3.485051826225458171e-01
1.922698148822754860e-01
-1.961953660287225898e-01
-1.276803110867821001e-01
-6.111817580923226828e-02
3.840292870688684634e-01
2.147806586360737624e-01
1.867331418440707769e-01
-1.891456040301120467e-02
7.448662481431607418e-02
-6.997296685384396531e-02
-8.033084578590170277e-02
-5.471710619527010017e-02
-1.344091034469950818e-01
-1.708684316178885054e-01
-2.310311590758835631e-01
-1.651232041798963990e-01
-1.587975791483749455e-01
-1.342731704793714842e-01
-1.287471100486408671e-01
-1.354830529538586237e-01
-7.306807777680271454e-02
-1.079842052275157005e-01
-1.654446209863550954e-01
1.041304061355378258e-02
3.430027855451544538e-01
2.664597522337048274e-01
1.817311648541815594e-01
1.900280631693292421e-01
2.829871639219504187e-02
1.150572358668146833e-01
-7.792719186133535703e-02
1.260235108369471557e-01
5.626149667415390049e-02
1.369632785395462904e-01
1.001671337873057954e-01
-4.208186518462457906e-03
-3.862533990045033949e-01
-1.176430518030213479e+00
-2.598075426100889374e+00
-4.075176899957344112e+00
-6.124958161478261331e+00
-8.328401351507382699e+00
-1.041320083810982489e+01
-1.208158900619391396e+01
-1.450472502195990288e+01
-1.558600299939273803e+01
-1.535134288762580290e+01
-1.676734187802611942e+01
-1.746256965338858080e+01
-1.812888657529559566e+01
-1.735112139010244547e+01
-1.629493870485441676e+01
-1.608558635947933624e+01
-1.568929650380271390e+01
-1.415004457249506586e+01
-1.433655228269751802e+01
-1.381027306536448762e+01
-1.361566083300283125e+01
-1.366202625538863558e+01
-1.180563692863010417e+01
-1.042111606984637540e+01
-9.317237829398161253e+00
-7.785491366768528820e+00
-7.208427386703025519e+00
-6.597879455905581558e+00
-5.383278075660930639e+00
-4.916258543297523431e+00
-4.017175400247740669e+00
-3.456362079543684462e+00
-3.058473515562919687e+00
-2.727857950364624973e+00
-2.473125914245805301e+00
-1.406762011900624332e+00
-5.881805943056641617e-01
-6.195394991303431187e-01
-6.926191733849347276e-01
-8.193955148365577035e-01
-6.909374720970099526e-01
-7.408646100309620453e-01
-7.922054555042510327e-01
-6.792481922564805874e-01
-8.471785104443307901e-01
-6.705400821260860678e-01
-7.720157394810575058e-01
-4.467959230200458376e-01
2.354667358998230320e-02
3.813518253824353943e-01
3.710015999393181940e-01
8.307792480865057172e-01
9.464296633377354828e-01
8.573210949266665271e-01
6.817884934383463547e-01
7.230647310168776265e-01
4.609848513857325303e-01
5.510364901785866909e-01
4.932004900915205603e-01
4.231655942380040392e-01
1.593610144645750959e-01
-2.233837320237816726e-01
-4.306196300449877112e-01
-7.448666303886894990e-01
-4.459959161217894041e-01
-8.965092452833847148e-01
-7.645237383197092118e-01
-6.926181381877619669e-01
-8.067892493945590937e-01
-6.834845579054574793e-01
1.731722122547896259e-01
1.319939432224713993e+00
1.515141927190985616e+00
1.784698771169755949e+00
1.874271742753866432e+00
1.739238312175222401e+00
1.070700297914462418e+00
6.153060721094378849e-01
4.183492977344727692e-01
-1.873049255674319735e-01
-2.651380221405828519e-01
-2.708221890345493404e-02
1.139702640935314482e-01
2.926603326693896431e-02
-1.273500154175029597e-01
-2.109927015153276880e-02
-5.935187430754438470e-02
-3.095690288331269802e-01
-7.190236887199754623e-01
-9.254728035603575487e-01
-9.474071915932826826e-01
-8.972461089163282777e-01
-8.944702984795975809e-01
-2.184973979535675126e-01
1.933777750418247676e-01
2.186834687414647982e-01
6.863138144518891870e-02
1.520768002559940435e-01
1.660941392423699037e-01
3.678860039478310529e-01
8.058013330472506563e-01
3.328387392308548298e-01
6.992097845373210774e-01
4.852541076489984562e-01
3.852576074787161242e-01
-7.135452962986343906e-02
-3.721492446002218069e-01
-2.219221559348552308e-01
-7.609219327940958122e-02
4.201706764653077020e-01
3.648536698601687611e-01
2.744461159412199813e-01
2.559960740289010661e-01
-6.493260607752041058e-02
-1.729500017153258462e-01
-2.257388927520750099e-01
-2.286507257826720096e-01
-1.602430460413067359e-01
3.472274900327194241e-02
-1.586748816256996261e-03
-1.201803274672186284e-01
-9.755621592843877199e-02
-5.238643588582098803e-02
-2.012318098112329534e-01
1.420210291075976461e-01
1.344804990252800314e-01
2.046240161965255377e-01
1.289186143056137435e-01
1.473136638129116105e-01
4.057272134011490061e-02
1.885296412863428084e-01
9.978397680514502349e-03
-4.350135817658975501e-01
-3.143666223736799048e-01
-4.429535996594083369e-01
-3.507099941810199462e-01
-1.416137680129307685e-01
4.120926714336528018e-01
4.237502933256572790e-01
3.371291457667031088e-01
-8.672343989781974849e-02
-2.832649615700256196e-01
-3.405817799268676671e-01
-1.293192655845243622e-01
-2.157132398377006877e-01
-9.349972078990960445e-02
-9.730712101607495723e-02
-1.043063019667975627e-01
-2.352155588245574691e-02
-5.518122316740177793e-03
3.371254637711128439e-03
-1.877158876417265032e-01
-2.146388154986098862e-01
-3.699481473679102628e-01
-2.974212601718109750e-01
-1.496700331441631615e-01
2.231777298066975890e-01
1.248345258236098626e-01
1.627027937707821170e-01
9.380492979112178831e-02
7.532711885579213007e-02
1.277159177963445857e-01
4.176669816521114131e-01
5.588520808920864891e-01
5.637470151828773979e-01
3.773529530912223540e-01
2.993841872972167195e-01
1.488446695380460372e-01
-5.190633289364453284e-02
-8.443732587525415445e-02
-1.152555969119419405e-01
-1.046121441419990833e-01
-1.079198182679438206e-01
-1.080906268097048539e-01
-1.829141618139893954e-01
-7.509642611943694035e-02
-1.358134157848198964e-01
-1.339493443432982767e-01
-2.429091516760648051e-01
-1.078841079926772528e-01
-1.882660780484912422e-01
-2.438607425023870401e-01
-1.915821092433306339e-01
-3.297392819145956167e-01
-2.637046012896411273e-01
-3.082836407677334578e-01
-2.152822237680036832e-01
-1.601098054136786408e-01
-4.955237968232142215e-02
2.092927872094439978e-01
1.678803724974720080e-01
2.908546484394080034e-01
2.274551918749942170e-01
4.141900919128228553e-01
5.968438304026111307e-01
6.625934489681333250e-01
7.139936265608044508e-01
5.795209178025985119e-01
3.632830652168454466e-01
5.647965197320943542e-02
1.278112505636676555e-01
3.916657882691917426e-03
9.648399856849353140e-02
-1.273258769387786704e-01
-7.472356994051945756e-02
-1.454863305794643624e-01
-1.650320726382670800e-01
-4.317214447055052751e-01
-8.290189443855271456e-01
-1.067536595466862082e+00
-1.344214431656715503e+00
-1.394416601364424357e+00
-1.471317954501221825e+00
-1.873808469453566827e+00
-2.197764033159528729e+00
-2.823058881709814116e+00
-3.374139591603046107e+00
-3.710429820702724424e+00
-4.224602110878932670e+00
-5.121331940436467889e+00
-5.957398060909931736e+00
-5.862794441994269690e+00
-6.138603245251982976e+00
-6.864734264278344433e+00
-6.818211456917732782e+00
-6.869960039438846700e+00
-6.827080700889600173e+00
-6.112492238439891423e+00
-5.335328551127998864e+00
-5.049653534373765851e+00
-5.143165401146788440e+00
-5.316267507850665375e+00
-6.216811026672205642e+00
-5.977838674696262622e+00
-6.027655678969761510e+00
-6.128547163427732869e+00
-5.992285393841171093e+00
-6.328802742566175255e+00
-6.329191501505420980e+00
-6.382726333068716507e+00
-6.682090518379351529e+00
-6.995890729336179170e+00
-7.066644604110604355e+00
-6.873125889042598580e+00
-6.894355324102489746e+00
-7.148133703467823175e+00
-7.640054977223164734e+00
-8.098501448668997682e+00
-8.040049206714266816e+00
-7.458623359974338562e+00
-6.026582436697908385e+00
-5.454196483762462577e+00
-5.599828346632156340e+00
-6.300243551510853912e+00
-6.276029240807907250e+00
-6.645303518509320995e+00
-6.730576985660388090e+00
-6.841106759439099960e+00
-6.781005910617371235e+00
-5.832169164030208464e+00
-4.708555305006053793e+00
-3.989091557105983732e+00
-3.940248668642595042e+00
-4.045662529610800640e+00
-3.970432481441038775e+00
-3.940996267414242915e+00
-4.004679019915264426e+00
-4.002078776425477713e+00
-4.080388305226467338e+00
-3.918284516237382054e+00
-3.961379342073048093e+00
-4.136420087478027696e+00
-4.430102598903247646e+00
-4.483109576201989022e+00
-4.761193890266319784e+00
-5.298128705133800409e+00
-5.217541657301460134e+00
-5.339377074015927427e+00
-5.199943547179658232e+00
-4.666084141648584094e+00
-4.477843606375269125e+00
-4.166592755237556567e+00
-3.972037617603225268e+00
-4.021832682172256312e+00
-4.023364945989789554e+00
-4.494882551797717340e+00
-4.688861563098946306e+00
-4.547467010317360447e+00
-4.607132635354274974e+00
-4.992810312462201416e+00
-4.976118056583309190e+00
-5.345175941518024665e+00
-5.969474260786514108e+00
-6.230729420453859468e+00
-6.549914477863651108e+00
-6.982807255776982025e+00
-7.870928045181057264e+00
-7.789081399429670149e+00
-7.712327019422227536e+00
-7.388985406910935971e+00
-7.169555259145327319e+00
-7.136846819234128780e+00
-6.565757973978151085e+00
-6.401038227914654932e+00
-6.144430618124919086e+00
-5.510888892310267018e+00
-5.467400497873672549e+00
-5.468454478699682042e+00
-4.673015717118233603e+00
-3.855284915072927809e+00
-3.232339715568722571e+00
-2.419572933360400580e+00
-3.605349765505571624e-01
2.065204815311413089e+00
2.423497820780081025e+00
3.546887139705261927e+00
4.614276309900453121e+00
4.749478346880762203e+00
5.190385434205505355e+00
7.527320804029875134e+00
8.388449168241725928e+00
8.309152809841702236e+00
8.186656572426464606e+00
8.246703765189648649e+00
8.466670019767487787e+00
9.263452674961691002e+00
1.035169160495333607e+01
1.071617858406546553e+01
1.090435797270563612e+01
1.055526409942006083e+01
9.038458074847770973e+00
5.847687402031815473e+00
4.931125663369344991e+00
4.327640850832840336e+00
3.911682844752403021e+00
3.793288514607709772e+00
3.751608056560417293e+00
3.121835688860177704e+00
2.658767188173046581e+00
2.487333777707190219e+00
2.311136344330730896e+00
2.011937987174421405e+00
1.945236177801049404e+00
1.607785905228118484e+00
1.028863061658943590e+00
8.413578962928985883e-01
1.000096044896201741e+00
9.728523056936552171e-01
8.639670553871717784e-01
3.113818960694579308e-01
3.682133014344980970e-01
4.273785108435476099e-01
4.958090414882159735e-01
5.256321931326601860e-01
6.795022318074767087e-01
6.221798310124306841e-01
6.014223724291410944e-01
5.657392471933989642e-01
4.709698174728901288e-01
3.819556950511092119e-01
4.033067593586528998e-01
-1.641327791518691070e-01
-9.036127784681756703e-01
-5.851127632075807661e-01
-2.578907640501984511e-01
4.228729366799193756e-01
6.018195103926464729e-01
4.744253401419532001e-01
3.795435437451734062e-01
2.727076742941684784e-01
1.918922236604501397e-01
2.679257552441903778e-01
2.632888524234256455e-01
2.949029251270349761e-01
2.925189430123349976e-01
2.416742081066117209e-01
-1.234826672550876914e-01
-1.260789303916787230e-01
-2.507343538679950024e-02
-1.376417341982777258e-02
1.455813409880257585e-02
-2.300953122440760334e-01
-1.490779558254592407e+00
-3.159646508365627771e+00
-6.171599276365991038e+00
-9.098593186537394573e+00
-1.167035163993088709e+01
-1.185095612862095926e+01
-1.301838565060296915e+01
-1.454959357846423096e+01
-1.691299790997242525e+01
-1.930180671615195820e+01
-2.035339513359255648e+01
-2.054857406061821834e+01
-2.029184026722641221e+01
-2.007476227325981100e+01
-1.990872162493535669e+01
-1.870392992780652364e+01
-1.894056793692174523e+01
-1.864274834855615026e+01
-1.775947023884631193e+01
-1.570918300422790814e+01
-1.185689339341407944e+01
-9.127522273216056803e+00
-8.798902705093981425e+00
-8.802264178563374841e+00
-8.409940357891029450e+00
-8.527534324502095586e+00
-7.604954498204707924e+00
-5.489879768910972402e+00
-4.087306811962015729e+00
-2.884551746611476730e+00
-3.111768476392192673e-01
4.800228479949998905e-01
4.888235935175614943e-01
3.719060046667794217e-01
2.060717431748556594e-01
3.910295877048065027e-01
3.944382215344390819e-01
4.116228638100508652e-01
2.335301976801476553e-01
-2.764890806266661616e-01
-1.743488953117420526e-01
3.724766579824952961e-01
2.594708977820107121e-01
1.694452341966032338e-01
1.566044528604716990e-01
2.930504102688864521e-01
1.163763677969024829e-01
9.210321791103320832e-02
-2.222239247616122348e-01
-5.092509887263104718e-01
-5.420355647605396010e-01
-6.001019431679941452e-01
-5.604482090935521965e-01
-6.963195841616660609e-01
-1.116274709939131693e+00
-1.662356399688213360e+00
-2.785478944527950418e+00
-3.576717186313553398e+00
-3.442080016511597229e+00
-3.437295954415269694e+00
-3.183353155321080319e+00
-2.589201925619291966e+00
-2.392689863757766044e+00
-1.939878868570683368e+00
-2.940703547694579534e+00
-3.543609291773866854e+00
-3.852725612730337978e+00
-4.160034192057419311e+00
-4.156869604956697550e+00
-4.020150653270616381e+00
-3.989642103952976360e+00
-3.416438173137415824e+00
-3.517200036929813756e+00
-3.446906616660755152e+00
-3.584801410543676514e+00
-3.728050314537359800e+00
-4.297948073848142592e+00
-4.512929936448808022e+00
-4.050948656688722060e+00
-3.832326859988213208e+00
-3.213175102322104237e+00
-1.563747655393299407e+00
-6.271994398887675848e-01
3.266478344463273897e-01
3.284281426134515458e-01
3.038208930738673375e-01
1.483354846544708561e-01
1.396921748393384621e-01
-2.456363184551839385e-01
-7.118745811009310476e-01
-7.890005187091382322e-01
-4.198414341345311773e-01
2.740721852996966801e-01
1.210651593646710350e-01
-1.879646663934863848e-01
-5.187346129219684299e-01
-1.462054521884708524e+00
-1.402648932397333015e+00
-1.476065713194980145e+00
-2.241266111335558975e+00
-2.471151835837282373e+00
-2.854512219175683541e+00
-3.030933299920258062e+00
-3.560821031008025717e+00
-4.056580317832701787e+00
-3.415357948809431221e+00
-1.542241447744830074e+00
-6.536858711251531950e-01
-2.167212579106786718e-01
4.854874195615460075e-01
8.414853395867932795e-01
6.160284880390418660e-01
4.422764735050974672e-01
-4.691070487329405958e-02
-2.606508947629078699e-01
4.483661612311722056e-02
-3.759705982886863418e-01
-1.261541348205835467e-01
-4.090296858687976211e-01
-6.080788098916769524e-01
-5.748773589096285441e-01
-9.531882318082803007e-02
2.806040682737528380e-01
4.977753800446081400e-01
4.890238244923204580e-01
4.086755831151462903e-01
-2.091408514926518247e-01
-9.586060930460671425e-01
-1.138049455566507051e+00
-1.275572276772953595e+00
-1.405515847477169400e+00
-1.343023803430354990e+00
-1.253234443544387622e+00
-6.605160341229759924e-01
-9.047212486611652671e-02
2.202254751396426347e-02
5.830643226141424273e-01
9.950793268361101118e-01
1.552261798921342528e+00
1.746496265347235344e+00
2.021639455108158234e+00
2.418913826310068238e+00
2.611283035485030712e+00
2.777367905376899149e+00
2.580380815322674604e+00
2.559518321131492247e+00
2.011299015819340674e+00
2.104266871692330287e+00
2.224783270007405722e+00
2.273602624973247721e+00
1.814374362632387605e+00
1.056677864253216415e+00
6.349065848772497134e-01
2.231790151246794696e-01
2.503895423911768336e-01
5.994309146313856473e-01
6.214848865367218478e-01
3.878348654167200760e-01
5.209626479261033616e-01
2.768970726766467605e-01
4.548590674929638977e-01
6.608745367460641118e-01
3.663874422772126493e-01
-2.953966737074033011e-01
-2.094654452662108868e-01
-3.773197313725847879e-01
-6.660394889879030222e-02
-1.329119613137645095e-01
7.538990435363322751e-02
1.744821711006032672e-01
1.141591075275652650e-01
7.436836513216794897e-02
-5.540867727399773762e-02
-3.627982985952933094e-03
-1.097389108098205113e-01
-1.890370564521994257e-01
-1.682701109455324584e-01
-1.343160398916501408e-01
-1.054144405122501432e-01
-1.328395532474005714e-01
-2.614537009518514560e-02
1.333045041637835604e-01
4.080654875125386966e-02
5.098216647572357818e-01
5.089918269034972020e-01
4.341399793110499727e-01
4.919441765659125498e-01
7.718268314946763464e-01
9.798884965552736581e-01
1.080720991380876184e+00
1.121440708094464611e+00
8.848602621487868802e-01
8.071000646668317069e-01
5.154859171347039304e-01
3.585449296533161911e-01
2.664690029398191218e-01
3.404374346518607153e-01
1.724263723082339328e-01
1.692532486029609540e-01
-7.438713570268083719e-02
-7.919407991469825658e-01
-1.139592567820289837e+00
-1.610406407100973381e+00
-2.139818285024389866e+00
-2.219699506788693100e+00
-2.057133747200927232e+00
-1.919030716032708028e+00
-1.948420067601761341e+00
-1.700001479557994299e+00
-1.651123991303119487e+00
-1.811405635497988609e+00
-2.525890726338687386e+00
-4.816444615511080940e+00
-8.146620905235071319e+00
-1.237711030980012517e+01
-1.508200641110632034e+01
-1.740772266472987084e+01
-2.050280952003220136e+01
-2.224406582510879815e+01
-2.242568615381943786e+01
-2.221284652005857296e+01
-2.232993572715032826e+01
-2.142016152005465202e+01
-1.985097500241653634e+01
-1.676234966364372170e+01
-1.297583597249139054e+01
-6.917167238340135249e+00
-1.723120098244576015e+00
-5.603616510407519735e-01
-6.856586086766467414e-01
-7.663466324409092811e-01
-6.997619814929973980e-01
-1.440898306937047901e-01
1.128485225625954991e+00
1.434020417405030834e+00
8.803790640785075228e-01
4.862734301411301696e-01
3.038912282372944751e-01
2.595048220684266216e-01
2.783302947248894599e-01
3.124495706734821687e-01
3.788413477702169407e-01
3.884331070045334289e-01
4.132579939876909747e-01
4.027901751947732811e-01
1.854581746369493300e-01
-3.231809122937202017e-01
-2.751980463723652792e-01
-1.050026064939542716e-02
4.783267685236258782e-01
6.603768380281392902e-01
7.294490418045425084e-01
5.608795744003101102e-01
7.638176986787112988e-01
6.448598405324678096e-01
5.171779873708169939e-01
-3.276564334498480724e-01
-6.293148480687277280e-01
-8.020890405139140533e-01
-7.294224165730149867e-01
-7.608995177308526259e-01
-6.654327983423794501e-01
-6.611436899759969288e-01
-5.246070825558170059e-01
-4.637854922728978924e-01
-4.440093853425875481e-01
-3.458655888411272250e-01
-2.255905107215226170e-03
8.496480992762608375e-01
1.075468348816754904e+00
9.003216603873436252e-01
9.039510267184502901e-01
6.709025754254375196e-01
5.954930913269919079e-01
6.823097239505930833e-01
5.930516899585779322e-01
5.330018383558524642e-01
3.963641427876295475e-01
1.285746793306986879e-01
1.533507141715159117e-01
1.513806975237756702e-01
2.147905233858157792e-01
-2.133426927124711381e-01
-6.025725298353628023e-01
-1.762595972295566193e+00
-3.821654363077869210e+00
-7.098427915945808131e+00
-1.017466843693449263e+01
-1.384272763475616408e+01
-1.629842593195276734e+01
-1.698413130108154689e+01
-1.727489698866465417e+01
-1.644816861589232104e+01
-1.629953136083536336e+01
-1.585411852330018512e+01
-1.613826212721369657e+01
-1.579716600318608855e+01
-1.575064720022920284e+01
-1.602716260476103471e+01
-1.609074679846383304e+01
-1.538008987350685253e+01
-1.505880353193718157e+01
-1.467692384255010296e+01
-1.508413052910565000e+01
-1.451545389996398150e+01
-1.438435972773802618e+01
-1.346633310146661167e+01
-1.170214117160032963e+01
-9.549257880886198535e+00
-7.248300298214689796e+00
-4.829956412544183841e+00
-3.213292517073402355e+00
-2.050436966991481480e+00
-1.104071079672597211e+00
-6.428480745167629573e-01
-4.452827636510742204e-01
-3.754522233125431319e-01
-4.667490874832676551e-01
-1.012509240262985166e+00
-1.269370598857477273e+00
-1.603721639116663322e+00
-1.632890609854221742e+00
-2.067782529477901754e+00
-3.014237401791838522e+00
-2.948654523185119558e+00
-2.966145125809474425e+00
-2.408398679515637131e+00
-6.709827921648172655e-01
1.510964990076004488e+00
2.888431752202385905e+00
4.233439115924436891e+00
4.351606945636964596e+00
4.104113209056936995e+00
3.641809457489500801e+00
1.276019167957043843e+00
-1.380693100816192398e-01
-2.131082095250386998e-01
-2.606446746334350473e-01
-1.388884759929132073e-01
-4.410254436637876113e-02
-3.759154301357581773e-01
-6.287722040746439589e-01
-5.277955553560988999e-01
-4.612823209668517888e-01
-4.609814869196311449e-01
-5.596419353065469338e-01
-6.447925111366530349e-01
-3.345430862218606860e-01
-6.976772249938312243e-01
-4.663133842137149876e-01
-6.052035821343377808e-01
-5.606701343605053900e-01
-5.483079312336378575e-01
4.163669521615953606e-01
1.376459344507439564e+00
1.305916443578521546e+00
1.040733415411005502e+00
1.067517568879159828e+00
9.565765052988057793e-01
5.977884755691025287e-01
3.696644560746455421e-01
1.263693115520053700e-01
1.322305227240729575e-01
-1.149698706748722155e-01
-1.901041121443081960e-01
-2.562733496879078809e-01
-2.353385347249505044e-01
-9.104042061211390369e-01
-9.740566260601252191e-01
-1.092002837463736498e+00
-1.171281847794745534e+00
-1.271601355873000827e+00
-1.231835261675843674e+00
-1.068401583394898768e+00
-4.937001151380537856e-01
5.009390182916382411e-02
-1.244088484293519488e-02
2.392771503113700626e-01
2.503215765168940732e-01
1.792593320247773681e-01
-7.948875410260070051e-02
3.155941966013477429e-01
5.274090746581001632e-01
4.697963247170663936e-01
-2.197680392058307952e-01
-1.114646335292867052e+00
-1.553137791492289477e+00
-1.800747400521240271e+00
-2.266737491394902548e+00
-2.417076793130276346e+00
-2.289932620544680830e+00
-2.268237666268307695e+00
-2.206748782017633026e+00
-2.277228995993238581e+00
-1.973962372081236927e+00
-9.709014383322782660e-01
6.475822164945148618e-01
1.627275388669672695e+00
1.793984614372388764e+00
2.144303302033400360e+00
2.026999468598313037e+00
1.936380175172622842e+00
2.184043643217480124e+00
2.360439350122702784e+00
2.347007798839926718e+00
2.098955962247366802e+00
1.875571983380728058e+00
1.487054421913372781e+00
8.341281944644263202e-01
2.381153875553766175e-01
-5.498475989821874910e-01
-1.752903084422225088e+00
-2.757076187376211074e+00
-4.131910871303965394e+00
-5.758680246412549053e+00
-6.806899632163382563e+00
-6.879541275807055989e+00
-8.334967147507233776e+00
-1.056227014799486064e+01
-1.308454164250237284e+01
-1.401495801077127190e+01
-1.569687031644543573e+01
-1.658419119318759627e+01
-1.774490745062309571e+01
-1.835917998546938534e+01
-1.972240496777179786e+01
-1.949290433983970061e+01
-2.042042869789852233e+01
-2.101043951267084964e+01
-2.062601708477295759e+01
-1.976690669103833642e+01
-1.783286727003191885e+01
-1.544628398946820802e+01
-1.326214865644012697e+01
-1.034102733212036895e+01
-6.234827789489835403e+00
-4.711893198592093768e+00
-4.287570733987684513e+00
-3.324619963404798373e+00
-2.915956640532220145e+00
-2.128184929359878463e+00
-2.092421996860156508e+00
-2.079416983735577151e+00
-1.969742614496719613e+00
-1.281728339369928360e+00
-1.199983618836085286e+00
-1.122575725317946027e+00
-8.951901524680502265e-01
-2.222295027613031271e-01
-2.365658365318492329e-01
-4.097269377672498880e-01
-6.117942705515634350e-01
-5.299442548004267284e-01
-5.451297751663348734e-01
-5.033490686554744631e-01
-5.279229773306695073e-01
-4.828835551123339398e-01
-2.393194551949596183e-01
-1.727055959556203502e-01
3.425983572996046944e-02
1.276974187329384114e-01
1.071919950737845184e-01
1.461204845171866773e-01
3.561145930227855444e-02
1.814140842361368910e-01
3.129635140723633913e-01
2.549432970279725263e-01
1.358478370342761643e-01
1.520075843466963533e-02
-1.032919731789420231e-01
1.844439127993256766e-02
-5.327352695063879325e-03
-2.147711618050991006e-02
-7.963441232754912835e-02
-2.713527153529239535e-03
-1.285700643623453598e-01
-1.504796743613697196e-01
-1.244468006554797362e-01
-8.415359082519603684e-02
-1.463869381646694667e-01
-4.763208187288127393e-02
-4.267851483542067781e-01
-6.593748609806086014e-01
-4.357410595752311266e-01
3.413492920725179347e-02
5.897054744275345706e-02
5.435793853219167415e-02
-7.920372753219698247e-02
-5.635487631770963457e-02
8.476932056199426579e-02
4.686130545582942175e-01
6.596484529867024937e-01
6.140424211677190103e-01
2.197737287644935256e-01
2.311858766845967805e-01
-5.820407727127036718e-02
-8.937688855970677970e-01
-9.113812208005824811e-01
-1.241390327266562454e-01
-2.089481768078757518e-01
-4.100954367934525058e-01
-1.173592591419690745e+00
-5.162172155992443834e-01
1.484896976349336928e-01
2.925831657651479789e-01
-1.077534311958145731e-02
8.820874031779471491e-02
8.318334462594766110e-02
3.998981703198974391e-01
1.092926070018779006e-01
1.310303279208873961e-01
-5.350797844094772049e-02
-3.288590860108189795e-01
-2.437223681847034140e-01
-4.134325493554386610e-01
-1.180908308426496661e-01
-1.227931678440468688e-01
4.156754139636379963e-01
4.023026037242573572e-01
3.050935779675615148e-02
1.389618625911192007e-01
8.142635802893676000e-02
5.241118597175883909e-02
1.852211838945534705e-01
2.862131314632850865e-01
1.491245053046765245e-01
2.391260594514188764e-01
-3.346142325239453291e-02
-4.617549508634908317e-01
-6.114477167692649040e-01
-7.040812130426193916e-01
-5.279192890679531569e-01
-4.834192912200374614e-01
-2.148044341182425432e-01
3.281350939651395682e-01
5.774811096086451823e-01
1.171360524568507477e+00
1.953487562214551110e+00
2.645678649296260510e+00
3.417381023552275021e+00
5.352330243843592683e+00
6.590805040795343572e+00
7.169201573280150619e+00
8.430065162750420171e+00
1.080888647745554820e+01
1.169691986827642793e+01
1.230234184339336245e+01
1.252523268108773991e+01
1.286217512574222788e+01
1.466527386015607526e+01
1.656909241850886261e+01
1.715897009271682805e+01
1.671297778798592404e+01
1.578838219556565114e+01
1.537519727232472810e+01
1.514137383042910479e+01
1.270229468614515511e+01
8.662718031786214468e+00
8.740617682845547520e+00
6.229773551595150671e+00
3.776413643414270549e+00
3.510598874536540404e+00
2.540538598385753577e+00
2.491822702459241867e+00
2.525286466945418251e+00
2.690218453379515040e+00
2.229650923435347654e+00
2.543133827323866836e+00
2.541813888103842789e+00
2.433758608586285899e+00
1.149932742114466722e+00
-7.612357524038661227e-02
8.584043129760856108e-03
-5.451035050769877932e-01
-2.982959896077251316e-01
-9.605745748178972088e-01
-8.272408270663526020e-01
-1.154773254226771684e+00
-1.139956549352851178e+00
-1.546177295242480598e+00
-1.721300214381221716e+00
-1.863486465570182160e+00
-1.881137821385624020e+00
-1.541214372978278790e+00
-3.021237390745850626e-01
6.270073443329987617e-01
1.091775978310779660e+00
1.642991244452181032e+00
1.495996253051462777e+00
7.130487734342100259e-01
6.877671698445153581e-01
9.632433567087477222e-01
2.187840651905502032e+00
3.938453122492894920e+00
5.216882251557946937e+00
5.572669973627997209e+00
4.422663496187963617e+00
3.475325413027300581e+00
3.332694742619333184e+00
2.613086587246166381e+00
1.994906246982700360e+00
1.854377855660044760e+00
1.944236392076640785e+00
2.872031417484336657e+00
4.054780430021247994e+00
4.274922684010849849e+00
4.630678979062115452e+00
4.774600219141189150e+00
4.471176755937713132e+00
4.463279231262730740e+00
4.028056777768567187e+00
2.765738198415576221e+00
2.217555911163888283e+00
1.993162003628106804e+00
1.668626895706704527e+00
2.207598648215066461e+00
2.304585943024525907e+00
1.877019263479435596e+00
1.244582494673092565e+00
6.752427328733724421e-01
2.990895819279518753e-01
-4.207183821950383762e-01
-1.110250403292202037e+00
-1.050396738271845987e+00
-4.885477818434952879e-01
-2.108869090477926561e-02
-1.386486514023982930e-01
-1.235249445169061405e-01
1.105109315436389600e-01
3.500772160643522146e-01
3.485790745330109019e-01
3.476477402441459641e-01
2.624942024544372199e-01
2.305649277754759641e-01
4.475121883242221682e-02
-1.477154388008178054e-01
3.213087607013620506e-02
-1.212566005732400864e-01
-3.504905625817927306e-01
-5.068483472116931399e-01
-4.811130912688525996e-01
-5.354847106425287828e-01
-3.356659201254894587e-01
-2.335927236482744362e-01
-3.877268154585394172e-02
6.230031398753675953e-01
2.107954231445147819e+00
4.442175385698420520e+00
8.120114963016481724e+00
1.016148474621838105e+01
1.103948874971612604e+01
1.125927064555541612e+01
1.289893749704891235e+01
1.298750653452100501e+01
1.392960378721553028e+01
1.440626487538305334e+01
1.464342073960201773e+01
1.615706387746475414e+01
1.874952674811675379e+01
2.078063384335860775e+01
2.260163834219519430e+01
2.468206456015267136e+01
2.506999017149641062e+01
2.509538371699252934e+01
2.258731278244065521e+01
1.891373419785083954e+01
1.622620434157707336e+01
1.407985599022210366e+01
1.125200654016283153e+01
7.787509736242498981e+00
4.598520349490980763e+00
3.114483408561708355e+00
2.402255917708796762e+00
1.108037442677549889e+00
1.013445794911348008e+00
9.086989276096107959e-01
8.752063019110495334e-01
3.023824078959447270e-01
-1.510124444728366822e-01
-2.629689130883229239e-02
-3.986121914947377692e-02
-1.112193620519377063e-01
-8.985847350432953073e-02
-7.730232626646803273e-02
-1.108222191360905134e-01
-7.270259039132828671e-02
-4.501320124839185838e-02
-1.532576954825869975e-01
-1.592618838757888788e-01
-1.533375284147382722e-01
-1.005618353988188690e-01
-8.250375025769304815e-02
-1.279429929275552880e-01
-1.448449276951475351e-01
-1.446419446566481470e-01
1.829094943800467776e-01
1.715757403793446989e-01
8.314331083413713241e-02
1.557068836980580462e-01
1.047367789635658547e-01
-9.664870953296635092e-02
-5.434390393867856439e-02
-1.406765270680906121e-01
-8.369708748697529330e-03
1.574158658867280680e-01
8.479898668052987531e-02
1.095487993370076601e-01
4.409219157512416637e-02
9.366246750830559131e-02
-9.849198735821006190e-02
-1.621605258333650990e-01
-4.649794705814800921e-01
-8.545306077864525118e-01
-7.928148421963100434e-01
-8.135829434724255460e-01
-7.778935662883890156e-01
-7.960530032204806705e-01
-9.431249586417491670e-01
-1.543526678702404231e+00
-2.524056115018692648e+00
-3.375459667672597863e+00
-4.208157243652834723e+00
-4.437120530902497251e+00
-4.286449195387326938e+00
-4.025040984128770205e+00
-2.799025585780017256e+00
-1.856175812124179370e+00
-1.069509964752545894e+00
5.394559112341520413e-01
2.551202316867561937e+00
3.496387479660504116e+00
4.951632895888638863e+00
6.856040652873410579e+00
7.475713788317583486e+00
8.320410130106786539e+00
9.823252139158864082e+00
1.162877756012909458e+01
1.266376250433766160e+01
1.443939505603767692e+01
1.691486233412381068e+01
1.886871063532681347e+01
1.952625895704267833e+01
1.957308293498919127e+01
1.919784597945638183e+01
1.758583982825413372e+01
1.796597019935407502e+01
1.765634830690005330e+01
1.812708181783088079e+01
1.832610683528942630e+01
1.884670499056571202e+01
1.842714832002300795e+01
1.827517718002174973e+01
1.712144089132638314e+01
1.470017582936114842e+01
9.526103434750613275e+00
6.985930172154464657e+00
6.613488155750551378e+00
6.744900504126496443e+00
6.567557163881494908e+00
4.838685073636958656e+00
2.796267245810559299e+00
2.193700317031809011e+00
9.458890763727041406e-01
-2.757962334856748354e-01
-3.944156499542388894e-01
-4.074294687214347066e-01
-4.385273266950745485e-01
-3.163455601218453372e-01
-2.794359401221518380e-01
-2.492507983170946795e-01
-2.673909726731897307e-01
-2.212734503715634016e-01
-1.014388619667915131e-01
-1.591752862460669993e-02
1.245057939159799898e-01
5.191012421002706712e-03
3.047361195436380787e-03
-1.364836041451982229e-01
-2.737778884785479344e-02
2.708918715611546499e-02
7.231075725649525887e-02
2.159695900120691403e-01
2.661783204440882344e-01
1.341067444662622232e-01
1.054284739005634797e-01
6.961795165281539632e-02
1.529190133543401747e-02
9.228379113480546236e-02
2.092926517895239980e-01
3.550986163217777491e-01
3.583199261025734605e-01
5.497034207930311389e-01
5.524059696613402570e-01
4.779347219646773448e-01
2.817687089470526374e-01
3.104495782841413809e-01
2.755515355569464475e-01
1.401109969959208057e-01
-2.164761018825907268e-01
-1.017790642194172257e+00
-1.270364416713501976e+00
-1.185620416269972166e+00
-4.187043723212665047e-01
1.167857105501379222e-01
-6.970206419072347281e-02
2.316441108161715334e-01
-3.687983999689148015e-03
1.165354402780914567e-01
-7.523506342607250152e-02
-9.022335582242105301e-02
-3.038048649361340114e-01
-6.253552646858928643e-01
-9.161308648097603591e-01
-1.166870172542970208e+00
-1.274899198357450691e+00
-1.282574328239503902e+00
-1.307290731351098190e+00
-1.051748890144648563e+00
-2.659841960423324214e-01
3.509048851357001175e-01
2.532133471135676883e-01
1.010950528011973631e-01
-4.395803943635410160e-01
-6.589956922298743081e-01
-5.500474137829901577e-01
-2.146825544845147316e-01
3.959544648564045644e-01
1.203212051940645066e+00
1.825711746030904026e+00
1.838235652465517234e+00
1.584261583090861070e+00
9.086729037538480158e-01
9.466292958744833286e-02
2.422108240080618480e-02
-1.538174796435233527e-01
-1.758713433618149524e-01
-2.062847757697148232e-01
-2.363760590349371082e-01
-1.360711234367928402e-01
-6.321174164124411243e-01
-9.468524386534903359e-01
-9.068552849970508145e-01
-8.736169762721498477e-01
-2.227458196673684221e-01
2.157362069626931889e-01
2.649527029560387881e-01
2.021122244776823451e-01
1.760969950174932075e-01
2.607630614735319541e-01
1.182692057829742155e-01
9.840593292315491167e-03
5.986684999543406827e-02
7.339133542557356449e-02
3.739304439740981367e-02
2.842275796875945101e-02
9.804531470740253385e-02
-1.283523899033403018e-03
5.214184437189250260e-03
-1.361692166863853401e-02
-2.984089590878928350e-03
-3.653275794398219006e-02
-2.468092056344167382e-02
-6.845727242224581991e-04
2.657044145652828759e-01
1.832291866809444114e+00
3.605486770749533054e+00
5.756485551792539290e+00
8.808283057281219186e+00
1.077445796635981345e+01
1.272898169894992115e+01
1.529911053491055384e+01
1.619501751784592258e+01
1.795368052704427342e+01
1.873006810345584583e+01
1.867174127110752480e+01
1.820613739824645450e+01
1.839783055619204077e+01
1.843059872361607532e+01
1.911079733200970310e+01
1.929079778244250321e+01
1.960666211999419772e+01
1.985005052714582519e+01
1.976710717550090024e+01
1.992574895156869985e+01
1.837241398113543411e+01
1.199124635420668383e+01
8.353989716800301224e+00
6.659270049909297384e+00
5.298304748407228537e+00
2.898511181974300133e+00
1.013995372324249855e+00
4.618349830312954984e-01
4.335715779027676242e-01
3.608459000788667437e-01
4.209544218617763955e-01
4.125296353158613982e-01
1.942541650117942942e-01
2.794179338182653516e-01
-6.517115590332091257e-02
1.140125184210683124e-01
1.770508055147131665e-01
-2.445824242195006326e-01
-6.125584043384920685e-01
-6.252151532452376870e-01
-7.931018923614250316e-01
-6.300633746637090971e-01
-7.302901278501070514e-01
-8.168034619702777555e-01
-6.911510345934908095e-01
-7.905928686921113169e-01
-6.480379959081484786e-01
-4.770372565324379477e-01
-5.158515707048018095e-01
-2.534135894384307308e-01
-1.841291984774651169e-01
3.134515856215283180e-03
1.014216425495221952e+00
1.485145577326555610e+00
1.379893782867546159e+00
1.423866660588176902e+00
1.268518477126797439e+00
1.551675848995712759e+00
1.885856672262498535e+00
3.141011493429825663e+00
5.987265240593615090e+00
9.415555359641315292e+00
1.271939673231866408e+01
1.473937624709298255e+01
1.563937822628184549e+01
1.561123679615843685e+01
1.609621418114468483e+01
1.843492352309795379e+01
1.751306277557586455e+01
1.765715970474050422e+01
1.821052206293588682e+01
1.727420484980657989e+01
1.678559756531801739e+01
1.553830055979245728e+01
1.345773744356113077e+01
8.849286655993431339e+00
4.798340092568034621e+00
3.244168132123043780e+00
2.490228849554164015e+00
1.868964371790754031e+00
3.534251280298870146e-01
-3.357755025754801531e-02
-5.468223362140391119e-02
3.581192585435018921e-02
5.122839046353953874e-02
1.771754958878576230e-02
8.437087865429943045e-02
7.444371427548593378e-02
4.854180306423283575e-01
3.360043157576257933e-01
2.847549257836038406e-01
4.772394981377425793e-01
4.542650835673733845e-01
4.199570997062500033e-01
4.254320844279975700e-01
4.040097045395218966e-01
3.305113065449034604e-01
4.433070395849437739e-01
1.581470925857658416e-01
2.458899657671653749e-01
1.633381673882036977e-01
6.820163069202180017e-02
2.276415210755309282e-01
3.624752756283260990e-01
7.862539963391215192e-01
8.125887447032316135e-01
7.843502979950421894e-01
1.477633343236979702e+00
3.445624080032167136e+00
3.823366286809106285e+00
4.237117989515705396e+00
4.515403065144155015e+00
4.115331580750794416e+00
4.002489060732687065e+00
3.910619529001344574e+00
3.348722675244072633e+00
1.962531137296916528e+00
1.850663361354599523e+00
1.972746114030712983e+00
2.015226132810538306e+00
2.559928342716716099e+00
3.649178556880845470e+00
4.084703407291654820e+00
3.845949657761175366e+00
4.019715920104125040e+00
3.524645156174267324e+00
3.708458917544098288e+00
3.215195846896237164e+00
2.564258428009987600e+00
2.440505318039752236e+00
2.300588371379247210e+00
2.316949326046468638e+00
1.988082103232146292e+00
2.055696552638146546e+00
1.850759155314059212e+00
1.961593353999196987e+00
1.368456242045465787e+00
6.578722644401965303e-01
5.630352102066779052e-01
2.248878064424941203e-01
4.374837201565826561e-01
2.365862067284602577e-01
-2.554468725682088048e-01
-5.544042261815328443e-01
-5.906226706985329145e-01
-3.206879331828256796e-01
-6.810617171126999436e-03
-1.275331689465717122e-01
4.164988313586683033e-02
4.394863818298342002e-03
-3.603887537758059673e-02
5.318314058459006760e-02
1.482820146756594071e-01
4.746099659167362511e-02
2.261219607283595223e-01
-7.160863985179993785e-02
-7.846471915314033596e-02
-1.176163898914289740e-01
-1.897001868186874440e-01
-2.602310921758401729e-01
-3.264216048248779201e-01
-4.671945559631677236e-01
-4.788408527282644878e-01
-3.488711904952650489e-01
-2.915565455347208790e-01
-9.725582853011699447e-02
1.308843366771109684e+00
3.463740577380294727e+00
5.423416956132772526e+00
7.427729932008685587e+00
9.586237475480098524e+00
1.268173685424377162e+01
1.511387257871608902e+01
1.649120068781571291e+01
1.693316501083220871e+01
1.795564734196647905e+01
1.828612484623902290e+01
1.944104341874824726e+01
2.145654338375478432e+01
2.084530604982454705e+01
2.131064983947005231e+01
2.171356549868264452e+01
2.163439816169568175e+01
2.199377751974580519e+01
2.103680141770119505e+01
1.805662274605433026e+01
1.635541206919618062e+01
1.253257523752618852e+01
8.592624526975066956e+00
6.802619113128471007e+00
6.766196842801306843e+00
5.369722116774675591e+00
2.935794555863204813e+00
1.735797130344353123e+00
1.552172564116302000e+00
1.327251292306503405e+00
1.074355527470908456e+00
3.591452951237619762e-01
-7.008240398663131421e-01
-6.709893423409660773e-01
-6.487559591483166299e-01
-5.944282971678555016e-01
-3.725504834669344789e-01
-3.842379210938336453e-01
-3.893972766003544472e-01
-2.818505545748224428e-01
-5.239467873850508495e-01
-3.305805746100388687e-01
-3.957007489003172007e-01
-5.440200631280270871e-01
-8.642005061831127266e-01
-1.097167033906954137e+00
-1.154937069462268484e+00
-1.146376385792518882e+00
-9.302386334749426222e-01
-9.143415774694988452e-01
-6.916068523914743471e-01
-4.886729084108856758e-01
-5.624109407171308250e-01
-3.542099454959460325e-01
-2.519287739417836458e-01
-1.856041816191433269e-01
-1.960883705638807872e-01
-3.210014824719414211e-02
1.260636881955191912e-01
6.880504928569677325e-01
8.238178738416804814e-01
6.948420721575411241e-01
6.375570328526029007e-01
5.489759567870887702e-01
2.265691589841105913e-01
1.068123373371485940e-01
-1.386360086019746973e-01
-5.149097069355595968e-01
-2.016605939785451440e+00
-3.663742909971271278e+00
-5.240450210709396650e+00
-6.609461067863447781e+00
-6.804703457681532619e+00
-6.531538750909867019e+00
-6.111640644358708130e+00
-5.531113367079771415e+00
-4.800175415875265195e+00
-4.806117685131885864e+00
-4.710877038530996153e+00
-4.702929127427742273e+00
-4.499299892730957318e+00
-4.567758765414385635e+00
-4.481304661538488610e+00
-4.597375624669237659e+00
-4.539640473540313970e+00
-4.723947725202733317e+00
-5.547612317752752986e+00
-6.437506887493271712e+00
-6.766516200754744581e+00
-7.186366408912416404e+00
-7.191993829220098000e+00
-6.983185085938813152e+00
-6.489648781548354783e+00
-5.410569680474858423e+00
-3.525840349749036928e+00
-2.405568133847602486e+00
-1.190452177361612573e+00
-2.526063785494366866e-03
2.113668881961568990e-01
1.052015968156436720e+00
2.537889657569462276e+00
3.666961735453432514e+00
4.008690411257761710e+00
3.896442246136154974e+00
4.000798305353898243e+00
4.011576978982912323e+00
4.140410084288203230e+00
4.321768937584410608e+00
4.636278136226336777e+00
5.086228696194026178e+00
5.654528636946573705e+00
5.960163863322248012e+00
6.629236162002769106e+00
7.240514622493214425e+00
6.699117051816649848e+00
5.852701503459579513e+00
6.019265689183431967e+00
5.720182733541220976e+00
5.542779430166538290e+00
4.574115761275849401e+00
4.246082210661401568e+00
4.233201669028708203e+00
4.042704138402624103e+00
4.038134150066033712e+00
4.005071105392000064e+00
4.046506099530822631e+00
4.215133655807100865e+00
4.275585024136502987e+00
4.764527550362945618e+00
4.608624574570171717e+00
4.668893211623733386e+00
4.714687561110204150e+00
4.645469732380645311e+00
4.429702408480627795e+00
5.026846973085658199e+00
5.881644280502942301e+00
5.990655326370612599e+00
5.815410332391412140e+00
5.599380081136837717e+00
4.958595209825125139e+00
3.443644068974532235e+00
2.884935313173579541e+00
2.325746775624236928e+00
1.838279512073395905e+00
1.614062130851292354e+00
1.606662232061602191e+00
2.467322433565768414e+00
3.551372604838296976e+00
4.439116693970762917e+00
5.769353502805048883e+00
6.782681207455903305e+00
7.251691440048018578e+00
7.317417245504495682e+00
7.303371427262431936e+00
7.164587939593698884e+00
6.591055097643200078e+00
5.940850161065156065e+00
5.642428367085064345e+00
5.035089328536925812e+00
4.396337303752418713e+00
3.501077978157545623e+00
2.633826955778784118e+00
2.205311358215076734e+00
1.516987896391906121e+00
1.235891776753894389e+00
9.741223716635766250e-01
1.255628442447457527e+00
1.222123909169031908e+00
1.147337987416589655e+00
1.092398128553492498e+00
3.856138628607843621e-01
-3.202254215816162097e-01
-5.311053121022863976e-01
-1.358729125757900835e+00
-2.272748312481594368e+00
-2.627604083360106202e+00
-3.251100257252218739e+00
-4.150202520957315677e+00
-4.868822999926782025e+00
-4.890308847790319824e+00
-5.114309147040863479e+00
-5.772841295003294348e+00
-7.019457972054707895e+00
-7.741273445858947611e+00
-8.008849237593242520e+00
-8.249333963477319287e+00
-8.508092522270830571e+00
-7.926767066412706342e+00
-6.932186702025237679e+00
-6.368651922638710161e+00
-4.835883183699196231e+00
-4.130304902843419335e+00
-3.570772240273127007e+00
-3.246082708267525430e+00
-3.027080663762440782e+00
-2.897760242043557977e+00
-3.410041849982420548e+00
-3.460657001719420034e+00
-3.433823278450848893e+00
-3.325175228681010786e+00
-3.268801384403317911e+00
-3.191067767091761986e+00
-3.159218256397220870e+00
-3.074864941418105513e+00
-2.411780934079574390e+00
-1.051812035093340869e+00
3.464041367192967069e-01
1.798751948744200801e-01
1.917468001126014787e-01
2.433613858133454322e-02
-4.336789218874772533e-01
-4.534200634576806554e-01
-4.345382456929142156e-01
-3.693240330985038677e-01
-3.764743805332974175e-02
2.014040246546591195e-01
1.414452818784327770e-01
1.458244182445595782e-01
1.539630227905221804e-01
1.423139412218042965e-01
7.186178405473428454e-02
1.343386387043455088e-01
1.163910996842674184e-01
9.156560204111224843e-02
4.941110680907738473e-02
7.573180896609151003e-02
2.067390340117261638e-02
7.948345677477647309e-02
1.586814578388407934e-02
3.554347895156874208e-03
1.701896425087940160e-02
1.675039142836958275e-02
-3.412896188853504348e-03
5.845755501309043110e-04
3.391580214383023428e-03
3.387483433224417004e-03
2.978815219757464505e-03
2.541185129954597489e-03
2.288959046473438078e-03
2.041626050364359762e-03
2.516417019773231623e-03
2.749679584881089406e-03
3.224378413660651272e-03
3.915883730960820729e-03
3.883092158521480979e-03
4.087652406483585285e-03
3.424821016673285784e-03
2.996855388085207291e-03
3.216139433913950581e-03
3.433033342027998636e-03
3.191668353180372904e-03
3.183539674013796152e-03
3.183559756466619681e-03
3.183576730742941445e-03
3.203914774661161154e-03
3.690615383807634500e-03
