-8.640831297541389233e-01
-8.314800142848337572e-01
-8.452890663608956245e-01
-8.726843640676058556e-01
-9.781628195678244708e-01
-1.004541764805388482e+00
-9.746058373251873519e-01
-9.120368638041913556e-01
-1.182961813107384685e+00
-8.102486146969472003e-01
-7.553073070791267440e-01
-8.687089869175590451e-01
-1.033160088237533358e+00
-9.814112306210063252e-01
-9.203217407343231571e-01
-9.637517104623185560e-01
-9.016112577277439755e-01
-8.657939952275235385e-01
-1.226864856206315579e+00
-8.173715060630435403e-01
-9.407089607252174801e-01
-7.608353447124258651e-01
-8.527575057561307403e-01
-8.860286503535768077e-01
-8.241118983182111890e-01
-6.165617364819695467e-01
-8.683713205776122379e-01
-6.485099854857416801e-01
-7.399490439888225524e-01
-7.199494341391243779e-01
-3.724265270901980784e-01
-2.084423284849776792e-01
-6.367413362439364732e-01
-7.043161282752663510e-01
-1.008220697871607285e+00
-9.773269393390435766e-01
-7.684722710263258705e-01
-4.802525358124043464e-01
-9.256396200419914067e-02
-9.983145603772314303e-01
-4.028655282377258118e-01
-8.304891376392262714e-01
2.621437247746882804e-02
-6.858146210128595044e-01
-7.390303669321056645e-01
-1.205318543615376825e-01
-6.296412376812980938e-01
-7.376184803602683360e-01
-2.969913939900408195e-01
-3.584735074077087802e-01
-4.763488259045161044e-01
-3.175994609266297175e-02
4.883837477646650882e-01
1.738196190130381069e-01
4.039111252866689483e-01
3.167365052431492245e-01
4.162890429465235798e-01
4.132695054030079973e-01
4.121759701409146714e-01
2.011146735548123843e-01
5.182896608399047977e-01
3.238170374758908565e-02
3.725305481668073071e-02
-6.096965671322607250e-02
-1.895387632584615289e-01
1.071273714768707919e-01
-1.102725322670963237e-01
-2.862007348451029998e-01
7.910173814948961990e-03
1.207589934316217750e-01
1.693566089416833620e-01
4.087152092161261407e-03
3.581509823699491335e-02
2.392564008620041704e-01
5.782604335547247842e-01
7.614560494020850001e-02
4.292840345375381617e-01
4.127679939553630106e-01
3.516843203717385791e-01
2.056715717395860565e-01
2.930113575174999596e-01
2.457807326035634787e-01
3.464531336653351445e-01
3.999083011225934570e-02
2.627417366367339469e-01
2.936771372562034799e-01
3.794648857568034828e-01
6.242753554987956477e-02
2.900248212618450339e-01
3.500799045374662910e-01
5.465549624404530960e-01
2.068253153942407607e-01
4.000741592345136155e-01
-1.402483995576560005e-01
1.435383975874778173e+00
-1.557995057280479045e-01
5.924832744210561941e-02
-5.767156257441783396e-01
2.366198237708658780e+00
-5.253023709503068517e-01
4.705417500780342266e-01
6.190879084844631564e-01
3.794972396322542352e-01
5.425208794209979146e-01
7.169779917145540082e-01
3.477227007959982075e-01
1.433221748475325796e+00
3.542522927863451798e-01
7.730770700303573051e-01
8.430970813026554822e-01
1.056016868500794459e+00
9.868309086250874884e-01
1.065426028313485318e+00
1.118091181832500780e+00
1.208290948248308183e+00
1.307960558227616588e+00
1.218385306625048514e+00
1.414923329052871992e+00
1.450135742744175005e+00
1.585276489026623992e+00
1.586219251336082436e+00
1.331024218587364416e+00
1.394866024786718839e+00
1.117610491274091622e+00
1.089425333592161316e+00
1.170341898779140521e+00
1.177458528543434468e+00
1.126232017625810489e+00
9.834686142285633537e-01
8.200522100873717246e-01
8.820943509348364575e-01
2.562646483482864945e-01
2.912352824381850280e-02
2.696796174206693777e-04
-4.545201060073217683e-05
-6.995218623535165436e-09
1.183435979782701195e-05
-1.094490071536398379e-06
-1.074030077211985193e-05
2.260282220589195090e-05
-2.259422708296128859e-05
-8.130790825344735850e-09
2.423760409178899160e-03
1.679187679907551925e-04
8.710542026167319984e-12
7.488343234043773680e-09
1.258647612517341751e-05
-1.259400595601795460e-05
3.673286493228490601e-11
-3.493518977793277913e-11
1.046637106952470753e-11
1.260175376881775885e-05
-1.260165267113477218e-05
-9.933198089001014095e-06
9.940541472317344744e-06
-7.483710642126276819e-09
1.442621390184903318e-10
1.259382566849137478e-05
-1.258633442815834777e-05
-1.493264405557541766e-08
1.470779749523248338e-08
-7.259197973524637859e-09
-4.291923010025198992e-11
2.141346923131517326e-06
-2.141302214334983665e-06
7.417103974841771086e-09
-1.494413725961472351e-08
7.486794164658638895e-09
7.411174645548593287e-09
1.258638232460858146e-05
-1.259382176711838926e-05
1.880664171486148839e-10
-2.345819785436967925e-10
-9.926218806236746309e-06
9.926262939226679219e-06
1.260123522735142861e-05
-1.260112363600580823e-05
3.984328131637591974e-11
-3.562351387725697094e-11
-1.905851101122266883e-10
1.260162791063759854e-05
-1.260161720324686819e-05
1.366577632305743251e-10
-9.933643322096279149e-06
9.941137984487488774e-06
-7.633276844594069632e-09
1.259343648508750072e-05
-1.259328665382213183e-05
7.403963680054168744e-09
-1.488721177201625910e-08
1.493584881709125907e-08
-1.512170719048769492e-08
1.260886520292294941e-05
-1.260123011955803572e-05
-9.926260843018164292e-06
9.926262743948911739e-06
-3.001674353953626140e-11
1.260122673471349348e-05
-1.260123832742929446e-05
-7.462925107537196623e-11
8.423193194914517512e-11
-3.690798735427394672e-11
1.434569511793437613e-10
4.489096865501612799e-11
2.148536705993850339e-06
-2.148726594913136223e-06
-4.011586015087963142e-11
1.544822768242016392e-10
3.580095616663447888e-11
1.259343732928496114e-05
-1.259361950787396154e-05
-4.735738084776959511e-11
7.604029238846184147e-09
-7.410123989540001385e-09
-9.925826136079776794e-06
2.251962364299586630e-05
-1.259402296112886992e-05
1.495017581140765245e-10
7.491121453538510458e-09
-1.493162751206372416e-08
1.489354537660973928e-08
1.258638938468899346e-05
-1.259383275091841329e-05
-4.370170878279476534e-11
4.266116268841074755e-12
-9.925787537437671991e-06
2.252706670098444009e-05
-1.260112726501547153e-05
4.437528344997457297e-11
-2.314446517195836023e-10
1.152531466531298010e-12
3.364241936247569509e-13
1.259433955217012166e-05
-1.258673925775224034e-05
-9.933235648249639843e-06
9.925603009437261809e-06
-7.448754020896895464e-09
1.507659747379866931e-08
1.258600597667946944e-05
-1.259343818258291644e-05
7.403618957973426978e-09
-1.508409622856250569e-08
7.630557946841729638e-09
7.417366919997871177e-09
1.258639151019018453e-05
-2.251962016556368403e-05
9.925780332345327840e-06
-1.570115836391910991e-13
-3.715360682413244853e-11
4.719761636639424607e-12
1.260163877517202257e-05
-1.202343024680718221e-03
-1.649239638949308862e-01
-3.340705270553043782e-01
-2.395479375586406778e-01
-2.240436992212816447e-01
-2.545106235001873829e-01
-2.614511616122303650e-01
-2.875666377645129668e-01
-2.809620131971584112e-01
-2.615098127598991518e-01
-1.821700923744073997e-01
2.132419068248569971e-02
3.260568051629655351e-01
3.072002270818219305e-01
3.472415371343766655e-01
6.413146091421709771e-01
7.345951104681152088e-01
1.060929704122808709e-01
2.878408400412715840e-03
5.482352298315043906e-03
0.000000000000000000e+00
-4.265476318773301423e-13
-6.653223266334066213e-16
6.653223266334066213e-16
0.000000000000000000e+00
4.407584865925321460e-13
-4.405364961712621152e-13
4.405364961712621152e-13
-4.414238089191655526e-13
6.653223266334066213e-16
4.407584865925321460e-13
-4.407584865925321460e-13
-6.653223266334066213e-16
6.653223266334066213e-16
0.000000000000000000e+00
0.000000000000000000e+00
-6.653223266334066213e-16
4.414238089191655526e-13
-4.407584865925321460e-13
-3.316952842595155036e-15
4.582862941503293048e-13
-1.421085471520200372e-14
-4.414238089191655526e-13
4.272129542039635489e-13
-4.265476318773301423e-13
-6.653223266334066213e-16
4.272129542039635489e-13
1.421085471520200372e-14
-4.425305257879073389e-13
1.772039195375192940e-15
0.000000000000000000e+00
0.000000000000000000e+00
4.407584865925321460e-13
0.000000000000000000e+00
-4.407584865925321460e-13
4.407584865925321460e-13
0.000000000000000000e+00
-4.263256414560601115e-14
-3.981259224469261349e-13
4.549693413077341497e-13
-1.421085471520200372e-14
0.000000000000000000e+00
0.000000000000000000e+00
-4.405364961712621152e-13
4.405364961712621152e-13
-8.957278279002662957e-13
8.957278279002662957e-13
0.000000000000000000e+00
-2.842170943040400743e-14
-4.123367771621281386e-13
-6.653223266334066213e-16
-4.539710536655865979e-13
8.669731531543481430e-13
-4.121147867408581078e-13
-2.219904212700307632e-16
4.549693413077341497e-13
0.000000000000000000e+00
-4.549693413077341497e-13
4.407584865925321460e-13
-2.842170943040400743e-14
-4.123367771621281386e-13
4.407584865925321460e-13
-1.421085471520200372e-14
2.842170943040400743e-14
-4.567413805031093427e-13
1.106716868741786318e-15
4.414238089191655526e-13
-1.421085471520200372e-14
0.000000000000000000e+00
2.842170943040400743e-14
-1.421085471520200372e-14
-4.407584865925321460e-13
2.219904212700307632e-16
4.405364961712621152e-13
-4.407584865925321460e-13
0.000000000000000000e+00
-2.125283669163034184e-01
-5.226068050838253987e-01
-8.605506617918040613e-01
-9.728509063948067581e-01
-1.099099073840861251e+00
-1.159567734763832458e+00
-1.128806288100357769e+00
-1.213098583493428251e+00
-1.255962679422056638e+00
-1.223431446586442206e+00
-1.495580218865258715e+00
-1.500203208300671776e+00
-1.240147592480447258e+00
-1.208275204738237463e+00
-1.103932652010904292e+00
-1.168493273791877840e+00
-1.152926699721859904e+00
-1.175847619409264411e+00
-9.738650594354361090e-01
-1.203048131678631449e+00
-9.954488683145363837e-01
-1.092086472607249448e+00
-1.119382240788720395e+00
-1.146320530263842841e+00
-1.072369256960929107e+00
-8.050565580757869100e-01
-9.472937310576945436e-01
-1.139773696246688672e+00
-8.219979683824973904e-01
-6.404214271972783479e-01
-7.564693844139185330e-01
-4.003318081502058590e-01
-8.864722239394495773e-01
-8.879068372176845969e-01
-1.332454001312960656e+00
-1.582384612615165054e+00
-6.500710159673843691e-01
-8.089868779093336570e-01
-3.202045833532238817e-01
-1.029874687191018268e+00
-7.661022257958904902e-01
-5.040042308228009915e-01
-4.547888303205951388e-01
-6.703619416530983699e-01
-7.370208819150931845e-01
-3.237054996038679633e-01
-5.150142236704198240e-01
-5.532768847690334724e-01
-3.553485467789556651e-01
-5.312874822807245323e-01
-5.403901923396077223e-01
-8.066040525746842604e-02
-4.954973949345458095e-01
-4.704472958921002146e-01
-2.697639387417467560e-01
-3.975367109865146631e-01
-3.503814547428731885e-01
-5.447153962744692990e-01
-2.961889909350006178e-01
-2.520003126101499902e-01
-3.299861873817633295e-01
-9.224527701315352601e-01
-4.393305464476711109e-01
-1.007004376077631491e-01
-3.381780528175539757e-01
-1.118629191976594939e+00
-1.737197111558685947e-02
3.897334712812039470e-02
-1.725814870678732404e-01
-1.118377620199950684e+00
3.807757725110647584e-01
2.083473236695070341e-01
-4.421403503134371249e-01
-9.919112728770116405e-01
2.920971930637961123e-01
2.702798802599133410e-01
-2.390667097801610907e-01
-1.378124755931644074e+00
3.678726503911491363e-01
4.348960754133415207e-01
-5.292391177297020022e-01
-1.445593368912518883e+00
9.637356774882306354e-01
8.640162777914639491e-02
-5.113103857050802503e-01
-1.348432384331921696e+00
6.850111557242541949e-01
4.024621440287603491e-01
-5.653582379077235487e-01
-1.462656154756366789e+00
8.325701420942692721e-01
4.136701801049369465e-01
-8.649936407310789832e-01
-1.067066054043635859e+00
6.987490426508315977e-01
4.155185242532297707e-01
-1.408262417332707628e+00
1.504772567136782868e-01
8.199641502529431136e-02
4.848520078146378864e-01
-8.337465905421410639e-01
-1.335011063771005979e+00
8.763148224397525610e-01
6.261190717643216885e-01
-4.494686208747680212e-01
-9.078577535834355672e-01
1.458522393831998443e+00
1.235387468541375711e+00
-1.193743462987633563e+00
2.283222153138453336e-01
7.779968415056330855e-01
7.476128540146547152e-01
-5.523011638574928384e-01
-1.049178167959652797e+00
1.096880079310068368e+00
-2.222771423170399885e-03
-4.027117496380014927e-01
-8.835433484561434625e-01
7.957673311127777538e-01
6.183652242399659826e-01
-9.202607978996226734e-01
-6.938596422936811337e-01
9.969164656166711325e-01
5.498664676727287315e-01
-7.366358190901749481e-01
-1.110248659925929360e+00
1.173186964279850031e+00
6.774556670063631714e-01
-7.337959499823298870e-01
-1.211613144797532016e+00
1.034251476019591109e+00
1.244125575769849945e+00
-1.182664550422835248e+00
-1.247485417088938675e+00
1.852650829039284019e+00
3.979500920760656868e-01
-9.121019862502848241e-01
-8.253223717809490267e-01
1.297429376387313482e+00
1.025446475622587172e+00
-4.592598865047392565e-01
-1.108332127497369868e+00
1.476451947840651258e+00
6.442388194445101135e-01
-6.241371785407849870e-01
-9.462830100071641937e-01
1.077896820256107446e+00
7.307108651439193636e-01
-8.074611006000793623e-01
-8.974900923228688043e-01
1.391630800595720530e+00
5.179271375775229558e-01
-6.164237922973541117e-01
-9.850162729270337536e-01
1.144376034612655246e+00
7.222302922427346061e-01
-1.000801846756708358e+00
-4.512570550027987792e-01
8.805989228274810898e-01
6.475854492410846319e-01
-6.139599232900891934e-01
-8.895910352919500497e-01
1.249797141674974910e+00
5.076777871530353536e-01
-5.565137422317931737e-01
-9.794237886963443884e-01
1.380945735971508270e+00
4.756688374566166999e-01
-3.759796249706965909e-01
-1.234390645045067458e+00
1.673717409929786015e+00
2.448388504178566905e-01
-4.912966056940177850e-01
-9.233156550591914424e-01
1.070258065678892478e+00
4.740936949654965815e-01
-5.900351539244823584e-01
-8.680630973159750852e-01
1.190396747108799502e+00
-1.857848431278213752e+00
3.702711207795722714e+00
-2.818378275913268283e+00
6.598840629832878335e-01
5.301364964560022486e-01
-4.965964415344004124e-01
-9.597206261244934922e-01
1.286682911705618437e+00
1.371878685366780815e-01
-6.284539181993906709e-01
-6.205808070667657717e-01
1.153927961111136824e+00
2.457284822301701865e-01
-6.372105379870234287e-01
-9.558571646852058734e-01
1.179893890200524709e+00
3.647898058849960989e-01
-4.395067418382581081e-01
-1.321032882659736174e+00
1.694673297475645768e+00
3.828594745165503355e-02
-6.197210408679509897e-01
-8.196326805036378005e-01
1.242438776189018768e+00
3.206172541876526338e-01
-7.981530073381577495e-01
-6.753886262970496546e-01
1.141798534780015473e+00
1.659152058197221891e-01
-6.322588409007749988e-01
-8.216327360220105902e-01
8.445155909346553358e-01
6.431816344503715754e-01
-7.589580349426796602e-01
-6.742834016588403756e-01
1.150200035566150802e+00
2.189135835219957471e-01
-7.089977334471626591e-01
-7.279798018973622220e-01
1.204835938613967983e+00
3.412910265864610437e-01
-7.534365406378000785e-01
-7.848808437660323989e-01
1.469048649707239917e+00
9.267411276210424376e-02
-7.057869749338863130e-01
-6.360971829699764157e-01
1.369302796445836634e+00
2.264266306988247379e-01
-7.678529366582651505e-01
-5.671612607886160617e-01
1.131919288603313589e+00
2.917527858400958962e-01
-7.746291913197396184e-01
-7.471029634565624633e-01
1.486808609394778102e+00
2.131519862080892835e-01
-9.055275689777104731e-01
-6.343987716655092868e-01
1.374844569154085150e+00
1.140513611695297413e-01
-5.305614966745793026e-01
-7.456403675680505216e-01
1.369773968348432902e+00
4.063844739630653180e-01
-9.514832892633577899e-01
-8.302339275088570503e-01
1.482533399976638577e+00
2.633225919234760681e-01
-8.878812530007209602e-01
-5.277525184010229964e-01
1.181568019179444207e+00
1.054804953273560386e-01
-5.888480311336223849e-01
-2.667099204752645392e-01
1.681037276127604230e+00
1.202563089287025377e-01
-4.834219175235929811e-01
-3.874055857384632873e-01
1.106439981659271155e+00
5.743838138661061521e-02
-6.581425933799138761e-01
-5.377941381507582719e-01
1.320786504234398251e+00
1.025929078285372498e-01
-9.047478565009399176e-01
-3.011771845038779816e-01
1.280922956334968887e+00
-4.722458083436933407e-01
1.790865935050121038e-01
-4.321798539112862159e-01
7.350795170313588756e-01
5.184595904287903068e-02
-4.577220151584242558e-01
-2.165297104545516049e-02
5.053668960263451027e-01
2.569425493627690571e-01
-2.252329199984686170e-01
-1.460001703787270344e-01
1.420096786705251191e+00
3.399102140827281460e-01
7.097247833846864751e-02
-3.430875088043876531e-01
1.246257500598765944e+00
2.990702752125145025e-01
-1.004938815340565839e-01
5.825316282039949556e-02
8.267165009890078409e-01
3.276627749253719912e-01
1.953090987492558384e-01
-1.521024232015768973e+00
3.691687963499980185e+00
-1.081129367534970243e+00
1.105651363210924387e-01
2.689892531752633431e-01
5.657231327477063587e-01
3.625063363657758941e-01
3.137571469096798182e-01
-9.629884411795330834e-02
1.378805935310843722e+00
-7.814219163071811636e-02
1.876716065210288775e-01
5.687109660451028503e-02
4.899726400440300722e-01
6.246192204898832756e-01
7.559675517412074441e-01
1.196978004326979317e+00
7.512576829848995885e-01
7.824032720195859270e-01
1.236510551039550876e+00
1.195562965001762734e+00
7.039769005188176720e-01
2.534626885191713086e-01
5.719010812649685249e-01
8.858930450419535418e-01
3.032139690459700887e-01
1.032729234233933369e+00
1.201411969471003260e+00
1.295699972219125584e+00
1.696042408169461169e+00
1.498511758774476732e+00
1.117468440557228604e+00
6.001516607075068066e-01
5.182034642821982118e-01
7.672949534095856450e-01
7.940631643006206275e-01
1.079087646772002529e+00
1.406996262753406057e+00
1.307847504261960836e+00
1.327312679719227617e+00
1.387944642260109163e+00
1.648147912709076124e+00
1.260591302153789783e+00
1.283310836577477687e+00
1.179016949267994718e+00
7.368571190707040586e-01
4.760005719373729960e-01
2.138270590572375340e-01
3.185175903742614167e-01
-6.210722154865067068e-02
-3.939803317893364465e-02
-3.281640783104897707e-01
-4.150834636022722179e-01
-6.102194698188387889e-01
-5.069057554063522986e-01
-4.838732432437709008e-01
-6.098676553027928549e-01
-5.738587176429454928e-01
-6.048519738116517885e-01
-7.429691208413125025e-01
-4.921950720765853049e-01
-6.226982306779582643e-01
-5.493043611819601324e-01
-7.471673117859722879e-01
-8.003285996281306325e-01
-9.346238758453999651e-01
-6.689913131955407266e-01
-7.754434549319562109e-01
-1.005197656696395825e+00
-1.038841812974208523e+00
-8.834051327266365661e-01
-9.032522519475989498e-01
-7.168635912361729368e-01
-8.135391203322868137e-01
-7.383258600196995758e-01
-7.619763898296483262e-01
-9.243636704041975349e-01
-8.733961212461522905e-01
-7.227731584231058548e-01
-9.412144663724504312e-01
-4.948888020626327489e-01
-4.842461624586249513e-01
-6.747562545062777417e-01
-8.552127980958275089e-01
-8.569545922163825935e-01
-1.188659168718402270e+00
-6.245472368897253546e-01
-6.918677284089085333e-01
-4.996168452858142928e-01
-4.537758469847830156e-01
-9.685038296967789506e-01
-6.140093771429349090e-01
-4.057454447893462657e-01
-6.688585558442738943e-01
-7.075398391234415385e-01
-4.612133810574192694e-01
-5.040515111566890027e-01
-6.609129080765328013e-01
-5.377850304930902325e-01
-5.873366569840783313e-01
-3.461540019240842980e-01
-4.392577502043764071e-01
-2.156207344665830306e-01
-1.175550224887942363e-01
-4.866863761403621425e-01
-3.290662891513420618e-01
-3.017001209291265695e-01
-5.224227977571516135e-01
-3.764984983769323890e-01
1.310738589059354808e-01
-3.305597529315491556e-01
-3.792818696085831220e-01
-4.554473485787440268e-01
-4.779034059637154996e-02
-4.623391093919479999e-01
-4.199008363208278638e-01
-2.740194296686340181e-01
1.259954217738510351e-01
-2.914512456017703812e-01
-3.504966345442852571e-01
1.581382740248855612e-01
8.920262900800111083e-01
-2.217716715976649766e-01
-3.439208902715122917e-01
-2.228713970952469481e-01
8.343265183357786441e-01
-2.019848888966251366e-01
-5.427895205258153055e-01
7.808479116020095034e-02
2.867697961082456004e-01
-1.744719895855908476e-01
-4.551523891138060662e-01
-1.586547606953487843e-01
1.557686000688462968e-01
-4.449879034574166781e-03
-3.914655569291340953e-01
-1.681961984400857091e-01
2.656630185697679281e-01
-7.542182805524788591e-02
-4.828073989984886794e-01
-6.356466914898106779e-02
-3.279287593962010305e-02
5.763979752381303001e-01
-1.032016042863190819e+00
2.759378503892193635e-01
6.666205251209547100e-01
2.511625322560178120e-01
-2.958222573448026083e-01
3.459728078262429563e-01
7.538669157801578535e-01
2.502890165223945473e-01
-5.692597631376301592e-01
6.643636515415280996e-01
5.224713179212514547e-01
1.000964250307063708e-01
1.418276960899973460e-01
3.562280001257533968e-01
3.284912524269856249e-01
4.710671514247763980e-01
9.179282769957808341e-02
3.264802391104808521e-01
2.296094568344315690e-01
8.031300870927040592e-01
-1.573435040427426657e-01
5.644223299140875838e-01
-2.046794702266652166e-02
3.811645167818369373e-01
4.272947513858156299e-01
8.890574554982535460e-01
8.793101168694619219e-01
8.248398925502655743e-01
9.160941888029938696e-01
1.112279548939575591e+00
9.600163425290375585e-01
1.349165225526981260e+00
1.358105584320831838e+00
2.180412601414843721e+00
1.431025753927592348e+00
1.680329872669560132e+00
1.565841567675722246e+00
1.591057693878841661e+00
7.229991827619919320e-01
5.723548328590588596e-01
5.150371092396390793e-01
8.163485247933586209e-01
8.914021405425280875e-01
9.992047357704656463e-01
1.122063242433437580e+00
1.138180385193319211e+00
1.174973475786131871e+00
1.203795193892769788e+00
7.572896947005389734e-01
2.328299449165065482e-01
3.148272667500613409e-01
2.140007562424592891e-01
3.541177868365963377e-01
3.807812529263117085e-01
5.329182008183792618e-01
5.813603964728084605e-01
5.428295888738006170e-01
5.037093169507667056e-01
3.961409861216118600e-01
8.091589644569765483e-01
5.838306652064986224e-01
1.214958042563603513e+00
1.263377295593345551e+00
1.177695673295797718e+00
8.486701006001755587e-01
5.633256319157196046e-01
4.602785363604890989e-01
7.647454426720479148e-01
3.194345895392958212e-01
3.465013895243815867e-01
3.980244804076944476e-01
5.440068508536706204e-01
6.016580352578224655e-01
6.961222300761460424e-01
8.220839139994344791e-01
7.030010619769591074e-01
7.115418989455740695e-01
7.969263082965403200e-01
1.758230919053541952e-01
5.554006545884235604e-04
-5.879462958591902266e-09
5.152280335013470491e-09
-1.569396646888430655e-05
1.568883968789520043e-05
5.158969289742118547e-09
-5.764880481404915935e-09
6.307852170499630984e-09
-1.889447312493157914e-05
1.889377073629105661e-05
-4.735363091012620429e-09
5.183806584289560315e-09
4.878880665356438717e-09
-5.010232594862376251e-03
-2.040254735922363838e-01
-2.968089750176443609e-01
-2.428714177911969196e-01
-4.224310310276931935e-01
-4.413999557881305158e-01
-2.886378660228843263e-01
-2.204978077382906410e-01
-2.668465895190861303e-01
-2.848854754504985820e-01
-3.373455882799474281e-01
-3.360003013382035775e-01
-3.331021528610018656e-01
-2.979784602324828668e-01
-3.073659099983654386e-01
-2.359020091708670108e-01
-3.211838078002706709e-01
-3.622179154184319572e-01
-2.692447666132844475e-01
-2.914900226793459836e-01
-6.479890556923173506e-02
-3.583587474699800879e-02
5.953390242407330391e-02
2.605749714421081720e-01
5.735010195746710338e-01
5.168137814593869450e-01
3.837018916241063948e-01
3.507775149221687983e-01
3.444173911204315708e-01
2.873209825059674927e-01
5.148416381137206344e-01
7.011554372496138221e-01
7.367482326403589354e-01
8.192805186626900271e-01
3.158763110660044449e-01
-2.469778045341532776e-03
4.497327532227238592e-03
-1.477512571803338889e-05
5.782304694362371683e-06
-5.782421058128975853e-06
-6.219279793527772437e-09
1.477155691419597752e-05
-8.976952787729793135e-06
-5.794600152968926166e-06
6.496438803083644936e-09
5.784035461326201503e-06
8.980706134209006080e-06
-1.477128388612252048e-05
-2.844616253162325636e-10
5.794923847541320113e-06
8.986996141556989354e-06
-1.478578001194621582e-05
5.798798067980191762e-06
-5.794622561059391795e-06
1.478131595616613038e-05
-8.986688267565226540e-06
-5.795072388649661569e-06
1.506995712030265167e-10
6.491892266921768517e-09
2.074535213147211217e-05
-2.074548980024465287e-05
-1.006440348785440572e-08
5.798375921926130199e-06
8.976739782970888284e-06
-1.476489839942219393e-05
-6.642080652955080489e-09
5.794955573365002683e-06
-5.794672780393725180e-06
1.477112468970431976e-05
-8.976456058054171992e-06
-5.794666604522495830e-06
6.070174515435903390e-09
1.477540415053521560e-05
-8.992877797759811151e-06
-5.782516632949982489e-06
-1.643150517456311646e-08
2.077892564555737899e-05
-2.077272429940290851e-05
1.039090796809945608e-08
-6.219499187041545307e-09
5.794529472054191829e-06
8.976699636552309437e-06
-1.477123028923837391e-05
5.794548669259052751e-06
-5.794686781344677174e-06
1.477795107958574435e-05
-1.477809109644073401e-05
5.794977838340022603e-06
-5.794691266118720194e-06
-2.971904685235629562e-10
2.076873403579303353e-05
-2.077867091400615110e-05
1.630106126541660053e-08
5.784560742571947731e-06
8.984562324068948950e-06
-1.476910800803375766e-05
-6.212690852112727480e-09
5.794986842512159231e-06
-5.795135267131271400e-06
1.477153553789447822e-05
-8.976384093789546454e-06
-5.788794916679524706e-06
-6.389123555683353523e-09
-2.836190237200976461e-10
2.075848839241012551e-05
-2.075818824166336630e-05
6.072966777029287222e-09
5.784596039574898402e-06
8.984503680412123799e-06
-1.477546427314745375e-05
-2.926936032839653756e-01
-5.073218177358778114e-01
-4.782688493811316777e-01
-4.970924043941449266e-01
-4.333295492482194256e-01
-4.081804821859149612e-01
-4.283539593107343890e-01
-5.178816325433470702e-01
-6.857620635706078716e-01
-7.817003352283791173e-01
-7.707587190119111753e-01
-8.828219535310246613e-01
-7.872690899770669049e-01
-8.728216222330225094e-01
-9.529363760702818098e-01
-9.193449275296714518e-01
-7.417365107770663712e-01
-8.788748097097531797e-01
-7.852767228158228363e-01
-7.255661771430119700e-01
-9.005515010172455703e-01
-9.451577583522041692e-01
-9.059641563781770657e-01
-9.420067348239200555e-01
-1.069969613506657424e+00
-9.935453450361606542e-01
-1.054850276081388927e+00
-1.265655472711948448e+00
-9.425359044885972537e-01
-1.268155366758101366e+00
-9.947846766481944769e-01
-1.140988718880588948e+00
-1.273308799858252627e+00
-8.624235706747143126e-01
-1.037410541865977365e+00
-1.129235177105339716e+00
-7.901267595576904057e-01
-1.025219076509269911e+00
-9.923184460098291026e-01
-2.543915412225388195e-01
-4.591935059492229243e-01
-7.594135136630058014e-01
-7.438752908924612939e-01
-1.027699682224366029e+00
7.237514383999510414e-01
-4.279869218402581055e-01
-2.385418321973276079e-02
-4.185982674998101061e-01
-2.927180255808750076e-01
-4.166955405336452145e-01
-1.102196435276354691e-01
-7.324607912549367938e-01
-4.778439546141655114e-01
-4.843723352586764008e-01
-3.580689853342775564e-01
-6.825345821154513715e-01
-4.792967082060428652e-01
-7.482242921890573939e-01
8.664213777709761644e-02
-5.540540126778239483e-01
-5.071668760835592593e-01
-4.583269756811532147e-01
-2.203894720887262793e-01
-8.694771409755617242e-01
-3.754826763380947341e-01
-4.370765845822219831e-01
-2.447990306697818141e-01
-3.796858273460017585e-01
-3.429272874391386949e-01
-6.495567287756784935e-01
-2.625586160744930453e-01
-5.245334015423352980e-01
-5.394019088837680442e-01
-7.036160276973433270e-01
-3.633861376118474595e-01
-1.407227839777007716e-01
-6.518474054407761287e-01
-5.967484986107010059e-01
-6.715850802819147702e-01
3.587085198963535504e-01
-3.892713995601226884e-01
-7.646394225088997132e-01
-4.548202600959214692e-01
8.250026929819398447e-02
-4.908007676136350028e-01
-7.164138121653778057e-01
-5.706639000633941805e-01
2.846501712419993169e-01
-2.088240232381792794e-01
-9.001988961701599123e-01
-5.688848477707679763e-01
6.922806418429630071e-01
-3.266794014373601840e-01
-9.604566958569975554e-01
-5.440401139754342807e-01
8.199414111586165177e-01
4.166846914672248658e-01
-8.362406415272261029e-01
3.068628687098140517e-02
1.211922829688603542e+00
-4.666470088365315405e-02
-1.221967570442771489e+00
4.169933609450708900e-01
7.823541649732135284e-01
3.876920072697487285e-02
-9.666784743612097941e-01
1.422091465438413138e-01
8.165967835437939470e-01
-7.064929506285722027e-02
-1.467724812361787201e+00
-3.122145399409959055e-02
1.163913408602397226e+00
-6.640389991484596521e-02
-9.589614544960269882e-01
-2.203481498880321965e-01
1.050453110677977975e+00
-6.404682759816893167e-02
-1.245546585643722892e+00
-1.772549714041815605e-01
1.277921777180083041e+00
-3.008359796551545173e-01
-1.110210867640610388e+00
1.068001265243481157e-01
9.738013665142091213e-01
1.487236788671850718e-01
-1.341015001842706056e+00
4.779599348141516657e-02
1.162814183112345745e+00
-1.420441406228718506e-01
-1.825024240013156884e+00
1.858285135041199965e-01
8.381235188128002278e-01
-2.537943604737336045e-02
-1.445343070586069700e+00
-4.632333785391580250e-01
1.228920974913428665e+00
-1.949143543215612340e-01
-1.961546846777146413e+00
-4.909210898389915201e-03
1.333030975845744592e+00
-3.707361969756490794e-01
-1.448190692682842950e+00
1.555311458436321459e-01
1.340045816369809017e+00
-2.807145525330057012e-01
-2.265002622620883699e+00
9.015576057629033357e-01
1.096234565072421674e+00
-3.025103308946981429e-01
-1.868426813190197322e+00
4.209521927451191914e-01
1.451887859794361191e+00
-3.237349762495043137e-01
-1.540989334887235884e+00
3.565454364092488504e-01
1.556000839535599312e+00
-1.613079498163401126e-01
-1.795534541225578096e+00
5.810317968538853961e-01
1.374207004513799291e+00
-1.438611619235530270e-01
-1.500978721687246775e+00
4.939833265932378481e-01
1.308470633431788599e+00
-1.741933124788559439e-01
-1.684645579661093961e+00
5.763858909603243319e-01
1.350130074109152645e+00
9.984880349475133698e-02
-1.730252907589587608e+00
6.074754688379115919e-01
1.625361928655763677e+00
-6.189356065686268948e-02
-1.801944932125387311e+00
1.031908192446351791e+00
1.200078152225493966e+00
-5.694116602890630929e-02
-1.560484374233936933e+00
5.636915031129206000e-01
1.297981010164377835e+00
-3.144498936877937467e-02
-1.140449177883517962e+00
7.561604133592609855e-01
1.075729114095324235e+00
-6.656245795915793906e-02
-1.355981851599601384e+00
-9.240446259016010799e-02
1.068863594103845571e+00
-2.836606589009207369e-01
-1.761204069975846664e+00
6.358858812435030927e-01
7.796031695450267307e-01
-3.623420276072764068e-01
-1.485048347782885969e+00
5.653649376997691434e-01
8.056233889219441835e-01
-4.870585822734199155e-01
-1.520051276069636970e+00
6.913298633957438710e-01
9.446020563687795857e-01
-6.039907015689323089e-01
-1.403088262141274356e+00
6.656808704698491397e-01
9.172876645560066322e-01
-8.394941768957977501e-01
-1.701924410005368316e+00
1.056425581578032791e+00
8.322458576921505369e-01
-6.282040677025619857e-01
-1.278609581357784464e+00
6.079161001063724257e-01
9.528992363152326561e-01
-4.424031547622675475e-01
-1.336305600710453234e+00
1.063945851891247685e+00
5.072063809796958367e-01
-2.804636488203797740e-01
-1.002581982611310707e+00
3.512510733618157133e-01
1.471789743115962779e+00
-6.510323533607831337e-01
-1.380638986886246755e+00
1.052528950016125009e+00
9.409874466719472252e-01
-5.744980996081565650e-01
-4.349685590045524464e-01
4.787541929752379133e-01
9.233125586016512898e-01
-3.439459927351506963e-01
-7.344257837278220791e-01
1.269393618672083335e-01
-4.039881468919759300e-02
6.209214192975309743e-02
-2.253209805041009872e-01
-8.431038408539848206e-02
1.029569015145099797e-01
-5.342940841013898989e-02
2.991033033404875141e-01
3.073482714565329843e-01
1.531463449584151704e-01
-3.002079848058727407e-01
-7.380099193430851301e-01
6.781671987080386543e-01
1.275632225402951292e+00
-3.920051509229907083e-01
-5.755015620764254436e-01
1.030824232922995520e+00
1.092718406958532285e+00
-2.321608898907427943e-01
-6.680222978680419033e-01
1.091778458586162515e+00
6.472629046606073189e-01
-2.342606098316082353e-01
-6.981850229221322479e-01
5.504288016003755502e-01
3.893066768781423548e-01
-3.009985428030717003e-01
-1.048760493435736407e+00
-1.320444569768625342e+00
4.458138495617617991e+00
-2.537235029613981396e+00
-9.147548926251687362e-01
5.229586352182025166e-01
3.038457431426238031e-01
-4.094601506328530149e-01
-9.608391059374525867e-01
7.897733171936849317e-01
3.919713678945058177e-01
-3.952751823431484013e-01
-4.107054449738853918e-01
7.218274239302502338e-01
7.712374804098516279e-01
-1.994737984823373722e-01
-4.712241962792660388e-01
4.152959518199494937e-01
1.340486675751542123e+00
-4.926519607478283547e-01
-7.795042312629405501e-01
1.007110617064157054e+00
8.265254628697817907e-01
-6.645420969466542260e-01
-6.468520919068012631e-01
7.283110959992882272e-01
5.758286537544492489e-01
-4.181475877221672022e-01
-9.080271364265470879e-01
4.351195176644893081e-01
3.200843047555963494e-01
-6.097833614934344837e-01
-1.181207566170535017e+00
1.334283684933325276e+00
-2.341345918978987584e-02
-5.235529451022173930e-01
-1.085184503537085732e+00
8.910786793150222707e-01
8.352090699891903114e-01
-8.665930209364418602e-01
-5.626159569339819200e-01
1.087071268450841899e+00
5.086688932661331819e-01
-4.196042260323338269e-01
-8.645283606449751801e-01
1.259227657243187082e+00
8.311325024044222687e-01
-3.890822022353361831e-01
-5.730639087463558212e-01
1.529665102142239164e+00
5.938293658788893481e-01
-5.476113522802705802e-02
-3.327806310877363671e-01
1.407210546075951640e+00
2.928736498490636109e-01
2.112394960647350217e-01
-3.617778895614023327e-01
8.980600236154145932e-01
6.079972988392583488e-01
4.064167042799198271e-01
-4.724624640261509967e-01
9.392475628776040253e-01
6.492738530045585321e-01
1.275190034165945008e-01
-1.512152198439196127e-01
1.074423647003136750e+00
6.132562085077353231e-01
8.218292913505251818e-01
7.113298763492466037e-01
1.383792376776263211e+00
1.320436990380123632e+00
9.909282919570188142e-01
1.043539152726772556e+00
2.305449525817877543e-01
8.450370927427499623e-01
3.130314975255927834e-01
6.676225703020293167e-01
4.937506440576058253e-01
3.345440486540809388e-01
5.852930078827469629e-01
1.164793115774457988e+00
8.480449472400835020e-01
6.824055981668379900e-01
9.625974143804185701e-01
1.035073743527263446e+00
8.584131371133665311e-01
9.875084939206502099e-01
1.149272307688459449e+00
1.026441648528233941e+00
8.354854700398490763e-01
5.046776799844892025e-01
8.610056182241621059e-01
4.232102564406154954e-01
1.065419713440668659e+00
6.433029088618980040e-01
5.401185738841043360e-01
4.494786816992402123e-01
3.658790821528761228e-01
5.847173110341188362e-01
4.395991966774985826e-01
4.927580339899222395e-01
4.875362493602466429e-01
3.024775941676800528e-01
2.387689072532985790e-01
1.260245874877341521e-02
1.638695974198256522e-01
-1.512317216470187020e-01
-1.103723473296831514e-01
-2.327790984105604366e-01
-2.441135334446364880e-01
-2.547368309963715660e-01
-5.604901072097803194e-01
-4.144846981829033439e-01
-4.724074962095698993e-01
-4.830623427803004688e-01
-5.282770323748700037e-01
-6.322737119857855248e-01
-6.973704758229359868e-01
-5.911271893187723947e-01
-6.950950763086716222e-01
-5.722873711948288644e-01
-7.653337432551055031e-01
-9.337490531741750033e-01
-6.452037155832002213e-01
-5.421901588914970205e-01
-3.394825674952457462e-01
-5.761919051565236316e-01
-5.949786258756475377e-01
-6.955435619619407817e-01
-1.278702020712280785e+00
-6.097302232566477187e-01
-6.071548541075912908e-01
-3.235529725251637956e-01
-1.116924684644814647e+00
-4.482323677856001609e-01
-6.041983860885267177e-01
-3.339232249968944188e-01
-8.733415375907682687e-01
-5.538589950104864101e-01
-6.823933006266287293e-01
-1.292926431544074717e-01
-8.975474232965794386e-01
-5.635360876685595599e-01
-6.274169728308578442e-01
3.125739108497782581e-03
-9.976658420368096358e-01
-4.288278047319522557e-01
-4.704188540571507815e-01
-5.996368881686393593e-01
-3.822189450864996729e-01
-3.018617153176847978e-01
-5.189942599650549937e-01
-5.814167964835093017e-01
-1.977714940762993479e-01
-3.853019749012176476e-01
-4.450332824559595224e-01
-7.187268111945854798e-02
4.169083605922452307e-01
3.980369176260936115e-01
2.426770445744850235e-01
-3.863305758458537298e-01
2.013196345759169503e-01
-1.703684444674209431e-01
-1.144852298172558847e+00
1.105116437794109174e+00
-4.369739518163129333e-01
-2.976399661714737022e-01
-3.376871371284337897e-01
-3.121090288139072300e-01
-1.383207969351474276e-02
7.446479077444223549e-02
-6.107098584716368350e-01
-1.992316916767933321e-01
1.692449411190111164e-01
8.216803993286703189e-02
-2.536024091801891700e-01
-6.355276871837389763e-02
9.183584013248875522e-01
9.117709861300227203e-03
1.539767579980164669e-01
-2.293999804983499757e-01
5.643568410458499329e-01
-4.797732152228633140e-01
1.511546751901001073e+00
-8.719763083293869954e-01
4.166687178691077520e-01
-2.069843133085313980e-01
1.191645130467897218e+00
-6.720936638639543048e-01
3.414526489357356809e-01
-2.020262790836113709e-04
5.206695291592779995e-01
-3.561944010871656019e-01
5.185329086363026363e-01
3.949014371892900499e-02
2.289780529055036595e-01
-1.159460272904127009e-01
3.845327202155530699e-01
3.417917292771264215e-01
9.680891377987848045e-01
1.146501942964547993e+00
1.889976356918552369e+00
2.040519690879264658e+00
2.377706763437736015e+00
2.628712713492582509e+00
2.132547381952939247e+00
2.288515271936791606e+00
2.161565204606034740e+00
1.484214838491929811e+00
7.462222452213858048e-01
4.875094453430435237e-01
3.778278507541443787e-02
-2.426981913680137382e-02
-4.424870264883260518e-01
4.054020002262603839e-02
-1.525520551151480220e-01
-2.190755869236582498e-01
-2.615636000820344975e-01
-3.206756683048404000e-01
-4.593971432947796529e-01
-4.870592101283470754e-01
-5.400560956997360051e-01
-6.629790102924282280e-01
-5.087546287191315741e-01
-7.601764158444481723e-01
-5.922681293932683388e-01
-7.374769967628154177e-01
-3.325152666389890044e-01
-6.566774858970418904e-01
-8.816924503156542414e-02
-7.739840587047268627e-01
-8.207055951495476620e-01
-9.341740812584404807e-01
-1.694946269595028809e+00
-6.992787518352656662e-01
-6.797767536393806154e-01
-2.452313517052502334e-01
-1.244808301083409674e+00
-6.668379945306952550e-01
-6.671481364323383900e-01
-3.123030500270260745e-01
-9.566918901243894879e-01
-7.353640516707287134e-01
-5.880336039858349295e-01
-6.044106924352306009e-01
-7.202178544337201060e-01
-3.617555636404645725e-01
-8.859389720590371553e-01
-5.073410483393772097e-01
-6.501734075618870179e-01
-5.708531070095688165e-01
-9.586439926777430287e-01
-3.985263898672215532e-01
-1.826675933335693003e-01
-6.062122748723979271e-01
-8.122354523941055504e-01
-4.712686816743314466e-01
-1.313361834898358893e-01
-3.800666413434115043e-01
-7.544638116505169023e-01
-2.903295209468197413e-01
2.441826690106552178e-02
2.299974515821858745e-01
-1.229053556978747963e+00
-2.863333919451704901e-01
4.890448508115312620e-01
-6.653697867707819569e-02
-1.351520399893310298e+00
2.661421889012984821e-01
5.850373014412326711e-01
-1.707162322025368439e-02
-1.341956511335361313e+00
9.179126978155451866e-01
1.122637500426648671e+00
1.044026190647144858e-01
-1.121095998154572726e+00
3.002251846899071097e-01
8.591638558127243641e-01
-3.788101547553139881e-01
-7.716236323628606897e-01
-1.286774513242860962e-01
5.132347139060371433e-01
1.886322996846416800e-01
-6.713325443274698046e-01
6.442378165604054630e-01
9.292459378506308099e-01
4.567848346800147397e-01
-6.357642896972919289e-01
6.541105073805368875e-01
1.068965405964362958e+00
2.717529967164296067e-01
-3.940215692705280048e-01
4.950222169295557251e-01
1.083637699483347205e+00
3.213036919175422668e-01
-3.073090834076168676e-01
2.372333519327014528e-01
1.083503236123412705e+00
4.276955914072075871e-01
-3.190488726645668294e-02
4.541672414251394230e-01
6.125059636004905883e-01
3.760970015747275852e-01
-4.099625665421200438e-01
2.150409010253724773e+00
2.467172266829464888e-01
1.159113994196310671e+00
1.209753205655161423e+00
9.352030354191356309e-01
1.209582227169207158e+00
8.504588699324031609e-01
1.431916762362824613e+00
9.453581869539959825e-01
8.259140656779990763e-01
1.224386998108734304e+00
1.184615871781076635e+00
1.287466510334709824e+00
9.400156193235602586e-01
1.289833410349615406e+00
1.299238065492222205e+00
1.643181309084219777e+00
1.638400093368474586e+00
1.527813810525238125e+00
1.462811254052624577e+00
1.732637550108972135e+00
1.557920756877365420e+00
1.414385838661253558e+00
1.367847858831769514e+00
1.203903160864792099e+00
1.080328641773935061e+00
8.665185935015475849e-01
8.011626093068660026e-01
9.168267552283388966e-01
9.764287350888736228e-01
7.344703004285371151e-01
7.482531773935132691e-01
8.768725988809205063e-01
9.884344799229554113e-01
9.346838604758120894e-01
9.365871672401562265e-01
9.075853690318345102e-01
9.331717288604046701e-01
8.922831257877836819e-01
8.944615970104541347e-01
9.170018000875965747e-01
7.318894931587127672e-01
2.181411961725235327e-01
-2.205430927289883658e-01
-2.234333762469826734e-01
-1.876289935014071597e-01
-2.291328271899661928e-01
-1.872249960751688480e-01
-1.854637735552731037e-01
-3.628973619150399621e-02
2.738944061199735103e-01
4.453224020553849805e-01
5.372116409093911082e-01
4.259338313844788781e-01
2.608470089171401052e-02
8.680738697993344022e-03
8.652508809263437239e-11
8.119426855683620214e-09
-1.304897478187098600e-05
1.304131929004610259e-05
-5.216980753647293412e-10
8.053658042761827063e-09
-1.304836241483630158e-05
2.599777316163176533e-05
-2.599042212055122786e-05
1.303278657246997874e-05
6.357946105359224553e-10
7.570098640172565063e-09
-7.657794206909762647e-09
7.571421899816785372e-09
-7.769547002512214307e-09
-1.304034883479261893e-05
1.304111178654083873e-05
-6.484178385196548433e-10
7.573683035973569067e-09
-1.304843779544322298e-05
2.600586234227371223e-05
-2.600508878403129387e-05
1.304738208366480919e-05
-6.571585836915791456e-09
9.238365945073460581e-06
-1.795817671483085909e-01
-4.037625111568531877e-01
-6.905134324225575826e-01
-1.082700184120590992e+00
-1.217697178359460786e+00
-1.204402592385536597e+00
-1.289115888838094470e+00
-1.374994392635364271e+00
-1.436511417871960461e+00
-1.440499149576826454e+00
-1.358274984282315856e+00
-1.419661105849240101e+00
-1.494849197989804424e+00
-1.436505772810578563e+00
-1.331798670306643118e+00
-1.673394812462660752e+00
-1.467615848901839826e+00
-1.222417494195404686e+00
-1.467742513814538796e+00
-1.363962657487729047e+00
-1.354499511216662455e+00
-1.517121959885820104e+00
-9.744856290051124859e-01
-1.368337245609698272e+00
-1.143590063784088784e+00
-1.092697813375064442e+00
-1.061068265752638240e+00
-2.608915734958756616e-01
-9.479645101379361449e-01
-9.372874781482565254e-01
-1.176153537143832750e+00
-2.009476203273642625e+00
-1.252511913005847077e+00
-1.080428656513895191e+00
-7.079473663001465411e-01
-9.107196943025144265e-01
-1.138522553695018757e+00
-9.464274220259554227e-01
-6.950307666892641123e-01
-8.239369947319019616e-01
-9.903667977306724879e-01
-1.050714320429165127e+00
-7.295193506891806123e-01
-5.346211957501623147e-01
-1.087817575934678871e+00
-8.225818133884814642e-01
-9.258825543053390561e-01
-2.908500809805971699e-01
-7.239646977815610285e-01
-9.223769166179920376e-01
-1.151113386843952924e+00
1.570467110397615329e-01
-5.306926763140609182e-01
-1.068260751494904071e+00
-1.544863843752466437e+00
1.818176851010150585e+00
-2.886582450404162614e-01
-1.250720932719353584e+00
-8.940113399149041129e-01
1.282254619032471510e+00
-1.457718478667473505e-01
-1.327422129945617257e+00
-5.791148498164773173e-01
1.043714351663837192e+00
-2.405809755430254882e-02
-9.824047275172276272e-01
-1.130315300414743263e+00
1.294112529962703206e+00
-1.680261540126792852e-02
-1.462713912939648253e+00
-6.416684444155151823e-01
1.313975507008152022e+00
-9.212646676557767478e-02
-1.575148170893307054e+00
-5.920913871883257684e-01
1.461576070827163676e+00
-1.483019193643784206e-01
-1.872168102988787552e+00
-2.231801991739814639e-01
1.710532948675776765e+00
-1.575893878196481523e-01
-1.528869698034235114e+00
-8.930970576538115324e-01
1.852006387299752532e+00
1.711516012707434697e-01
-2.211358014792345728e+00
-5.076604881068362829e-01
1.884100244094931043e+00
1.749408643370031768e-03
-2.332012111465900261e+00
-2.882764072020904678e-01
1.896958144648181133e+00
-4.544135045669150941e-02
-2.083797105795461846e+00
2.469530036994456168e-01
2.429162342605913238e+00
6.701496620523954562e-01
-2.231492235460855511e+00
8.436599099807438051e-01
2.083530852973318304e+00
4.832938962342367972e-01
-1.665706624068057806e+00
-7.013025773950687380e-02
2.042182402745680747e+00
1.286965403503899097e-01
-1.913253351564094373e+00
-4.057935247281676538e-01
1.896471412295404946e+00
-1.477927852024976119e-01
-1.813405769432137049e+00
-1.902672322366285584e-01
1.669856612629729398e+00
1.419350631728875101e-01
-2.082198793901753220e+00
-2.104296597480015407e-02
1.845093482626218417e+00
-9.886658259704006468e-02
-2.122711114416027556e+00
1.618514191472826269e-01
1.859167158153240962e+00
-5.737950676831360397e-03
-1.983292883785466643e+00
3.999697183714800985e-02
2.105441036879398098e+00
4.365380508143701377e-01
-1.831801897816845326e+00
5.805761252879406698e-01
2.179607312448979428e+00
8.808650813431029292e-02
-1.424106934243020817e+00
3.937358616599553329e-01
2.130490825172387304e+00
1.281880484144934940e-01
-1.773876082364367335e+00
3.536584950689203311e-01
2.065405732204936839e+00
-6.173076205136993622e-01
-8.594005875322991983e-01
-1.465769091644730793e-01
1.886088366281043704e+00
-1.810162028445247984e-01
-1.493115881822916435e+00
1.886910711604272706e-01
1.718038666796360303e+00
-2.034838332662758376e-02
-1.611671170119457486e+00
2.029672979685699374e-01
1.507611751629973185e+00
4.309711371536906199e-02
-1.762552742127006411e+00
2.338027945858627277e-01
1.520218822184517649e+00
-3.043948936561804430e-01
-1.825049760312616343e+00
1.052009726803575518e-01
1.493458752789145194e+00
-7.252933360665991813e-02
-1.558036297150493965e+00
-5.815561636367050369e-02
1.538808976551031549e+00
-1.999773762603993532e-01
-1.743883212873470256e+00
1.547380605207422377e-01
1.314148666077286975e+00
4.425984511756055895e-01
-2.123105215034684079e+00
1.843458239933895015e-01
1.554028806514715200e+00
-2.676639592993268479e-02
-1.968933720968088608e+00
1.720592798211484364e-01
1.463208088922627326e+00
1.899087227977531711e-01
-2.206363420893922012e+00
4.853315611476105573e-01
1.500211624451402770e+00
-8.389794366713942964e-02
-1.752354462927847578e+00
2.815390561556085913e-01
1.194351632379074601e+00
-1.674419462420075888e-01
-1.822862145220803143e+00
7.367827688986920975e-01
1.585470866141236002e+00
-2.288489387801746489e-01
-1.837454118467462649e+00
5.458171772971454061e-01
1.518527519952591831e+00
-1.339147937577465086e-01
-1.809434588652145237e+00
7.364711037486202372e-01
1.234023852772772045e+00
-2.810492697475694968e-01
-1.699797182304358500e+00
8.369714337534475135e-01
1.148413306674221701e+00
1.985542209308732708e-01
-1.980641435352573865e+00
7.403561678944683422e-01
1.049616561350021016e+00
1.238532003639079448e+00
-2.169466611975188641e+00
1.006396131508189740e+00
4.235904015755025398e-01
1.649828273222126995e+00
-2.132342175179829269e+00
3.963029418767618495e-01
5.819425941666978019e-01
1.477690414805699959e+00
-2.302597151017948818e+00
7.576977528338488810e-01
1.325249184733998220e+00
-7.159490259894596420e-03
-1.481956417649222146e+00
6.064517524231121115e-01
1.029649503396314003e+00
1.393417749632490654e-01
-1.427671193629450386e+00
6.421419358508373421e-01
1.167356039432519310e+00
1.552649380290631598e-01
-1.706323156080600256e+00
9.871197215519416091e-01
7.142527108355665177e-01
3.246876454763381048e-01
-1.500595988447813056e+00
5.930868406696987449e-01
1.210927035417526554e+00
1.238321103389878886e-01
-1.608823078904343618e+00
6.388729485698405597e-01
9.465873998318627969e-01
2.381381550532069014e-02
-1.731601189389259332e+00
9.761950272454029687e-01
6.870755579382219480e-01
2.334185523238616611e-01
-1.602531346297546122e+00
6.597237466081367074e-01
8.104003878878600631e-01
-7.216184663597857707e-03
-1.457417413937065476e+00
7.689053577921001192e-01
8.520944554147362737e-01
-2.664075310112821171e-01
-1.025414502975785069e+00
1.175676716352235474e+00
8.236201174308703798e-01
4.688613050714280917e-01
-7.637481132155414798e-01
6.673219153363518785e-01
9.783469496054806314e-01
3.635205468579982835e-01
-6.745640860304575881e-01
7.560520693930357083e-01
7.816627841283292355e-01
3.328898939620614783e-01
-5.025633879135682491e-01
8.917454330667382578e-01
1.941115616977171499e-01
9.935054840104342588e-01
-7.222463471634270604e-01
9.526908464576848701e-01
3.370039909906026310e-01
4.680575339533206147e-01
-1.773278250620720087e-01
4.117108666018083341e-01
3.128617822862267417e-01
1.931508540744246716e-01
-3.205491963955608981e-02
4.142444604480246539e-01
6.080972677103630986e-01
3.756502935599073112e-01
2.116724411858754706e-01
1.872943555477704081e-01
4.814034820699220063e-01
4.011007560985433429e-01
1.519539396401512477e-01
3.469337954392770484e-01
3.444932255367660900e-01
4.721451399852014674e-01
2.873642125569659811e-01
3.962078611709145548e-01
2.640693472913113737e-02
3.260950328025771228e-01
4.598764647566611075e-01
4.503877773767541726e-01
4.387128913265883057e-01
9.600363266912381732e-02
5.417870771520298945e-01
1.731672064181779547e-01
3.835828223992265862e-01
8.022395815320493284e-01
1.097806140345745973e+00
1.237906408823519655e+00
1.027966827321840526e+00
1.326475935720743848e+00
1.151330267432619792e+00
1.034076760912078896e+00
1.019791721123716854e+00
1.329923871521518919e+00
8.372867216236130616e-01
8.397148681815593818e-01
8.790806383003939573e-01
8.477252666836001538e-01
4.667207966398905228e-01
1.044264459816346857e+00
9.499448545205240180e-01
8.969779834268116758e-01
5.146878198368121105e-01
5.142846675294663328e-01
6.548888366343383893e-01
2.875981090989050415e-01
5.172182484220577692e-01
3.541951184047889001e-01
1.825362086248460969e-02
4.113059683533570876e-01
-3.115631784494929946e-01
-9.462000415460281033e-02
-4.701024142854137722e-01
-3.571976244051064953e-01
-5.449858876759670068e-01
-5.795170580942361482e-01
-6.944996706668291608e-01
-5.697680248247785073e-01
-4.717857849650073376e-01
-8.046333925831703482e-01
-6.245127216486210386e-01
-7.112446918052945932e-01
-7.443038594557300769e-01
-8.146901699167052868e-01
-7.924949140591088792e-01
-6.046699150615317819e-01
-7.672185567052487443e-01
-6.730868979261863672e-01
-6.397394116099590633e-01
-7.580805716479019907e-01
-7.248012527511704661e-01
-1.471104511000852710e+00
-9.001516341179396363e-01
-6.095157556582009306e-01
-7.167511595013849046e-01
-5.524420783254271328e-01
-8.724752565513327340e-01
-7.585010291413709638e-01
-3.551213765597793781e-01
-7.051381048924625361e-01
-7.154819764031046248e-01
-4.704285690534391051e-01
-5.862088499554829468e-01
-6.153318475427838052e-01
-8.063590600539214392e-01
4.193292505692625127e-02
2.792890311091511535e-01
-6.437370547145278010e-01
-2.558594026048268688e-01
-3.531771707254947046e-01
-2.145048150584472069e-01
-8.704259334068638054e-01
-1.713735898942019276e-01
-1.111099474705738999e-01
-7.247757140483344074e-01
-1.547011323366191959e-01
-5.996891176474292706e-01
-2.928417828214833207e-01
-6.046137785094458650e-01
6.780944998394815570e-01
1.791050748255713643e-01
4.656734266290456503e-01
2.472001736119295856e-01
2.746998846993875532e-01
3.985801738996386234e-01
4.468470031926656816e-01
1.383071283829494291e+00
-8.073135185235855715e-01
-2.326976087460224107e-01
3.620392313125009309e-01
8.106352643622685150e-01
-1.759781277653615916e-02
-3.320508012927305685e-01
2.366580665835726904e-04
-4.258973187797323590e-01
-4.076738013514855652e-01
-5.805675843029618477e-01
-3.514215277105208202e-01
-4.160778059747229918e-01
-8.442998833877197740e-01
1.766114278111245994e-01
-4.124613834287487180e-01
-5.728631040459291057e-01
2.276207090853432646e-02
-4.129677901453518984e-01
-6.622465175662952674e-01
-5.237490992608897500e-01
1.809586838137704490e-01
-2.521175930488084305e-01
-3.466440449825185510e-01
-5.749081329570060461e-01
4.172904537104429323e-01
-2.951155608440103606e-01
1.199498664783007484e-01
3.115750639197045757e-02
-9.802602395728854390e-02
7.916632406384067622e-01
-3.604665009695366962e-01
-3.481119812107280609e-01
6.516093998551468758e-01
3.855232660456024973e-01
-2.821648066222550710e-01
2.244089196001013420e-01
2.876353220398826238e-01
1.977682858304348201e-01
2.712408964614709816e-01
-6.215605648207400691e-02
6.515137487377558045e-01
3.857923634046755978e-02
2.484887442083945075e-01
7.268653593183813655e-01
1.835850679875576930e-01
2.190180806941128822e-01
-8.260727898370134881e-02
1.009356379757299749e+00
-1.852164220051832899e-02
2.544966140937461319e-01
2.415279441343400890e-01
1.485100424032310684e-01
2.363372357879498509e-01
5.562791601328953561e-01
8.588825461001974304e-01
1.572622029819925160e+00
4.826630003596079632e-01
4.459039071856238934e-01
1.833701701955376961e-01
5.578684306327588160e-01
3.249657160146384172e-01
4.107496121953744250e-01
7.800620047674868829e-01
8.359830108175430041e-01
3.818205775258576296e-02
2.826325921544921016e-01
1.656754561419617744e-01
5.772207767294474934e-01
5.800924266634552851e-01
5.270017860286770883e-01
7.482848811891145147e-01
1.323133558558332368e+00
1.313345768067954111e+00
1.731806776631454881e+00
1.840517406668706002e+00
1.892147887852249966e+00
1.982409808537052953e+00
1.892093692527776483e+00
1.691428538358618283e+00
1.181478526124038808e+00
5.766574283383647526e-01
3.079274160449969600e-01
4.159882497425577697e-01
7.556397160923751244e-01
1.169003018753279832e+00
4.759061776996169613e-01
1.299367655906280561e-01
9.621066079021645123e-02
-1.498137255615326069e-01
6.837529556860388880e-02
1.273346868210012417e-03
-2.367271536932129550e-01
4.464663909856625423e-02
-2.014078487926767025e-01
-5.087673748309100574e-01
-1.381603676150113813e-01
-2.953276766822021671e-01
-2.289069165890147417e-01
-3.992358327704508270e-01
-4.664295151136670370e-01
-5.755031798172751678e-01
-7.741938436432320714e-01
-7.545624396143963963e-01
-6.983492308709031704e-01
-1.347712415268265573e+00
-7.381270248570430681e-01
-9.150611211922274890e-01
-8.167062306267531824e-01
-2.256179813018057700e-01
-1.041005479468104511e+00
-6.500898315021217400e-01
-9.613881183173624834e-01
-9.234376104105237459e-01
-8.020101057817434764e-01
-8.558719037277811026e-01
-8.310986083141678193e-01
-4.546324392421894345e-01
-9.375300433659887744e-01
-8.762630609357344724e-01
-1.056718898117914307e+00
-1.383545100104605297e+00
-7.537384569468699169e-01
-8.644833509902341007e-01
-1.949988543298033505e-01
-1.281295402789901061e+00
-6.480494675523900128e-01
-7.284495010640910095e-01
-2.115830570521950449e-01
-1.265470548296320885e+00
-5.734833637170382303e-01
-6.046987439760584948e-01
-3.633901246631836557e-01
-7.790965851821809451e-01
-6.248484344355134112e-01
-8.730012969287415103e-01
-1.512456194703659662e-01
-6.488169751372865335e-01
-5.813247882963139546e-01
-6.161246419347676806e-01
-3.266199768193445152e-01
-4.975847274925087049e-01
-2.803413816341517872e-01
-5.648623272689192731e-01
-4.643298791175709539e-01
5.238257358806208686e-02
-5.372209647969583557e-01
-9.557749526870438217e-01
-5.108000101058109976e-01
2.471495856833527682e-01
-2.546854454741378504e-01
-1.134903343410115895e+00
-3.495243944776831313e-01
7.144095499901297330e-01
-1.345308728005321086e-01
-1.157038705538781187e+00
-1.437848116836732970e-01
6.822994199380900682e-01
-2.842093338099900279e-01
-1.323797548684950698e+00
1.516705057862210992e-01
7.355567705499623798e-01
-1.707048357032334707e-01
-1.189491974223138016e+00
1.262904747735902333e-01
6.266808873400648849e-01
1.661682522224907643e-01
-1.330301986678136927e+00
8.018865941562935973e-01
8.749162860327004410e-01
5.171066385769762519e-02
-1.333544084372640270e+00
3.913925416639898458e-01
6.552114036481313519e-01
-3.098891655111373211e-01
-1.352643827487192141e+00
-3.584432840418116939e-02
7.010403264190614436e-01
-3.983978423290039927e-01
-1.698642951025014725e+00
5.019873593502026665e-01
4.503463580411732892e-01
-4.202429297106817785e-01
-2.048983705077290551e+00
5.887904478677015163e-01
5.005361833874601984e-01
-1.306192055883244052e-01
-1.475665694541028472e+00
5.575510661136391377e-01
9.751033374244002516e-01
-3.139093682648095296e-01
-1.589833452954216853e+00
1.136940161143520811e+00
1.009919675765118541e+00
2.215442939139293799e-01
-9.786324158542001328e-01
7.520268099179290289e-01
1.901202215659068884e+00
-2.537904417561662740e-01
-1.194221997525808376e+00
9.245671044373082736e-01
4.432366867838979374e-01
-4.101295515272909142e-01
-1.392046841686749303e+00
2.939453747418383500e-01
9.171130890020791071e-01
-7.714044697222206537e-01
-1.600442681659174582e+00
7.025557851096380091e-01
1.327185793510778922e-01
-9.868467816240595880e-01
-1.422737544787437969e+00
1.677501628320428040e-01
-1.176835221578308222e+00
2.744772408748353598e+00
-3.239099054695444124e+00
1.011350454944924593e+00
3.039450247932791171e-01
-8.298932552534026286e-01
-1.413878647820702383e+00
9.834157684514650555e-01
7.791775805857596993e-01
-9.528170609561001925e-01
-1.329604402727014190e+00
9.796137504630166859e-01
8.217894142267567759e-01
-1.000541359260132879e+00
-1.359752450514015720e+00
1.004973873104574977e+00
8.501684750807640967e-01
-1.070966986141939969e+00
-1.063103775482687752e+00
1.346269273889490137e+00
1.250081444451659252e+00
-4.985729486217351791e-01
-1.312041715957548149e+00
2.151651840445971686e+00
9.024061042985493941e-01
-3.903543151093984420e-01
-1.074658229457604364e+00
1.352952290437251293e+00
1.330157789414926128e+00
-4.324847637801951805e-01
-7.732099003848773577e-01
1.113071771354327666e+00
8.124102438208566923e-01
-4.208557784987547734e-01
-8.903670308628335306e-01
-7.481686721904878823e-02
3.572802480632866207e+00
-1.729925747797992130e+00
-6.479603799202067194e-01
1.154717619063561074e+00
1.504991712635963097e+00
-5.397338874727779512e-01
-8.319691445669334939e-01
9.079957680232482176e-01
1.389286743602248464e+00
-1.058390102928335352e+00
-1.518288110719936412e+00
1.166109490180105013e+00
3.968674269196696969e-01
-4.917810607742154616e-01
-1.019343969175103837e+00
5.557324491062729521e-01
8.132315974645649703e-01
-6.539862374833873560e-01
-5.611535814670531863e-01
1.118346149336652218e+00
3.751328634251223093e-01
-4.275074906948788112e-01
-4.916598439403117027e-01
7.529598262006302889e-01
2.091080124699828957e-01
-4.829975020205736769e-01
-1.144205799843447835e+00
-4.247144203106500981e-02
-7.891860120770388676e-02
8.809147233531433585e-02
2.610115278868647692e-01
-8.648237134422487316e-02
1.473141705444263039e-01
-9.726290504314150098e-01
-8.430353464045978740e-01
8.428757273518812099e-01
2.347575045118261983e-01
-1.147157379385078002e+00
-9.257340383313135135e-01
8.001170137355657630e-01
2.451784287408500518e-01
-1.395171861562168658e+00
-7.035019857160378365e-01
1.109899045717376964e+00
1.550139368636322956e-01
-1.089704231396055434e+00
-3.518258777768537016e-01
8.572790756796067058e-01
5.435307385587506701e-01
-1.229711995401594038e+00
-9.458565299299976914e-01
1.364632615797475523e+00
1.760146554416692766e-01
-1.470919224171041151e+00
-4.936259051846860757e-01
1.775498132274286434e+00
6.925826232086222944e-01
-1.201114922958979037e+00
-4.821954094713021277e-01
1.883930115248197978e+00
5.927402086856972119e-01
-5.672136342588487423e-01
-6.044372151048591491e-01
1.687267026979995421e+00
5.856336421979975171e-01
-9.214187566187348466e-01
-2.283821713769498274e-01
1.271441865284415940e+00
3.442036148877747337e-01
-7.284977453080188070e-01
-3.317005342759316022e-01
9.261584350906559848e-01
2.195608631990708659e-01
-7.745971940061977534e-01
-3.064075090481210850e-01
1.226004412380333974e+00
3.270289370374399596e-01
-9.560300822949088229e-01
-1.209466768692024630e-01
9.686386436198404226e-01
3.201040491561784052e-01
-9.228430046315097002e-01
-4.746147788457335537e-01
1.719588194633153933e+00
5.082746542153486757e-01
-5.902012801134475239e-01
-1.259487012995421651e-01
1.614085874909541474e+00
3.326524041866250059e-01
-4.898903953098781017e-01
-1.102300264675264430e-01
1.636517127508057001e+00
1.173783339722312746e+00
8.416795391122349201e-01
6.726434369271672153e-01
2.062791176098663470e+00
1.206406601206388984e+00
1.177346494662742771e+00
9.731840600226533411e-01
1.441792659666489840e+00
1.690865351812576023e+00
1.521717844154174770e+00
1.842769987848477342e+00
1.497171479788740101e+00
1.605787493947566702e+00
1.465657521241958250e+00
1.627388086425220592e+00
1.049007087818331740e+00
1.522511429703115482e+00
1.627530758637853125e+00
1.478065330640994546e+00
1.575479946631517691e+00
1.490415094431750020e+00
1.641289705764474860e+00
1.704175855010539919e+00
1.972295472503024172e+00
1.788172586387251073e+00
1.818144348437019886e+00
1.765183208657706615e+00
1.755533836489222566e+00
1.566287306699258863e+00
1.307914470946576202e+00
1.192123375667119234e+00
1.174773914706845446e+00
9.705896630191146457e-01
1.006130880395642357e+00
1.033919310301707029e+00
1.017700528507206048e+00
9.833005828148380090e-01
8.467259738775676503e-01
5.443259102951840678e-01
1.169198502736031875e-01
-1.633307390785633251e-01
-1.584701130262290425e-01
-1.486676506534584385e-01
-1.413151702628212547e-01
-1.380986507456285484e-01
-1.133774723750942126e-01
2.063981236558154464e-03
1.502492717228509633e-02
2.522048943598576010e-02
1.357855266340963762e-01
2.951782941959351092e-01
4.688896393782119310e-01
4.812462388935122015e-01
3.860429009550920415e-02
-2.149466397352117752e-01
-1.903163800318634080e-01
-1.962139553222302379e-01
-2.194519786920372528e-01
-2.046586021154640500e-01
-2.315408961302749535e-01
-2.034356775829986308e-01
-2.438604181643257984e-01
-2.847522991365827316e-01
-2.707996723400918349e-01
-2.664507548144694482e-01
-4.114084766956365158e-01
-6.693151639409196108e-01
-7.787819092232575180e-01
-8.108886632906084913e-01
-8.797010172781210002e-01
-9.517489851342535445e-01
-1.099210027594655692e+00
-9.212757850997483899e-01
-8.867876305829014427e-01
-9.127613593317569496e-01
-9.804178247552783887e-01
-9.719659320020141990e-01
-9.523926648825398189e-01
-9.241166127517832507e-01
-7.681774130054321859e-01
-8.863668305048690854e-01
-9.905759757609757798e-01
-9.346800286041876404e-01
-1.005820304442643476e+00
-6.693121576400642425e-01
-8.408677097629890795e-01
-8.139358570937531567e-01
-9.689180786038384952e-01
-5.851917410427205368e-01
-6.196114343019338833e-01
-6.033456290020104973e-01
-6.341888196627287755e-01
-5.675140134897844746e-01
-4.752370196274426917e-01
-6.231292885931267733e-01
-6.456990718035555687e-01
-5.107608399053518156e-01
-5.365633416774890918e-01
-6.265368892465090767e-01
-5.706280328860984241e-01
-5.341322316317764773e-01
-5.374338712122295192e-01
-5.348605383711841910e-01
-7.328399978752990762e-01
-7.485981198099835865e-01
-6.915004025260742537e-01
-5.522295045038063677e-01
-1.489837501544286624e-01
-6.684022984277717683e-01
-7.988695616734347027e-01
-7.464979591008784610e-01
-1.152202073688584960e+00
-6.138897666979588053e-01
-4.135387562268064698e-01
-4.873020204976228342e-01
-7.960893157683059940e-01
-4.056730339229446258e-01
-6.053315793782587662e-01
-2.729645090317731615e-01
-6.731021480872882989e-01
-6.987997810180672786e-01
-9.935064979353569470e-02
-5.156227270697968379e-01
-6.705508948269596203e-01
-1.938776133402271284e-01
-3.082372709589265014e-01
-1.407907693101492441e+00
1.908097645083252303e+00
-1.398089310699120347e+00
-1.233348606034851969e-01
-3.157460326995362720e-01
-2.738403545587360099e-01
-1.501569655322683161e-01
-1.804533927004356997e-01
-1.352775377293085057e-01
-1.938858917590025044e-01
-9.622368246939316805e-02
4.072379888055337460e-01
-1.873472072967103941e-01
4.701208377714038988e-01
2.978586937000287094e-01
2.145344243564792919e-01
4.318045554609000192e-01
5.042172212027438150e-01
4.158205707488562552e-01
5.214153631053122240e-01
3.889694483115988533e-01
6.375384960275596313e-01
-3.464242672956743263e-01
2.850763167859426517e+00
-2.414500271066017945e-01
6.585584164344027158e-01
6.403005072091332295e-01
1.643688651386270294e+00
8.424945885384858002e-01
4.038962534723893327e-01
1.288103710639674659e+00
1.071800696052299884e+00
1.804181086526114086e+00
9.757621662273194829e-01
7.987916887333490479e-01
9.199711499476492804e-01
6.593350359354239743e-01
6.246440234882228992e-01
2.111961308512526614e-01
4.250536519109076039e-01
2.221794746634344619e-01
1.339783903284441635e-02
-1.306792334233364272e-03
-1.250400819927897089e-01
-1.544566505800339939e-01
-3.511452088547777350e-01
-2.160836373226189266e-01
-3.751858718214862165e-02
-2.109572065192217849e-01
-3.440036107254300646e-01
-2.418139479452747764e-01
-3.926876989728356193e-01
-7.287228575393278618e-01
-7.960918518132764632e-01
-5.882540408652374708e-01
-9.146800807222703611e-01
9.946547878107736551e-02
-5.847852755198559294e-01
-3.085903983591933297e-01
-5.770786881972398419e-01
-9.608759994284952199e-01
-7.460085307411006283e-01
-6.149735192669680828e-01
-4.056816380858947468e-01
-3.844350280753587867e-01
-4.345449046966507467e-01
-7.982313068738235984e-01
-2.113848914999820749e-01
-3.772068659958378589e-01
-7.195235737974314816e-01
-6.213268133429821205e-01
-2.064044318363329467e-01
-4.793771740506613810e-01
-6.847143646018665208e-01
-5.668898666484594173e-01
7.553019510270786441e-02
-8.981315360040795781e-01
-4.693885731817033502e-01
-4.198008324440394290e-01
-3.622573162189581808e-01
-5.314163255634269944e-01
5.803803434154986007e-02
-3.201328391936684170e-01
-1.708204481812458653e-01
-3.513145659944498789e-01
-5.814791661848772719e-02
-1.863147028676195305e-01
-1.069895608835338408e-01
-2.207606291439319079e-01
-1.323127130368177973e-01
6.354803976151401912e-02
7.907996214444779071e-02
1.187707477105988119e-01
7.542597796900452067e-02
-3.306737733415587854e-02
-8.888498766210517488e-02
8.664694507018566583e-02
5.245601606216609980e-02
4.244653878304660566e-02
1.647460514087129013e-01
2.866237861669986842e-01
4.760729287559399836e-01
1.734676936236922984e-01
3.018972336912710830e-01
1.427980421112451381e-01
2.734996589725611216e-01
2.801391366203773714e-01
4.056097661436766089e-01
2.792803976636832886e-01
2.722168795558204124e-01
2.541170673621238052e-01
2.995662574442050641e-01
1.096890660131322193e-01
1.363959100162190907e-01
2.639146920747350578e-01
3.809642189970006143e-01
9.232415569691454493e-02
1.692386877807763312e-01
5.176108283278182398e-01
3.556196113796445957e-01
2.740575875906614556e-02
2.388526690673629105e-01
7.221149703194669200e-01
9.641822707997746988e-01
7.992796054472321998e-01
8.735129381913324664e-01
1.083096483333868321e+00
1.140809671335610176e+00
9.762587953533383711e-01
9.296920452401131740e-01
5.418190904754069948e-01
6.220085635488565856e-01
8.602019968713534581e-01
8.308248238884274883e-01
7.355366485605792093e-01
8.758539705173120637e-01
9.501193193611499055e-01
8.739276129355744160e-01
9.199119108793993860e-01
8.357079880496733892e-01
8.867810880662467810e-01
9.442144229201048233e-01
8.655072656338056447e-01
9.328753152720636876e-01
9.157940760980949335e-01
8.857139317060038763e-01
8.654951370554933021e-01
9.302668027914329230e-01
7.989750950700234000e-01
8.847612218194029765e-01
8.254242300334908577e-01
7.855594284940767835e-01
1.031055985278239717e+00
8.483903651837660931e-01
7.911476351270660956e-01
7.936387622391034569e-01
7.279873311252647028e-01
7.679528010768859048e-01
9.592090505688712909e-01
1.005314317949707714e+00
1.076372783698979596e+00
1.137053395146329748e+00
1.115534388854437342e+00
1.111067510306074979e+00
1.090858096103437536e+00
8.974325546424516409e-01
6.108060538129710115e-02
1.848564870240922966e-03
1.861305530582644770e-04
8.062767788976580446e-09
-8.095979027152380714e-09
-9.145547197165611818e-06
9.152969539288246170e-06
-7.362583165791062971e-09
8.065009093774586774e-09
-1.403839160877983123e-05
1.403025545670453611e-05
7.466190945942569220e-09
7.299507748871917820e-10
-8.214266864861358326e-09
7.413567651386025227e-09
-7.367457867656643580e-09
7.428090754158498711e-09
-7.493595656726760243e-09
8.191171852698362135e-09
-7.318329381899007363e-10
-7.398114526562969348e-09
-1.403025280043889355e-05
1.403836364426551430e-05
-8.135114124211534868e-09
7.412071254046760302e-09
7.840755853014570037e-10
-9.160864581686802249e-06
9.160793302059094183e-06
-8.145953882352646724e-09
7.468185431682328353e-09
-6.676821499168334589e-09
5.876607487510419024e-09
1.457130643833163923e-09
-8.096302582652264643e-09
-1.403023930149504173e-05
1.403025365451511628e-05
8.110427298494197156e-09
-7.196419135108893597e-10
4.030235333288799404e-12
-7.412943631425971368e-09
8.188487535791154001e-09
-8.211969020193994433e-09
7.417225417031842599e-09
7.765699454608020538e-10
-8.132571730778167911e-09
7.331560167425426808e-09
-7.413730248887677281e-09
-2.208254714880157718e-05
2.209075175554324618e-05
-7.291475930389047441e-10
-7.446885005009200829e-09
8.158957514432189223e-09
-8.144717332305719502e-09
7.412233120782595573e-09
7.776959454159704591e-10
-8.214201144848918418e-09
7.419362515825129664e-09
-9.027784623376680639e-13
-6.629078494170765126e-09
6.605792912984533548e-09
-1.403767641610833411e-05
1.403031401319168277e-05
8.153063283040159342e-09
-8.144742032043959454e-09
7.333949837077906320e-09
6.283017410112137074e-11
-7.416034693066560039e-09
8.144270440514568728e-09
-9.160806814840428600e-06
9.160788218110844277e-06
-8.142451066788457779e-09
7.410932335971784531e-09
-1.403763254560805686e-05
1.403833909524660937e-05
-8.137921994196234236e-09
7.413467084411030222e-09
-7.357514089257753860e-09
8.143337426635196413e-09
-8.050233689702685977e-10
-7.366767278279510306e-09
8.152488056975461944e-09
-8.142644808390537767e-09
7.416989184692813694e-09
-7.435624126684550923e-09
7.413690017872001312e-09
-1.403768285277297127e-05
1.403845705446826416e-05
-8.206979816983810128e-09
7.413519586481104491e-09
-9.160408150997578357e-06
9.160463229977854776e-06
7.357703527661411252e-10
-8.224247549962985376e-09
7.412391941560847464e-09
-7.355143441430947102e-09
8.140958105746663384e-09
-7.233255891356217201e-10
-1.403770687889209176e-05
1.403026891800609468e-05
8.143165295608316423e-09
-8.138403547009267526e-09
7.390400538897644485e-09
7.297699931467028014e-10
-8.144698609001562416e-09
7.471273431508876871e-09
-7.409317922697495999e-09
7.333093094354808418e-09
-7.412728446053195620e-09
8.198242180243908890e-09
-7.232790139109334521e-10
-2.208220271220608035e-05
2.207476630428386840e-05
7.411231367523258250e-09
-7.414135601776518890e-09
8.149400852899097922e-09
-7.533684627606665116e-10
-7.414162858253216942e-09
8.143237421832580369e-09
-8.859000203423816541e-09
8.920003230313195731e-09
-8.088879634599597038e-10
-7.415006536163953541e-09
8.200924806242961343e-09
-1.403840637419845533e-05
1.403026655741082779e-05
7.344116296765894336e-09
7.754929777492852033e-10
-8.136697828651910137e-09
7.411509770285256739e-09
-7.435783385954818948e-09
8.143130522385061583e-09
-8.138989140499741301e-09
-9.145546609230691885e-06
9.153017253025504249e-06
-7.494834912833889771e-09
8.142492873773306619e-09
-1.404573193130578476e-05
1.404433478391009711e-05
1.459444855359025642e-09
-8.110782063607425291e-10
-7.350481940089225071e-09
8.143127619772557932e-09
-8.144425413621940793e-09
7.343913563820987818e-09
7.752872024382150007e-10
-8.137558224377387794e-09
7.413673956297730204e-09
-7.357553861886303830e-09
8.062497464604969147e-09
-1.403841601315701840e-05
1.403770193508395219e-05
-7.367482636499219500e-09
8.142392186465422996e-09
-9.160934316298130400e-06
9.153455617349578913e-06
6.732015089561940377e-09
-7.416434391231208414e-09
8.075151085838467441e-09
-1.407363630785674578e-09
1.459450516967902671e-09
-8.145174701636929797e-09
-1.403759690153502302e-05
1.404498818439233604e-05
7.336543175951630927e-10
-7.182596020635081610e-10
-7.369874184057624393e-09
7.335583811568448416e-09
7.349611168548956727e-10
-8.136165543647533999e-09
7.462620816981770100e-09
7.288234126184411216e-10
-8.214537997302401306e-09
7.419500771632756703e-09
-7.367054155965288044e-09
-2.207479150220526811e-05
2.207479982362628077e-05
7.386874157521610210e-09
-7.413133214286015717e-09
8.151032129704899494e-09
-8.143809286341994504e-09
7.388055975023543817e-09
7.277282684472379318e-10
-8.133776742007313779e-09
7.461264181705105393e-09
-8.466103930101012698e-13
-6.748727962251998939e-09
6.682628636179720368e-09
-1.403764711246379446e-05
1.403028008796925602e-05
8.157961468548613135e-09
-8.222933607450791903e-09
7.461374660429256206e-09
7.386989094823907462e-10
-8.874750354661295818e-09
8.846444038291124794e-09
-9.160850285797704083e-06
9.160859846822229347e-06
-8.144669778439492767e-09
-3.037209063865097258e-01
-5.947195255862476326e-01
-4.581998051574364128e-01
-6.157362243470878571e-01
-9.806984688061484157e-01
-9.834508069520055962e-01
-9.562819464706002748e-01
-9.860822414587220308e-01
-1.023789611849033498e+00
-9.813778862952373672e-01
-1.023854024656321471e+00
-9.374923902198109005e-01
-9.834300379090503696e-01
-9.478373679104947769e-01
-8.868845474013831165e-01
-8.430445402991804116e-01
-8.175115826161629684e-01
-7.916883534423657665e-01
-8.678130855743031447e-01
-6.583544471627629235e-01
-7.522247902778431694e-01
-7.411816523668939283e-01
-5.451393352797602176e-01
-9.555332379184520164e-01
-3.230979224041590214e-01
-3.756142539137812264e-01
-2.266039131494359538e-01
1.628373110572844951e-01
1.678639276407665193e-01
1.853479384474212566e-01
3.066310066772679477e-01
1.484004217906687018e-01
1.453422513539734950e-01
1.399805385396462043e-01
3.191077867451639349e-01
2.223147558757787579e-02
7.579941381876054152e-02
1.089107202384163031e-01
-5.160471605841010501e-02
-1.018612176141786563e-02
-2.432362405885584167e-01
-8.038436497250955881e-02
-1.132866562449663661e-01
-1.940202277326150693e-01
-3.377698410559766273e-01
-5.265809591008263624e-01
-4.460598886296622823e-01
-6.992368667221988687e-01
-6.426806588500895145e-01
-5.220516780998707418e-01
-9.793185947324438700e-01
-4.787444360280161959e-01
-6.596594024406350343e-01
-9.056390946605823444e-01
-6.600030750694116932e-01
-5.251143415702159700e-01
-7.248798776972797953e-01
-5.203707155275481000e-01
-6.692529360008769856e-01
-6.205403777699451950e-01
-4.888249705860339134e-01
-4.334191582697997092e-01
-7.517353707759895087e-01
-5.966072337620857979e-01
-4.886978134815329611e-01
-6.960580093164878690e-01
-5.188725695522649062e-01
-3.515221200536728929e-01
-5.008723482497217105e-01
-5.394389868534616994e-01
-7.028029401436839407e-01
-4.996744369096504101e-01
-5.636149003209780517e-01
-5.425891346741167354e-01
-4.961344269992338241e-01
-9.555016453648619290e-01
-3.795884416738388722e-01
-3.873345707999575893e-01
-4.255782779096435320e-01
-8.570699501869043502e-01
-5.955198179665686098e-01
-4.879404183028128728e-01
-2.702674084344636185e-01
-8.444390344124954595e-01
-6.152792821268704415e-01
-4.043130130282577284e-01
-5.168802574056670096e-01
-4.811614727129907010e-01
-2.949770913785059179e-01
-3.134306339955372778e-01
-2.812998023220316668e-01
-3.415570325977057564e-01
-2.923853973016790064e-01
-9.209926326074935332e-02
-4.093233338260802157e-01
-1.573980838975259644e-01
-2.422630097453648546e-01
2.061026914788399722e-01
3.484841292775939792e-01
2.707880065740582154e-01
1.372786021533869416e-01
4.071781795192634945e-01
1.486089278179107964e-01
1.817012008234470954e-01
-1.787153871975988295e-02
3.222267615972924659e-01
-1.560056101944553575e-01
-1.318941493254044417e-01
7.181156763493845574e-02
9.675473082390340096e-02
-1.587080372654909866e-01
-7.855694257789735957e-02
8.669960904898488252e-02
4.071904135527404378e-02
-1.973177355734065941e-01
1.673771484718500346e-01
-3.208316438247749147e-02
-5.984168847116677625e-02
-8.275004398431917707e-02
-1.004433955712613624e-02
-9.725753008719095760e-02
-1.127569772583001395e-01
4.833782389693794812e-01
-2.818563991004481295e-01
-3.825004235311979528e-02
1.606996927225310401e-01
-1.541690036545162457e-01
7.310589755050500571e-02
-7.658574492114667009e-02
1.109493630864761826e-01
1.178787192395347461e-01
-2.466050871917175868e-01
1.193543840386723787e-03
2.255757248804073356e-01
-5.761714752495095127e-02
1.221893382189023214e-01
-1.245292108135558351e-01
6.860626892471088922e-02
-3.634752536282803703e-02
-2.764843011817674778e-04
5.684895700129288798e-02
-2.190840699667973013e-02
4.364922036961758067e-01
-4.083996106883134303e-01
2.196912150114442852e-01
-4.601171885738608580e-04
3.803905641492377754e-02
1.550614119273561187e-01
-1.423387252025847260e-01
1.038477896098079611e+00
-1.897097892507701999e-01
5.867066439410351109e-01
1.620691847952926423e-01
2.908613246231155358e-01
3.700946681119603454e-01
2.276806797348527311e-01
3.102706839675022366e-01
5.221006986293375007e-01
2.199716474441544278e-01
4.628508010960601382e-01
5.400204252523934656e-01
8.626914746586393790e-01
4.392125622470572921e-01
9.301912634261881863e-01
8.656083102480636171e-01
2.456959995802776575e-01
3.509166712283899869e-01
2.701948338878992217e-01
3.262944654731327887e-01
5.613347034811297931e-01
9.699228809199951229e-01
6.766239095273220983e-01
8.738505051581384464e-01
9.364790723263709538e-01
7.307158647865321655e-01
2.946339586789186171e-01
2.873236847054698728e-01
1.627991658947145481e-01
3.594209081316890320e-01
1.052664070795437112e-01
5.400358250227732526e-01
5.117114139010858764e-01
1.143447011675718272e+00
1.079958062510904426e+00
1.483837682655238410e+00
1.312461191090207535e+00
9.557215471938533824e-01
3.693106209139962459e-01
8.744213722838516389e-01
1.719526013705134915e-01
3.553165407337672832e-01
4.123402540682761241e-01
-4.801173886238885302e-02
-5.367934442488540014e-01
5.330182539592343005e-01
-3.186041532913321817e-01
1.414075972819084370e-01
-7.359426302148008858e-02
-1.522204277739902523e-01
-1.670347728241239338e-02
-6.324204583357371234e-01
6.758870491757242860e-01
-4.836092185802591814e-01
-2.685000494857092690e-02
-2.286378372974660067e-01
-1.049668710276421280e-01
-1.289039104344773534e-01
-5.227403483989689903e-02
-1.762668718233157961e-01
-1.456846396983806358e-01
-1.893955273687062402e-01
3.140946120515764051e-01
9.988234323282796367e-02
5.600657774858106563e-01
-2.694710178684545099e-02
1.846378301337949779e-01
2.565957090753627767e-01
2.165165817968386364e-01
2.989927943347581163e-01
6.856210953411689957e-02
7.676615746970760767e-01
5.009881632872072998e-01
-5.011718239044853362e-01
4.276587172373425005e-01
-1.161863121525250619e-01
1.752094878502994391e-01
3.514199814659590970e-01
2.397166358287350363e-02
2.935781607145919736e-01
1.061411788815433965e-01
1.406601460966463435e-01
3.614051054618947489e-01
5.497027136551260185e-01
6.075305723840322969e-01
1.212275281235573487e+00
1.047255743260745220e+00
1.317776162104838278e+00
1.232951739260272461e+00
1.356830770204158654e+00
1.409414285535023126e+00
1.151455946109146922e+00
6.362365714996744970e-01
1.243658347791942731e-02
-3.384502631101717895e-01
-2.736024255760032275e-01
2.030946530153165952e-02
9.287780306330795099e-02
5.279545466357049577e-02
1.144506895377990219e-01
-2.200982840055587531e-02
1.437638155466434142e-01
9.454924586903601380e-02
-1.172971806695244368e-02
7.888989035522619986e-02
9.435809986812948580e-02
-2.918714620546936089e-02
2.615043375416075122e-01
-2.353334817307732862e-01
-2.481265918715216401e-01
-4.018689865277487172e-01
-6.075543491304031818e-01
-7.560296386962530590e-01
-7.371914520298030737e-01
-9.539189051867005276e-01
-9.331506777896301230e-01
-8.877634572170745031e-01
-8.245178329367597314e-01
-7.792890934709593154e-01
-7.308281181206357502e-01
-6.619756852278388948e-01
-7.877272497019873754e-01
-8.938980775386617950e-01
-7.519026509936566072e-01
-7.886123216007021597e-01
-7.764414439968163606e-01
-8.006772948793177136e-01
-7.628566485044991907e-01
-8.762072691611244579e-01
-4.617958295176585182e-01
-3.531455031681716150e-01
-3.157424113365685514e-01
-2.720971447099600482e-01
-2.847940415202394604e-01
-3.159484385236446258e-01
3.776533036530942411e-01
-9.231555186708497729e-01
-5.793713176084551719e-01
-3.453346917852933018e-01
-4.033443047962137484e-02
-2.113683306667404338e-01
-3.527723300155507502e-01
-1.855869741844813348e-01
-2.331937780532875593e-01
-5.107923519198820372e-02
6.997055346270997234e-02
2.882420987941820556e-01
3.180761448900248922e-01
2.162544395434089495e-01
3.867839910820336513e-01
3.100529724033762591e-01
2.694360294626676477e-01
1.955181699399695106e-01
4.144371986167634248e-01
4.373359669085878920e-01
1.000811006905930611e+00
8.788598549693062978e-01
1.573089601731471276e+00
1.216642184011305972e+00
1.453485589741834616e+00
1.386356088799196584e+00
4.891252682240079253e-01
2.651585450632580887e-01
2.645778948194035252e-01
8.132829144074804617e-02
2.229906983701610557e-01
2.165952245959736899e-01
2.619497302098849900e-01
7.167822394470668712e-02
3.558773471684872902e-03
-5.793716898469547516e-02
-1.603829036839421462e-01
-1.248540027522828666e-01
-1.553877375285512841e-01
-3.402862160542259318e-01
-2.676274778497464979e-01
-3.781793894164522385e-01
-1.560906825769059481e-01
-4.247965010413778941e-01
-3.713858934238771781e-01
-4.436363688140225747e-01
-4.292814648204021921e-01
-3.815332622229021808e-01
-4.893515742449920936e-01
-2.213670957542284157e-01
-6.469059634598650632e-02
2.759048258844067902e-01
4.022755910278767999e-01
4.792280798015546850e-01
5.813859092410353924e-01
9.060605750744805675e-01
1.082462794689707408e+00
1.319846895605421011e+00
1.584844475684738185e+00
1.458889237426490126e+00
1.564230292112899434e+00
1.453565882702156031e+00
8.272713634408397354e-01
1.981589704369062233e-01
1.048371330949136038e-01
1.211448321269665840e-01
1.060888131464743367e-02
1.119752945839023184e-01
9.635981815994121291e-02
-6.070164806895483878e-03
-1.657828363899289670e-01
-3.902021705495890558e-01
-4.301929202464389590e-01
-4.599782056318506562e-01
-4.512965819163721193e-01
-4.558411230168246675e-01
-1.325214195313666465e-01
2.814555184742673077e-02
6.975612288683663564e-02
6.206416641776435483e-02
1.380264524623662226e-01
6.337830479421846519e-02
1.404913915731871299e-01
1.877129817569223036e-01
1.951235834432800686e-01
2.565721955515751773e-01
1.968796921791398091e-01
1.682608076677141185e-01
4.363271823588554810e-02
3.393681982440988065e-02
-1.144752682749814454e-01
-3.059135596337725360e-02
-8.858080335784812576e-02
-6.969155001603688504e-02
-1.819118703514739366e-01
-2.297246543604618552e-01
-3.816393401850621814e-01
-3.628353076537766952e-01
-3.379373511551175824e-01
-1.135244966692745550e-01
1.312991580977396211e-02
-1.193495721091561990e-01
-8.142374561098719710e-02
-2.312108576507654334e-02
5.242845145087926539e-02
3.913231277382127615e-01
8.410003104931416118e-01
8.421053597843251026e-01
9.993075690993871163e-01
1.025293548667670862e+00
1.024080707263981260e+00
9.405570811008576726e-01
8.863775656024097671e-01
8.477939928552529203e-01
7.927875236064800823e-01
7.530091806254073372e-01
