3.115604886154956787e-01
1.090005601648471378e+00
-2.171175219913024090e-01
-5.754379719555471340e-01
-1.352853108736464804e-01
-2.503301210030883794e-02
3.340221179556968067e-02
4.566047088260383191e-02
-3.150120468782375838e-01
1.976174346016925654e-01
1.003073909989598000e-01
-1.238614151942170061e-01
-1.059219933429044413e+00
-5.049154649983012000e-01
-4.944946678135790918e-01
-1.454820950563533444e-01
-3.258138858876602484e-02
-1.123606474000371058e+00
-6.658559019969345627e-02
5.177274968999698856e-01
1.060536114270004049e+00
1.036394662290973656e+00
6.597594108077280417e-01
4.062106927442821203e-02
-2.806382319222642252e-01
2.320454635902775120e+00
3.618879067354300982e+00
4.243848939412697696e-01
1.607094559772700659e+00
6.469617455174887510e-01
9.385891126429628528e-01
8.353276748959741482e-01
-1.004468537750025092e-02
3.423125725290976362e-01
-7.088989712899902429e-01
1.018230633044225897e-02
5.866809970463648938e-02
-3.253735098747627230e+00
-3.823799818674449291e+00
-2.365050427851703496e+00
1.389490666818460340e-01
4.853360594911406700e-01
1.135256143991166589e+00
1.293200104921437221e+00
1.530705942564308808e-02
-7.490411765911354491e-01
1.002951418552202878e-01
-1.160360875001986702e-03
4.776620579222460306e-01
-2.813927784439460011e-01
4.853192487369559216e-01
1.480886459669586763e+00
7.592833724247167737e-01
2.025872011911662440e-01
-9.685740034705103696e-02
-8.337426722789518241e-01
-2.938585075713799899e+00
2.332993964926195485e-01
-5.923524810351094017e-01
-5.317389540585629959e+00
-3.721886068179490081e+00
-7.185950064340200782e-01
-5.413740703599430049e-01
-1.933011072133545838e-01
2.036380300187856207e+00
1.929358766682011783e+00
2.297003792562400726e+00
3.533355570096162523e+00
1.105719854535354596e+00
-1.777191575999855777e-01
4.496552408882110718e+00
2.277821986563785650e+00
2.162349665752838490e-02
1.195011919641331133e-04
-3.332153769518750863e-01
-1.134290946657321442e-01
-1.291909813736161095e+00
-4.849454346139205896e-01
1.076147842789216824e-01
-1.420946308559085658e-01
-1.101763943258138312e-02
2.885323929686154365e-01
4.749155226926586870e-01
-4.367660459238580373e-01
-1.384599287139487434e+00
-1.159758394548096039e+00
6.726371939017172785e-02
-2.641224903618533126e-02
3.343326766613181622e-01
-4.866663067264731524e-01
-3.058316811760368736e-01
-1.478118588045320703e+00
-6.877494686839757954e-01
1.680219921907069036e-01
2.900074262576755046e-01
5.448854622065941733e-01
1.084451441823157669e-01
-1.552333203605928968e-01
3.411472269845289285e-01
-2.251835910259436802e-01
-4.518264407497211144e-01
1.045575309620025983e-01
1.037648897020173600e-01
4.567816384745508884e-01
1.438534517764987308e+00
9.741294996865179634e-02
-5.792374229339802838e-02
1.120713322982935800e-02
1.745414457625527049e-02
-2.966605290062052092e-01
3.467515652825192696e-02
-2.646805781803563962e-01
-7.247814000117367428e-01
-1.796797287069617499e-01
-2.892199196891247562e-02
-1.869918607539850508e-01
3.134731987527205055e-01
-4.189152180222863731e-01
5.178448586274716492e-01
-3.422389295802575893e-01
1.223364341511421483e-01
8.560977425997300105e-02
-2.202708055474950910e-01
4.350559123250263838e-01
-2.212684021198243478e-01
5.580081958951685350e-02
-1.135332073574710221e-01
-1.377943729079024980e-02
1.273774189089363004e-02
1.521929243277652180e-02
-9.960267310034926630e-03
-1.040794764830600821e-01
9.733719754652245260e-02
-9.842710171298037561e-04
-2.068174845493870109e-03
7.300260228439853227e-04
-7.294097213063578319e-04
7.171038511118426467e-04
2.980680243675273844e-07
-7.165005212355834638e-04
7.171102446402247144e-04
1.328335918501094559e-05
5.596657792344204678e-03
1.262135061542626847e-03
1.300021338536448867e-05
-7.167896543623281146e-04
1.454308864481458933e-04
5.583393365021551693e-04
1.301040366683127003e-05
-2.731039385423319771e-09
-7.167886311588813394e-04
7.037629072616048481e-04
1.301885800964636536e-05
-5.713569620634681391e-04
5.713520820310847388e-04
-7.298175080195596970e-04
7.298133631977603330e-04
-2.720857607466353181e-09
-2.149749282722966952e-09
-5.843984326327699656e-04
-1.323902013552122597e-04
7.167817589013882312e-04
-2.721060148583708134e-09
-1.432842751291138602e-09
-1.305468702878495950e-05
-1.275091005461833791e-03
1.288138100523302442e-03
-2.004142609221811551e-09
-1.306312011394080535e-05
1.305823931821315953e-05
-7.167849640682914933e-04
1.454225145742071151e-04
5.582849918462204266e-04
1.306843001113973229e-05
-2.014362876965765099e-09
-7.167844155152782587e-04
7.036999491310848287e-04
1.307688390589587081e-05
-5.713606431897011841e-04
5.713564798514117211e-04
-1.309078834413355269e-05
-7.036948115647756029e-04
7.167787343510140805e-04
-2.149735204967620950e-09
-5.844615669162463558e-04
5.844566869048975618e-04
-7.167817295705697497e-04
7.167770135462811065e-04
-1.310939967040380525e-05
1.310451887403835209e-05
-5.713629775862070354e-04
-1.454198983181870198e-04
7.036591650025629703e-04
1.311469642855751978e-05
-2.014370954881813838e-09
-2.149728328598301077e-09
-1.301268986071321340e-03
1.301263554201561147e-03
-1.445967428156610685e-09
-2.731284562274417620e-09
-1.313706815098646119e-05
-7.036448565852364582e-04
7.167750592577381554e-04
-5.713657502618933043e-04
5.582163556499463927e-04
1.314308177215523906e-05
-7.167792249819164140e-04
7.167737923309928927e-04
-2.149711381379932847e-09
-5.845225543926756183e-04
5.845183910845151579e-04
-7.167782105512704839e-04
7.167733492366200679e-04
-1.316656264695297865e-05
1.316182723189769242e-05
-5.713680839295186579e-04
-1.454112714346211116e-04
7.035994789083926081e-04
1.317086213855070107e-05
-2.731111779343876368e-09
-2.149709954580038252e-09
-1.301326106543033295e-03
1.301321962774970240e-03
-2.720807252812841516e-09
-2.744509812992792239e-09
-1.319365964328095048e-05
-7.035833166482691583e-04
7.167706822261459476e-04
-5.713707185734069128e-04
5.581641612188552055e-04
1.319967323968351496e-05
-7.167745279681887998e-04
7.167696667128841412e-04
-1.321284204588572106e-05
-5.581612782718877895e-04
5.713672360220543650e-04
-7.167735120773712594e-04
7.035494887709817322e-04
1.321715798163012496e-05
-2.731339483302876723e-09
-5.713717605688527863e-04
-1.586316447659392136e-04
7.299971039231475641e-04
-2.712739526900800804e-09
-2.014473862366390235e-09
-1.324064237383910577e-05
-1.274904828960857304e-03
1.288138453056950766e-03
-1.995852383846459066e-09
-1.325081984985509050e-05
1.324592579508162959e-05
-3.000379362242276172e-03
-1.584807542443884137e-02
-1.943363875398566865e-02
4.296416484527160184e-02
4.095886104876153566e-02
-5.617156194446344675e-02
2.460788933724943062e-04
2.190989198897439622e-02
3.478136485398704292e-02
8.480121259537123923e-02
-7.109221607268594034e-02
-4.357110559061562471e-02
-1.281623190544100566e-01
1.462091562248388210e-01
-2.543594294433811770e-02
3.112311110457979119e-02
-6.362728871633532846e-02
1.536265224837077802e-02
3.324295647283409712e-03
4.617892316972797145e-03
1.119171589130112283e-09
3.403801104580155001e-09
1.120066288856473320e-09
3.403820965524099150e-09
1.120051759774867966e-09
3.359183804586113840e-09
1.120068712875032981e-09
3.403814999918485483e-09
1.120083804040925869e-09
5.367236320641920189e-10
1.119186782136470486e-09
3.404726707958007168e-09
1.119180701503782582e-09
3.404729559213209161e-09
1.119190385238445253e-09
3.404734342821614385e-09
1.154750201472350916e-09
3.404732155613137985e-09
1.119196364023891579e-09
3.403850440170021890e-09
1.120095733348023138e-09
3.403842352177669211e-09
-1.426096526522606888e-05
1.426548929804106244e-05
-1.746990391250354078e-09
3.403862825343475108e-09
1.120104140068709474e-09
3.403840550152343377e-09
1.119239746151209133e-09
3.404747854481124814e-09
1.119218258931111310e-09
3.404763421381378462e-09
1.119221663224288961e-09
3.404755736542827357e-09
1.119233740463996402e-09
3.403889809109445462e-09
1.155627610857461185e-09
3.403896610790788178e-09
-1.746970724608991766e-09
3.403887836173199663e-09
1.120125687340055125e-09
1.074653067238467898e-09
3.404776135054537415e-09
3.403906596848450383e-09
1.119237784822702843e-09
1.120135484793973162e-09
3.403903376720564256e-09
1.120146340524079236e-09
3.403898931173172677e-09
1.120147611527509777e-09
3.403905709713575273e-09
1.120138591670166110e-09
3.403930263965436204e-09
-1.747833234867518949e-09
3.404793890511743915e-09
1.119275345157048646e-09
3.404802114524035396e-09
1.154770949429197429e-09
3.404824144366991757e-09
1.119267184150455913e-09
3.404810217383510366e-09
1.119276000509828069e-09
3.403935748720610110e-09
1.120159563629957722e-09
3.403936717008017830e-09
1.120182987777236690e-09
3.403933184677339872e-09
-1.746906729277605212e-09
3.403935595638039619e-09
1.120172891469766070e-09
3.403947948021153382e-09
-1.423640312051734492e-05
1.424092735341394152e-05
1.119286229266146585e-09
3.404853049474737027e-09
1.119305189820844065e-09
-1.983528674708705600e-02
1.140406253114320534e-02
-1.582088257015336688e-03
1.929698068254918214e-02
8.505110568830911988e-02
-1.508883740632045167e-01
3.122911819159752689e-01
-3.187322799864619194e-01
2.682874320569895721e-01
6.761469928452426559e-02
-1.814561635132530548e-01
9.199457819111474255e-02
-1.875262301148386268e-01
2.606556380244436366e-01
-1.046102357902284619e-01
-1.595567991882170522e-01
-3.704669802846997650e-01
-1.073869221479704761e+00
3.754878184327161694e-01
-4.694687105364916402e-01
2.243225893836173768e-01
1.870411468998647297e-01
-1.370858549636095880e-01
4.464945945463068000e-01
5.947538833221988064e-02
-3.919145359590694433e-01
-3.201620092292789543e-02
2.564889871614628447e-02
9.665802986338427605e-01
4.203241236948040416e-01
-3.450009440668584393e-01
-8.818507170699720066e-02
-7.866467668765050880e-02
7.847346750561394746e-01
9.126415439498857252e-01
3.440360701220945838e-01
-1.471576044109068615e-01
-3.992513650273665782e-01
-4.382846870512712156e-01
3.192661386477705365e-01
-5.741845847228320698e-01
-1.180206910103593354e-01
-2.856002629831023709e-01
-1.497101165122252109e-01
-6.301587947841374993e-02
2.573777609893078133e-01
-2.289092394887746185e-01
1.336350531781275441e-01
3.569688418417277936e-02
-2.290553047653694774e-01
6.354461992899909095e-01
-1.394162751689860813e-01
1.610527664274351012e-01
-2.313358654023895400e-01
1.222750861504648956e-01
1.079417024046194773e-01
-2.332591337009431998e-02
-2.283069366167150838e-02
5.375949489637277257e-02
-3.863557423531799317e-02
4.048173915316771732e-02
-3.013158839853704585e-01
-1.112605632507307707e+00
-5.175558219384394087e-01
-4.379300959639120805e-03
4.458892452037985787e-01
6.915431544419594623e-01
9.044347199598219422e-01
5.247780198961300435e-01
3.149703890107027338e-01
-4.788067032224362363e-01
-1.667270002033213183e-01
9.260855677775459149e-03
-1.416203814489867430e+00
1.153131533364769035e-01
-7.567688076361217542e-02
-1.348522335287793972e-02
-2.851793847557693162e-01
7.225855663139635343e-02
3.821310706002203905e-01
8.856898023282511190e-02
2.900074455748756774e-01
-2.877120024436014001e-01
7.074575045246117577e-02
-2.395589748934818797e-01
2.273511594551129722e-01
4.398976970012097309e-02
-2.223998873974867285e-01
2.971467015151560975e-01
1.835095967068659961e+00
5.040981941562350244e-02
1.034991605240169754e-01
-3.426031159233422496e-01
-8.696572540439917454e-02
-8.985534652447049186e-01
-4.756375838834734360e-01
-2.857506671131789799e-01
1.991754426152037016e-01
-1.241764776012062588e-01
2.903236471663520057e-02
-6.591016237744178330e-01
-8.959062344692196866e-01
-5.582144538739679529e-01
-5.921988998017457817e-02
7.394718168610747711e-02
6.888669623289442878e-01
2.653498658183977010e+00
6.962772268339352255e-01
1.927599458339266381e+00
1.128024497140169835e+00
-3.456697746798047532e+00
-1.402769748575982245e+00
-1.587689247176415908e+00
-1.908143168947344259e+00
-1.599586099206907974e+00
1.159732877331968393e+00
5.760608825635706864e-01
3.942659195151460239e+00
1.090598503968011279e+00
1.698491995995319304e-01
-2.138124361078737046e-01
-1.146294622065079594e+00
-1.350799318696137785e+00
-1.847367852344063976e-01
1.040766038819251893e-01
3.090248782704663189e-01
-1.386538506047213515e-01
5.296879575199120449e-01
1.101642626695240823e+00
2.149575154215255246e-01
-1.611723339491702989e+00
-1.492537119089117681e+00
2.766709096867279172e-01
6.495170751117178565e-01
1.252970931001812005e+00
1.328458786785241541e+00
1.080619074849862304e+00
3.230207582950943568e-01
-2.177802811818798645e-01
3.942017278398601832e-03
-1.746314136841404796e-01
-8.473426831290042927e-02
2.032098837608349307e-01
1.180390738711559973e+00
1.048864302154832728e-01
-1.303384427706579807e-01
9.853148979347534642e-01
9.639088479165867085e-01
9.104025567755362758e-01
1.186374204700591406e+00
5.122042615541815280e-01
-4.441522029826181495e-01
-1.464884350789859013e-01
-5.381697381790493395e-01
-3.122580350189234188e+00
-4.402049428927703012e+00
-1.976228498210597095e-02
1.377760354424478473e-01
1.801925504721644478e+00
2.244619349960446542e+00
-3.201972106864969803e-02
-8.065719244992979320e-01
-2.174868121307167002e+00
-2.863245605534567861e-01
5.656906655022753139e-02
-2.632535242246735741e-01
-5.081497340682444852e-01
-6.839688148665570844e-02
-1.136542113090233563e+00
2.447875794024392260e-01
5.453820613892328417e-01
1.286209790914675910e+00
5.904540671899565218e-01
-1.382937393256764569e-01
-7.108915639566606437e-01
-8.798516836918748307e-01
1.006514700848296084e-01
8.267100899435281258e-02
-5.102360723096166506e-02
-6.900578692955089410e-02
2.355150850077523117e-01
7.273904025176611277e-02
-1.732298029107209592e-01
-1.931875450904095848e-01
2.065031555099390570e-01
1.917062667325874492e-01
7.370435120975390997e-02
-1.988361876801861827e-01
2.987226588884453471e-01
2.797041041610486278e-01
5.973282111857752819e-02
2.031833407858028018e-01
-6.931056555813586151e-02
9.782002035302217458e-03
1.172834887528619863e-01
-8.632033109089731759e-02
1.073836690944244276e-01
-2.100382754128784502e-01
-2.561462521537101189e-01
9.405175382337982448e-03
-2.506480606202306505e-01
-1.393042394990713140e+00
4.101335164816556356e-01
-2.708697454429863649e-01
3.897872731902147780e-01
-7.608413270491354297e-01
-3.904245240129526895e-01
3.361332114526487391e-01
2.570363688011652048e-01
1.940933326432181527e-01
-2.429890779852068583e-01
1.125818808988968911e+00
1.821820115166820298e+00
-7.132595557305622114e-01
-1.111372283143578166e+00
-3.210320065794610156e-01
3.899833792839346724e-02
-3.418546970262181794e-02
3.170881034903904605e-01
1.435969408844479100e-01
1.464964668518926150e+00
3.646104836192147758e-01
2.919498856680451393e-01
-2.011470480758972279e-01
-1.439959980319641009e+00
-5.039958466026018824e-01
2.398941190954122227e-01
8.350125699289745462e-02
2.037069006305785857e-01
-2.882550972319699589e-01
3.183861483652275504e-02
-9.378391162716219476e-02
2.899964468031591691e-01
1.392819960749306363e-01
-4.192802545839885431e-02
7.494889017650618879e-02
2.182604942649813973e-01
-4.128312249610299745e-02
-7.944483660279855197e-01
-7.916456020093470825e-01
-8.243585330357361407e-02
2.423664316537698094e-01
2.216620098087621615e-01
8.557387440908383880e-01
3.938749057873494608e-01
2.475139493572763305e-01
-4.474402470396443565e-02
-5.723174779974193882e-02
-1.112773278900770491e-01
-7.926023561882374890e-01
-1.131772520729742659e+00
1.599998528315200730e-01
6.459345876208029136e-01
9.726144695794979311e-01
1.501986939360263396e+00
1.395234068497264612e+00
-1.450023309014683015e-01
-5.497367142276043950e-02
6.732682517562427194e-03
-3.858820509722304948e-02
-1.423366414313966821e-01
-1.144782389527629674e+00
-8.242511209574598929e-02
2.433646195431573567e-01
-5.726591089926058586e-02
4.132110893392373363e-01
-1.447099067527897409e+00
-9.880639657075283022e-01
1.884306076063456403e-01
-1.425477891232050653e-01
-4.515046109643149896e-01
-2.756449710804159681e-01
3.340338075832240960e-01
1.031948831739961214e+00
3.097981665739967472e+00
3.030292584175708903e-01
-1.101460323304186417e-01
-3.322455410635125617e-01
7.457614762298012678e-01
1.111400338135979382e-01
-1.244310323110077388e+00
-3.889739971810090680e+00
-1.755322291956982861e+00
-4.941986436249057313e-01
8.799244252226294805e-01
-1.841180845543135547e-01
2.191021906310686163e-02
1.023402259823522620e-01
2.649201329354911039e-02
1.672716184608251666e-01
-1.196067208508039048e+00
-5.365487899748981881e-01
2.251497129869370895e-01
1.044982170803498533e+00
1.250163199018294868e+00
1.563046724842649393e+00
8.610496270514221839e-01
8.260820242609634434e-02
-4.406375314197852333e-03
8.661839137026983160e-02
3.726318132531711846e-01
-2.165278129405676655e-01
4.759948654820851388e-01
-5.454648290177854797e-01
2.020571056464519621e-01
-3.113016672717234812e-01
1.408250683992438024e-01
-1.711004229558341638e-01
-9.481709894312895237e-02
-4.797671200820485815e-02
-1.864930078519673184e-01
2.597730925382566447e-01
4.007595952776135118e-01
7.451052193513345578e-01
7.532777486292907554e-01
4.399467493340743829e+00
4.563250053275543117e+00
7.636793434757684906e+00
8.250874251210579047e+00
5.711187840354476464e+00
3.841205644486421988e+00
3.016199472190493225e+00
4.377611172594285449e+00
1.922035635189487834e+00
1.072463710106902113e+00
3.714104182592826930e+00
1.265148003391708187e+00
5.398725260928017633e+00
3.911781477426430342e+00
1.751153538345121774e+00
-2.575433090122132285e-01
1.486026648480368806e+00
-1.053324912559801874e+00
-7.203089747752336791e+00
-2.786471724692574981e+00
-1.361136386166911905e+00
-1.410461059820477203e+00
-3.921192320873885251e+00
4.817932973572496280e-01
-7.882276097588132302e-01
3.799861993684316985e+00
5.724330421332339824e-01
2.535321330041369947e+00
3.300789509358253326e+00
1.213304351918509383e+00
4.446885597834118187e+00
1.278649726292073296e+00
-1.162606603353523838e+00
-2.486130584843579072e+00
-1.867385702813464832e+00
-7.481722062195544254e+00
-1.306123445341580691e+01
-1.181850155275512648e+01
-8.668882309893007232e+00
-5.468179240583101119e+00
-9.530480816276316602e-01
-2.061572617171609778e-01
3.746549211725760387e-01
-7.508968047720674832e+00
-7.173329013497799167e+00
4.422322961834170840e-01
2.934106335793211784e-01
-2.190938596002078853e-01
7.289696433123555863e-01
8.889559311555138565e-01
-2.242787811658767394e-01
-3.428665252557350218e-01
1.216399158283190118e-01
-1.035060242126684127e-01
2.387363159933488799e-01
3.023580603114414123e-01
1.340608477191471914e+00
-1.874435260330431507e-02
-1.472417712216325114e+00
1.263974222257095326e+00
3.197537483533757774e-02
1.688154108442523338e-01
-8.580159485168584732e-01
7.818325111404055283e-01
1.113880184407439744e-02
8.548526739821384890e-01
7.898069978485369180e-01
-2.173066633614917365e-02
-6.207257674545767490e-01
-3.310769539887752355e-01
-1.105052936032806077e+00
-1.717475967668960490e-01
3.137205059530901452e-01
9.741945229635710912e-02
4.765510184143129102e-02
3.466121578024672911e-01
-1.222912245611942894e-01
-8.989508018709946313e-02
-7.749908441942560122e-02
1.605094254477623106e-01
5.489606636606375600e-02
2.993108371562236414e-02
-5.700191220707023776e-02
8.941380228931733454e-02
-2.086967451488898062e-01
-4.485584200143617473e-01
-1.278029528618659372e-01
-2.177814230687913355e-03
1.116782580490443544e-01
1.008462755036930308e-01
-1.321793850513259261e-01
1.014086505491614831e-01
-1.217607443761755892e+00
-1.977064626155204952e-01
5.643207244118637611e-01
-1.697029004228121085e-01
9.467120694937269931e-03
2.983727691317036301e-01
1.606787530775062312e+00
5.795179359140447684e-01
-2.130913101267928322e-01
-1.098969050397390790e+00
-6.917650879533210340e-01
-2.507762654993850315e-02
3.328583834266486963e-01
-1.698196006178824824e-01
1.587283886316301906e-01
3.429000312538400541e-01
5.074451215683501992e-01
-1.885743042349775078e-01
-3.642090583285388927e-01
-1.241673521304281769e+00
1.350807729946119640e-01
8.402105882733557074e-02
9.237375282591653303e-01
5.605839084582799892e-01
4.642364662457556523e-01
3.240164726418368613e-01
-8.493053392920768552e-02
-9.566275541507045510e-01
-2.540786893173750949e-01
-1.021422783905230558e+00
-6.095447564648370786e-02
6.437694487172367364e-01
7.211803345424852019e-01
7.256753109373709210e-02
-3.557711300654061159e-01
3.823847755312452523e-02
1.092596634426200031e-01
4.567947463318182688e-01
2.682949944875280268e-01
7.561011885225035201e-01
2.023097577059222996e-01
-2.423218660071913000e-02
1.815582442808838515e-01
-9.298499152627015540e-01
-1.702237083284974029e+00
1.377696607243135141e-01
1.117659492889231942e-01
3.313453995398285556e-04
-5.876291509327391527e-02
1.561919583884225915e-01
1.883391401527926723e+00
1.195338046412102395e+00
9.249142866241397698e-01
-2.634909817439146096e-01
-3.240543496383319066e-01
-3.411554346130291737e+00
-1.397346673398818240e+00
-3.833830519524226155e-01
-9.467453942965606828e-01
6.862786954648414373e-01
1.393251559474029122e-01
7.264181131047535711e-01
6.781625018696901819e-02
-1.331283871916346673e-01
-1.980006938047469411e-01
1.831086121391294341e-01
-1.930662986628255418e-01
-1.278052388217534308e-01
1.198327699069312580e-01
1.898391890102124613e-01
7.271203825816399124e-01
1.285563427272905068e+00
5.262119294527763946e-01
-1.208303177238846393e-01
-8.687705744614815373e-02
3.114541330075768499e-01
-2.231009946586791637e-01
-2.397482737466927194e-02
-3.869818457873377415e-01
1.586069367718074830e-01
-8.973813514606621133e-02
1.187619734822005224e-01
4.328045162092069020e-01
4.836190616158098088e-01
1.065849374330212207e-01
4.402979507157807060e-01
-1.761452226745741090e-01
-6.435234018441995385e-01
-8.541263660547082637e-03
3.598709201238061706e-01
7.030251829746156922e-01
2.491177483632927014e-01
-2.288250474925632716e-01
6.062518444233910841e-01
1.215231826823108818e-01
8.896359028318947537e-01
6.731352667358385666e-01
9.682081430365423458e-01
-9.775242301874333961e-01
-1.957437137138604566e+00
-8.928611701879516360e-01
7.830382599630558715e-02
-1.984400219494123041e+00
-6.296668695634330404e-02
1.971871167022851146e-01
1.732813807644485726e-06
-1.559890490847662403e-07
-7.956224410595683777e-05
7.923666742876405572e-05
-2.038060512885714326e-06
-7.575355782028520696e-05
7.735010239179069408e-05
-2.089994773218917246e-06
-7.576378455355359254e-05
7.737176700051140443e-05
9.113422574083844194e-04
-9.891789195523650879e-04
8.180927535897367445e-03
1.722922273015460304e-01
1.369290753950607176e-01
3.435717914101775183e-01
7.014033180587700977e-01
8.183070035371557971e-01
-7.464214742049790630e-02
1.410359296901053661e-01
5.337002829499510881e-01
5.443213317264250506e-01
3.061410607681480656e-02
6.966945754638902422e-01
3.138138664541259004e-01
6.481184648435949214e-01
1.119493672782221338e-01
4.892314766937984061e-01
2.480623151691361272e-01
3.396282267313068814e-01
-3.973650919976510210e-01
1.268929763357230733e+00
-9.803621529027850556e-02
-1.683928164623447188e-01
2.737281297678602954e+00
5.756093727318088327e+00
3.850791300714179854e+00
1.479212267129852876e+00
-1.708959391837634456e+00
-1.346020933125942065e+00
-3.062763731121151523e+00
-1.689520274856734616e+00
-2.460900925592271804e+00
-2.741095355290962488e+00
-3.102765479976957508e+00
-3.603398401474055213e+00
-8.976902057147712055e-01
-1.881850271856976009e-01
1.632078693676095316e-01
-1.785758531476196523e-05
3.231422346024543290e-04
-3.052856430876316239e-04
-3.718977264815723216e-10
3.052885659767193977e-04
-3.231240024273713922e-04
1.783498600279871497e-05
3.052900640310371450e-04
-1.169511369694673560e-03
8.464023688333248896e-04
3.231106105438080441e-04
-3.052927214903617889e-04
4.201937012313777808e-10
2.874932260213010609e-04
-2.874938098349679588e-04
-3.891650668169308047e-10
3.052968702565830904e-04
-3.230822520062357926e-04
3.230841036506155008e-04
-3.052996694348187549e-04
-3.816616222281771220e-10
2.875340637162838650e-04
-2.875341121360951028e-04
-4.038820225525999175e-10
3.053040973192261941e-04
-3.230556556789958419e-04
1.775138552985010970e-05
3.053064269446227564e-04
-3.053073053326516278e-04
-1.773506042304488252e-05
3.230445125841491499e-04
-3.053099051110528660e-04
-3.730222488318099550e-10
3.053113068469372410e-04
-3.230248025564805715e-04
1.771332975141870058e-05
3.053140079736501667e-04
-3.053148949985059687e-04
-1.769664373314110747e-05
3.230136937364779101e-04
-3.053175039347255908e-04
-4.045518756145075057e-10
2.876398890836357218e-04
-2.876399558866339677e-04
-3.736878208130192669e-10
3.053215469246708079e-04
-3.229849279624422489e-04
1.766239891343201248e-05
3.053250401516333827e-04
-3.053251055372655128e-04
-1.764600401588155374e-05
3.229721473521244635e-04
-3.053265985530347970e-04
-3.962853013404418756e-10
2.877007169429261421e-04
-2.877015915248309777e-04
4.238250557800360419e-10
3.053321412983736735e-04
-3.229448829388426208e-04
1.761175809338283264e-05
3.053341645711529165e-04
-3.053342386408805899e-04
-3.882085219692604783e-10
2.877458998804808448e-04
-1.151955798618098164e-03
1.169547998074988056e-03
-3.053387452974159555e-04
-1.757413621173516041e-05
3.229143188599379027e-04
-3.053411916480599326e-04
4.258780884371093922e-10
2.877863372411410990e-04
-2.877872207539827623e-04
1.005474632566052406e+00
1.845049845578314640e+00
1.973529503334461754e+00
2.160048390330923773e+00
1.385125036094598805e+00
5.636497399765048044e-01
1.409697862896079457e+00
1.641808059254080021e+00
2.192109813120570294e+00
2.138563215970044951e+00
1.925061596377947382e+00
1.599669290232174745e+00
5.870570152883860970e+00
5.748889159516629377e+00
6.534445729282481352e+00
5.267991188929087798e+00
3.086767327990727949e+00
6.821741061115289995e+00
3.488179213272239565e+00
4.759049732079567718e+00
1.070674413066690533e+00
-3.681837204041897849e-01
-3.314937875757387076e+00
-7.081790353852994713e-01
-7.211805010040933439e+00
-1.208352935395657823e+01
-1.407914716895507112e+01
-6.418057156132412899e+00
-2.146768182762894384e+00
-5.154337220383471418e-01
-4.047204415355121654e+00
-5.798117181505000772e+00
-1.285010163123983418e+00
1.055986780692201421e+00
-1.232376610435688136e-01
-3.906146982287745928e-01
-1.450227816221683952e+00
-1.916562472541892825e+00
-1.574296487221424679e+00
-2.140866546427607542e+00
-9.751695814148688690e-01
5.756110961255358482e-01
-1.999632794199537322e-01
-5.141975309517690107e-01
-1.208063276953021070e+00
-1.913089335007711611e-02
-9.889670649268706981e-01
-1.187008262781610313e-01
-7.992093977545140504e-01
-2.565678653499565698e-01
1.719676285876735378e+00
2.511106640832926562e+00
3.027613408801907990e+00
1.330562183891290662e-01
-2.945400402939793771e+00
9.580756589855667915e-01
2.018024312774898688e-01
-2.111725233417257597e-01
-2.512470407150509288e+00
-2.465085668761216375e+00
-1.174076117206481307e+00
2.758022025675597177e-01
1.061017006323679901e+00
2.994911416096221579e+00
5.738363467931861805e-02
1.028189798753029294e+00
2.667655231477546351e+00
6.039094962460465066e-01
1.409128217837237740e+00
7.754899473433796153e-01
-1.044449570436474684e+00
-3.575635753755239232e+00
-5.815387841867436514e-02
1.041762378112942589e+00
3.238107583766049569e+00
1.677310139654487831e+00
-8.086566978661551275e-01
-3.162468699870832012e+00
-3.550165399251953291e-01
-1.269104506143529321e+00
1.220989721104275283e-01
4.244622701508771190e-02
2.010865863693812594e-01
-3.731652995580191368e-01
3.947908996898362721e-01
-1.136049945819818774e+00
-1.018457485243715599e-01
-2.798883530107856288e-01
5.045824945192964872e-01
-1.958632654924827854e-01
2.839502344416069413e-01
-2.021684806031356363e-01
-5.986005649500176773e-01
-7.806685900612526652e-01
2.206934883552502669e-01
6.834505562805168744e-01
-3.423889536546687040e-01
-5.765209123417225356e-02
-2.024352949371630572e-01
1.284459422623046576e+00
1.002989930805957108e+00
1.344289040656032164e+00
-1.104837490917043086e+00
-4.072585157446841464e+00
-1.904748740976465626e+00
-2.700683603679235212e+00
-2.390787251906111521e+00
-1.857644098020170276e+00
2.661467831253983007e-01
1.304567177969117253e+00
1.921113680873050455e+00
6.298564584938510791e-01
1.808412196122259452e+00
7.006020908912411471e-01
-1.834249272108343654e+00
-2.428305455247697253e+00
-6.581503498801666296e-02
5.274330143920398228e-01
6.492999536399626237e-01
2.250065385023052755e+00
1.118688181963301886e+00
4.808634522989265747e-01
2.027266474676576724e+00
8.223026307388421330e-01
2.481172374142002202e+00
3.092418268466002207e+00
-7.567492781406337521e-01
-3.841938801636862522e+00
-6.422075575189871710e-01
-1.293426738981992230e+00
-3.282122404832468199e-01
1.002339732472670608e+00
-1.629160309612753821e-02
1.570991289911787492e+00
-3.442642818642926983e-04
2.231423954516060792e-01
8.990211352080286211e-01
7.168378083744755269e-01
7.303557106516783692e-02
7.033493447948813149e-01
-6.281743351191301228e-01
1.926819011394842462e+00
1.345585576516616477e+00
-2.217952117451389427e-01
-3.647689963973278271e+00
-1.039500621221812082e+00
-1.958277822740208007e+00
-1.001726989427857983e+00
1.006022931133304876e+00
4.827924866607218313e-01
1.407839980515972478e-01
2.906979669915803477e-01
-4.319397266703650651e-01
6.308980248974285221e-01
2.558277145770593286e+00
-7.530702826906710001e-04
-2.897043651854675606e+00
1.028644899029110604e+00
4.214131384613530873e-01
-9.964728404986944454e-02
1.477288848443463198e-01
-3.272856296712569613e-01
4.264373587561346435e-01
1.290173679011317187e+00
3.069122685876771728e-01
-1.019312558118653733e+00
-1.521476474237035692e+00
-8.778644369238473022e-01
-8.927126336305728493e-01
-1.392494500706546567e+00
-1.815367729291672561e-01
-2.752462040472449800e-01
3.312559978745390765e-01
2.318466454206848937e-01
-2.475138173381710160e-01
-9.620670036690093241e-03
-6.135010040187074409e-01
3.578264808521200990e-01
-8.362927135118614075e-02
-9.865541923506624400e-01
-9.419786253951007993e-01
-2.399677611062586813e+00
1.480186367094363575e+00
4.428755361185599426e+00
1.194990784851325039e+00
-3.071456506177159262e-01
-4.622326414086974644e-01
-1.139984726149539274e+00
1.062830105209249254e-01
3.852175217455906520e-01
9.076440260307183650e-02
-1.040916909642489507e+00
-1.491822878898409144e+00
-7.820804333823234700e-01
-1.479806335244430393e+00
2.035953232147011960e+00
1.719106266380287629e+00
-1.365815674958543724e-01
4.066127194265201084e-01
-9.638219897724278340e-01
-1.451857463703484008e+00
6.751152968351004091e-01
9.779365596669489236e-01
2.895307449383897946e+00
2.230356553549519560e-01
1.984143694015076953e-01
-1.005276377714403591e+00
-9.653341551669196718e-01
-5.354707169169969916e-02
1.061823628543985265e-01
2.894867171742214751e-01
2.063166736537851875e+00
1.693648070233034097e+00
-3.315202297043375324e-01
-1.392626568245173946e+00
7.626640337193268948e-02
2.530135492756277138e+00
5.533565568295766290e-01
-2.805908714984915342e+00
-1.033116813976613146e+00
3.819630771167471739e+00
3.831146534157552797e+00
-3.617866531232475591e+00
-2.801956658275646106e+00
3.910690910040540480e+00
4.571585857907114026e+00
-3.032103691735916762e+00
-3.035706357620945983e+00
9.800525842679839172e-01
1.714315839774674277e+00
9.686808159112469951e-02
-1.961187070529977650e+00
-5.727318596533890194e-01
-2.301178499199247884e-01
8.265328447885156304e-01
3.785599777777832742e-01
-6.128795377264848465e-01
-8.102039885053429202e-01
-1.419880816934563361e-01
8.164348013779298974e-03
3.903879598500701320e-01
8.223103386328325382e-01
-1.179040889445970297e+00
-8.362150490211094356e-01
1.934624357508276105e-01
1.818120389829402384e-01
8.834972727708878537e-02
-1.351697568096166258e-02
-1.039798318218829509e+00
-2.558640838149660368e+00
1.703558076220015316e+00
1.959634630499914376e+00
-3.000264517739978931e-01
-1.166628538086098565e+00
2.981378803503034192e+00
1.410964855976506893e+00
-3.964522637996390486e-01
-1.415524006036200211e+00
9.658135215384009431e-01
4.499967606221919603e-01
6.682961010252519429e-02
-8.185887280747676797e-01
1.901662078524622768e+00
1.261675838722373655e+00
-1.233544267454112386e+00
-2.854829111919883644e+00
-3.412138445248031893e+00
1.197697179044836080e+00
-1.229052698275638900e+00
-1.417823751254419840e+00
2.361355736021603313e+00
1.229557736578194449e+00
-1.871942926887565362e+00
-1.912811161797343340e+00
2.136390908891898643e+00
1.890817806195198347e+00
-3.416924675468451245e+00
-2.519020975045414001e+00
2.714616408150610560e+00
1.624309902170827158e+00
-1.369172874310993659e+00
-3.834701847292556476e+00
8.726787576954730952e-02
2.450682210111581494e+00
-3.176380320659855094e-01
-3.114809018577295419e+00
3.179507128475037803e+00
-1.602037627767991523e-01
-8.908421901820888777e-01
-1.186463696293291292e+00
4.766772441490894963e+00
1.265441929894389972e+00
-1.410972739379348084e+00
-3.222847637408949417e+00
2.143593327497048229e+00
1.163535488342484658e+00
1.101569778840958413e-01
-2.121823357567229618e-01
2.257108359522074004e+00
1.180312264547158208e+00
-1.422912313012865360e+00
-3.375961870920959562e+00
2.241367235579582839e+00
3.476130151365040000e+00
4.016361208973422414e-01
-1.244456665619118718e+00
2.572048794070737721e+00
1.519270773371141914e-01
3.723732373533303885e-01
-8.077733841544354476e-01
1.799623640101009059e-01
-3.392452386043076196e+00
-6.724197844946302460e-01
2.881601883394859231e-01
-2.308234416799054278e-01
-1.982741497701055566e+00
-2.181371738776105573e-01
1.313272246060529502e+00
-4.531700630164521293e-01
-8.707472417083694793e-03
1.231320806321590799e-01
6.000995800142537862e-01
-8.218371472218715112e-01
7.077576577406086145e-02
-1.776485749170679806e-01
6.195881508675478155e-01
-2.644661476127443400e-01
-3.625592925417364665e-01
5.101280811805177784e-01
-3.852056755783370701e-01
2.833706790837859923e-01
3.017302902788165930e-02
1.299483694279579549e-01
-4.372700607002459883e-01
1.542183497371479861e-01
2.926792118981822455e-01
-6.607209763419485959e-02
-1.830046917928198624e-01
-4.570436475467184456e-01
5.515791783720502828e-01
2.335741508371817154e+00
4.248873991586805676e-01
2.354765235346870433e+00
5.157920906952136342e+00
6.616690628915787187e+00
4.232245197227019418e+00
5.233195132847910713e+00
4.816767447542876113e+00
4.858176061691839465e+00
2.343972799764706849e+00
1.440550692860419701e+00
-6.502130907792889047e-01
2.414378057058470972e+00
6.648649791066674197e-01
2.520017738941163543e+00
2.101941229395464461e+00
-1.022909082062803066e+00
-8.574991106355298598e-01
-7.564517158395247520e-01
1.424900376877758390e+00
9.672287004982251801e-01
4.417711793900835460e+00
2.823230478874521054e-01
1.322370313658964847e+00
2.371617074228495881e-01
-3.983685463327901743e-01
-7.054381343187145603e+00
-1.996017439743951627e+00
1.985908832735823637e+00
2.572275321885079791e+00
9.252390010580313628e-03
1.703420739826690067e+00
-6.211808450132359383e+00
-1.322589527463959413e+01
-6.644786401260311948e-01
3.648264980869015517e+00
2.135772179784751756e-01
-5.267145329148739563e+00
-3.422860764460793348e-01
-1.148714313427323219e+00
-3.420513860724792465e+00
-2.785502042040377546e+00
-2.627101477393278373e+00
-1.364511608717851487e+00
-8.065684440334699445e-01
-8.072748714972597384e+00
-4.240368084633194812e+00
-3.587094177453136190e-01
-1.916555623669475850e-01
-1.272427635200317209e-01
-8.068097520101911169e-01
-1.684460051423988247e+00
5.892929763930033760e-01
3.656555760947964862e-01
2.327631920018323086e+00
2.516183901726276151e+00
-2.173838811783319169e+00
-3.180265370430182870e+00
2.911168384098331008e-01
2.030560083962697493e-01
9.107083756444173117e-02
2.017065912222680835e-01
-4.448818065776949382e-02
3.260116316652034163e-01
9.216555407180671011e-02
6.033224265680081633e-02
-1.313971449438021688e-01
6.642973319832601309e-02
-4.250056905074491853e-01
-2.511980902505061009e-01
7.714014211699815604e-03
-6.840106262515490698e-01
-1.149468540744398082e+00
7.152381145227610926e-01
6.569008505723192837e-01
2.506474991572466005e-01
6.749590900195098775e-02
1.142367606065902985e-01
1.577505902629137147e-01
-1.290454272952871739e-01
6.975697453830664863e-02
2.015298214416074707e-01
3.033953030255291949e-01
-7.799626847647748162e-01
-6.397728976579976079e-01
4.040994148209156034e-01
1.542701387832772497e-01
-8.401363884219680001e-02
4.143631838882628760e-01
-1.192843219372669017e-01
-8.663185000950708314e-01
1.136297683586249052e+00
6.408478455847467226e-01
4.902814935105190841e-01
-2.185759386773928892e-01
1.347147882238939332e-01
-4.099918215727655912e-01
-1.264111964059824178e+00
-5.466342002597945893e-02
1.480389310196531527e-01
5.137464088507959215e-01
-1.332629133051128067e-01
-2.149177413240932477e-02
-7.914037005183438556e-02
-3.398838088471040075e-02
-9.280334622044128512e-01
-1.611282131226666969e+00
1.027548940913757036e+00
2.087448545691642732e+00
3.695231082766625708e-02
-5.515323092296006147e-01
-2.491327456796003093e-01
1.058722143172309005e-01
-6.066581175539795256e-02
3.970294190807349022e+00
6.304463783565772417e-01
-5.578284381292153427e-01
5.809566409344020244e-01
5.313924826088460840e+00
8.670549504942988150e+00
1.102058536092159358e+01
1.253028307899688798e+01
4.067067126369131813e+00
5.137966057295095368e+00
3.429385955535337871e+00
5.619100256219454081e+00
4.285363486338894745e+00
2.298060892269148781e+00
4.459311982896565496e-01
9.223666107648540446e-01
3.163771245107525942e+00
-1.430522037851531536e+00
-1.944734019991329887e+00
-5.146575102109238742e-01
8.275772550354361101e-01
-2.603625229286024023e-01
-2.069530466566703808e+00
-8.361048096649220440e+00
-7.976469297963767247e+00
-5.898788650488413055e+00
-5.974016309779862866e+00
-9.136050561468550768e+00
-1.008972783281846475e+01
-2.722009337726309042e+00
-2.723830865592381301e+00
-7.452743389021594389e+00
-4.757252051198364917e+00
4.155127565747229745e-01
-1.210298527768068455e+00
-2.274899095323065890e+00
2.283204972246462905e+00
2.478980363232033413e-01
5.318735208239268042e-01
-6.255054051293387207e-01
8.890429561420436499e-01
1.002209321310962853e+00
1.581130044073528751e-01
-1.654947440978271622e-01
6.826500376316939622e-01
8.788234017960139255e-02
6.575308751958885978e-03
-7.072447637427474731e-01
-1.019975033240538842e-01
-1.854328913077414320e-01
1.340736138412171208e+00
2.152525771761302664e+00
5.847602775353255566e-01
4.166148951319126326e-02
-1.502406353341401157e-01
9.912033473980415010e-01
4.711347499562812402e-02
-1.798433923206484764e+00
-4.969458535694940338e+00
2.936333442058651766e-01
1.833475956269262186e+00
1.441284664288327466e+00
-1.718766794062572156e+00
-2.001583260822410004e+00
-1.207460732925872193e+00
9.502605627180508163e-01
-1.685871483453742270e+00
9.548942175283555711e-01
2.433248096628048973e+00
4.413730668077007202e-01
-2.628347667477807015e+00
-1.864119815335457675e-01
8.585663272796374423e-01
-2.127717400993723307e-01
-6.724742434040459349e-01
2.620446682821681583e-01
8.628649984919340987e-01
3.698985181067898642e-02
-1.078071167609853109e-01
-1.944243902641632216e-01
4.028090035790030665e-01
-6.304373383660183405e-01
-7.334929026254585760e-02
-3.298874321566547252e-01
-4.013502493276858152e-01
6.510129408970110054e-01
-2.278208645353004824e-01
2.078401409574912317e-01
1.441677294521541142e-01
-1.651705329428893587e-01
-4.902363039428993541e-01
2.436173080470502850e-01
-2.008057060897416868e-02
1.720715345176695998e-01
-1.865384366262521909e-01
-5.038515827120138013e-02
5.621869514209663077e-01
5.817454249449781623e-01
2.964188090389885399e-01
-2.564328236742612344e-01
-1.907683655594267225e-01
-1.640782762366440883e-01
-7.735960631367292395e-01
-7.685431372490558743e-04
-1.300209028053296301e-01
-1.440634704573244829e-01
5.139842836754793254e-02
-1.138626298257822578e+00
-2.593198874359337047e-01
2.822526495928512347e-01
3.592840425769874280e-01
2.360166046313207922e-01
1.155616581211840632e+00
9.504999896670760506e-01
-6.628887577532016628e-01
-3.186644475763519280e-01
2.044661016854913693e-01
1.304405529921305540e+00
5.713019063243993667e-01
1.241696177497808584e-02
-2.680582606510160115e-01
-6.166004078852296288e-01
-1.517141209255695511e+00
-8.283179273973191314e-01
2.884712404212255166e-01
-1.977161890155278989e-01
4.361684104955898533e-01
7.667251283095144476e-01
1.697978315987554554e+00
-4.864546887801972641e-01
-1.594772809402840164e-01
2.629093060217133626e-01
-4.763103073856113090e-01
-2.132672915548236237e+00
3.015540308885865661e-01
-1.544615522830107279e-01
2.344299414701996875e-01
-2.206785318023585241e-02
9.612852419594108966e-02
3.190687811749555181e-01
-2.680827495081291589e-01
1.305543100659474209e-01
4.538565168966413044e-02
2.698647505365909249e-01
1.220678858867370875e-01
-2.195899387087227594e-01
2.697219231986913157e-01
8.734386140056032977e-02
1.217956568614016188e-02
-5.479222102928858751e-02
7.412726169499367357e-02
-3.461951286033438518e-02
3.451422135824333548e-03
-5.034903133083314108e-02
-5.039949459831155609e-02
6.844454709196662323e-02
-1.434176002145046147e-02
-2.093404406081908475e-02
5.956330110080150508e-02
4.173143429665753662e-02
3.505812684185698885e-02
3.627683765182247028e-03
1.619589643207921051e-02
-7.096091641560823247e-04
1.394865438899441220e-04
-1.395237148556365036e-04
1.292712273692930196e-04
-1.293013955408425526e-04
7.095835268003240250e-04
-5.803358747805300970e-04
-1.190694667603842171e-04
1.190373044852971159e-04
-1.292975900877499362e-04
7.095817357187469195e-04
-1.289928831998065793e-03
1.300129372800291417e-03
-1.300160631070085369e-03
1.289891048846038149e-03
-7.096090769709196980e-04
1.292586425181452845e-04
5.905445767487969714e-04
-1.300168735224051329e-03
1.289890772159639747e-03
-7.096080111416983765e-04
1.292554985549840751e-04
-1.190307742178890217e-04
1.189986079155743674e-04
-1.292892646069243590e-04
3.789794066138091940e-03
-9.432412509724837080e-02
-7.598767406206316521e-02
2.252286549841894803e-02
-1.445653964320173235e-01
-2.652380702192685957e-01
2.672997573114033187e-01
-3.361508057348483458e-01
1.986184159350906642e-01
1.605586230365876887e-01
1.200399121120620194e+00
-2.743650169682079198e-01
2.723971645792686580e-01
8.223283645225731853e-03
3.542545005218141752e-01
-1.706636013011342268e-01
5.472496928605277144e-01
7.279954917680013793e-01
2.132267714795257341e-01
4.650902680620729868e-01
-1.483793159700259379e+00
-1.255783469303546118e+00
-3.758807817009975905e-01
-3.166345385278196423e-01
-5.669946103676311022e-01
-7.343443806808425123e-02
2.719240027156678563e-01
-2.981778667485341927e-01
9.354217810395437649e-02
5.622129402485500638e-01
8.205920865634142025e-01
6.237577596654972911e-01
-6.863034758330239793e-01
-4.817360628108440790e-01
-3.431118062869251695e-01
1.511473785825720451e-01
3.888767292088021743e-01
-1.363029760270987878e-01
9.503904210695460208e-02
2.624989739241200271e-01
-6.048262918239871722e-02
-1.429557593452686071e-01
3.863743615918172059e-01
-6.758589995781317805e-01
-2.221801391783590762e-01
-9.527736347406334794e-03
5.337197399960985633e-01
-1.889498850964324295e-01
5.158554880624800082e-02
7.106456759496379560e-02
7.427029023179664013e-02
-1.087703265938107178e+00
-3.576013042603198855e-02
-6.760257996670326897e-02
3.670757728790732255e-01
1.990199318127605643e-01
-1.803378878974588595e-01
-1.672559351494911084e-01
-2.240607315577820557e-01
2.210994424364894906e-01
1.589111688713766846e+00
-1.120226348412333151e-01
-7.439047457902936422e-02
6.446453758497719955e-01
1.922252621938123074e-01
9.341718185430167853e-01
-7.304716617210644802e-01
-2.450054713803571538e+00
-2.264373238538197608e-02
5.870742278609275555e-01
7.966416221431500411e-01
-8.951577148662990258e-01
6.158366738308163058e-02
-2.530036201351155145e-01
-3.998789131469626668e-02
3.451305978245050032e-01
1.468569851419324057e-02
-1.108894714243758572e-01
-1.343599990232737795e-01
3.884508659079097814e-01
-1.315342273160293174e-01
-1.715820164623810262e-01
1.851105574060651904e-03
5.481819402245896589e-01
7.966322122605645761e-03
5.779846655421314039e-02
1.346228037936852973e+00
1.091906617569271765e+00
-4.067682488272219565e-01
-8.050908703687027490e-01
-1.993468738812373742e+00
-4.498017041591786391e-01
1.070979582275033426e-01
1.326314783082203963e+00
1.292582894948696604e+00
7.269887754664399182e-01
-6.512061400336743855e-01
-2.252670811173516086e+00
-5.430152679390108927e-01
-1.831548982937883929e-01
-2.277898655338832512e-01
-7.917646321706091062e-01
-2.642807614265532123e-01
5.288528466662687499e-01
8.601796122693106117e-01
2.151426942340265436e-01
1.256947650749521417e+00
7.469537543431847837e-01
-2.106221162054376927e-01
2.777294926487595683e-01
-1.632364804822079574e-01
-3.717826084048616586e-01
-2.356104138952304639e-01
1.029673098058137559e-01
-8.758234120244328125e-01
-8.933290513306542113e-01
7.002338366526021929e-01
1.588482166300352549e+00
-1.373534856170602891e-01
-1.453610256337042328e-01
-4.262728479023201178e-01
2.812340329460787380e-01
2.730201129386446990e-01
-1.097556959135643773e-01
-5.572202770468489552e-01
-3.326064272700604008e-01
1.252198925824737075e-01
1.819159013340762854e-01
7.285578870037822119e-01
3.311362195946605524e-01
1.625531784638845068e-01
-1.513034241057860108e-01
2.108958124551885138e-01
-3.634820907225884135e-01
2.241213916398909767e-01
4.270677940004641293e+00
2.018389011954386802e+00
-1.110413475298416941e+00
3.139232320399836240e-01
6.696600624053878903e-01
2.319152423477719438e-01
-2.745409363839907968e-01
-1.757050603625422980e-01
-7.886492990317188756e-01
-3.296686014016443789e+00
-3.024479336275459396e+00
7.095506281450125741e-01
1.067581057695652813e+00
1.491472864996559178e-01
-6.947302924682396963e-02
-3.293355928450372172e-01
-6.598152122338187819e-01
-5.941479045821016491e-01
2.373759449088644335e-01
-4.603709921158716245e-02
-5.714818387721765092e-02
-1.820443748114330962e-02
2.210268853417740598e-01
2.106898480329318923e-01
-4.315292921310631691e-01
-1.664929957176797481e+00
4.387931717189783587e-01
-2.757423721295876318e-01
-4.124019094391434548e-01
2.329743671696986596e-01
3.922170400259610279e-01
2.088839070797546271e-01
7.071835903330608852e-02
1.116535355086676895e-01
2.903508382213252914e-01
2.961452488787214010e-02
-7.356253764418627106e-02
-1.120029089367136910e-01
2.355526018038874569e-01
-9.761106357668401790e-02
1.267181716465028973e-01
8.332908998342425377e-01
1.326666380361448461e+00
-1.390496164556509484e-01
3.727297714417998620e-02
-8.426643221042016130e-01
-4.408607040804485289e-01
3.042872209639068126e-01
-2.949094544268322515e-01
-2.960408447487794081e+00
-2.228640396944103763e-01
9.390136925932008882e-01
2.025763675506802031e-01
5.211545916248740973e-01
1.265525699561464990e-01
2.572714040594226703e-01
-6.502143606624233296e-01
-2.474982445261331154e-02
1.035494053324603758e-01
-1.236467696451500897e-01
-1.631896795721143878e-02
7.425956519304999226e-02
6.904695385367958238e-01
1.400775171115880013e-01
1.611353615748285228e-01
2.143049983728510521e-01
1.404747250272674330e+00
1.799174775241025870e-01
-1.798276930439635102e-02
-1.612447897141029429e-01
-3.588478268764578871e-01
-9.926860311633813883e-01
-1.134649872254897218e+00
2.094050510775469220e-02
1.819153591403849246e-01
2.383974731618380694e-01
-2.467279130860471903e-01
-2.218992297469199126e+00
7.062152293716930096e-01
1.588847825156773474e+00
2.224102784944967492e+00
4.775772252759358238e-02
-2.493474628685503625e-01
-7.980212214564086359e-02
3.030225320165829128e-01
2.863139599641693067e-01
1.610618349309187458e-01
1.397477268078804791e+00
2.179163849818737120e-01
-3.205313079563931744e-01
-1.274032007119805243e-01
-1.607888243244676163e+00
-4.198168060061537865e-01
-7.523645909421361466e-02
-1.299883692648530209e+00
-1.807930907592213199e+00
1.885268955034373972e+00
-1.285768727578468218e-01
7.726187764655366719e-01
-4.594046661320538849e-02
-1.578429054009542476e-01
-1.381093080025801445e-01
6.431348000369583318e-01
-5.390399909258298816e-01
-1.254519761609550477e-01
-1.170027909071257533e+00
-1.035878618782863470e+00
-1.597932404493962455e-01
9.206875409392889509e-02
3.056661534526976531e-01
7.419926959794785892e-01
1.499362182835477508e-01
3.655249661758750435e-01
-9.067146102489925807e-02
-1.040946280558748271e-01
8.896656954490389513e-02
-2.137174386482691979e-01
2.610350313985455584e-01
-2.600786578747943389e-01
2.593901366210119575e-01
-1.843039695233543718e-01
3.280344206399108398e-01
1.031371298042305096e+00
1.542592779692820493e+00
2.907209809404159628e+00
1.907793073854904264e-01
4.621813784444128714e-02
9.125721935620196845e-01
2.646178491039075098e-01
-5.544522956068416164e-01
-3.157260222610898559e+00
-3.122300208140431632e+00
-1.890569781807723282e-01
2.103981534050285429e-01
-3.811962119509254565e-02
-1.604927460044606180e-01
-1.377507837290043113e+00
1.290801036380240241e-02
-4.110557724345884623e-01
-2.749169618036981788e-01
-1.790176683770021704e-01
4.322227647554734986e-01
2.741379218489121694e-01
5.548847840318540392e-01
2.369770457629316596e-01
3.841292488417619166e-01
6.137862885845567495e-01
8.924699902882865521e-02
3.170002505313619379e-01
5.807883119454617660e-01
-6.345296172370394894e-01
7.841801544018671688e-01
-6.780057110660964170e-01
1.417135009798566658e+00
-7.560419467973855667e-02
7.009872832296022427e-01
4.353635070344350488e-01
-2.397036505645151472e-01
8.150916717991143479e-01
2.109677482571760798e+00
2.498554987858479848e+00
3.322501709249526591e+00
3.428534608275016993e+00
4.264694988990394009e+00
1.485105152681367002e+00
2.100871428977068689e+00
1.372414408453149548e+00
1.388492489300741539e+00
4.605884328854635612e+00
6.199251857204775007e+00
1.500862710685915147e+00
3.344962402363222509e+00
8.119740637017009988e+00
9.325229826348753193e+00
1.038278572213636863e+01
1.188000870580495416e+01
2.184066855589122724e+00
-1.799419531373587233e-01
-7.073532396907182829e-01
3.415703455561214241e-01
5.888543137100668901e+00
-3.792047473106308075e+00
-1.040488827933113214e+01
-1.328261919018984827e+00
-5.930120764230636610e+00
-1.134333124315740804e+01
-8.140921380308761002e+00
-5.164170350884859317e+00
-6.464850835953072306e+00
-4.960044444920441720e-01
1.202393134494926130e+00
1.404352522352922961e+00
4.136339185396359142e+00
1.204103405155784401e+00
8.404691870011546939e-01
1.684404961745201490e+00
1.514883993545396379e+00
-1.115717810861845294e+00
-1.034477113681942484e+01
-1.064735923132375106e+01
-3.234676606936211840e+00
-5.366588268469755008e+00
-6.018814457616906921e+00
-6.802250965818194217e+00
-2.011233132377116206e+00
-4.198925567989959529e-01
-8.919856657395484056e-01
-1.311228099241931178e+00
-4.754745590345188511e-02
-3.039386293303871778e-01
-9.279115502712877994e-01
2.034162133132215722e+00
1.960306551056271385e+00
1.287690873016000825e+00
-1.983157290243177995e+00
-2.958471014259126397e-01
8.406036219242840613e-02
5.305077953610075614e-01
-1.501107810391091313e-01
-1.157358751248607431e+00
-3.097806418564133524e-01
-6.329552105979565635e-01
-1.434300767403334120e+00
1.801977566452137580e-01
1.016390270589651257e+00
8.387601857391184801e-01
3.930408395208867534e-02
2.996923903783215160e-01
3.035634518215173938e-01
1.678107030862511784e-01
3.306321287370850293e-03
2.987002978769445760e-01
-6.663661251313053313e-01
-6.427318407607537365e-01
2.045079543690480506e+00
-1.647171819788999514e-01
8.868590700425753592e-01
-1.562553294329314113e+00
-3.567860012727018248e-01
9.813658864406454851e-02
5.235412153669086743e-01
-5.378688598208272165e-01
5.397982702084225259e-02
-1.377878892581931303e-01
2.013978379397042273e-01
3.506638139218574701e-01
3.405035402091209473e+00
1.182927675532504885e+00
1.611156398722801697e-02
-3.347634286434946205e-01
3.818466783355480842e-01
1.862324645616286745e-02
9.191942820164618055e-01
4.338882950495186464e-01
5.864690629475379779e-01
-8.602467598125009829e-01
-2.310698756684314681e+00
-3.924929479584810643e+00
-2.868340353583658242e+00
-3.602506167734111919e-01
-2.094396736365722322e+00
-2.385725449974028578e+00
-1.615619264947907752e+00
1.903439743430489273e+00
2.743244292156288289e+00
2.212815721985833761e+00
1.859460540665812012e+00
2.577636774693264243e+00
6.707023334354120792e-01
4.555663785091268458e-01
-4.648153187768522265e-01
5.377412002376189548e-01
2.264368496513160522e-01
-5.724026548663800895e-01
-2.048857113347734682e+00
-2.835100977496913366e+00
-7.755039788713500304e-01
-8.175144430855438848e-01
-2.287648716965237750e+00
4.511743180110103779e-01
2.617174201470298112e+00
1.309690031600041937e+00
1.038700961720433025e+00
-3.785886374517198893e-01
-1.299226037257124045e+00
-1.424119442836875082e+00
-1.257349361277765087e+00
-1.189195945053755921e-01
3.187145208985858069e+00
2.118477747715352244e+00
3.494592198958101914e-02
5.220116758380854982e-03
-2.348640914816858549e-01
-1.022416974519064325e+00
-1.622687112194265424e-02
-7.426063323049799658e-01
-3.686754468373965032e-02
8.614060939648893189e-02
-1.779434974431803873e-02
6.287846161511357890e-01
1.861450632230458258e+00
4.598266917654245667e-01
-3.019062791035496129e-01
4.663260366943327018e-01
-6.597985911535115822e-01
-2.682048993305400142e+00
7.639879279863226458e-02
1.008315912960434879e+00
1.174176413437555411e+00
7.804964139722214700e-02
-6.821079670752817625e-01
-1.398313872695359228e+00
-1.874175119832086622e-01
4.304972087858049967e-02
-1.061730881639681989e-01
6.626739480362076051e-03
-1.627474195287323955e-01
-1.249770491421722252e-01
2.693864496294859912e-01
9.452282179076800794e-01
7.015882462865160596e-01
7.751203382355158489e-01
2.449866277210549281e+00
4.564039701905004520e+00
1.146854125935461610e+01
1.206609029153248969e+01
9.225194015046405127e+00
4.663369663992178005e+00
5.553350784470161727e+00
5.077610431492857401e+00
1.270150998539293852e+01
4.363213991779332446e+00
1.135959058437393310e+00
4.015682451609023929e+00
-1.097440899150029736e+00
-8.722652151091381256e-02
5.340083330304736364e+00
-4.197192035959773193e+00
-1.926805293087369364e+00
-7.024077103867753635e+00
-1.513982834965435842e+01
-1.390744093024729011e+01
-1.106815669438452687e+01
-5.595112938988549445e+00
-6.535526662327846736e+00
-3.772424699402309400e+00
-3.334225717618378937e+00
-2.587108775522612980e+00
-2.039475230830336550e+00
-3.394333745027420246e+00
-3.543760193911120737e+00
-7.332905059877099507e-01
1.621390513489007867e+00
-5.572651783832782701e-02
5.486628120550389731e-01
-8.836986177072865267e-01
-5.885925381796441869e-02
-1.102031159044231545e+00
-2.361434816120163482e+00
1.939214515367970293e+00
1.377474984931619240e-01
-3.097200816764709153e-01
-2.048908151038457248e+00
-5.967440894160773723e-01
-4.349721279483125258e-01
8.303966104104922863e-01
4.597719526433685644e-01
2.141173206180937427e-01
1.221046601363369177e-01
-1.886646565563903977e+00
6.886791279097330687e-01
8.172727593257462786e-01
8.515807615549322307e-01
1.650478776727392294e+00
1.786308815473717670e+00
1.640298276986686066e+00
5.450379445232989006e-01
-1.722279854530055498e-01
-2.482493778256555927e-01
3.656870539397529818e-01
-5.195120349309694241e-01
-2.415149911891648626e-01
-2.535813172132120874e-01
-9.961746899674390754e-01
-2.386305034934248948e+00
9.298791523913270129e-01
1.790404015403973315e+00
-4.644858703518898735e-01
8.587595850327456315e-02
-9.124615150500403615e-02
3.484880277696422723e-01
2.478740675545940131e-02
-2.350172621582685695e-03
-6.994726229679576468e-02
1.773788533145990831e+00
6.368215232274101467e-01
-2.398163960299906527e+00
-4.314886349743575211e-01
2.023314374368652691e-01
-5.961648448627463459e-01
1.484871313045015295e-01
-4.015156867785065753e-01
2.826632282566445831e-01
-7.335007031136566713e-01
-9.077156402325758933e-02
-4.244488040981875265e-02
4.727865309454859499e-02
2.721240066373002975e-01
9.411434474243263182e-02
-2.217269359635949399e-01
-3.310591263272886220e-01
2.760287596961328305e-01
-2.544342583640874178e+00
-1.640414734517806394e+00
1.020945466216900854e+00
5.649124312476434540e-01
-3.390142453391522537e-01
-7.455465560974872119e-02
-2.024665041309726021e+00
-3.956845791564697734e+00
1.059763459685711950e-01
7.245274257452241073e-01
4.738840939661912444e-01
5.597057649904897403e-01
3.032566485753452667e+00
1.941757323015070202e+00
1.003382423329089779e+00
-1.230964685911896339e+00
-1.473021494320987834e+00
9.958521038160945693e-01
1.670681467155156419e+00
-1.096381262495711439e-01
-5.888416123948969627e-02
7.156979957753537569e-01
1.525234740903704811e-01
2.905501791792409971e+00
-1.195735894631739793e+00
-6.002119169937967236e+00
-2.464172234337064893e+00
-8.989441899431387384e-01
3.737609084190740560e-01
2.941066811054357188e+00
1.536915501251550964e+00
-8.265342768622758740e-01
1.140397723392239548e+00
2.015376675919258176e-01
3.407887044095603279e+00
1.921402402531596998e+00
-4.297088473788313046e-01
-5.529166054513435791e-01
-3.377291373680098019e-01
1.792513961517942622e+00
4.069572689801548293e-01
-2.317343952051798439e+00
-8.787678026318612723e-02
1.004740337662006988e+00
1.702848354014241616e+00
-1.516537816148717077e+00
-3.285912679598849806e+00
-4.830347492999638170e-01
-2.568887489968263438e-01
-1.982920796686582499e-01
-1.450365490536009716e-02
1.547118989576634185e+00
8.192075584557849677e-01
-2.869348571551946225e-01
-2.745167577342533249e-02
-2.160974559971107212e-03
-9.771385053812815524e-01
-3.652129308516576245e-01
5.581230840017656902e-01
3.155342180658732509e+00
-2.858341673948511796e-01
-8.936837753004720497e-01
-5.651017821046487866e-01
-6.232071149025275592e-01
1.438929227749028428e-01
2.103159823981430865e-01
1.622335194394601832e-01
5.680392706893866439e-02
-3.256386600821314925e-01
-2.134453647544956034e+00
-1.306716284265768024e+00
-2.341701161861600156e-01
3.839011712257711650e-02
-7.041357905472143131e-01
-6.453754226059622567e-01
3.095747766178194027e-01
4.969867813041872751e-03
7.614932914881604731e-01
-6.543410647862106799e-01
-1.695371531619800365e-01
9.224292972063885543e-01
-4.358569833665004722e-01
-3.136698989282573180e+00
-7.870915987041675166e+00
-2.954099234897782367e-01
4.828882580859072959e-01
1.003434134479112672e+00
3.104676700344397133e+00
2.290014464056991272e+00
2.401588342883477445e+00
1.915569998722987499e+00
3.308707042991531289e+00
-4.463074492843248642e-01
5.678602595612587400e-01
4.470768394508763954e+00
1.912196764808563820e+00
-5.276634985251291710e-01
-2.457421039562837528e+00
-5.312391098381977095e+00
-3.883990244368886735e-01
-1.021997855513763653e+00
9.281621892670699481e-02
1.155609897177243717e+00
1.366074100832405325e+00
-2.798202648528724801e-01
1.202600434145632669e+00
1.252870049486064286e+00
8.792525916786783080e-01
4.731994721085734934e-01
-1.722374362141642634e-01
3.093545149000280770e-01
5.471998314454431522e-01
-1.273824237467404696e-01
-1.653880794896001039e-01
-7.128213627101148697e-01
-1.706986924137555983e-01
8.194983212245762205e-01
1.697112236272711350e+00
-1.320513372021459020e+00
-2.489424456654585338e+00
1.916432698418391478e+00
3.166509542984171865e+00
-1.501127404591779957e-01
5.828959430279714304e-01
2.245985124308915282e+00
1.045850886698529436e+00
-5.285571225797154327e+00
-3.788374530262673900e+00
6.176678999561019623e+00
5.179472893707618653e+00
-4.662212443139452489e+00
-9.575657860491837425e-01
2.462369757486595034e+00
5.410072392094065208e-01
-6.717478130605563535e+00
-2.165679080988710314e+00
3.625956016520830438e+00
2.145166181846765774e+00
-1.358898446120810455e+00
-2.977553444013696371e-01
6.253935427911385680e-01
7.791349150043092031e-01
-4.675593235678427995e-01
-2.460592226134479255e-01
-2.218471961487266775e+00
-4.227551522586982524e-01
-7.391357382293183287e-01
2.457937850981394556e-01
-2.764631154387916290e+00
-2.072796114079578533e+00
1.591537112690258660e+00
2.418372166115396737e-01
2.620556989879441190e-02
1.974003147294992377e+00
3.409641028025901299e+00
2.041231746775519440e+00
-1.596244834620545561e+00
-1.263929391638068722e+00
2.226754522475324904e+00
3.728715361131289541e-01
-2.932572244688778085e+00
-1.387486155375531993e+00
3.020488873375885008e-01
-5.063756194654106535e-01
-1.746631754174412521e+00
-1.976786363322670326e+00
3.266808245422492263e-02
2.559099350164908415e-01
-1.102971057626714213e+00
-3.579094869663642875e+00
9.436212493753997066e-01
7.394235624709022403e-02
3.222986970903320980e-01
2.057997232506304286e+00
2.795427373204689481e+00
-2.202893042476894436e-01
3.865547900290269290e-01
1.211626968665395765e-01
-1.503510943736316996e+00
5.210742210226597670e-01
1.758970599565419235e+00
3.056325752061025414e-01
-2.018246430114576828e+00
1.971480332087036658e-01
8.152929766675143242e-01
3.528015047850092678e-01
8.514195102041202112e-01
-4.664862259147619650e-01
4.688633739826988389e-01
-3.032873037372598723e-01
1.201400502826470262e+00
4.299644279155529492e-01
-5.923540093647502447e-01
3.677173054110888795e-01
-3.783212836739099361e-01
2.346090916058797826e-01
-8.718772116752454560e-03
-1.903788969310739321e-01
4.576953403680473764e-01
-6.356121389227412655e-01
9.365968903032284576e-02
1.211398710149320657e-01
-9.726464324419585583e-02
-7.513242341518637513e-02
4.045980277868567454e-02
-6.485213094188410632e-03
6.892071923111031673e-03
4.816798747813126613e-02
-9.655438648852876504e-04
-4.074122758506552866e-02
6.977397181198231879e-02
-4.231188426855207740e-02
-2.887968311556490808e-02
3.657378781684160474e-02
3.339285296791415225e-02
-2.308742172169558904e-03
-2.872113544894637494e-02
-2.056406069443530993e-02
5.254939062691926094e-02
-6.102368929266112352e-03
2.292792172829132696e-02
-3.229560508489848214e-02
-2.284764578917734823e-03
-3.671377392525099204e-03
-1.948429245957530864e-02
-3.215747656277551103e-03
2.830986840322362308e-02
4.204120938445576883e-03
-1.686459578900129097e-02
-3.037958029154791406e-02
6.166767053927503517e-02
-9.280239367766035530e-02
-5.223215585547147377e-02
1.268086967702847234e-02
2.956893202649321095e-01
3.320809445484316225e-01
6.009259724789001167e-02
-2.207055943487912231e-02
-8.328701007676841961e-02
1.973272775161649673e-01
1.078012408406240352e-01
1.049941447514235460e-02
5.989765256690382511e-02
2.811445883415877312e-01
-2.094226922650093137e-01
3.773891657890837692e-01
-1.722522449372356768e-01
-6.139018517123794316e-01
-5.478903609225859173e-01
1.550298733289755537e-01
-5.602655741194066952e-01
6.150605289382932162e-01
-7.586655863133728861e-02
-7.853120442023624470e-01
-5.594680161447219691e-01
-1.661811517662320714e+00
-6.238405970344658158e-01
-3.617638922927257639e-02
-7.687899211639828145e-01
2.347980577676644032e+00
1.627155371244470405e+00
-6.747289273063367121e-02
-2.078673202972939338e-01
-5.060308589818574010e-02
-2.327164923740648872e-01
-7.286648883441828595e-01
6.546367172083455976e-02
2.850151686715636234e-01
4.381434184949442034e-01
3.440668719112888185e-01
-2.386615694731549775e-01
4.450693684083120161e-01
-3.081665915442058923e-01
9.350958434225947746e-01
2.374745023482370154e+00
3.295281999162704700e-01
2.570116018692267801e-01
-5.737339132460776980e-01
-1.939605560035774445e+00
-8.427762167503574098e-01
-6.617258215033963720e-02
3.142795439568041305e-01
2.679547754595549836e-01
6.725794625509258218e-01
1.732695662344519771e+00
-6.096328586968713381e-02
-3.375227956069504209e-01
-1.247862434776519924e+00
2.467547614453959870e-01
3.887465033042942775e-01
7.459808414223438877e-01
2.072476185925151704e-01
-1.690163313453116878e-01
3.317754416407194817e-01
-1.613423037118591363e+00
8.175547272770145035e-02
-6.518552754114770309e-02
-3.751390249405606170e-02
1.060925431178647571e-01
4.389040712657843457e-02
7.113424288467129486e-02
-7.579845796760062981e-01
-1.778544648688337615e+00
-1.497774409028944209e+00
3.802084818445501391e-01
-1.772593030574372008e-01
-2.231328056258091941e+00
-1.882480809859909954e-02
-1.846529018777305353e-01
1.936870731539043877e+00
1.003088964837256736e+00
1.155806063500529834e+00
1.840833142730453176e+00
3.401196595329647465e-02
-9.272369059666196733e-02
5.210941667777202468e-02
-3.049917549021050611e-01
5.823121125129464559e-01
4.640946778987078858e+00
4.536186182068449035e+00
3.430504396136669243e+00
3.962105792201423782e+00
5.334049141054702403e+00
1.853224345718412991e+00
2.991752834770785796e+00
5.421778358553801525e+00
2.036103461417624771e+00
1.140790604518379325e+00
2.051402955285773544e+00
6.000518500619129725e+00
-5.360337544268602983e-01
1.300796208439393808e+00
3.561387912898581476e-01
1.619334134121665159e+00
1.013233857166078167e+00
2.301949420386819156e+00
2.752054273169520116e+00
5.721563012328886089e+00
2.983543129759553381e+00
-2.775312577505388845e-01
6.102685725939522854e-01
1.188504201193204324e+00
9.122023183868321894e-01
-5.936442805989926796e+00
-5.762102398186534913e+00
2.106947069480277435e+00
-7.326717650506964219e-01
-3.160345567050001137e+00
-3.915432659138694760e+00
-1.010915726089875477e+01
-8.624403751018935083e+00
-6.111213116800858103e+00
-8.955123590172133774e+00
-8.734479910764232358e-01
-2.882139460346857973e+00
-2.551481475059468096e+00
-7.127732173400902482e-01
-1.178555954150190210e+00
-1.560856517544434663e+00
-3.058904687795345190e+00
-1.444923350614986113e-01
2.652670856429791835e-01
2.637350601690160445e-01
2.187858984377770710e-01
1.095993395851369012e-01
-1.253475986716572343e-01
1.325744450651566986e-01
-4.848297102579501860e-02
9.043006363338434994e-04
7.908380121107505545e-03
1.316273738538253912e-01
-3.067909032471547448e-01
5.156018618679658605e-01
-1.581035065412812468e-01
2.569875122097373676e-01
-5.597935143006882441e-03
-1.096142920342241478e+00
-5.985386802848723375e-01
2.937679065139815471e-01
6.149780334221038869e-02
6.119192647391037410e-01
1.234571035918385906e-01
1.597487446422057644e+00
1.988387203483116483e+00
-5.695465543767808114e-01
-2.965466086033226034e+00
-3.845931579187398253e-01
2.833493263553772401e-01
-2.746582320025852120e-01
6.323026506543760750e-02
8.299486288474555717e-02
7.395901179019856997e-01
4.802830322773325999e-01
-2.165608179162641367e+00
-1.090835076728584319e-02
3.048585194091349426e-01
2.980364117988842931e-02
6.555289668064562258e-02
2.249261316534496569e-01
-2.928590567868165628e-01
-8.901627412079009538e-01
1.451631447531199770e-01
3.978958704394666701e-01
4.743810674241446534e-01
-3.413965116082740003e-02
6.937093938259624171e-01
5.830232186152572993e-02
3.984354495341912994e-01
-1.027208571896397249e+00
-1.510230892126063207e+00
-6.235618205237989375e-01
4.275769392071342434e-01
2.301335079688688889e-01
7.209745771232446421e-01
1.170136608704365866e+00
-1.539183815882489981e-01
-2.124103131669072830e-01
3.403681209244646677e-02
-5.236371976158604724e-02
2.595496372947110331e-01
-8.928411730046070804e-02
-2.278684397509540549e-01
1.676094111057184755e-01
-2.740495388076907846e-01
3.538472607860481123e-01
-2.861273449178490802e-01
1.317553021531082669e-01
-1.054257559773725816e-01
-1.079076223593415929e+00
-1.139108219324104221e-01
2.123573672831482462e-01
-1.592264864308478023e-01
4.229928887618270572e-01
-1.499372256267785530e-01
-9.496980965627849214e-02
1.926619960643027873e-03
6.108746982305640616e-02
1.555111813885864669e-01
-1.152928655647152412e-01
1.296726633574430965e+00
-4.577104411937146233e-01
2.416882705485536853e-01
-3.942547534402933151e-01
2.648283002085561333e-01
-4.831409750528494196e-01
-6.025877688786282493e-02
1.084337267383761738e-01
-1.357693483557375624e-01
-1.509702663128486277e-01
3.054126914153405467e-02
1.387078820984291028e-01
-4.657479295198981017e-02
-1.201137555641503818e-01
-7.518490556097635023e-03
9.476038862179803068e-02
-8.017907804594649745e-02
-1.922045317612567361e-01
6.821739956457968657e-02
-3.344106146488605436e-02
1.192595820198456003e-01
2.783927357311037631e-02
7.454713087151066710e-03
-1.498406844089635731e-04
7.155890447593924635e-04
8.203182728990524248e-10
-7.213118994052680148e-04
1.612816356174823565e-04
5.600278808169801680e-04
-3.040901553272437130e-10
-7.155869605606335728e-04
7.155874579953842981e-04
-5.657550208869070382e-04
5.714772647139873063e-04
-7.270348036571007118e-04
7.213098747578469434e-04
-5.657546747548239732e-04
-1.498306684598801073e-04
7.155840917998428042e-04
-1.753727559976968179e-09
5.725962413359189219e-06
-1.292791123923834251e-03
1.287065352715772819e-03
-1.746658163845790884e-09
-7.155811286763191304e-04
7.155804946170729423e-04
-5.657571994746063860e-04
5.714833832342816741e-04
-7.270345904394286780e-04
7.213068442818242575e-04
-5.657594144926080849e-04
5.714863794259252049e-04
-7.270357969196243738e-04
7.213072785752847179e-04
5.727893788294178517e-06
-1.292795096668157432e-03
1.287064820126055699e-03
5.729810972137513429e-06
-5.731877737603771168e-06
-7.213045890253776040e-04
1.555445867353329268e-04
5.714910988471733197e-04
-7.270373697885433584e-04
7.213043970136102240e-04
-5.600295010717607717e-04
5.600285727653472618e-04
-7.213037503180114596e-04
7.213031163965406964e-04
5.732563578664941812e-06
-1.292800351003684216e-03
1.287065413728816178e-03
5.734311706168359017e-06
-5.733804290324927929e-06
-7.213041392103945997e-04
1.555379417918326427e-04
5.714986593518178639e-04
-5.735466724157269846e-06
-7.213019924998124088e-04
1.612719305427740696e-04
5.600291309686863906e-04
-7.213027454292500647e-04
7.213006689211553602e-04
5.737068661632340820e-06
-5.715025981634478010e-04
-1.555354206983624796e-04
7.270368275516498431e-04
-5.737743419216627181e-06
-7.213011151370230011e-04
1.612704901278108746e-04
5.600293740151392544e-04
-3.110982488972898179e-10
-7.213004109021091273e-04
1.612688716006243587e-04
5.600291658560210568e-04
8.113938826415664860e-10
-7.155596820467016120e-04
7.155576218052933646e-04
-5.657699747822365205e-04
-1.555279154854174312e-04
7.270374413356659685e-04
-5.741113064353304992e-06
-3.110873023516992717e-10
-1.281328124678791794e-03
1.281326053298728444e-03
-3.110219146709421525e-10
-7.212948173741782522e-04
1.612641620129089950e-04
5.600294045114088265e-04
-3.110752628032639180e-10
-7.155520003335011803e-04
7.155499400964774465e-04
-5.657729181322690816e-04
5.657734164709636105e-04
-7.155512335170288816e-04
7.155491733050415443e-04
-3.109985389824180971e-10
-1.281324064677918538e-03
1.281323124913169445e-03
-3.109954492671126612e-10
5.745525218117492029e-06
-1.292815546976381182e-03
1.287067639423315106e-03
8.205339219715448171e-10
-7.155456051440080853e-04
7.155449875374791241e-04
-5.657791100425220562e-04
5.715248426525279535e-04
-7.270393253507687493e-04
7.212905884393097308e-04
-3.200267113351263834e-10
-1.281321281360287912e-03
1.281320661763245619e-03
-1.753609956438569669e-09
5.749463732027549653e-06
-1.292818952311096132e-03
1.287069680511451937e-03
-1.753531670362014393e-09
5.750244498494616283e-06
-7.270398710609511954e-04
1.555062774780206205e-04
5.715329682842611777e-04
-7.270396752465635958e-04
7.212878768843016420e-04
-1.762636494292128429e-09
-5.600298853667573127e-04
-1.612566339258287434e-04
7.212867203544560089e-04
5.751389108663826060e-06
-1.292824044920293973e-03
1.287070273769387553e-03
5.753305892129065189e-06
-5.754247935024108073e-06
-7.212862837700232321e-04
1.555010725170670590e-04
5.715379571652943981e-04
-5.755429898682685495e-06
-7.212855861620738520e-04
7.270411130937587440e-04
-5.715424981786207219e-04
-1.554990443572805674e-04
7.212841386521246000e-04
5.756057389610354312e-06
-5.715449745023642222e-04
-1.554956262558366458e-04
7.270399800936094229e-04
-5.758751606871080030e-06
-7.212837109774070197e-04
1.554948816559993457e-04
5.715468002383932702e-04
-5.759532288014607824e-06
-7.212825541343094666e-04
7.270408964534146251e-04
-5.715486190681161706e-04
5.657875929147453999e-04
-7.155211459136017263e-04
7.155216510341017326e-04
-5.657922271725351979e-04
-1.554901114840250183e-04
7.270408881202542915e-04
-5.761242304387332217e-06
-6.219108545780073580e-10
-1.281310158884814074e-03
1.281309539630854982e-03
-3.200798019440211951e-10
-7.212809713945552131e-04
1.612488515417447900e-04
5.600308787180274762e-04
-3.199973789043414210e-10
-7.155167480742069888e-04
7.155146882377563843e-04
-5.657944102996602387e-04
5.657934826199202466e-04
-7.155138366052978200e-04
7.155132031362191952e-04
-3.110005695355390343e-10
-1.281308256776525706e-03
1.281306186086367954e-03
8.205765734821233873e-10
-3.038202578060277209e-10
-1.281307911720899924e-03
1.281305833876514224e-03
-3.109922588074025447e-10
-7.155097851755265080e-04
7.155088570664368177e-04
-5.657980316746405100e-04
5.657974059357945718e-04
-7.155083072622158953e-04
7.155062404023687780e-04
-3.109798009771571779e-10
-5.600299880401626807e-04
-1.612450379685582752e-04
7.212737760014957316e-04
5.769024282136888936e-06
-1.292844102427502485e-03
1.287073828173928213e-03
-3.109817152191019299e-10
5.769804802891770328e-06
-7.270443294689352479e-04
-1.907750839763518447e-01
-7.780896189994171430e-02
2.788672017774445067e-01
2.839101985067316036e-01
1.095681995316535318e-01
3.358930316327574661e-01
1.350045694596319068e-01
6.360587619135746884e-01
-1.497953988957940741e-01
-7.224574497670666062e-04
2.481035917553398029e-02
6.138872246157396351e-01
-1.770886670122961970e-01
3.652665977515410223e-01
1.827890345595459820e-01
3.519661237705800083e-01
-2.631624904820708544e-01
-1.547359426526222048e+00
5.733026324427813458e-01
-2.895992459977505540e-01
-1.333417021146524606e+00
8.901532911213497212e-02
7.985852206397217601e-02
-3.421992845672373385e+00
-6.227778050478378624e-01
-2.700215771038214640e-01
-1.815306526676483401e-01
1.579687121122574922e-01
-2.434878153222827635e+00
-1.968489343183819074e+00
-8.628491841734486911e-02
-2.954224934295586635e+00
-3.948618210315821386e+00
-5.915559381532585093e+00
-5.726643132022395832e+00
-5.075507565352172179e+00
-8.096364509586813085e+00
-8.387374143241970614e+00
-5.766156931928016149e+00
-4.387470308861551871e+00
-4.032199402995871651e+00
-4.537244866671699128e-01
-3.545799735345170234e+00
-1.308401439517538734e+00
-2.013855328663709088e+00
-1.670993211814206347e+00
-1.406920534460923022e+00
-1.151950529738201112e+00
1.556758200983878737e+00
7.221825035880826249e+00
1.099425913973504976e+00
5.252415416996285558e-01
3.121790313322598820e+00
6.798214535692373772e+00
1.272193695131054625e+01
5.645912039657119408e+00
2.071705093412496979e+00
3.148865255815046282e+00
5.154578214223711541e+00
1.091469734089681864e+01
8.329025064908591958e+00
1.446863026269849861e+00
3.619373948988159562e+00
3.879939121719547135e+00
1.452258569659351739e+00
9.879917644538505073e-01
-4.671839645899824589e-01
-1.793839615480897987e+00
-4.662695121012920829e-01
-1.987083430419147589e-01
-1.482613883202112071e+00
-1.067900075968708062e+00
-1.251019082441606756e-01
1.063736335608096439e-01
-5.565161657702518694e-01
-3.641192068698926310e-01
-2.459490270684523416e-01
2.714900163872406846e-01
2.142261469825454956e-01
-1.244531064776170259e+00
-4.750374138047153139e-02
2.316181204563050322e-01
3.790260919658161587e-01
-5.158894903437090118e-01
3.695623758401955783e-02
1.578735182419919170e-01
1.165244754381798309e+00
7.221760671970746115e-01
-8.290728931206761687e-02
-1.029700423720216196e-01
9.319209203490688154e-01
-1.017109522812926214e-01
1.395993510226729017e-01
-3.576740319007086222e-01
3.443786916030444067e-01
2.708548722857390123e-01
2.252787825851784165e-01
1.902857274418581879e+00
1.542420673207836934e+00
-1.862203344737336508e-01
-6.636077533846456156e-01
-2.294207392580366101e+00
-2.525441817803026900e-01
3.262374195178132652e-01
-5.942119517811418339e-01
-1.220370551551031246e+00
-1.513928902000319376e-01
4.749751252096625631e-01
8.945988352985399794e-02
1.040245850103024949e+00
7.391323156728992760e-01
2.406589230040074856e-01
7.833567627637059161e-01
3.186231565457240400e-01
1.267818280720049984e-01
1.992289429274727297e-01
-2.221889592889692011e-01
3.875932858514836710e-01
2.338100869894126355e-01
5.710721033480310460e-01
3.703927717022885702e-01
6.156454886312445751e-04
-1.495787240650114924e-01
-3.172768260263311380e+00
-8.254164909026551200e-02
7.421792228660071267e-01
4.099056658258626307e-01
6.752263407895733316e-01
2.030295996611353182e-01
9.904622564572651555e-02
8.754795360616576261e-01
5.604691123400282748e-01
1.860146834014742012e-02
3.906570354335414663e-02
2.737661378603100104e-01
-8.154334599924428773e-02
1.082306398683803295e-01
-1.565719007226373805e-01
7.532973142445280601e-01
5.642270761222425435e-01
-2.046986555604268787e-01
2.591182461384731184e-01
-3.735844870336215706e-01
2.543325300327186511e+00
1.652459576765524574e+00
6.015132172212549477e-01
1.521233559847935624e+00
4.899865657297119981e-02
9.216261957522693393e-01
-2.554121342077744217e+00
-4.100134452552889108e+00
-4.486452508700236486e+00
-6.243904307765477668e+00
-4.691165917277206887e-02
3.528068726810515976e-01
8.191475466991082754e-02
-2.055015926040039353e+00
5.670057521939293466e-01
1.110758544061815734e+00
1.260556270748157459e+00
-1.390250631348908250e-01
1.669006012626109037e+00
6.358021610173824056e-01
6.749819227830786694e-01
1.747035425217804971e-02
2.507248316138916966e-01
1.448192320287168267e-01
-2.149087118511202599e-01
-5.374669297112684152e-01
5.679419970728015743e-01
1.608341271445504761e-01
8.442790802162692287e+00
4.837582042365708546e+00
1.622938073143306070e+00
9.494491701013293650e+00
1.328259563555611678e+01
1.088753831357426094e+01
3.148907621091041165e+00
2.187800964535213666e-01
-9.738841458423053155e-02
-1.298920447507654785e+00
-7.124422477894775341e+00
-8.504985831020135834e+00
-9.790936997747852644e+00
-1.067542621972777894e+01
-4.458872826883014895e+00
-2.026478647447049752e-01
-2.958934179381049745e-01
3.302384713475774447e-01
-2.754381074769165494e+00
-1.078063287638270751e+00
-1.304013935555678572e+00
3.301309529355011207e+00
-1.941256844756471089e+00
2.905278384718557483e+00
3.115873879999650597e+00
7.494519823450069396e+00
6.003151390696050527e+00
6.782687453828749824e+00
3.849537330338343111e+00
1.488482825581961322e+00
-3.088263755675768607e-02
4.845535764377210342e+00
5.851712463236395934e-01
-4.411758509285590435e-01
-2.181980599953384115e+00
-7.477535369148640143e-01
-8.594377711695244670e-03
-8.522870107536846263e-01
-3.232847982381201746e-01
-1.271171048395089542e+00
-3.352831959441331833e+00
-6.107581412437578905e+00
-6.871591919079534705e+00
-4.166974372273955396e+00
-3.378265454704807880e+00
-2.217038927204669108e+00
-2.083770506854301985e+00
-2.302294850099928070e+00
-1.371584395443712800e+00
-1.303064215965659578e+00
1.687472094378343890e+00
-2.923092282507761208e+00
-2.138825045858903984e+00
-2.849488458652849054e-01
-1.143855557502801545e+00
-3.493382919113072749e-01
-1.141594761316339079e-01
-2.362267743041810419e-01
2.536988110294439158e-01
3.105680238160737350e-01
3.130378118160756507e-01
4.823001320227059130e-02
-8.719629944656367426e-01
-6.705244589897995100e-01
6.932621124449056538e-02
3.722274341360731764e-01
1.707252492572205460e-01
6.973231141602237448e-01
2.765599166904183503e-01
-3.569319471509502240e-02
-2.209462377015110945e+00
-7.334043858085426137e+00
-6.410564364856851327e+00
-2.558235706418248157e+00
-2.494054216758364362e+00
-8.165717239800649452e-01
-4.623328356142444306e-01
-2.866370657175536962e+00
-1.758174514050345749e+00
-2.319660567074492974e-01
2.648641782613125883e-01
2.730407765266740228e-01
-1.808954367002009178e-01
-3.105290688764341667e-01
-3.041042971397992289e+00
-9.098296246522743047e+00
-6.471513786355643560e+00
-4.778604251371390887e+00
-5.860574859632883715e+00
-3.827083120584241271e+00
-2.239208706288337680e+00
-2.410388690769948994e-01
2.252441958345485773e-01
2.905984964302582796e+00
-6.949100325960841928e-01
3.317344512735544981e-01
-3.445819979728057092e+00
2.422425552094296108e-01
-3.802957160408325876e+00
-1.107412318223296666e+00
7.874063904425291582e+00
1.349782157621347523e+01
1.320606688063570289e+01
7.955254815911722233e+00
1.214903286980611341e+00
4.917848834919286816e+00
9.679535768361057890e+00
7.181476990667995608e+00
-3.313058441490674966e-01
-6.440520887559531005e-02
-4.119921922589258045e-01
-2.204992108097251879e+00
-5.166567529217140908e+00
-7.083984285223881017e-01
-2.018397827249675203e+00
-4.358887233093469149e+00
-1.421556957146545841e+00
-4.089197618411969160e+00
-2.971528134352347195e+00
-1.076412720357787123e+00
2.685875813545990809e+00
3.207193185647440714e+00
1.979868075939265282e+00
2.153821422931265772e+00
1.931372484406388423e-01
4.617260611726443642e-01
-1.700079055793501936e-01
1.507648685400797106e+00
-2.031984870788843267e-01
-9.706493421487287776e-01
-5.110847221314607225e-01
-7.354122966851761589e-02
3.913454803931847081e+00
1.260590673138092122e+01
1.243153646383141364e+01
1.006503180076293091e+01
1.625534485558851827e+01
1.328162926953877587e+01
6.499396590139404850e+00
1.010084609004249501e+01
1.176748798510983818e+01
6.082454898247377173e+00
5.750011946884356462e+00
6.354628755171347620e+00
-3.095722282022009608e+00
-3.085312409285137392e+00
-1.114278510517628717e+01
-8.825639415679162880e+00
-1.875160815979666040e+01
-1.534736731815537780e+01
-1.174377902325406708e+01
-7.903029791042904151e+00
-2.544960928917710419e+00
-6.923134989226085168e-01
-1.004314435854308130e+00
-5.012374901314586850e+00
-4.800219340322705364e+00
-3.406357828454673609e-01
-2.537636952768945520e+00
-3.226959942726617125e-01
6.614494093435523414e-01
3.649594702304324034e+00
2.130602117859734967e+00
2.193166517154827133e+00
2.764457709680092634e+00
-8.087276055479808434e-01
-1.045204486272655942e+00
-3.984843619072062637e-01
-3.029791089220928768e+00
-3.772332646644231957e-01
-5.282206525149728549e-01
-3.107171193706141921e-01
-4.247254071484869442e-01
1.367792350444122285e+00
-9.154896645691250612e-01
-6.233891085167773127e-01
-6.200618512734283883e-01
-1.704804391380998485e+00
-3.715101362735609758e+00
-4.803670248034878298e+00
-6.479815915140417104e+00
-6.877756011742976128e+00
-4.395476880609912484e+00
-1.801035779257261993e+00
3.762326020745732080e-02
-1.076141455012464831e+00
-1.180206850853007694e+00
-4.580829195581976876e-01
4.108394591400578832e+00
8.632092286480169463e+00
1.044815657844864809e+01
9.082482696227064167e+00
7.256938205913184170e+00
1.252333451485347204e+01
8.534017613489449872e+00
6.981634311918917035e+00
7.254394852629872048e+00
1.279468689266536785e+01
1.132508291782298926e+01
9.267463460104806927e+00
6.345531460185540595e+00
4.061392872293694722e+00
-1.113587798510934590e+00
2.490268291478230367e+00
-1.009341389354545981e+00
2.967100295892350914e-01
1.667577593505910727e+00
-2.095326629050234146e+00
-2.805450913970133797e+00
-6.872308729896133173e+00
-9.699626415654975631e+00
-8.148489908874850585e+00
-1.029072551687794146e+01
-1.107811096283999319e+01
-1.027336697614818561e+01
-7.902689489476504292e+00
-7.549587893887569123e+00
-7.504413165333669866e+00
-6.314046995489880132e+00
-1.701972595246828535e+00
1.965209935415404008e-01
-1.847215189971268545e-01
-3.935835741805882027e-02
-1.097376300647068259e-01
-2.331018657661279025e-01
-8.516662385215528763e-02
-1.392121345433485202e-01
-1.466234430052790749e-01
-1.616600708020508037e-01
