7.718275072969546513e-02
4.895000335824549464e-02
6.835033454442153433e-02
7.375730972760714821e-02
6.394982120287315275e-02
1.516299060886621974e-01
1.264922164946234717e-01
9.159316491953366224e-02
1.585999784552128145e-01
7.858279660452731352e-02
2.035660689315944155e-02
-2.009647148182693716e-02
6.487610107880921462e-02
-9.076053052380701758e-02
7.687785522466232535e-02
-5.241279065551867483e-02
-3.696725325884594321e-02
-1.843317987480556572e-02
6.740609574588878050e-02
9.647298632444083200e-02
-4.868597172056046175e-03
-2.956485367676029569e-02
6.277817099316808369e-02
-1.310252155573588678e-02
-9.620745185779745745e-03
2.032339034068295358e-01
1.418231289532198916e-02
-3.960738692241880243e-02
9.863335214960035346e-02
-1.265324480304214905e-01
2.032677390642573523e-01
1.387093578204704192e-01
-1.134316225709808695e-01
2.468006413541816990e-01
-3.588306024390598009e-02
-4.948852811849439870e-02
6.865981585154284916e-02
2.064759901192135191e-02
3.339272641669319835e-02
2.240005436610057257e-02
1.312330381215399445e-02
6.374744813630700557e-02
4.207578932916272718e-02
-5.255750701100638488e-03
7.692168270719419200e-03
-2.750070801049661062e-01
4.092594212520642150e-01
2.404224677815985090e-01
-1.385137531699243973e-01
-5.792863138717584820e-02
3.910196961549340933e-01
-3.467850994327631997e-01
-3.965220901516510188e-01
2.196330874741374284e-01
-1.392618887523001392e-01
2.938064088086832504e-01
4.644589717120512634e-02
2.995005737717345781e-02
-1.073288086223305876e-01
-1.502710890518596798e-01
3.871203596399884483e-02
6.062490558614032354e-02
-9.108849517527464051e-03
-4.130704874117860359e-02
1.877340570208324289e-01
-1.990468290534632145e-01
6.367171605526986133e-02
5.387941649031608576e-02
-1.561245174199706875e-01
7.568539227427159566e-02
2.066311078176915478e-02
-1.243125824019649939e-01
1.670025512627965059e-01
5.235445814630206723e-02
5.048028268410337770e-03
-9.700118302510543633e-02
-2.210112649372934432e-02
-5.194103836958383937e-03
1.606262408233348829e-02
2.132932085927088592e-02
9.812322489472596887e-02
2.223802891564307174e-03
3.422108858237436074e-02
-2.603038964568190304e-03
2.264922489482113638e-02
-2.056785016110622075e-02
-3.049615096148968005e-03
5.432119963533974666e-02
-9.259182097498871999e-02
-3.605242641177465734e-01
3.598531494132189423e-01
7.186275812946378572e-02
-1.342576178721198721e-01
1.728934509795725660e-01
-1.854271375853782933e-01
-2.559952967984622241e-01
1.130961369891366787e-02
-8.603652639535464344e-03
3.891859493885813787e-02
-1.908296351378397163e-02
4.527216519252225818e-02
-3.155705966961694364e-02
-1.460159834898258971e-02
1.001373289655199950e-01
3.092690973826429240e-02
-6.833448451321433303e-02
-1.248276029200248369e-02
-2.030871406724243933e-02
-1.029668235872688853e-01
-7.506367605821073763e-02
3.039659498057746545e-02
-7.955535444111354326e-02
-6.119304933847063283e-02
1.583732890332172905e-01
-4.681700508873057331e-02
-2.900808505353694861e-02
3.509721383729878796e-02
-4.461473126675730844e-02
-9.089701519669185492e-02
-5.506894818626457272e-02
2.515791232882156822e-02
2.837741316918132237e-02
1.476386215560724635e-01
4.506501496661753647e-02
4.811100301633185021e-03
-2.430570570778123676e-02
-2.629063669489396272e-03
3.394421362635018091e-02
-1.173495557331532234e-02
8.313416094471802464e-03
-1.744271233524665897e-03
1.865481209147807490e-02
8.107440242869493052e-02
3.504689009495476348e-02
2.218893842219988102e-02
-1.181264200857620695e-03
-1.187165699982699633e-03
-1.158859450965763578e-03
-1.158470747222951468e-03
-1.158518301520574008e-03
-1.141003320236363928e-03
-1.158516485704624800e-03
-1.187164036420587133e-03
-9.657625826770539052e-06
8.845669401570953371e-05
8.225238887697072971e-05
5.946980530279657030e-05
4.172538750158808629e-05
1.108628222692827975e-04
5.981163866935152254e-05
8.221248637113191858e-05
4.162077239426044666e-05
8.846666242967197785e-05
8.221735736370387119e-05
5.958008477854329147e-05
6.436165448170166545e-05
8.811915711250327919e-05
5.981141019441734666e-05
8.221269479838373532e-05
4.195309851501469823e-05
1.106359804786439811e-04
5.946901090661992957e-05
5.980802150550837328e-05
6.437419328962974859e-05
5.981697815971128080e-05
1.108615747768390878e-04
5.925391575719668675e-05
4.196243120611141517e-05
8.221741908481130351e-05
8.845711073938864388e-05
8.221673433918394360e-05
4.164666467636858545e-05
5.958371394919948535e-05
1.108625653647904620e-04
4.195856491849421331e-05
8.221582661150172544e-05
5.946851454311999900e-05
8.846275912748017699e-05
6.434991223600779208e-05
5.959101112977263301e-05
8.221671062326261342e-05
8.844919197796411760e-05
4.161587340651339370e-05
8.221635999161159387e-05
5.981210116595911001e-05
1.106333800963890516e-04
4.194743891299215657e-05
5.946156850015935454e-05
8.221167475731147004e-05
8.845977101135168855e-05
6.437067213514766453e-05
5.958522903391818008e-05
5.946714087151911256e-05
1.108582785981130459e-04
4.195396386889808357e-05
8.221264431295908376e-05
5.981229197464372452e-05
8.789343876016786697e-05
6.439539465384363137e-05
5.980359255909291539e-05
8.221189686898600882e-05
8.845209154324577513e-05
4.160008279605819867e-05
8.221965826218548951e-05
5.958541123992766310e-05
9.299639954869724366e-05
5.981464451205423423e-05
5.946649645350774154e-05
8.221466263230056107e-05
4.195915092035802765e-05
1.106371693081113316e-04
5.981273889072200685e-05
8.186903388940817798e-05
4.195715974460087337e-05
8.845766268374249930e-05
8.221385080067071299e-05
5.958773357212601457e-05
6.401566951831900271e-05
8.844982604998033698e-05
5.981246356925293994e-05
8.221520122780262097e-05
4.195108203229156206e-05
1.102860615619900646e-04
5.981288590023439228e-05
5.984972381986671024e-05
6.435788182728433742e-05
8.846275055888732025e-05
8.186638868932546835e-05
5.981054935173347396e-05
4.173062553442941899e-05
1.108644803725338933e-04
5.981336415402830698e-05
8.186148169696460467e-05
4.195538801259298995e-05
8.845795125532168854e-05
8.199000891840975869e-05
5.981294526038512537e-05
6.401045480998511592e-05
8.845821443304739456e-05
5.980976393402263799e-05
6.435291303006291438e-05
5.959645918490788757e-05
1.105140448163578792e-04
5.981255880739881435e-05
4.196045663982714540e-05
8.221686052349839221e-05
8.845834901148334132e-05
8.163918689428229934e-05
4.195884997341820091e-05
5.981874595800706386e-05
1.109027251405347934e-04
5.981428157249237996e-05
1.883387186742144139e-03
1.000920602944798399e-01
-1.510691469029823431e-02
-1.501371724064387222e-02
2.015471559206948385e-02
-2.631583052344869163e-03
-6.085151367125451148e-03
-7.887100292906760665e-03
-3.011047637925326481e-03
-3.038100859724530891e-03
-3.109447799869219722e-02
-7.022224435791961372e-02
5.779599941868712211e-03
1.621170471389318454e-02
-2.641328848461032414e-02
-5.761295113939039758e-02
3.062281368747163390e-02
3.707246299248895954e-02
2.447484887844083093e-02
2.174921370254495102e-04
2.399029941551002101e-04
2.174988032398626682e-04
2.399036294010195808e-04
2.174972102942856827e-04
2.399025098800324093e-04
2.174960435596843893e-04
2.399023282325353436e-04
2.174970587361573849e-04
2.577637014646341459e-04
2.174898767308617014e-04
2.399119140442913334e-04
2.174988820650860892e-04
2.398988539614662914e-04
2.174961039872075634e-04
2.399122498355714232e-04
2.174995477576648409e-04
2.398956656365582214e-04
2.174956104311602675e-04
2.399028836385577864e-04
2.174986438569554868e-04
2.399025724151392493e-04
2.174969260645016596e-04
2.685477351967561241e-04
2.353477939148570142e-04
2.399030454010754197e-04
2.174989025379584558e-04
2.399032098897127302e-04
2.175005872160587115e-04
2.398857556682219372e-04
2.174822640810375983e-04
2.398927929497394118e-04
2.175032131681255609e-04
2.399121218716689823e-04
2.174962896223931721e-04
2.399030521624672676e-04
2.174990597422343114e-04
2.399030817251203743e-04
2.353521410253956044e-04
2.399026966800075014e-04
2.175000655747867315e-04
2.174979698651928852e-04
2.398928807382536628e-04
2.399015138370469056e-04
2.175041480230369259e-04
2.174946567671884735e-04
2.399020636371912549e-04
2.174998607830485578e-04
2.399032870163937215e-04
2.174985261297559158e-04
2.399023091285650119e-04
2.174948472569464470e-04
2.399030858333931783e-04
2.353324124220407894e-04
2.398999748430634112e-04
2.175015550709504561e-04
2.399034148622094967e-04
2.174953447328709425e-04
2.399024590163948074e-04
2.174981669810779959e-04
2.399059740901998054e-04
2.174989366946310633e-04
2.399020791641277351e-04
2.174959290366881598e-04
2.399036815844109237e-04
2.174982778994801174e-04
2.399024379715472208e-04
2.353471977214088883e-04
2.399036397248806773e-04
2.175003895994549936e-04
2.399030573834021174e-04
2.174990191088448088e-04
2.685537306116287477e-04
2.174986868483196176e-04
2.399010318398537710e-04
2.175031834812746559e-04
2.399125093289630414e-04
1.002742749549063173e-01
7.843931161428607801e-02
1.118387622316323465e-01
-1.735401115582523718e-02
4.996812126171554930e-02
-1.634927931822032290e-02
-2.082946339862475071e-02
1.841598318272975043e-01
-1.157381834441574275e-01
1.464897205005801298e-02
1.320816324631880409e-02
-4.414255314143149950e-02
-1.038331577960516228e-01
5.760272479950235419e-02
-9.071425680287081850e-02
-1.242604346652422670e-01
-2.590803292189437779e-02
-9.123521169844141243e-02
-5.950719057338854645e-02
-1.521642233143384593e-01
-2.976399333386219037e-02
-4.508042925921923461e-02
1.054033209508351832e-01
2.889827689264321542e-01
2.239942892464123203e-01
1.107523761420825120e-01
-2.433401222075394152e-02
-1.411131329404329005e-01
-7.572752365610173342e-02
-5.819537231544044849e-03
-1.919293778010754403e-01
-2.077411174084138334e-01
-6.049534468395068726e-02
-1.326386131167276439e-01
9.793490715573295591e-02
1.985254698719613464e-01
-8.369279011404183455e-02
3.400907946071005661e-01
-1.477575904466645607e-01
3.794102216955173162e-02
1.350617633842139398e-01
-1.419163164794066401e-01
7.051329878610315682e-02
4.734186162533629560e-02
-8.089808801340515887e-02
1.558971071577621402e-02
1.528648606242149766e-01
2.648601094593903450e-04
8.022652934165584726e-02
-5.677075096109667623e-02
-4.918885680100568147e-01
2.652376650617739862e-01
1.579259637797515159e-01
-1.731406760655048727e-01
8.429631651524722991e-02
-8.381901360814963953e-02
-6.299317737689195951e-02
-6.172997534475910264e-02
4.276555246689504354e-03
-6.982871122431839883e-02
-2.611610191413267223e-01
1.328470986022921851e-01
1.294437095045835595e-01
1.183973605762672215e-01
-3.914369149438501339e-02
1.674935353557320192e-02
1.144299813475126021e-01
3.047867125283770448e-02
-7.544447042131295633e-02
-5.876177590087878350e-02
5.683558358679525330e-04
-3.428496392699581508e-02
-1.566316606279777313e-01
1.784388681974632407e-01
1.565768647263412680e-02
-1.030029094172807552e-01
1.617871832577021107e-01
-8.760341337982428117e-03
-1.358745490262304977e-02
-1.274049571576347240e-01
1.855234719803436627e-01
-9.558153562610288700e-02
-1.177006593632967252e-01
2.502548067443272628e-01
-2.461795315775614987e-03
-5.644913795294874415e-02
-1.624485571374669202e-01
2.431162616608482652e-01
-1.695960964156670650e-02
-2.708623974465396711e-01
8.295743196063480596e-02
7.254742602719470301e-02
-1.944485804168291990e-02
1.408852375334802842e-01
7.089338346413914804e-02
-2.800463622051392321e-01
-9.400199737228397134e-02
2.502116426130034377e-01
-2.600940496423627749e-02
-1.456707006799038140e-01
-1.685136945254579743e-02
2.078600749175679024e-02
1.008640142203964252e-01
1.789399918782250687e-01
-3.678895427898083992e-01
1.350161680840856748e-01
-1.257072646494621637e-01
1.206768041929416474e-01
-7.486066554832751518e-02
-2.670979809896092613e-02
1.571815697211327578e-01
-1.626537281567628015e-02
4.464060238856002415e-03
4.530603458187374560e-02
1.566195912157623132e-02
-8.931148937743173255e-02
8.484430728071216954e-02
-1.635305784972449494e-01
5.714549517746721902e-02
3.775826376253041405e-02
2.160171042538108072e-02
-2.129737756760766848e-02
-1.436459425621520736e-01
1.939149891020860716e-01
5.432546411510661387e-03
-1.930353304656217961e-01
8.841120363520323100e-02
1.267293294811728567e-02
-7.313829790660318630e-02
1.982960358928762268e-01
-8.440167106571712374e-02
4.260027002006942093e-02
8.826734302360471351e-02
-2.313826072632027553e-01
7.703423758532246257e-02
-3.299756878337169186e-02
-1.019567709450472232e-01
-7.594347392258092751e-03
1.021449474875893576e-01
6.061512751739445148e-02
8.313183802504229766e-03
4.971329129138168240e-02
1.385966462067984573e-01
-1.232763936779642522e-01
-1.435250586720118182e-01
7.044698693364399855e-02
-4.224732811762244716e-02
3.563500359521255823e-02
2.043882859223682680e-01
-2.591936140203450201e-01
1.104227078449794980e-01
-3.989386202212349269e-02
-2.416518461243677418e-02
1.336110568747934380e-01
-3.121217323960066570e-01
1.145967131702512187e-01
-7.074120860684063317e-02
3.022044418742968197e-02
1.650809488816697146e-01
-1.026931669697035698e-01
2.309644780496986627e-01
-1.257324293896472656e-01
-4.104564444060594675e-02
1.270717296965758747e-01
1.591870732270687016e-03
-1.512618276384728767e-02
2.503841977208964842e-01
-2.366877940115914014e-01
-9.183713835732626452e-02
-9.640175516566991398e-02
4.161607058591782621e-02
5.639473328499351734e-02
6.820929785471695206e-02
1.736487649424461321e-01
-8.932952537646435265e-02
5.769326097051513669e-02
-2.232682821172351367e-02
-2.982915787863780199e-01
1.177388277412513840e-01
4.520980801652656894e-02
-1.814224578212378924e-01
3.733970220775942317e-02
5.639084199906225364e-02
3.865492805952609051e-02
1.086926486166900872e-02
-1.920150396260477538e-02
8.218852705545007242e-02
1.064598271794789941e-01
-6.530385728345260155e-02
-7.938588575902114086e-02
-1.110653612349914443e-01
-8.708912885732294010e-03
8.253463118875370430e-02
7.749955576940675828e-02
1.848364553825173479e-02
-4.326718768339508220e-02
9.719414040395621401e-02
-7.762561189396495004e-06
-2.852994008219243982e-01
-2.875629128023582046e-02
2.468205590284918427e-01
1.037085643872463214e-01
-4.712248058871942868e-01
3.214060340144180850e-01
5.265960433368783999e-02
-1.156085154488756955e-01
8.777136836176256673e-02
-3.365040194492269904e-02
-5.886646526323118661e-02
5.774403540772314082e-03
1.272746903912128080e-01
-1.738734034326695210e-01
5.088794284932627449e-02
-1.442833935524922943e-02
7.181134672901921812e-02
1.135214736192972640e-01
-1.358508102258641770e-01
-1.648834985173038281e-01
6.510629461321731926e-02
1.372894085068801229e-01
-7.979447815903666086e-02
1.043246329204003398e-01
8.236926063126625772e-03
-1.653295507235062745e-02
6.683754094896959819e-02
-2.506898154712259297e-01
2.713606667237239978e-01
-1.792196607306549474e-03
-1.218944078980622042e-01
-1.491027720828054168e-02
-1.561516459758273134e-01
1.358207901784903859e-01
6.352948670000732601e-02
1.131577203392666875e-02
-1.171977371044871097e-01
-9.417684010276156092e-02
2.129850600105398784e-01
-5.806365013424925892e-02
2.906733912101816530e-02
-5.071191021922115232e-03
-2.519784353050972311e-03
1.201174572153503317e-01
-5.881880687733694740e-02
6.649587384699373604e-02
-2.139015990015254859e-02
-9.254753414940992962e-02
-9.821357494917556333e-04
1.335050435048922186e-02
-1.007384917673614516e-01
7.768641014995386618e-02
1.023547956080069488e-01
-6.891974826317970315e-02
1.133285724856594387e-02
-3.902924675591408488e-02
-4.052220669840660844e-02
-8.663342446295470289e-02
2.816258556195598284e-01
-1.457132867875218230e-01
-3.016452772523628423e-01
1.342225246007581474e-01
2.164517989676641441e-01
7.285204538264372642e-02
-1.566056091095486824e-01
7.655654358768479439e-02
1.449590712901998035e-01
-1.582787928527575397e-02
-1.288921142359560623e-01
-4.818863346747364468e-02
3.142499694401892918e-02
-2.540952383042859031e-02
5.602794781484768741e-03
-9.539539764752151541e-02
2.654533357822795245e-02
1.608029919822561993e-01
-2.141857731359598227e-01
2.995079453788273560e-01
1.468409399070801369e-01
-2.956305943701365568e-01
-1.416353495095441783e-01
6.195489673651645157e-01
-2.761425648032382885e-01
-3.765821636671986324e-03
-8.307034800421768672e-01
3.450836148402726122e-01
3.049955281509240668e-01
-1.402112005143983826e-02
4.725078359884599816e-02
-2.196318191402307080e-02
1.280455699338023390e-01
-1.241294389723400365e-01
2.340877406292486348e-02
5.723465336865082159e-02
1.537260164771958315e-01
-1.443196553385868719e-01
1.112179348838680942e-01
2.369009308658030603e-03
5.959503662456007433e-02
-5.129916720529500984e-02
-2.872482815591502758e-01
-7.733468659422368940e-01
1.156206191091387891e+00
-7.230736720108235649e-02
-3.660352680014457571e-01
4.519394601234254516e-01
-6.955003503491568040e-01
-1.604930616671429167e-01
3.685174838107302397e-01
-2.960604842328467545e-01
2.413470506415128086e-02
7.969214145726354059e-02
2.624191196127528825e-01
-2.077473168103627192e-03
-1.584835483096194986e-01
1.482165260061007496e-02
6.729823025637411693e-03
4.984594826328653250e-03
7.972436320325869408e-02
4.573811074099750490e-02
3.130001753616060839e-02
-3.531736278816514224e-02
3.970217866696272857e-01
-1.490979225246547302e-01
-2.411313045543665712e-01
3.651260534263398583e-01
-1.542661611807589171e-02
1.622466876289037629e-01
3.168218865543798723e-01
-1.807967333506774743e-01
4.404221434183786671e-02
-6.749085398028287219e-02
2.553944125673327514e-01
-3.383715365993830715e-01
-1.198274825329528198e-01
4.275233277735613346e-01
6.346842432582062710e-01
5.348252511890201344e-01
-1.176694058897019002e-01
-2.948733072423178059e-01
-4.013898010783500947e-01
-1.337533844520581994e-01
-1.042679841365548310e-01
-4.726165752968733424e-02
-1.333835302904246289e-01
-2.190521461114749296e-02
-2.465929815321999188e-02
-2.332324095863635427e-01
3.904248674940120098e-04
-3.874247213550116586e-02
-5.615105546362371587e-03
5.275032199397503702e-02
-1.039811919348344535e-02
3.197393067791420157e-02
9.777140131178725657e-02
9.582983786025059403e-02
1.545117153841011996e-02
-6.012962508115991811e-02
-2.553788577382614527e-02
1.069007170141966778e-02
-4.270497881570463339e-02
-2.268221233490836167e-02
1.117312624521091605e-02
6.682979743483588586e-02
1.984282207280499422e-02
-1.855911192593939080e-03
-5.395747771250616193e-02
8.202623377198018512e-03
-7.127639657648952940e-04
-7.920639741894194841e-02
-6.193203685977654444e-02
-5.033850967496340811e-02
-9.575829550893044662e-02
-6.463330592654462081e-02
1.473553227686267564e-01
1.053684705741142758e-01
2.797444320968337991e-02
2.759337498229505470e-01
-3.727572468611836665e-02
-1.488025574751780933e-01
1.132467891430805895e-01
-1.593436539138429753e-01
-4.795834348453507229e-02
1.484166206985127086e-02
1.127618461370320790e-01
2.380009481637555477e-02
1.389230382164445832e-01
-8.656316779052165844e-02
-2.112387797462250694e-01
-1.184513794930108603e-02
1.180432995945807917e-01
-1.402887215708908120e-01
9.959189691004026804e-03
2.113229271110201018e-03
-7.717465302468880239e-02
-5.136037184597408434e-02
1.750859488571477329e-01
-1.092853778241072576e-01
2.097636077903271001e-01
2.603783284393706432e-01
1.105211918612579447e-02
8.372534087764805025e-03
-5.316631815258374694e-01
6.671146179191080050e-02
3.205128997387395318e-01
-3.301416251399745538e-02
-8.824640417030568673e-02
1.092882936873688371e-01
-2.289634329426359083e-01
-1.120381107850231261e-01
-1.088511588131246960e-01
1.589226356773428273e-01
2.708672344349740690e-01
-1.282488736782088912e-01
2.193425169456837600e-03
-9.480405800771297270e-03
-1.457047529000742303e-01
1.229145774621661358e-01
1.228401025461029333e-01
1.606633244094172186e-01
-2.359779333454092853e-01
-2.919022214890871353e-02
-1.101097353947660673e-01
1.727396809746635231e-01
7.875811708677277201e-02
-2.669469296788375967e-01
2.861377534022854167e-03
1.573047306182550065e-01
-1.137842524673640526e-01
8.439128662800411684e-02
2.453226348474424889e-01
-2.180446470215322563e-01
-6.512172476882530092e-02
2.417832637106320237e-01
-1.403118172170870759e-01
-1.029633103075988237e-01
5.657772221739329477e-02
9.122782481004265351e-03
2.357099074090290292e-01
6.495145758116075904e-03
-5.001389994502682956e-01
5.539015055553816458e-01
-4.834851759336315502e-01
2.595008232047293362e-01
3.326134687909035412e-03
-1.547106703131023997e-01
-4.910452657112999476e-03
8.477645648282990110e-02
-1.050506493602474875e-02
5.783320166243228339e-02
-2.381555085982138206e-02
4.347406098151949949e-02
-7.887114224125081618e-02
1.503076280762614958e-01
-2.463676938188806009e-01
-3.380288086547161841e-02
7.366199192695006837e-02
2.694583316435590903e-01
-3.969577091074486669e-02
-1.906790873359683058e-01
-4.942950117186046266e-01
1.165808605079209498e-01
1.752203831362560832e-02
2.894415668433800506e-03
1.409350552278044733e-01
-1.267544001436400058e-01
-2.888379470403729804e-02
2.603937367371932099e-02
8.770785740899260385e-02
-4.821355681541684285e-02
1.005776846086559734e-01
7.364700729800072176e-02
2.830169667667148947e-01
4.661972761544427163e-02
-3.014456047161599359e-02
1.415057594747785343e-02
-2.123329016228099331e-01
-1.663849061942888341e-01
-1.121703026192399505e-01
-1.076435410970616874e-01
2.313040612985474073e-02
5.166351852978282727e-02
2.911993906570305435e-01
-4.660694394649519956e-02
-1.120647985895459331e-01
2.993675666347851358e-02
2.111963957303395617e-02
-5.709993703081019806e-02
9.599909399683249911e-02
1.075540667614515999e-01
5.299680465699903309e-02
8.594430617363250924e-02
-4.327786314510286871e-03
7.516955054442440998e-02
-5.040967734145115203e-02
2.015074477024102542e-02
5.536779902712173594e-03
-1.877370130429312223e-02
3.491419364931389741e-03
4.395866126552546230e-03
-4.975118974558186136e-02
3.429344115829003475e-02
8.972693476571766413e-02
-2.168696138252560607e-02
-3.612386659561250130e-02
8.468842252068080681e-03
-1.251031633964848899e-01
5.780943847232930533e-02
-7.059733172035925763e-02
-1.001956762875439860e-01
-7.287727071084580677e-02
5.625441043768528160e-02
6.913843650104170568e-02
2.342981514406791959e-03
2.285787715781870903e-03
2.314334474201081970e-03
2.342967926412385660e-03
2.288207562778447543e-03
2.342981606235785153e-03
2.285772977752613400e-03
2.314337157544968902e-03
2.342982916045739227e-03
2.285768734679592424e-03
2.314333288695896197e-03
2.316923843580754976e-03
2.314307550421789567e-03
8.026926675627309507e-03
8.550486369202121850e-02
-4.831665220251977338e-02
-5.615731598571386575e-03
-1.047965351201881126e-02
-8.711851931733798071e-02
1.565306708018118775e-02
6.472560619103573387e-02
2.743305620923290264e-02
-3.418404007886085422e-02
-8.571025544458407697e-02
-9.847904850244797170e-02
-4.477507924878196960e-02
-6.099903201146631565e-02
-6.925171152934109231e-02
2.847465225593192803e-02
-2.188570603939590242e-01
1.773215843948474923e-01
3.032698921776246989e-02
-3.573006554207302510e-01
1.653819872949839065e-01
8.170055560017969176e-02
-3.258906197661154414e-02
-3.336433463592966553e-02
6.477494545593301400e-02
-6.378508395319035934e-03
-1.642315835270662661e-01
-1.430983323524392670e-01
-1.002472172493279745e-01
-1.730560043030778261e-01
-7.135298762482707169e-02
-9.429918326624890657e-02
-3.864931432532889982e-02
9.163516864779725282e-03
6.769285789966804356e-02
-1.979244367827134865e-03
1.184110437220901829e-05
5.000341427606136776e-05
-1.558474183467268220e-05
2.136818461545653765e-05
1.184171694770629357e-05
2.096169170469993124e-05
1.346868596277321742e-05
1.184191669083480290e-05
2.095132172698481205e-05
-1.527265865485750106e-05
5.000024958231424324e-05
1.142391978773503137e-05
1.184151758154135588e-05
-5.639486829246319234e-06
4.006287950432925265e-05
2.137288051823388847e-05
-1.516689820576945124e-05
1.142144800147795908e-05
4.999626726828990429e-05
1.205841731371336273e-05
-5.635500228357543683e-06
1.184160039720043924e-05
4.958767775159519383e-05
-1.516873686066955034e-05
1.183732083100730821e-05
2.095488410625776361e-05
4.047483556488226425e-05
-5.639984352800136320e-06
1.142352431259148234e-05
1.184447603178701964e-05
2.363567966403321772e-05
1.142399866884697879e-05
2.136849525181805709e-05
1.184090163324764691e-05
-1.558353186006254228e-05
5.000442495266943900e-05
1.183993504393432233e-05
2.095260679419537388e-05
-1.516950686006189194e-05
5.000455010266478643e-05
1.205741648140794454e-05
-1.516778751999291998e-05
2.136888115805160392e-05
4.005887763146968330e-05
2.136948220352265750e-05
-1.516335143433818062e-05
1.142401293619769552e-05
5.000440455851146474e-05
-1.516657599119152222e-05
2.095231943630203406e-05
1.183655360510659617e-05
4.111197322741680794e-05
-6.058379535354668231e-06
1.183927998835787833e-05
2.137458822657444307e-05
1.305286124835246738e-05
2.138067159077478165e-05
1.184219126078397891e-05
1.142729502454471884e-05
2.299305237198088559e-05
1.183456247273040369e-05
2.095177273251041831e-05
-1.453190863923894910e-05
1.183856871739395117e-05
4.958349154479724556e-05
1.110790334054475381e-05
-6.058122855736538419e-06
1.184023317214269307e-05
5.000522670918506869e-05
1.142171264172500585e-05
-1.517098550761500197e-05
2.136986377335726149e-05
4.069432185285906190e-05
-5.635420464451526989e-06
1.382771456573863023e-01
-5.788620555062080203e-02
-2.002975363579357140e-02
-2.241793552080841023e-02
-2.217453877113632899e-02
2.379313790276299176e-02
4.837061025316826031e-03
-3.211963209402352026e-02
1.398085585304601752e-01
5.143621135587633092e-02
2.637081211288529528e-02
4.317822026062491658e-01
2.342627764221114073e-01
1.377310510383903119e-01
5.320317286379072641e-01
5.979958986987309322e-01
-2.926456780858619489e-01
5.311131646323186128e-01
1.098072550961595312e-01
-1.020276050257392687e-02
4.287312721743188199e-02
-1.060380136454227989e-01
1.137404742956698162e-01
-4.232962370182831724e-01
-1.309669942388722030e-01
-3.215041171373709261e-01
-4.689725274701900815e-01
1.532581565547304348e-01
4.137160890152439818e-01
-4.705435724392666441e-01
5.722501258241803335e-01
3.312529261490694821e-01
-7.385227618128559213e-01
5.949039288995703334e-01
-9.019241463972355044e-02
-5.414257296232106720e-01
-1.736545581350625866e-01
4.649738475874689025e-01
-2.244022575355981985e-02
-5.624203221483330406e-01
-1.617897346104562040e-01
5.475862309199578393e-01
-1.523368716162600833e-01
-6.967061449102670556e-01
5.628719243047181076e-01
6.755289345258175260e-02
9.821754908891208724e-02
-3.695837746343543784e-01
2.849678881033107514e-01
2.312133250254441441e-01
1.384259845063542382e-01
-1.924354102475075989e-01
-3.008956057078358004e-01
4.093940651674752851e-01
-3.422543208555350880e-01
-4.597852931743212634e-01
2.583330784728682383e-01
4.694977815034404589e-01
3.034531655161171737e-01
-4.210840330069265947e-01
-2.528986587667399477e-01
-1.371392216680299980e-01
2.720166480977448953e-01
-5.119041658174421361e-01
4.106607520017206969e-01
3.463139333188744451e-01
8.551043926667604989e-02
-4.257610609599944973e-01
-3.787594586919020845e-01
7.705811271786522365e-02
-2.103541327431659447e-01
-5.633480127016047417e-02
8.536024524720802198e-01
-4.596248227290031241e-02
-3.716065897889647696e-01
-3.148692563284983814e-01
6.573725553152157675e-01
1.428809668449401438e-01
-1.855370793742450522e-02
-3.317779279046148555e-02
-1.701576352183567231e-01
-8.212485814651587779e-02
6.769847538831422207e-02
-6.244659470301387044e-02
1.783055636987181808e-02
3.316908773155121670e-01
1.128137860320591462e-01
-4.015343660054170316e-01
7.888723465618584230e-02
1.620436934257100114e-01
-4.623818021217779989e-02
5.560872688850521800e-02
-5.713209508252153901e-02
-2.722556238128717165e-01
4.962111467163353440e-02
7.975809627760897802e-02
-7.371971686884834507e-02
-8.942296499934043741e-02
-3.827492127189158211e-02
5.280211101779274524e-02
1.009134064886214738e-01
-3.336592976184139109e-02
1.925894918755289564e-01
-2.355673874345010077e-02
7.820230479943093838e-02
-2.781541311564334484e-01
-4.818610576301268211e-01
-4.955257874963746034e-01
1.251560920373493646e+00
6.997283670237530728e-02
-2.364824449911688831e-01
3.351389454994869732e-01
-5.268115764800322953e-01
8.289254754425894045e-02
1.225689551102498165e-01
-2.324217954707462341e-01
-1.089991685981863273e-01
2.128449649292395440e-01
-3.703381223343181206e-01
5.691920380048074435e-01
-6.573429318579324665e-01
3.846021520760382617e-01
7.476134271711097901e-01
-1.223464863961087890e+00
3.930848868015398012e-01
2.276803311209754654e-01
-1.923330952436120289e-01
1.970769403916876883e-01
-2.052497047804640873e-01
2.805669740501589016e-01
-8.763041635667326301e-02
4.659226709977620784e-02
-5.668775255133338131e-01
4.041574057399393571e-01
-1.623179221175058695e-01
-2.506283255530386000e-01
2.990513012945077431e-01
1.769497874158555001e-02
-2.252427391085398689e-01
6.819675359236110346e-01
-1.926635271449443909e-01
4.947636826547886779e-02
-2.643350982042896868e-01
-2.718750596693713661e-01
3.427773958792355580e-01
-2.225963098339725221e-01
1.635697615510051661e-01
1.391649405827387609e-01
-1.660055644484789428e-01
2.409672005097604763e-01
6.370599865512666105e-02
-2.920692409942741707e-01
-5.256474405918162840e-02
7.016668965118232071e-02
4.926861666730808845e-03
-1.331052140369370640e-01
-1.788843130286400449e-02
1.946918218187662641e-01
-1.615226823331803174e-01
5.036512488226632667e-02
1.392845092199267998e-01
-1.423334860345073505e-01
5.807285290432215308e-02
3.326859645796331061e-02
-3.387203898863146989e-01
1.149474295996194551e-01
-1.238356750684878882e-01
-7.890529878811917974e-02
1.999596906857032397e-01
1.790474915993067184e-01
-3.836681970147786530e-02
-5.788104849833421162e-02
2.900538253010885303e-01
8.980147658948839026e-03
-1.258330922349845116e-01
-6.903360461347516491e-03
-2.647629629968308307e-01
1.028004299980522090e-01
-7.332165323330742945e-02
2.482163432982485707e-01
-1.477755869040112413e-01
-1.939676908389625642e-01
-1.412188317423526129e-01
2.937227657346069831e-01
-2.442771647813266889e-01
-5.257132429816584185e-02
2.016154167607709935e-01
-1.033106449079744943e-01
1.020940859728147465e-01
-2.738062487566862019e-02
7.527915725703671068e-02
9.078043906822536036e-02
-2.023686771849009247e-01
-2.092110974581409266e-01
3.125426011509479379e-02
2.942214554325190967e-01
6.765865273169725802e-02
-1.117469470634796236e-01
-4.308143966323472324e-02
-1.216594345182891723e-01
5.508962419775599584e-02
-1.650897608141605188e-01
1.994631178681408601e-01
2.521043655082633519e-02
-2.129607093692605438e-02
-1.391554929586467926e-01
-1.600816152357785183e-01
2.526649666367811534e-02
5.692494992833580653e-02
-1.433961596935268146e-01
4.339472366788287294e-01
-2.209337479874149412e-01
-6.838475396796991901e-02
-1.666577182713282340e-02
-1.303257014038475547e-01
2.397797078857148798e-03
3.211216841573540787e-02
4.177712427206957124e-01
-8.360857393370996204e-02
4.454675637342431910e-02
1.115144985814998657e-01
-2.457419064830421510e-02
1.190941202433645207e-01
-2.676692147233119545e-01
-4.485930489133594934e-01
4.326277117749149914e-01
8.392680566056094638e-02
-2.163784101086229095e-01
3.007582166411089108e-01
-1.506940053063974549e-01
1.070722631296906202e-01
-1.759799847665217132e-01
3.005460758314716374e-01
-2.719601790990903156e-01
4.668132044418073223e-02
-1.557065328888254316e-02
-1.208454362114982222e-01
1.008213734690037167e-01
-1.477364188055413086e-01
-2.138973712468343266e-02
7.934197247937950503e-02
2.111048618743442962e-01
-3.107625030433364133e-01
-2.201339535483829990e-01
1.816853275459668071e-01
1.206174991942500219e-01
-1.756063116037188399e-01
8.220956726853499708e-02
1.400723749978038946e-01
5.557721121761269312e-02
7.203868968027445086e-02
2.693570967796128923e-01
-5.115936029644109484e-02
-1.507185077416916819e-01
2.097666606247948484e-01
-9.380695388185185390e-02
5.148310237849104687e-02
-1.993171780635339119e-01
-7.479470810469723840e-02
6.834057638457173567e-02
-8.093861460497721316e-02
9.112869552875278722e-02
1.619197881416009899e-01
-2.911287916468603965e-01
-3.652183765195079340e-02
-9.731224527811915825e-02
1.374607521848879299e-01
1.815008319981631091e-01
-7.914917680975443182e-02
-6.070331489012315701e-02
-4.609883699294783921e-02
-8.035546911685005622e-02
-1.807963250029793190e-01
6.263821178856159022e-02
1.892038044460353785e-01
-1.949611118941761978e-01
1.112884623569670300e-01
1.529845452007519702e-01
-4.080596036974222240e-01
1.397112478421202453e-01
-1.120952770994593228e-01
1.812160821946258715e-01
-6.791436648443760146e-03
1.413024341764327826e-02
1.477196957102581421e-01
-8.644609412099055201e-02
-2.281737547869910551e-02
1.373300565521535788e-01
-2.900260975889452225e-02
-2.881464996529558009e-01
1.641686132825998512e-01
-1.592666515222544155e-01
1.277549519865112670e-01
7.336279836453679648e-02
-5.563526467366479433e-02
1.497337413866666467e-01
-2.538126159176170016e-01
4.067573486944896927e-02
-1.813007157430107999e-02
-7.303340031772349861e-02
1.484755056967533848e-01
9.052490499882959174e-02
-2.539639696091021692e-01
2.959830655448945080e-01
4.057667062948786679e-02
-3.372924035437510626e-01
7.941230322815594211e-02
1.781499858034490402e-01
1.272478760641687356e-01
-4.095953606718803486e-01
1.532009181263201958e-01
-1.276889588128770625e-01
5.409367325460291004e-02
-1.238113826491866604e-01
4.229079596679166109e-01
-1.204843795825398245e-01
-8.815723611370385182e-02
-1.454048015632528890e-01
-2.256407280099313739e-02
1.524182796519100991e-01
3.382967657283533769e-02
-2.554983391932741377e-01
-1.450286637192243211e-01
-1.606456074759179779e-03
-5.671890151262837937e-02
1.551066868551460309e-01
-1.750202316946571635e-01
-6.927083406932535090e-03
2.102948781413000734e-01
1.625946990420936433e-01
2.527815354679659454e-01
2.149726199986550790e-01
-1.385226342087953096e-02
1.610877895074699362e-01
-2.366936819902325240e-01
-7.758901893363638613e-02
1.946012188280464295e-01
3.890195999632029694e-02
-1.488756828508110419e-01
-3.043994629621906700e-01
1.776216435569401286e-01
1.972055779100953532e-01
-1.129799512086838986e-01
5.847063473545223433e-03
1.033391071730550143e-01
3.713223201153355579e-01
-2.016980919529768879e-01
-5.771457281640528514e-01
9.590951909326896063e-02
-1.173897744286483552e-01
-1.055778144174847055e-01
-3.178794796765953105e-03
1.681103675608534298e-01
-1.213691504737333116e-01
-1.707912081458152487e-01
-2.400387093041667363e-01
-1.733059740366359458e-01
-2.643818928053957018e-01
-3.761303973461536110e-01
-1.047730303168268595e-01
4.179956818289976006e-02
-2.443517491737439568e-02
1.876548471234160478e-02
5.118448335238522384e-01
6.141579385938172875e-01
1.289222523475974831e-03
-2.995786639571917376e-01
-1.274859086157405924e-02
-1.351274282620551215e-01
-2.840780596875956410e-01
-4.082815545836393500e-01
7.691177169516707525e-03
-3.491981785469595086e-03
1.450876581884355532e-01
-9.902953297756124373e-03
-1.849396037298667028e-01
-1.439175258320173068e-01
2.235822651740922706e-01
-1.105556294245549527e-02
-2.393677475504579766e-01
2.712339336051290961e-01
-1.175707067722885600e-02
-1.023718410027113918e-01
6.030596272011665149e-02
2.328787682827115554e-02
-7.574252033131455286e-02
-8.540955452620561938e-02
1.159023576075779577e-01
-1.021733076627356039e-02
-2.455003274230078136e-01
2.919304557566320124e-01
-4.248166236100137799e-02
5.684098590303076487e-02
-1.801684700370508041e-01
6.238285802281952341e-02
2.714085747470553200e-01
-1.513536309325254070e-01
-6.066151893220658037e-02
-1.075322915696306537e-02
9.502611372762778674e-02
6.184589561085585691e-02
-1.958079898579101752e-01
2.749128157494315494e-01
-9.818090307144278217e-02
-1.430925132493206520e-01
1.252196598355948820e-01
3.578973570276121341e-02
-1.066135329734202164e-01
-1.582779151856620048e-01
2.494716640544072661e-01
9.607178275005649401e-03
-3.432997489717920514e-01
1.635947117660653261e-01
-1.117816700117060941e-01
-7.561317303313225269e-02
9.086913405209326444e-02
1.574399403319554636e-01
-5.599267787013187392e-02
-6.506660283317070026e-02
-5.200419976338183786e-02
2.910379283666598704e-01
-3.413158509200285295e-01
1.300215356179325876e-01
2.241087511605898419e-01
-4.259398083321476736e-01
1.952824734717777122e-01
9.826941803447686308e-02
-8.254876070849581637e-02
-9.181292526454347402e-02
6.943081615390885031e-02
3.229243476139653790e-02
-1.711926406869176132e-01
1.675549961447152514e-01
-6.853538367796099817e-02
-1.937581682073876432e-01
1.783898848220689393e-01
-7.021174072810214273e-02
-7.424204890549565561e-02
2.975757297401366436e-02
1.428755676684347331e-01
-2.344920774724075785e-01
6.615884947331475419e-02
5.300473355603387872e-03
-1.824790523564694816e-02
-1.362869185611536860e-01
3.260176890516389703e-01
-2.089703545644476523e-01
-3.337081277544611674e-02
1.715517149943518727e-01
-1.740160545224704591e-02
3.124081309502966392e-02
-7.232022321668553355e-02
1.558143746054652390e-01
-3.890916708756760739e-02
-8.413146883320853087e-02
-3.962982749773745483e-02
-4.874493069005821598e-03
2.513038122325072510e-01
-1.776649061062718082e-01
-8.380657993727395200e-03
-4.039603794074944632e-02
2.338069352758897351e-02
1.062016932928602081e-01
-8.938496868401314688e-02
-2.275927840636784161e-01
2.693498781099786243e-01
1.323522128475294601e-01
-7.868947170830307147e-01
-1.419624853136624842e-01
3.912598036623268771e-01
-5.243690882692256250e-02
3.215897816975674672e-01
3.201998060584689276e-01
1.231054133665551303e-01
-3.449822519967766232e-01
-5.952321912850664504e-02
1.173159886698255661e-01
-1.662219803288600417e-01
-5.572715112111646940e-01
1.888563213340285762e-01
4.404804851178935506e-03
2.585602267718673519e-01
3.272184690647164662e-01
-1.577708340311935464e-01
1.711058066526636168e-01
-2.495968732651293875e-01
-1.731598605107290689e-01
3.172574149787713016e-02
-3.367149617436690501e-02
1.687146958868836477e-01
8.537789537590878552e-02
-4.821809821643305988e-02
-3.434395221887620586e-01
2.585593255140404279e-01
-4.010052975179339008e-01
-1.187052251395113445e-01
2.159418466617789856e-01
-1.910568318625288919e-01
8.811710208991289928e-02
-4.469188349202725119e-01
3.399464438825341439e-01
4.329135859572531553e-01
-6.356824287993505518e-01
-6.368586008216799155e-02
-2.952995042984422197e-02
-7.903340343256297362e-02
7.283092540490698763e-02
-8.948143240271085042e-02
7.132576628940899555e-02
1.587306249024705018e-01
2.261513354219076358e-02
-5.248789176377093718e-02
1.483289923168192304e-01
-4.979612027244557232e-02
1.012473632999815604e-01
-1.055502646633578040e-01
1.854109120999892502e-01
3.393918489525915017e-01
1.131601034051538668e-01
-3.195210901395664216e-01
8.391142490232124732e-03
1.822048088317301529e-01
-1.037454663467238802e-01
3.919400768708678623e-02
2.144353489931876966e-01
3.991811384687946052e-02
-4.978466230498549416e-01
7.186356781155710527e-01
-7.130685233600220219e-02
-1.259952777133399315e-01
2.681741914321945641e-01
-1.597495089373866806e-01
-2.423103618239978024e-02
-3.811947169507740735e-02
6.300947213106027067e-02
7.226061914010296905e-02
1.503978418930273786e-01
-1.327925906378786824e-01
-3.100669390116102264e-02
-1.691172749293598787e-01
1.304557840845677608e-01
3.198236993389446531e-02
-1.514264693715010879e-01
1.272529610418532409e-01
-7.150194951630711726e-02
4.074150983241993373e-02
-1.377098099680437726e-01
2.053230614877453175e-01
3.688622242699779452e-02
1.958182583853413511e-02
-2.233417978395896633e-02
7.110300067462261642e-04
1.236791563552727506e-02
3.492203635442191201e-02
6.619708684571454400e-03
-1.810809172372371614e-02
5.378583299985786881e-02
9.389386501867349327e-03
4.104222561096320700e-03
6.531740333114142982e-02
-3.744480880883213625e-01
2.088302382160446002e-01
-1.868688132316667985e-02
-4.796077478437411196e-02
-2.477460041879543141e-03
-3.683325521972426464e-01
6.279210898224328596e-02
5.612405008548088103e-02
-5.476029527685239567e-03
1.016570685531504731e-01
-9.582134033985348354e-02
6.473302629632007865e-02
8.312219176173631097e-02
-5.645608596454734091e-02
-8.677512834805015118e-02
-2.832084113876038103e-02
-2.250192770139327614e-01
-5.551197047966233145e-02
9.153069838056371310e-02
-1.655720893465165988e-01
-3.542282587777374064e-02
1.932982903598546853e-01
-5.453494314904669404e-02
1.969361806137127913e-02
1.162506895639763421e-01
4.100369743705484932e-02
1.612473685256259406e-02
1.319731767771883599e-03
-4.237892777168594111e-02
1.255730950947351113e-02
3.858823019601843960e-03
6.468332650724054056e-02
2.157439477619220794e-02
-3.868720235342023445e-02
1.264682546305668023e-02
3.907668657597429540e-02
-8.424452088445565784e-03
-3.441446241917874536e-04
-1.992626962189726972e-02
-1.952132839164586950e-02
6.055547671087704170e-03
2.118494316024683091e-02
3.369390250704965700e-02
1.983885469745937380e-01
2.053498948041444436e-02
-1.772548507597947534e-02
1.627571373198102161e-02
-2.435532509948466068e-03
-4.928579297953481105e-03
-5.017674141760112075e-03
-4.069861566187686630e-02
-3.587992975102479581e-02
-2.507259615132572880e-02
1.595606473613893394e-03
5.845671481736160711e-03
3.873032228071999865e-03
5.686440663615255266e-04
5.643162888606768424e-04
5.579797775969566652e-04
5.462423660329273354e-04
5.866264374942022465e-04
5.461832784930923008e-04
5.646086004376804504e-04
5.866288362716286144e-04
5.175320841388276506e-04
5.866290224607228132e-04
5.461764620375879819e-04
5.867794200141480824e-04
5.641649178633050292e-04
5.399981723887645885e-04
5.641628104105028078e-04
5.464702515360464041e-04
5.864909817881408614e-04
5.644557840652035530e-04
5.400014525755096433e-04
5.641647552124635576e-04
5.867813772699426948e-04
5.461774679057674210e-04
5.866287553091069883e-04
5.175328843482576192e-04
5.644559979692099312e-04
5.864888332101394737e-04
7.664722001485556324e-02
3.049520245101320151e-02
1.526450980899318188e-01
9.850598279212449682e-02
-3.355541650084036681e-02
6.292318995438264673e-02
5.639788939874764567e-02
-2.868888902066754273e-02
8.429862421285513625e-04
-8.996126308855894108e-03
-6.241987026855561754e-02
-8.289441168862470705e-03
2.091582465104901631e-02
-6.972287876859002698e-02
-1.433146233819264648e-01
-3.443755836780615451e-03
-5.658002701910648524e-02
-4.614458103117870941e-02
-1.331604081943541240e-01
4.924682726690038370e-02
3.811867333277660710e-03
2.062297509581773047e-01
3.209791719689114031e-01
1.332540175049869713e-01
-5.966248415898508378e-02
-1.709740944853642419e-01
-1.539446454629964656e-01
-2.212306607917716855e-02
-2.680900823387087906e-01
-1.804162996657301121e-01
-8.056291691624474505e-02
-1.533802432334809562e-01
1.758336109141031001e-01
4.250925940565167954e-02
9.458650246528356453e-02
1.334629534240936999e-01
-1.409072296415401493e-01
1.261436302417020539e-01
-1.290861998112736368e-04
-5.482941936875201233e-02
1.124804153439978582e-01
-6.837876127587796948e-02
-1.692511333295752471e-02
2.007559984511459727e-01
1.581675166797718093e-02
8.901270441487642293e-02
-3.796496444701679129e-01
-1.101826790316550453e-01
4.594259738064360166e-01
-2.292602499963212470e-01
8.004339598961229818e-02
-2.960876549602199561e-03
-1.698076973127536915e-01
-1.725723910889162029e-03
-7.644763002114035588e-02
-3.966208998625026516e-01
1.988393522787436918e-01
1.928087526811098351e-01
2.973467940090267908e-02
-2.206236756662861842e-02
9.221490825720364548e-02
9.841840717423545881e-02
-2.199411978753277805e-02
-7.585422820582109205e-02
-7.189477398015127474e-02
4.791460713480274851e-03
-1.473978037485546011e-01
1.807474818734945698e-01
-1.218397907812318777e-03
-5.642248795809293171e-02
1.709963731893811012e-01
-7.135819324852306356e-02
-1.628748613507751408e-01
1.554742310133825911e-01
-2.474617518167974636e-02
-1.965582872966690486e-01
3.111202725420562643e-01
-5.272628665824768968e-02
-1.186015123894322842e-01
-5.410750396876701403e-03
2.598023736772667180e-01
-2.476400749877645802e-01
-1.603027379577558892e-02
1.135526215297019137e-01
-4.180764039306926472e-02
1.202370645017878797e-01
1.274271673376750624e-01
-3.125538397787163691e-01
-7.842451725964480480e-02
3.171999806903031960e-01
-1.388377459113803170e-01
-7.920530996730923423e-02
-4.324277266970591449e-02
-1.826663042570741691e-01
3.626226970813815065e-01
-1.296882137378849997e-01
-7.229195391010255489e-02
3.167499029369399651e-04
2.810239173251811648e-02
-2.620651307540577957e-02
-6.606372811152468050e-02
1.747967229671232303e-01
3.075865887190331292e-03
-2.108181589101528960e-02
2.585494924940355543e-02
2.841476321903285696e-02
9.221808721573700976e-05
-6.511283824057975678e-02
1.960096962581577354e-02
-1.394992984993073670e-02
4.551027257641792473e-02
-1.164292499589642156e-02
-1.218493471150427360e-01
7.620014705838812352e-02
1.030278633760109558e-01
-1.786824274552739622e-01
7.194613834538061969e-02
2.906303462791066591e-02
-5.861560999651290599e-02
1.521358505090905922e-01
-4.223270541647254628e-02
1.071222817742198824e-01
-1.188160364576759387e-01
-1.986218358523326455e-01
9.905652833953912384e-02
-1.158439510217921936e-01
-3.450970236608947445e-02
1.651601802751012926e-01
3.819699651344244523e-02
2.738922334907590433e-02
-1.648570402259995696e-02
1.807329156427079087e-01
-6.837367597264493169e-02
-1.875967926639333649e-01
1.005135277913076913e-01
-5.450603258798410178e-02
3.133874009999669530e-03
2.216498537478004682e-01
-2.926263454564916322e-01
1.229038095105436934e-01
-8.174636706992280399e-02
3.312770793841313816e-02
8.661882349243765766e-02
-3.324598537928918351e-01
2.164382282605043506e-01
-2.000048806539502788e-01
1.817659858673646156e-01
3.771669610047723858e-02
-2.755127241558975523e-02
1.928816770247529788e-01
-2.209952848665891131e-02
-9.216432910772105747e-02
2.008636927835409647e-01
-8.862748949036416968e-02
1.610218301154258125e-01
-5.448128785136832630e-02
-1.877175625155200756e-01
-7.101883771834130443e-02
1.550021079501656858e-02
6.072794110512888532e-02
6.595452945887993190e-02
1.486778558377117310e-01
-5.381826529167020590e-02
4.953129778892350482e-02
-1.745239691956333439e-01
-9.385856759352999290e-02
8.962605875126777866e-02
-7.699220124359626438e-02
-6.483774150092826150e-02
5.613168214722864813e-02
7.775910016570346250e-02
-1.360398822460228210e-02
-5.746083911456235926e-03
1.208202825107423939e-01
1.000538142179949602e-01
-1.105947000387324242e-01
-9.068883499663193959e-02
-1.447150796481031787e-01
5.650801194252559612e-02
7.881857801429992261e-02
9.599974499222627133e-02
-7.989944055775431708e-02
5.232520696974735791e-03
1.282376068684213943e-01
-2.582397686537016290e-01
-8.252465918923584942e-02
3.363661739830428044e-01
1.002673225501164115e-03
-4.155768083759052156e-01
3.687927892584253464e-01
-6.600409831587283893e-02
-5.551685477192781076e-02
6.259641983710279023e-02
-5.389261856956151925e-02
-8.624800152203271342e-02
2.217590329059440368e-01
-1.982993298930505466e-01
3.855078970232703184e-02
-6.899263029400574954e-02
5.723236623503036996e-02
1.496184950847083972e-01
-2.123066264852460361e-01
-1.232032079444346784e-01
1.752249755088171879e-01
7.972415485136276347e-02
-3.798132942971160775e-02
8.476892449670236918e-02
-4.724242311261990512e-02
9.335290114004772544e-02
-1.576978952798678280e-01
8.350294917226026847e-02
1.427204685818059260e-01
-1.543247664906207961e-01
-1.897138972039517577e-02
-1.609244651069728083e-01
9.858336621681375311e-02
1.039374925788968534e-01
-1.294157043852011725e-02
-1.253182830111077839e-01
-9.995252802163684391e-02
2.059632853170640931e-01
-9.185343396168708929e-02
4.854219249122264379e-02
-2.232893610290041797e-02
2.031617951328684030e-02
1.467094875738803039e-01
-8.844467613347628543e-02
1.188120780939778409e-01
-9.710446185197875446e-02
-1.265978082475898991e-01
1.379241254661904559e-01
-1.123001898900579526e-01
-2.349732675939863666e-02
7.835049070791756665e-02
5.265690618045174715e-02
-6.191252802044347470e-02
1.496224785790888911e-01
-8.921459744217963284e-02
-1.569750639775399359e-01
1.980767813540941780e-01
1.557592357340947808e-01
-4.212340099178647490e-01
3.461089682269340856e-02
2.470923117783973555e-01
1.264810428470763692e-01
-4.008037352115104701e-01
1.826377343796023456e-01
2.044352505247409302e-01
-9.715052846692319444e-02
-1.380725886494212629e-01
9.049682292298974473e-02
-1.311429702556241028e-01
3.527982124857281798e-02
7.501057894368203189e-05
-7.917270562087935781e-02
3.229038352620926949e-02
1.588278960197489209e-01
-2.827162438095319752e-01
3.388193651514211369e-01
2.338505708969401964e-01
-2.949496928700534037e-01
-1.847500606957005187e-01
6.627907310190666035e-01
-2.448186543518988401e-01
-4.213802286201229902e-02
-7.061812324314897804e-01
1.703362470704788412e-01
3.106914272036321867e-01
3.424968444143415558e-02
4.653051127449792969e-03
-5.908836042168428421e-02
1.539813258725032941e-01
-7.652946170239927071e-02
-8.638384659065269366e-02
8.684369429329230616e-02
1.079611749622427230e-01
7.148096513082798304e-04
-5.516110186026376705e-02
1.040281986460465796e-01
-4.297190918895194695e-02
6.522869367622788350e-02
-1.581114188317687408e-01
-6.601371929692696483e-01
1.333244442130458174e-01
7.805405057100208710e-01
-2.616028729327787294e-01
-9.162937550501497330e-02
3.691832179640296419e-01
-7.705810688097364247e-01
2.516316999648247066e-01
1.070318470161202296e-01
-2.849000972288355804e-01
-4.006182127120661018e-02
8.048630756259138319e-02
1.448813682107021224e-02
-1.034841378879320511e-01
5.969542141783176076e-02
-1.950773457607750394e-02
2.155837731100557764e-01
-4.237473280757743377e-02
1.104535161190952769e-01
1.894598306063941320e-02
4.156888755197454821e-02
2.000226230726207810e-01
-1.952193035692463829e-01
-3.644211826677992150e-01
3.889102425196998003e-01
2.287132095605385051e-01
4.937555519518815328e-01
3.499639211868177946e-01
-3.864536855326131670e-01
-8.059806207770751907e-02
5.650011828516346979e-01
-4.831014983090117787e-01
-1.624544680649169792e-01
1.015354998162927957e+00
-2.877148869056166958e-01
-8.462177792776293117e-01
-2.028067994933304141e-01
-8.998224887625903834e-02
-1.894473399355239146e-02
-6.393587310952997260e-02
1.546966119194517764e-01
-7.966884544804134216e-02
1.269723601636379151e-01
1.940078221082489895e-01
-6.266541595980516799e-02
-1.221162357369579149e-01
-1.926476749898710719e-02
-8.925116757085324593e-02
-1.647056652115244102e-01
-6.026883269452847081e-02
-3.160012145703685466e-02
-4.274620920725276385e-02
3.355355571119821717e-02
5.105523485213611656e-02
-4.209897838323579250e-02
-7.202338902463287229e-04
1.383631731755844904e-02
-1.564368451577593383e-02
3.110400837265670654e-02
-4.767261825126863084e-02
1.647395490034818111e-01
5.939553781297023105e-02
6.182964894324102789e-02
5.893069448191481929e-02
5.609876328418996611e-02
-7.858883370740719077e-01
2.780397646324397898e-01
2.759426078497962953e-01
1.177908073666560779e-01
-6.700718939146858844e-02
5.552029281259625998e-02
5.809420837474389004e-02
2.829629414057992925e-02
-2.739258726667465615e-01
8.405506012977959074e-02
-5.006582218458537070e-02
-1.088011428687891968e-02
3.820665549335786060e-02
3.413053297698491473e-02
-2.370394342316685665e-01
-1.381649481438941389e-02
1.101722805499631974e-01
6.997756522692125114e-02
-1.393621860362842003e-02
1.001404583532731485e-01
1.706824280048703790e-01
-6.713980615078177783e-01
3.127316054230855902e-01
-4.824340196738117204e-01
5.773391780281812435e-01
1.883097119047096382e-02
-8.394203504559487328e-02
1.748238493801568816e-01
-6.335579906812138784e-02
-4.924995925791367246e-01
4.061478647729262481e-01
2.848042216514611036e-02
-8.867669345651243984e-02
2.937482610455692811e-01
-2.565767712681478185e-01
1.249984807309601070e-01
-5.981161775451096507e-02
-7.767505451961677354e-02
6.095545267186715244e-02
1.368969884237243584e-01
8.400580624932181550e-02
1.693470542330998141e-01
-3.701501357346671517e-01
-3.344274567084329353e-01
2.573534828038873679e-01
3.137534061063628199e-01
-6.064198257371387207e-02
6.377451778681710037e-02
-2.934209529173961162e-01
3.941734782456574743e-02
-1.758546131484942376e-01
2.537693177277190459e-01
1.109017036983560578e-01
-3.981349707082110223e-01
9.578579912577700473e-02
1.059909959987495320e-01
-1.914348472502565568e-01
8.975021451542941620e-02
7.445289166847743334e-02
-1.664394139817687926e-02
3.123769969451723472e-01
-2.952644944092224222e-01
5.075033370721501735e-02
-1.480620110648610543e-01
-1.647425807138073184e-01
2.976698359938778071e-01
-3.534363767766159764e-02
-1.323131038458367770e-01
1.106360413679488043e-02
6.260808041856735784e-02
7.182872476295873443e-02
-2.875466651942927207e-02
-1.207000027258048336e-02
7.125766259319712796e-03
4.644063187504345047e-02
3.480753927547614729e-02
-1.623692925769457118e-01
5.521993928434744230e-03
2.325324953426602947e-01
2.748873316399870759e-01
-1.191905869372511528e-01
-4.564018621382676666e-01
-2.652874761327013720e-01
5.636672317177439107e-01
9.968560884226030511e-03
2.090705434356056602e-01
5.513359364432721121e-02
-1.146406623417652593e-01
-9.219787913187209305e-02
-5.107494983636566566e-02
-1.583955801329738067e-01
8.996723685592250552e-02
-9.336713325965613486e-02
1.787769420035724421e-01
5.460132469451758896e-02
-1.252489456594997608e-01
-2.343946998826363648e-01
-1.483958389596116423e-01
3.596727611913453498e-02
-1.957771005988037383e-01
-1.360834533223857223e-01
1.912212513518885548e-01
6.658797206994772344e-02
8.645541201460298086e-02
1.424732330953628057e-01
1.222776365107599017e-01
3.718618000653336475e-01
1.258600477084184099e-01
-3.040728887169281136e-01
-6.121277958347614429e-02
-1.813604795115877910e-01
-5.339725213866174380e-01
3.176024124898797485e-01
-1.431794941829500067e-01
-1.602451877641306310e-01
1.872654951332020923e-01
-1.923356016391306322e-01
-9.788630969904873469e-01
2.442100719024548061e-01
6.891089778599081006e-01
3.013993613928501181e-01
7.603610770370096139e-01
3.201588086380831033e-01
1.222925810120880502e-01
3.007111017457394508e-01
-1.474126314053222642e-01
8.866560084273980569e-02
-3.376413233486788568e-01
-2.151842735965084630e-01
-2.828207684969469282e-01
-5.203153243223800350e-01
3.165687881463324360e-01
2.971695169546062498e-01
-4.859653958756789960e-01
7.610804883621846706e-01
-2.604895814361566364e-01
-3.080780745044603419e-01
5.695396697789385509e-01
-3.058178611707141337e-01
-4.564894619285319588e-01
-8.214266255260076199e-02
4.187498165364155200e-01
-1.905852549325831313e-01
-4.415190496420913768e-01
-7.467251981713635134e-02
5.081711427950753590e-01
-1.334979440457266242e-01
-4.480808325462428687e-01
5.457982831810489488e-01
1.589581278976457193e-02
-4.763066575549606413e-02
-4.217232551094413084e-01
5.556371424928880920e-01
-1.884368060109524456e-02
-1.094141111427189735e-02
-3.739516728521050659e-01
1.652368301381129112e-01
-4.823027834907800404e-02
-5.316470020932834162e-01
2.414419683871036060e-01
6.342781174685442336e-01
6.298483925163879393e-02
-5.387907883523102015e-01
-1.524095361483632505e-01
1.649254480151597091e-01
-4.310178707225555961e-01
2.938204694834478659e-01
5.267602002112221626e-01
-2.952931266856909445e-02
-5.025296512952636130e-01
-2.291807140457445546e-01
1.887382703245053528e-01
-8.484023764535979506e-01
1.260963924668316416e+00
8.555813185551003341e-02
-3.591359395828073731e-01
-2.829864743713776942e-01
6.021158294386640408e-01
1.319819675328176012e-01
2.042110876257897945e-02
-5.506546969178340717e-02
-2.133483744859021036e-01
-8.445158102562487501e-02
1.355577988188925442e-01
-1.523342153339046767e-01
2.039892973660528963e-01
2.514584532852616183e-01
-2.129360554091878355e-01
-1.745365955790688928e-01
1.874079235658542841e-01
3.285750565922259617e-03
3.227138792677568258e-02
-8.344986250818679785e-02
-3.146295814199965846e-01
-1.747448781599832135e-02
1.626963765281106700e-01
1.811225967643947665e-01
-2.550744163495143879e-01
4.259296587824479979e-02
-1.229496171197031872e-03
9.161656903537515606e-02
3.122711507659102145e-02
1.316229487932529529e-01
-2.427151131308914744e-02
6.178365627034997781e-02
-2.399499977080430668e-01
-5.254532876725102053e-01
-5.379736439211185717e-01
1.333445715548230659e+00
-8.111947054679076452e-02
-2.621446476939044007e-02
2.179135704241555727e-01
-5.794230187166994339e-01
2.232442214782821011e-01
-2.668305191753794769e-02
-2.219858955613008278e-01
1.797366303120545572e-01
-1.964913258334890500e-01
1.172527612015341753e-01
-1.551468812913451290e-01
-2.339878627314933568e-01
1.122284535695291741e+00
-1.312629079430165158e+00
3.640552055642606311e-01
2.854456954010265446e-01
-2.762858110834067737e-01
2.904415490615937512e-01
1.853289153727864513e-01
-1.519622990604683754e-01
3.070205743985436886e-01
-3.424390030729539958e-01
-4.895037058417985865e-01
2.510816867584654277e-01
-1.555101131414844962e-01
4.352219774338354497e-01
-1.405246512588055052e-01
-5.541492526682495479e-01
7.752346036149120323e-01
1.546107784763775354e-03
-1.129046657146094979e-01
8.002590044379606637e-02
-2.511730455853866673e-01
1.974697913031108268e-02
-9.179265918420329018e-02
-6.044340632704516686e-02
8.290370755320891627e-02
2.805858825483198427e-01
-3.481762630139089709e-01
1.505734560219215978e-01
-9.133029279355948937e-02
2.048565717352193449e-01
6.855428090671981944e-02
-2.228013054923835556e-01
-9.554585327409494469e-03
2.299958124090738590e-02
-9.919683192714288944e-02
8.984616272802005768e-03
2.228460697003417368e-01
-2.139586095542830302e-01
-4.765844143104041447e-02
2.391335523257080153e-01
-2.327639112904429375e-01
-4.180993574135644791e-02
9.651768164561910779e-03
-1.138076024290443217e-01
1.606785518691396519e-01
-1.400849311269056555e-02
2.323116826879536578e-01
-6.228431583151422535e-02
7.543526457845239896e-02
1.313239445057890475e-01
-5.364552857400164271e-02
-1.770519440843520975e-01
-9.502879014212564646e-02
7.150717107273213413e-02
-2.985481757821745880e-02
-1.255762725731681684e-01
9.500383650225174836e-02
-8.248533462212905010e-02
2.330499096988741456e-02
-1.098069754067941134e-01
-1.202573523502899061e-01
-1.352001634090152851e-02
3.600558242884031035e-01
-1.838336664226443429e-01
1.140583712392096299e-01
4.073489861892167219e-01
-6.047926313614726546e-01
1.103118577274887352e-01
1.970713038845663678e-01
-3.309060464875730467e-01
-8.454591831574279071e-03
3.286320315104469536e-01
-2.007569560918704699e-01
9.498383811501492913e-02
5.808952117933331716e-02
-2.548741297134256567e-01
-7.373691799464300589e-02
9.570211543239498519e-02
-1.367904668157058912e-01
9.107002575310707559e-02
1.149247035944527401e-01
6.324791093383842766e-02
-2.385425078419217970e-01
8.356461641071691315e-02
-2.017127766461466187e-01
1.633191734926723315e-01
-1.379572478586002515e-01
1.358749139746089074e-01
1.294845043002532392e-01
-2.569946077833556441e-01
1.278452043092539181e-01
-1.000886363258853412e-01
-4.693615859743905522e-02
5.021435156788892074e-02
1.794742844363455270e-01
1.329025083974297583e-01
-2.907436871934272055e-02
1.260160776561486951e-01
2.502550168488276369e-02
-1.961519753349447170e-01
3.719844982230939845e-01
-6.895662922038922060e-01
1.670906442606755471e-01
2.015428820585387637e-01
-1.450448409338003786e-01
1.486993174520876149e-01
9.829509707954432740e-02
-1.221919908854962045e-01
-1.533272607808297272e-01
5.234974272985740140e-02
1.746071555107394369e-01
-2.488396439935186000e-01
1.949894389890667323e-01
-1.487379877415334339e-01
8.654942787358338441e-02
-6.310406712124537465e-02
-1.091886797528202474e-01
1.202263763762992203e-02
6.868258706618794729e-02
1.804834724284894165e-01
-4.074054552477768265e-01
2.903206422172593254e-02
1.022530113799268170e-01
6.378866635358226844e-02
-1.350705119338283244e-01
8.940707303380936166e-02
1.176156433388987205e-01
2.893594097623702205e-02
1.466598420891594701e-01
1.386874028485233015e-02
-1.127556293091289685e-01
1.559942324005495762e-01
-1.563481420844847758e-01
6.273747246779411146e-02
1.698714975913763192e-01
-7.251186555257099764e-02
-2.831135928280033992e-02
-5.766906291486174896e-02
-2.369654915180618993e-01
3.592815085404392206e-01
-1.449842330127754375e-01
-1.972132352750679551e-01
1.378779525499450875e-01
-1.621927890092003666e-01
1.787752473087524108e-01
-6.840675324542931646e-02
-1.482389964006960159e-01
2.952114912728699969e-01
-1.386305716004228306e-01
1.195019900116674888e-01
-1.627951140916261141e-01
-1.452165809339437397e-01
1.627809393747376432e-01
-2.137387079013056135e-01
-5.590965708209891596e-03
2.610830424795398952e-01
-2.137097895185604002e-01
-2.936663124138464559e-02
-6.830435299395633264e-02
2.186169488344748280e-01
-1.483453330268297843e-01
-1.690403050008642272e-01
1.095156536986028606e-01
4.312007952847678183e-02
-1.282071942560602529e-01
9.554019330093286438e-03
1.275099148489518275e-01
-6.625931640202967210e-02
-1.379667118303558870e-01
-7.139716755575588325e-02
8.106034754137637910e-02
1.784817129099709396e-02
1.539187236696114292e-02
-3.042592002661544462e-02
1.071275696050437570e-01
9.715684994814738004e-03
4.832697440703058456e-02
4.522473679557088844e-02
-5.875648515796892853e-03
-1.199366353763717252e-02
-2.788031177391838908e-03
-2.874990924560061334e-03
-8.503679130008178367e-04
3.522878856391382929e-02
8.443347101222968554e-02
1.537638826457454755e-01
-1.720695881896816201e-02
-1.692137410878814937e-03
1.062813078879439217e-02
5.388899944801167803e-03
-1.160926163030185330e-03
-9.720177822904555245e-03
-1.014555300893319476e-03
-8.372697752341947547e-03
-6.573767468040165110e-03
-2.450935637265501052e-02
-1.468038656380775235e-02
-3.519852757061231463e-02
2.467760547474844371e-02
3.224355116478987149e-02
5.484697459790980473e-02
-3.724917249061792529e-02
1.168056334367772661e-02
-8.552009505287497563e-04
-9.449364570727772578e-04
-1.716264623729192541e-03
-5.745734178405695336e-03
2.441888717405174894e-03
1.027529556534002375e-03
3.337080618381172738e-03
1.157048254191781443e-02
8.717175982214060703e-02
6.509814023981455589e-02
3.585942303735646392e-03
3.272328782682791537e-02
2.937526932434969713e-03
2.518562405067528362e-02
-2.284786752650192626e-02
-6.656359446031691329e-03
2.069032471604923679e-02
-2.453352924417480721e-03
5.879183204809558527e-02
3.297866913523129530e-04
-9.392121399647453128e-02
-3.280711693305819049e-02
-8.597773472784649151e-02
-4.663574907391519753e-02
-9.310389437060960505e-02
1.193144992034532864e-01
-7.568769122171153767e-03
-5.806340237649034591e-02
-1.436078050428072073e-01
6.497300131859859440e-02
-1.041256077133149820e-02
-1.499336253510347716e-01
6.240904835633538650e-02
1.164716129827916488e-02
2.323458525720195622e-02
1.010477959148053766e-02
-7.421615206907383917e-03
6.084800069565549085e-03
9.783559464799962413e-02
-6.629695049252071204e-02
-1.499826540059369939e-01
6.320469716313439901e-02
-2.702226459664267347e-02
-1.001365723593904827e-01
7.066346217885625947e-02
-4.322910863029086337e-02
1.446983887212357767e-01
-2.350242879597066459e-01
2.240022287451239047e-01
-6.378138515057220348e-02
1.135330628027117483e-01
3.799285280128413683e-02
-2.747596245933510706e-01
3.920938702499545125e-01
3.466784287872297365e-02
-2.813258881892230848e-02
-1.674001873666721985e-01
9.156812191541850721e-02
-1.904901496449931675e-01
2.043893644455077596e-01
1.725555710843517943e-01
-3.836995487085773093e-01
-9.169892190185852110e-02
1.268604664576146457e-01
-1.772785030653920846e-01
1.224939158461964134e-01
-2.099229975229769396e-01
5.283444221563783627e-02
4.324758790106705830e-01
-1.817225959222050213e-01
-7.961203748084799692e-02
-4.565997722288793470e-03
-1.175181959337546905e-01
9.788215415116786888e-02
1.556481892412345802e-01
8.649160211565007361e-02
-2.855426605822141140e-01
-4.118826423548156701e-02
9.638870852569327019e-02
-1.397498645612062218e-01
8.297949769229563677e-02
-5.676418591453929324e-02
-2.029294385336258000e-01
2.091514069333486880e-01
1.110727967504290675e-01
1.580195746843573723e-01
2.526942934665963314e-01
3.892730634217665686e-02
8.244604217255076251e-02
-1.928469445520979431e-01
1.443787088685693776e-01
1.951481150311524526e-01
-1.328656365118035254e-01
-4.194256742763208257e-01
-1.338835289895143887e-01
1.539696822894823236e-01
-1.817922269325272441e-02
1.025932281019047015e-01
2.474500063413613005e-01
2.283012814186187456e-01
-5.682797973121075374e-01
6.693018099287251395e-03
4.093243483317128388e-03
-2.420158575125316014e-01
4.891687736038830003e-02
1.313483541853170677e-01
-2.443209140494524145e-01
-2.222766109403248869e-01
-2.568951467473050698e-01
-3.392363770540314238e-01
-4.118828161939179777e-01
-1.041703223956176178e-01
7.919980095069582837e-02
-1.416368195578750488e-01
6.304346425970063228e-01
6.804726239654903530e-01
-2.857154984406034548e-01
4.271806068166218717e-03
-1.508321197052711060e-01
-2.559822660994403032e-01
-1.285018032437494073e-01
-6.823869754508951613e-02
2.097968049155606030e-01
-9.114655304398358582e-02
-2.543477312389914591e-01
-1.715866926889092481e-01
1.457564481865546990e-01
-1.921642293775879251e-01
-1.901806833932091420e-02
2.819466416624402672e-01
-1.609464563939518311e-01
4.935339083022676626e-02
3.267782888269275127e-02
-4.429095725117386528e-02
-1.351071259655624301e-01
1.041810073858938923e-01
-3.746594568302028926e-03
-2.648611969454699455e-01
3.137627384546807230e-01
-7.952497648660469820e-02
1.290496186363141069e-02
-1.805227883293682167e-01
1.643733578885811231e-01
1.634194896730096214e-01
-2.387229645059566752e-01
4.967339514740192613e-02
-3.208750646233167469e-02
1.837898340931099772e-01
-1.563632033585589942e-01
-7.859164107352252515e-02
8.071255755848735780e-02
-1.023412062071189094e-01
-5.325777466327132753e-02
1.588528014381916376e-01
-5.257101546130663050e-02
-8.703435385290521353e-02
-7.643300783963373479e-02
1.596049880497068252e-01
-1.594325299240665142e-02
-3.095529579475297388e-01
2.114085915566423224e-01
9.539685935520084148e-02
-7.539671367256003953e-02
1.519154839528707654e-02
1.162427323474705121e-01
-5.241828356386939863e-02
-6.124124445586246607e-02
2.398275292363660077e-02
1.157517802969257603e-01
-2.759280235115972868e-01
4.329564270357746936e-02
1.789273029556523176e-01
-6.437226087752258297e-02
-1.887782624714096913e-01
1.817663783293774482e-01
5.149954702034574561e-02
-7.530709227160346797e-02
-6.590335353870285795e-02
4.787779153616197880e-02
6.646943335364989547e-02
-6.743148242588993535e-02
3.337599831702934834e-04
1.339696784338346991e-01
-1.926567951793433037e-03
-1.617377277609934605e-01
4.673595794355694943e-02
5.125071329285717757e-03
1.350016104427749497e-02
-1.452097995641529471e-01
1.035325364625936662e-01
5.280728346552494845e-02
-2.036637259545151513e-01
-1.740432510234324048e-01
1.742941350042110163e-02
2.082791122741771070e-02
-4.001234716702507105e-02
-4.227386818615110065e-02
-1.367762679397785952e-01
3.177522966229381907e-01
2.142441467283061340e-01
-3.192580237624239592e-01
6.774371116848085239e-02
-7.931554937773549474e-02
1.074740299720943204e-01
-2.244775627237165921e-02
1.271427531352152182e-02
-4.648240887892647957e-03
-3.476310486738909411e-02
-2.638172695845647509e-02
-2.809166646791056224e-02
6.385999850107053344e-02
-8.228261998008209663e-03
-1.274901502394777397e-01
1.866607340808149398e-02
1.001727772363677875e-02
-1.183367573598813477e-01
-1.570670531691475968e-01
-2.134132198693398930e-02
-2.176026205937572899e-02
2.115972765656354629e-02
-1.648022272037918609e-02
-3.941675330619889839e-02
4.025327076052285374e-02
9.564661051774811518e-02
1.536527360795886775e-02
1.138965044559549777e-01
5.581000724930459261e-02
1.991503445098436603e-02
-1.546648381614270859e-02
5.446174535174237719e-02
5.517842649851448927e-03
3.427191646635330789e-03
-9.245129923909367348e-04
1.201921830337838526e-03
7.482343578511986559e-02
8.669021070952487307e-02
2.009755939382382173e-02
9.736165209643608538e-05
8.644319015392350344e-05
1.200573617755774919e-04
9.751584195856106171e-05
9.741772898006924026e-05
8.639599839207261710e-05
9.751712182313848588e-05
1.200569264943825739e-04
6.876271281962991790e-05
1.151884704609993905e-04
9.736314065597851894e-05
6.886795773187875133e-05
9.741041119764985452e-05
1.377398712432498847e-04
9.736102816173815115e-05
6.876211749332023860e-05
1.152039432130821164e-04
9.751602744236957708e-05
6.887009808159327200e-05
1.197992799759492401e-04
1.151804163059624999e-04
9.751656148901234156e-05
6.876210516940094197e-05
9.751570887056197146e-05
1.150354738497275483e-04
9.140411336426705103e-05
9.740571022562288090e-05
1.151896201460168390e-04
9.736191152390601599e-05
6.886900540601194939e-05
1.199650865789618894e-04
1.151948265519826554e-04
6.886823503875606853e-05
9.724041153093602140e-05
9.751577579382237541e-05
8.653932376166024196e-05
1.200567952050221414e-04
9.741314454673876560e-05
9.736337326937317027e-05
8.655562032756508606e-05
9.740966493495779117e-05
9.751801703136772756e-05
1.089330932376715528e-04
9.751602320422854322e-05
9.740901415171335893e-05
9.751632185676676278e-05
8.655045254541574929e-05
9.725480955820977648e-05
1.200510304856939589e-04
6.887014974306897427e-05
1.151916238349813147e-04
9.740717014433737816e-05
9.736325644974956140e-05
1.090950129302090663e-04
9.751525446648537637e-05
9.740664550744401479e-05
6.871532465028551819e-05
1.151868379511744090e-04
9.741121916098775823e-05
1.200540074912674664e-04
6.886885150295612252e-05
1.150549304063791783e-04
9.740732745376952807e-05
6.887666772333571200e-05
1.151922384431054339e-04
1.199426765929424097e-04
6.871381985849480528e-05
9.751546518844861106e-05
1.151907939325225622e-04
9.740825098169569906e-05
6.871839844598895950e-05
1.200565986527643277e-04
1.152005183449192143e-04
6.876209881914033327e-05
9.751647122263628915e-05
9.736303530839838583e-05
1.376295922037443827e-04
6.886549690267524185e-05
9.751599266859920672e-05
1.151929903319955046e-04
6.860786290787689620e-05
9.751803381360853997e-05
1.200550894385446390e-04
1.150889126153285293e-04
6.871660125311212825e-05
9.751502405768468142e-05
9.751575087906551298e-05
8.644073611978441015e-05
1.200549394959481733e-04
9.736460752690145133e-05
1.152000165754755653e-04
6.876010876475227628e-05
9.752100149320532972e-05
9.751695230162097554e-05
1.088296510021264984e-04
9.752261121147138786e-05
9.751545402055398549e-05
6.887057361992298744e-05
1.149333015071066948e-04
1.200630877249087773e-04
9.751789214949316503e-05
6.875973358757891734e-05
1.151973266233478362e-04
9.736518539248357822e-05
6.886787423176590783e-05
1.376297069768108133e-04
9.752427729209940785e-05
9.751712694852346559e-05
6.860963281754090199e-05
1.151916757782011681e-04
9.752244948127616593e-05
9.140921830012090511e-05
9.725726418112683820e-05
1.151977205880987272e-04
9.751699286869281271e-05
6.887015222114964896e-05
1.150813752811195666e-04
1.199136682297035473e-04
6.886856053547147846e-05
9.740729691660763114e-05
1.151902402126724935e-04
9.751984499885124451e-05
9.125675320568953195e-05
9.740711291078498098e-05
1.151972315973795815e-04
6.886749120097789901e-05
9.725440113054302158e-05
9.751751195047087548e-05
1.090913163404359998e-04
9.751614819686118814e-05
9.740523672357460081e-05
1.150474180165616980e-04
6.886864231080647646e-05
9.751687995659692049e-05
1.199434910920483475e-04
8.655055810818273240e-05
9.736682416895504964e-05
9.740562850424136086e-05
9.751406274502914492e-05
8.655020282537761718e-05
1.199048759515793604e-04
9.740576415521125567e-05
8.655040558847571755e-05
9.751651944723852493e-05
9.740529294728792148e-05
1.199084898346168830e-04
8.655093131051103984e-05
9.751779828840947831e-05
9.740636065941167348e-05
6.886784422757921838e-05
1.150482420622643846e-04
1.200560971599844346e-04
6.875666174821593404e-05
1.151976947426428519e-04
9.736939147865211676e-05
9.740579117911283191e-05
6.886618225062459992e-05
1.377377705850224131e-04
9.751644438260756800e-05
6.860856927053272231e-05
9.751653808854039240e-05
1.151978214565766990e-04
9.740413337739708987e-05
9.126069203705876548e-05
9.751516233879864426e-05
1.151956850936660260e-04
6.875740249226127343e-05
9.751667651655870808e-05
1.375927403151408620e-04
9.751609321999652044e-05
6.875784476053168747e-05
9.751664691865068060e-05
1.151980304687209205e-04
6.860799251544643241e-05
1.200589556434258784e-04
9.751458785610377653e-05
1.151989521450878752e-04
6.860757886600009868e-05
9.751692938321371838e-05
1.151983104345692899e-04
9.129722891581457101e-05
9.751737369510469491e-05
9.736173204306156341e-05
1.151932260056668246e-04
6.875545781987019134e-05
9.751598265094890965e-05
1.200519753950518570e-04
8.640029179068701678e-05
9.740323744543933021e-05
9.751586348311810080e-05
8.655084012394380453e-05
1.197952473091117210e-04
9.751613720149623704e-05
9.751691699948810874e-05
8.655041379242930661e-05
9.740463472172667975e-05
1.442942096983211298e-01
-4.277296511715910493e-02
-2.330804370866979350e-02
1.369994552763286189e-01
3.226209451799486039e-02
-2.321230197162064274e-02
1.123261528731516606e-02
1.580689386469234792e-02
1.300116898662252718e-02
3.003361154335962811e-03
-4.892321202060235380e-02
5.371388771594132194e-02
-1.417296313278326551e-02
-2.056462137252782971e-02
3.704742730246582405e-02
-3.110010372407604959e-02
-4.209921941855311600e-02
-1.592752183976365102e-02
1.189580949327497389e-01
-4.606222722658892890e-03
7.932132264005492539e-02
4.917385618665886388e-02
-1.074617021876088201e-02
-2.241500920610778047e-01
1.115036823080871459e-01
1.162353411960368038e-01
-6.249497602867934432e-02
1.784637556588199864e-02
-9.563427522876467163e-03
-3.846897439748633938e-03
1.480580347298296739e-01
-7.250745761587451543e-02
1.950783617251813928e-01
7.690664282687566244e-02
-2.861546970698871095e-01
-1.459382254892406250e-01
1.918349396313275279e-01
-9.761905075784953201e-02
-2.709152039652428789e-01
6.359895296577720847e-02
3.457865638050454660e-01
3.485189610958165374e-01
-5.701926314450195266e-01
-7.894736692425413649e-01
-3.687449389132728683e-01
-1.252425470382358408e-01
-7.435517548985673408e-02
1.072622809473631617e-01
-1.661436413571021897e-01
-1.684270109443611607e-01
1.243666743371335537e-01
1.208439158763899707e-01
1.407326636870184257e-02
-8.122123348847432034e-02
-8.601734486838546025e-04
8.574152610111898665e-02
9.113424922695601005e-02
9.245285191272611947e-02
-1.496856479321992672e-01
1.952464927571636311e-01
1.211735263575358240e-01
-1.187006086263400068e-01
1.849597473397573688e-01
-4.815956567676180772e-02
-3.861016997366747416e-01
2.018339821953674673e-01
1.768284874286985553e-01
-6.318090697081073237e-02
2.379596645841410354e-02
-2.567420676338424412e-01
2.590357330902224864e-01
-9.252293717598200629e-02
-1.173017006550265695e-01
-2.632246441893854594e-01
1.745309562410059800e-01
3.044922769398871951e-02
2.082672588029355343e-01
-2.335778782126862185e-01
-6.219212788855005974e-02
1.593890181981708065e-01
-3.999289019799939088e-02
-7.768211522286522230e-02
-2.435576438125899301e-01
4.003948485373921562e-01
-8.970291882098059555e-02
-9.407117428742273191e-02
-6.710611214397711743e-02
8.377710027921965452e-02
6.816704595857651233e-03
1.030529363732019194e-03
1.910710398031182922e-01
8.099833044596273235e-02
-5.879936112382597724e-01
3.946259850064205987e-01
2.680366997645728944e-01
-8.233037531410150600e-02
-2.436329640820907583e-01
-6.044128082502477073e-02
2.505113652089307336e-02
-1.361028810094663810e-01
3.432606588600807529e-02
5.564735242509590701e-02
-1.191363004292672473e-01
4.985499981780922574e-01
-2.224192164348783585e-01
-1.515338345504269046e-01
2.146274542178389436e-02
2.051372288394552323e-01
1.086367225501654876e-01
-3.661545436316410718e-01
1.090508718702379587e-01
6.579378415353398513e-02
9.341766902747461465e-02
-1.144391464837397066e-01
-3.216773938070151967e-02
1.292766487639971651e-01
-1.036660444790562519e-01
-1.591459871907662527e-01
1.639784733994620759e-03
6.920564240923891830e-02
7.110004186880830579e-02
-1.243191762998049343e-01
2.739248284500230834e-01
-2.213062016685215516e-01
2.670078307920925043e-01
-1.022773657053126367e-01
-8.294533753737997131e-03
1.355364269180567571e-01
6.117587556544236416e-02
-3.607404230394862243e-01
9.938030725232971374e-02
-4.919869247115780247e-02
6.309775734166592209e-02
-3.630308450914050689e-02
7.580334492225977716e-02
-7.477057837694502107e-02
-1.095439116511260670e-02
8.413163395412126544e-02
3.718693279472515267e-02
8.138546614367256696e-03
3.318724246933189015e-01
-1.136011915163037400e-01
-2.666415039121057193e-02
-3.342405686447494917e-01
1.395790163497828418e-01
3.445451707782408168e-01
-3.995628149281508223e-01
1.306923103509365580e+00
-1.554601598726966127e+00
6.208745251423557487e-01
-3.896355907606953717e-01
-4.880316429950805335e-02
1.312624615307889375e-01
1.377498750707399633e-01
4.358535165592217209e-02
-1.049414759495783944e-01
2.514075490454698025e-01
-1.631494127412744799e-01
5.426460792489334883e-01
-1.110979860561434884e-01
-5.867251346856967587e-01
2.847603181336978428e-01
3.637158782401057715e-04
-1.982634162008802547e-01
-1.986994005422222306e-02
-1.388042620383994619e-01
-3.027884621633851192e-01
6.587398953849870065e-01
3.285266744937546113e-01
-4.953797033346000744e-01
4.519438902202853048e-01
-5.496385068397949825e-01
-2.206751290114707942e-01
4.329737661830809214e-01
-1.169524136387722901e-01
-3.699550547349413770e-02
-4.980286853502189359e-01
2.008670642240020787e-01
6.407817637788664200e-01
1.644809690646783368e-02
-5.501870656691141281e-01
5.249215925156711648e-01
1.744447339763876559e-01
-2.176571720213620331e-01
-9.329566353074125740e-02
5.931230481520444880e-02
7.350123841862337137e-01
1.255607938080824049e+00
-1.377587615273461630e+00
-1.249893572122727115e+00
9.216079602414868344e-01
-1.918424958695271521e+00
-1.455542008540615884e+00
2.635211618394710520e+00
1.161303910305796050e+00
-8.313261959793508682e-01
6.079744041352687089e-01
3.528796756862058459e-02
-1.986953292240161151e-01
2.291931193410429723e-01
2.927270758054502375e-02
1.267379393564614376e-01
-9.826750919157578590e-02
-1.279908509877947589e-02
3.203783086177609540e-01
1.272896308268431087e-01
1.812786739484062992e-01
-5.897363935948003039e-02
-3.323917750439623342e-01
9.246960849035285035e-02
6.010935730265128812e-02
-5.168047221704679117e-01
-1.303231037883149090e-01
1.780559689336589646e-01
-1.668461151349032445e-01
9.609471137424761833e-02
2.583997394982311402e-01
1.075724869068567652e-01
-1.516740270044440210e-02
1.813627028739309255e+00
-4.624228941603743537e-01
-4.321708263574413067e+00
1.411461401955606876e+00
2.406106230091187292e+00
-1.379775161533831840e+00
1.717758910879343959e-01
3.766475079170095164e-01
-2.130075307561762332e-01
5.924936735344257799e-02
-4.918423592933868910e-02
3.215856902865899675e-02
1.201646613948244013e-01
-1.621096784250166678e-01
-1.835460493245291702e-01
-8.919143726926466453e-02
-3.061934626150974656e-02
2.773455078952954261e-02
6.060931883811966625e-02
2.887013467257387635e-03
4.673919064127261130e-02
3.863607325553214400e-02
3.572502679915026125e-01
4.439517097788679700e-02
-1.831572626473124826e-02
5.325749681576530739e-03
-1.434447330246528818e-01
-1.004738572020681397e-01
-4.757186489202528540e-02
2.379713666340550413e-02
5.461364353971768365e-02
1.661526051137517390e-01
-1.137491036259652838e-01
-8.398930000027883536e-02
1.079982933889231519e-03
-7.464342311924145046e-02
-2.334763215666801617e-01
2.760531446012821633e-01
7.194556167458208973e-02
-8.544650926873931240e-02
-2.728772115315231117e-02
-2.180293656587884710e-01
-2.189141055690604354e-01
-1.956642178964973777e-01
-2.512133480939601760e-01
1.061175937778689737e-01
3.718475074770524191e-01
6.455808189656534468e-01
1.612697550410142344e-01
-2.697842644806401347e-01
8.096729115377071517e-02
2.259772438025294261e-01
-2.135395599287449528e-03
-8.392052951464973320e-02
-4.181115581544698201e-01
-3.613910253551134710e-01
-1.492116274743462145e-01
5.568704972619286167e-03
1.696119899501782047e-01
3.574957266828883706e-01
7.443342957075453625e-02
7.746273864067692964e-03
8.896866298792235894e-02
6.135852606122654818e-01
7.350425140411442904e-01
-3.474724803910563597e+00
-8.018929394515088571e-01
3.956747774281346608e+00
-1.312677567848440363e+00
-2.063236931935661378e-01
3.469539632228278991e-01
-2.757598877946615956e-01
1.694777112683478392e-03
-4.772981897225228934e-03
-1.689319628598570655e-01
-8.938108061241639701e-02
1.478974177798315359e-01
-3.954273796496460963e-02
-2.631833636052932079e-01
3.634619749788376569e-02
-8.594784030230326333e-02
-6.579214727050536338e-02
-2.666776469616357823e-02
4.027486359810509425e-02
-9.199964159527013186e-02
-6.022972282246270154e-02
-1.829769132351565311e-02
-1.523667945117111733e-01
1.371433491887884271e-01
2.582035117278554948e-01
6.055669866349128877e-02
1.629955487464420094e-01
-7.359033332555504625e-01
-2.574175830702478684e-01
6.488027320295179923e-01
3.475989930290105390e-01
-2.315486072003045404e-01
9.782645560255735784e-02
1.169088591745054695e-01
1.163330679021460506e-01
2.471822493207908589e-01
-4.533041966676696830e-03
-2.869992452900112512e-01
-2.000443524979040599e-01
-5.356451031177793254e-02
2.059666375913129233e-01
-1.466513277360385024e-02
-1.758552799253290111e-01
-3.583859638186346896e-01
-6.161494884092645619e-02
1.249579161566733432e-01
-2.067905251145185641e-02
-3.718390262433594606e-01
5.503051224271280489e-03
6.266117909903623495e-02
-2.764654997216211552e-01
2.884820637936374443e-01
-2.785145376879319358e-04
-3.013770239790871108e-01
1.116221261614187783e-04
6.994965553752303944e-02
-1.765731058913043786e-02
-9.446254297636996755e-02
5.331710987798356227e-02
-1.919229428304454754e-01
-7.251547731766150306e-02
-2.380060196610135279e-02
1.251320489800989977e-01
4.311890618281517644e-03
-6.735979513256988571e-02
-3.862781866164526762e-02
-2.191649621489127897e-02
-9.823219877287295981e-03
6.473440517764512958e-02
1.484720128923899644e-02
1.442140790643860193e-01
7.538841117536386471e-02
-2.424770606839004097e-02
3.179923746641191706e-02
2.730023708847114077e-03
-1.030309005727903099e-01
-1.726898249316491107e-01
9.897319547319929911e-02
8.779146654961955676e-02
1.999097525681150372e-02
4.341433811615681010e-02
-3.694526240557646085e-02
-3.841556824918513496e-02
3.540957214894235872e-02
1.220627891655619579e-01
9.294402361822150238e-02
-5.633234789904109120e-03
7.300777850918406531e-02
3.904562839261561946e-02
3.390241277553642657e-02
-1.221649862838305040e-01
-2.840121257087717122e-01
-3.917845094578873977e-01
1.179810480924238791e-01
-1.966444084062400899e-01
-3.253556465579119927e-01
-2.183064857714805407e-01
-1.831642231462020376e-01
-3.304198162322425358e-01
-4.289373700690805175e-02
1.155470000304016920e-01
-1.035999684414003336e-01
2.411412524750080333e-01
-1.489440567763680376e-02
5.400077396425530946e-02
8.855706566240427458e-02
8.326306750920528521e-02
7.032371000082172051e-03
4.336067482457738043e-02
-7.751974752627227572e-02
-5.281991762079633196e-02
-7.904575702670630505e-03
-1.182638104405959664e-02
-3.753782649485656875e-02
1.587923062161513549e-02
1.171974146827547622e-02
