8.171644631787395863e-01
7.392743410248656666e-01
4.667729406127478220e-01
5.210523211105734243e-01
6.649118140994602077e-01
6.987331418178718279e-01
7.049913948429490373e-01
6.966408418940566172e-01
6.852257241734056592e-01
7.639787358929650551e-01
7.145743772425419138e-01
6.894975294928019638e-01
7.204628832913562153e-01
9.852678666486173187e-01
1.111496732898192619e+00
1.235120399851587392e+00
1.271490923615675728e+00
1.279636270762867234e+00
1.560537889262959999e+00
1.577184286812883363e+00
1.447752412587890891e+00
1.182618384020389879e+00
9.235197184476464649e-01
7.585798657457144545e-01
7.484245984271074015e-01
8.185841564076734578e-01
2.384704974319797055e-01
-6.662492694065955678e-01
-7.723454928919130102e-01
-1.174119132835088175e+00
-1.335859569214460363e+00
-1.570506847375201076e+00
-1.779338766099194613e+00
-1.776827594754819550e+00
-1.862405737887093959e+00
-1.685180995064596399e+00
-1.687726571647206963e+00
-1.702393596573366086e+00
-8.889598218864592782e-01
6.699013278215303069e-02
6.582527397450789186e-01
6.235154730746174101e-01
5.021814582018322426e-01
2.183674222040406232e-01
-1.049326040263186821e-01
-1.087593688827294541e-01
7.850092526505440815e-02
5.342713980124933620e-02
5.371723001999983288e-02
-6.569828446056168170e-02
4.649910150424814252e-03
-1.166799020338141618e-01
-4.869015169512108665e-01
-6.767223600573900599e-01
-7.273691603551816209e-01
-7.031548102684188617e-01
-4.947191421986809057e-01
2.399271267297690413e-01
1.816022776066141542e-01
3.296903978653915046e-01
1.659037783011799050e+00
2.589509300056671570e+00
2.769158051665176590e+00
2.904501569255162341e+00
2.952826846058500987e+00
2.443731771011536935e+00
1.961392079341033989e+00
1.387141131200433808e+00
5.038022386763931770e-01
2.273722750425545558e-01
2.718020644425509502e-01
-8.523360377779767294e-01
-1.421791534418923142e+00
-1.427197408583305238e+00
-1.427227283881296271e+00
-1.343923439643327500e+00
-1.315566165976894464e+00
-9.925887125428541902e-01
-8.713523538893740428e-01
-8.982560499591044634e-01
-8.627323922451273219e-01
-8.599779823869819761e-01
-9.321110806291358353e-01
-1.050839961302300507e+00
-9.416484498213359977e-01
-5.954986280364641393e-01
-3.055590293994401296e-01
-3.223749592469830616e-01
-3.157718969879367288e-01
-3.993550661532662693e-01
-2.776884894716479812e-01
-2.012305691776387628e-01
1.682990778336914128e-01
3.402364450046853617e-01
2.982309469570086358e-01
2.257290903925897596e-01
8.950772484094121628e-02
6.239643879536227455e-02
1.012047688855104988e-01
1.591796213937825971e-02
7.221385989586417975e-02
1.851704700832944583e-01
1.590310873427938088e-01
1.330898649172894688e-01
1.889445529865173973e-02
-3.407391741425950804e-01
-3.650924116347580295e-01
-3.506114760614085224e-01
-3.534132593688658619e-01
-3.577767955129296795e-01
-2.836116632613783772e-01
-2.922804523934413590e-01
-2.261103078483522599e-01
-4.491495784541808811e-02
4.974331322346406696e-06
7.235472323550465670e-03
5.398343751204672664e-02
-2.438486217613339974e-02
8.034394232943820047e-02
-4.911727232742971877e-02
3.644246006763467854e-02
5.858351529849139747e-03
-1.554409203514411052e-02
3.952360935172966050e-02
-6.924036872952693544e-02
-1.392326819957084502e-02
-2.787347309695005840e-02
5.098287424176959357e-04
3.954688065115258278e-03
7.702525923918506585e-04
-3.034570515802279683e-03
-5.445036882935479173e-04
2.547536543247147164e-02
1.141066045840859145e-03
1.387133800123310085e-03
1.904177511496777612e-03
1.721671005785781281e-03
1.904023436112370739e-03
1.724747473334410077e-03
1.724672956328318196e-03
1.903798086637214062e-03
1.724520525477157883e-03
1.721199685680905147e-03
3.220352375948540313e-04
6.501472209197318670e-06
3.251418862856196502e-06
1.824488324534382256e-04
1.460911108414017522e-04
6.506276715862964994e-06
3.253675799155147488e-06
3.254358559001503318e-06
1.824515163487218415e-04
6.510789533320632917e-06
3.256075030909041577e-06
1.460953155467760759e-04
3.257295039004897579e-06
1.857116720438948155e-04
3.258331244454731802e-06
3.259011458856598390e-06
3.259548896177279132e-06
1.493591570543697578e-04
1.824567073931728227e-04
3.261267667825770872e-06
3.261947932862916799e-06
3.262306143550739584e-06
6.525977900746979458e-06
3.252987292662054357e-04
3.264204135379829358e-06
3.264705171032134810e-06
6.530485199517336148e-06
3.265925369964046266e-06
1.824621663870369225e-04
1.461065377434851438e-04
6.535289781930043040e-06
3.268182279145109967e-06
3.268685869864351409e-06
1.824647897486839229e-04
6.539802465912719073e-06
3.270581489438751370e-06
1.461107422868640504e-04
3.271622324011126019e-06
6.544319410044514192e-06
1.824680223012384132e-04
3.273338713484890149e-06
3.273876147286132055e-06
1.493892678763477202e-04
3.275096150123342822e-06
1.824705285427657671e-04
3.276275156195484997e-06
6.553625073796436310e-06
3.277495355286848288e-06
1.461182397518385936e-04
1.824732143313853485e-04
6.558423080744611036e-06
3.279748973605231091e-06
3.280252566343951544e-06
3.280789998426101120e-06
3.285980365162564226e-04
3.282147965866156114e-06
3.282509457723195267e-06
3.283192278863763871e-06
6.567459316610379169e-06
1.824786734629194886e-04
3.284908648484939614e-06
1.461263462139582758e-04
6.572257301471686986e-06
3.286486858432877221e-06
1.824812931039119807e-04
3.287845021163760097e-06
3.288382449009105080e-06
1.494190210471779982e-04
3.289423276049212563e-06
1.824839759138668297e-04
3.290638604711824203e-06
6.582279266450068866e-06
3.291822458475645761e-06
1.461338434408553035e-04
1.824866612995105814e-04
6.586791572412438666e-06
3.294076037774763399e-06
3.294758815719599368e-06
3.295296243208244378e-06
3.286268228789665665e-04
3.296332185224007884e-06
3.297012387037211094e-06
3.297698514490459292e-06
6.596113425310696911e-06
1.824919425873779805e-04
3.299272030841495345e-06
1.461419516741932218e-04
6.600911369479411154e-06
3.300993059558532413e-06
1.824946250516057205e-04
3.302208373384691979e-06
6.605418884856122245e-06
1.461457384528280789e-04
3.303929447314475406e-06
1.824973074666573025e-04
6.609935273911868627e-06
3.305645778504337388e-06
3.306328613375163107e-06
1.461492687555883538e-04
1.858071799470731571e-04
3.307903966286259769e-06
3.308582151167984969e-06
3.309085769633576566e-06
6.619246363093353008e-06
3.253454536033076891e-04
3.310840339069992481e-06
3.311339302165954096e-06
6.624044264629726721e-06
3.312562815859319324e-06
7.534074033764283883e-04
4.715426259486139166e-03
9.573835947982556327e-03
-1.167205263335343267e-03
-1.140692052552572631e-02
2.635969960590134938e-03
2.574450237247011362e-03
-2.903022759996587258e-03
-1.159836397349334886e-02
-3.279866712233615866e-02
-1.502561310416467358e-02
-4.132836706510768267e-03
2.790774305709174674e-02
-8.644545999117958512e-03
-2.285560263033428654e-03
-1.006633803917837688e-02
5.840484139905456965e-03
1.999821077812762461e-03
1.168747165991910033e-03
1.427408674871065138e-05
1.427380695581336885e-05
1.427295600553722381e-05
1.427267598896500969e-05
1.427182503372362867e-05
1.427154502078368495e-05
1.427070522483253842e-05
1.427042520765431966e-05
1.426957425390434004e-05
1.426929423295332981e-05
1.426916005204531376e-05
1.426888025534977964e-05
1.426802907367279014e-05
1.426774927849741420e-05
1.426689809610761090e-05
1.426661829851130128e-05
1.426576711492559588e-05
1.426547842737522779e-05
1.426462724433632451e-05
1.426434744524531854e-05
1.426349648263527603e-05
1.426321645870193902e-05
1.426236549811389461e-05
1.782760681442041183e-05
1.426123448991014622e-05
1.426167123750795881e-05
1.426082027180162294e-05
1.426054024576660576e-05
1.425968928562906767e-05
1.425940947569252987e-05
1.425855828872890959e-05
1.425827848416417681e-05
1.425742729330883147e-05
1.425714748789302539e-05
1.425629629895888969e-05
1.425601649052377369e-05
1.425516551807149633e-05
1.425487661116878196e-05
1.425402563701608427e-05
1.425446237969723651e-05
1.425361140773819321e-05
1.425333137631635820e-05
1.425306271304954858e-05
1.425221151901578495e-05
1.425136054236657284e-05
1.425108073292036716e-05
1.425080069904916867e-05
1.424994972320498853e-05
1.424966968661985751e-05
1.424881871188706421e-05
1.424853867498418234e-05
1.424768769855675394e-05
1.424740766390883640e-05
1.424655668134284504e-05
1.424699363965156192e-05
1.424614244117893398e-05
1.424586262234264472e-05
1.424501142181401371e-05
1.424472272907665641e-05
1.424387152304056467e-05
1.424359170624452705e-05
1.424274050369018117e-05
1.424246068469005372e-05
1.424160970075287356e-05
1.424132966086196608e-05
1.424047867668271407e-05
1.424019863093576976e-05
1.423934764763960043e-05
1.423978437432191983e-05
1.423893339042301032e-05
1.423865334720014288e-05
1.423780236021313759e-05
1.779690314034247382e-05
1.423667130198898844e-05
1.423639148043167190e-05
1.423554026716930322e-05
1.423526044087184801e-05
4.973056947212635588e-03
2.122041314426834253e-03
2.517563378680668425e-03
-2.306681791956627543e-03
-2.356945821403390665e-02
1.415263530176722427e-02
-6.392016017722659815e-02
1.576290981938888169e-02
-5.130894819485851827e-02
-6.821262301598958466e-02
-2.284858213767632443e-02
-4.584722668545501006e-02
1.034330843254649022e-03
-6.412957866285626252e-02
-3.797701971529914705e-02
1.912180081755117519e-03
9.452892515293005726e-02
3.629962305228562336e-01
2.691242759146771912e-01
3.864914535488001013e-01
3.304108062028957571e-01
2.836505194779295747e-01
3.179219832188319717e-01
2.062983345822552717e-01
1.914294874992003015e-01
2.894081214889676623e-01
2.974121717196996362e-01
2.909999470406630651e-01
4.935487238220237494e-02
-5.572615854149863546e-02
3.052407747521597783e-02
5.257034540196527800e-02
7.223651457387790520e-02
-1.239471541901569773e-01
-3.521075401776284086e-01
-4.381165577081520546e-01
-4.013271566054253392e-01
-3.015143153485836947e-01
-1.919431435857658907e-01
-2.717596782477085249e-01
-1.282135320670005074e-01
-9.870835931441067357e-02
-2.730829356863508084e-02
1.011923555942121841e-02
2.587320542902465589e-02
-3.847123481830229397e-02
1.875607505389136412e-02
-1.465268824064052365e-02
-2.357690928668371849e-02
3.368691690465865085e-02
-1.251746329178390627e-01
-9.032056412559254233e-02
-1.305837557324513176e-01
-7.274978938185393262e-02
-1.033185609194701565e-01
-1.303039865206250258e-01
-1.244725081781014459e-01
-1.187648347626835688e-01
-1.322047084867767619e-01
-1.225458149279472636e-01
-1.326662497162391929e-01
-5.733727871989658526e-02
2.208141294069303207e-01
3.502030848915401728e-01
3.512979101314499530e-01
2.398255988305003084e-01
6.693981022001044279e-02
-1.591688697699450428e-01
-2.903633747439775536e-01
-3.691059719966532371e-01
-2.494042961910441780e-01
-2.077225461402138484e-01
-2.100377600596577132e-01
1.440131935628091719e-01
1.151849052286899461e-01
1.341041254195929899e-01
1.374754312578124749e-01
2.087702774467548039e-01
1.907056382889057156e-01
9.517287063885061793e-02
7.303062558064433996e-02
5.287641869254275373e-04
7.245676479782577062e-02
5.477032718471047668e-02
1.146600709080809466e-01
5.782228104430270355e-02
4.682483861927246027e-02
1.024248104686441424e-01
2.813813508985512496e-02
-4.306358566773098584e-01
-4.432383115312157340e-01
-4.691131016622199779e-01
-3.834623226813844155e-01
-3.617208913302846218e-01
-1.370825250191083922e-01
-1.817312904824004011e-02
5.326453773005469794e-02
3.470677076253770796e-03
3.451479647655533722e-02
2.725670529739653708e-02
1.920321112410010023e-01
4.160086698583059239e-01
5.555622833267979122e-01
5.703672558218415567e-01
5.518804604003146874e-01
3.796637198180786155e-01
-2.837109447279156371e-01
-4.577802514363994435e-01
-9.396801160212160386e-01
-1.221686240306258497e+00
-3.575118036067466698e-01
-6.819366462751112919e-03
3.901029453313528683e-01
8.671387375681889331e-01
1.267035262369915927e+00
9.771020430369238285e-01
8.330868223960311569e-01
-1.525779763918338749e-01
-4.252276023838367225e-01
-4.676899022837197051e-01
-4.142367932567512789e-01
-1.276631377404813528e-01
2.100366919335530658e-01
2.562208882421546652e-01
2.302017372716733679e-01
1.529455177040567881e-01
1.876089803552371260e-01
5.518699097525912867e-02
-2.202236656985510632e-01
-2.739630445539324444e-01
1.289677903189933028e-01
5.021020700912727230e-01
4.329343426695907437e-01
2.705550738916612796e-01
-4.268765885879172162e-02
-3.748023555551021069e-01
-6.449571242675676830e-01
-7.257123138413412722e-01
-6.712672435458713061e-01
-6.722527478654709565e-01
-6.285948944444358366e-01
-6.074113273662107293e-01
-6.582137983064194620e-01
-9.533114829843094551e-01
-9.795330905381802733e-01
-9.469484798455157781e-01
-1.193277204329204144e+00
-1.434254416308350821e+00
-1.661855055502234890e+00
-1.958448606677382742e+00
-2.086499672065928124e+00
-1.975461621320273586e+00
-1.938839512550527111e+00
-1.804297078005764776e+00
-1.023651990458456229e+00
7.686036677346952395e-02
8.180093801899601669e-02
4.735692915838405487e-02
-4.031244470220270437e-01
-9.642792845121387346e-01
-9.562743542449763101e-01
-7.546313731201518271e-01
-2.109143427933601045e-01
-1.393332026549959080e-01
-1.534754692925527908e-01
-8.766208823638439729e-02
3.937534528067671707e-02
5.647456565234064418e-02
3.406100939248990489e-01
2.794131990742892424e-01
1.430676837269810320e-01
-1.784847640016879455e-01
-3.260982807991770760e-01
-2.915248459677579618e-01
-1.138019549785928147e-01
1.061609659443759068e-01
8.099809842316850472e-02
6.033034617458030158e-02
7.308624798232071784e-02
9.033769471470844137e-02
3.145892346277036344e-02
1.327416339982883699e-02
5.658161412750907504e-02
1.048785004001114712e-01
5.325271152262670699e-02
5.326144839479844684e-03
-1.309994296295863107e-02
3.660910395708791287e-02
-3.807156076502342390e-02
-1.079975868052855809e-01
-1.229307920849299629e-01
-1.737266272813806633e-01
-1.563989858918466980e-01
-1.588444864006722523e-01
-1.881653585888877489e-01
-1.665852758161634195e-01
-1.934311930897695264e-01
-1.409216242365499139e-01
-7.688506119812238415e-02
-7.923635504370687976e-02
-1.657433988864922061e-02
3.316862588590290817e-01
2.291528797386151728e-01
2.968703160993617640e-01
1.994234978018080695e-01
3.896338295640919269e-01
4.872399605673300993e-01
4.032066577041679145e-01
3.389475655038766133e-01
2.904242323430720751e-01
3.511715018393737897e-01
6.971679959213153421e-02
-3.857382291995735679e-01
-2.074233402669330151e-01
7.041973051896154023e-02
1.506777321638267941e-01
1.409281476817284273e-01
1.494745151073838818e-01
7.020248923478626668e-02
3.430325401367428917e-02
-3.319379131160572483e-01
-4.230905340208609422e-01
-4.960780054378722270e-01
-4.457912434188979200e-01
-8.580124833898768177e-02
4.019771331166278883e-02
-1.977581646219026684e-02
-4.065113071041463050e-02
-9.157785586805927691e-02
-1.951408156006678371e-02
-2.747373526919747247e-02
-4.027757362406923780e-03
-7.652686906319670912e-02
-1.113473680819293682e-01
-1.008653617173296546e-01
-1.196025842614562018e-01
-1.741677078277015511e-01
-1.638469272036758018e-01
3.476516430332057123e-02
2.326765648056573488e-01
2.532855281315507523e-01
1.926939202181083000e-01
1.372784177659177596e-01
-7.665626825679185130e-02
-1.751249947036292165e-01
-2.370034820429482991e-01
-2.258174758669571902e-01
-2.115095389170217055e-01
-1.836902069445024432e-01
1.446038210255692728e-02
2.974035122849925661e-01
2.574035490771125478e-01
9.591990217191181944e-02
-1.472337152229626633e-01
-5.227304500630285400e-01
-8.715389671873446931e-01
-8.352883844619776177e-01
-8.215449666062875078e-01
-8.232281372356781146e-01
-8.135810859613723522e-01
-7.779969256035231817e-01
-4.918013282216157633e-01
-4.711950501976792660e-01
-5.320362050834686052e-01
-5.177197273586534587e-01
-6.210224996934627928e-01
-2.592477328114884405e-01
-1.223174138460637883e-02
-5.933939328619278891e-02
-2.370244600539152258e-02
8.917370673568722483e-02
1.580849495057912169e-01
7.457649760998519284e-02
-1.834107103250051385e-01
-9.579061267599969787e-01
-1.033663441364389701e+00
-1.006126933281785041e+00
-9.230655480159069004e-01
-1.109505917073357217e+00
-1.137290925526756702e+00
-8.262133447492373550e-01
1.462216482032852594e-01
5.850522211925309746e-01
7.086018820987574074e-01
4.886207757931000373e-01
5.346502969316784259e-01
5.291727421659017105e-01
5.035876856703136450e-01
4.969646823469263675e-01
4.551467777317200758e-01
7.541635798587298378e-01
8.883007773524543849e-01
8.320133491057201125e-01
5.707678064048454791e-01
2.582270066502717620e-01
-1.325346745603906140e-01
-3.477970813232461600e-01
-3.684491319297702461e-01
-3.673475381012207830e-01
-3.890021359437882409e-01
-4.821600892570810371e-01
-4.280281360219391207e-01
-5.470268523924604054e-01
-4.106606451380140355e-01
-4.611749215496270260e-01
-3.833495047316961557e-01
-4.185557718315071063e-01
-3.757806660925485653e-01
-3.520763913567663272e-01
-3.400822133547151127e-01
-2.934589613917232831e-01
-3.584022345262874443e-01
-4.585921333456908222e-01
-6.448684381835244617e-01
-8.331878753408471505e-01
-1.933054748676033219e+00
-3.073867261994918998e+00
-4.983065620684340224e+00
-7.045784183486984986e+00
-8.473581143575604102e+00
-9.433882554697209599e+00
-1.018793242274483291e+01
-1.128233521589340427e+01
-1.176284412469077623e+01
-1.203096005221750175e+01
-1.295948609786570849e+01
-1.327577309871363553e+01
-1.462545441394563994e+01
-1.560339978330224753e+01
-1.604118816788852797e+01
-1.597680234063547466e+01
-1.634830900275556687e+01
-1.608497777461561640e+01
-1.428420533767753220e+01
-1.358758740650438845e+01
-1.324730330996266048e+01
-1.289468804500754118e+01
-1.191438996478906986e+01
-1.203483828912838227e+01
-1.183778138668867896e+01
-1.278774688510975821e+01
-1.293085514564306671e+01
-1.356468547815340919e+01
-1.438988285549297252e+01
-1.469320894347259987e+01
-1.580493034293112942e+01
-1.612459277450414774e+01
-1.583394112366576678e+01
-1.521240847745487201e+01
-1.474556205175150581e+01
-1.287513153620261974e+01
-9.609822922848668014e+00
-6.655197534659886394e+00
-4.487976957186634586e+00
-3.120932147040859306e+00
-2.882670126633951391e+00
-2.831130811204661146e+00
-2.924794541497805156e+00
-1.047552529567636448e+00
7.457797238068132328e-01
6.352216497609589618e-01
5.618689913661286672e-01
6.166424562661806386e-01
4.344000454380917420e-01
2.121610626492132778e-01
2.682307579406824627e-01
3.539473892546162181e-01
3.235374102975364652e-01
3.494139163507035684e-01
2.897298373523663484e-01
2.141403222745059953e-01
-1.210117970233619972e-01
-1.163257088725359184e-01
2.517787191815453740e-01
-6.421483638272847128e-02
-7.220868009156286571e-02
-1.144125328026259492e-01
1.000914543265886691e-01
-9.536667345851271294e-02
-9.815137391953131230e-02
-3.118645424150659484e-01
-5.093162918772001779e-01
-5.038836252931628845e-01
-3.487021834295186973e-01
-2.659329449323248884e-01
1.033028907587665857e-02
5.326718826760067083e-02
-2.516293822067186894e-02
-4.951780129476114622e-02
-6.143157675511896898e-02
-1.480846162057357918e-01
-1.175118100654372194e-01
-9.503804001866235363e-02
-7.566326891380595332e-02
-1.157906252757465310e-01
-1.295146418672624700e-01
-1.369974127961680610e-01
-1.227469347444005016e-01
-1.451003853167298352e-01
-9.292619902950738364e-02
1.921340597408304970e-02
5.116414418954953747e-02
5.170859774722151581e-02
2.378903323496042721e-02
-1.422535640962829416e-03
3.162231062186865449e-02
6.270147984578281972e-03
3.106720089250172290e-01
3.600986245788973528e-01
2.190184434759314125e-01
2.614441685816344396e-01
2.590773884079001221e-01
1.844841961249742146e-01
-2.172126865687913355e-01
-3.620921705473025276e-01
-3.088193430156043195e-01
-3.407708041625662904e-02
1.388641915720736364e-01
1.451335982095582622e-01
6.191900235289608811e-02
1.043739025073667087e-01
6.469180534945916106e-02
-2.103320246400085247e-02
-1.478944828560884162e-01
-1.007509067973440392e-01
-9.698642215209319489e-03
3.007197381108611123e-01
2.669495448622081213e-01
2.459442801553742286e-01
1.500989809058290124e-02
-1.251360790239871013e-01
-2.411951955854260143e-01
-3.221993137458852297e-01
-3.009666802635833083e-01
-6.180979172590715665e-02
1.709880603436614473e-03
2.570655765797442704e-01
2.723041954913651974e-01
1.113618333120559994e-01
-6.893325032356531490e-02
-8.707513309699958792e-02
1.867649419351942583e-03
-7.691969968929188509e-03
-3.500688582958418754e-02
-1.492055724125387617e-01
-2.162793210344207684e-01
-4.053046181650466484e-01
-4.558820575915272233e-01
-4.498240109413474408e-01
-4.952135720115684037e-01
-2.627510931958930152e-01
1.628081776253504920e-01
1.283657624442721135e-01
1.004242751220413149e-01
1.003414387721563578e-01
1.150321675454748366e-01
7.598417794836918870e-02
-3.948636724336124781e-01
-6.936981840366380769e-01
-9.249267556926730194e-01
-8.590540102566943670e-01
-7.780404228471113903e-01
7.484816368546151621e-02
4.241848320351661039e-01
5.200305950232717578e-01
7.567169435974119285e-01
5.851472697312015692e-01
5.503159807443508411e-01
3.687114524681624483e-01
3.517573899214201938e-01
3.850394867193288606e-01
4.345396601705155959e-01
3.887625071357332374e-01
4.370290818014396228e-01
4.689803915068779805e-01
4.390221990301451660e-01
3.915624017775920507e-01
2.097823061321820726e-01
-1.116085506860441945e-01
-2.431615330492382931e-01
-2.129539536182671333e-01
-1.912346892567300949e-01
-2.690982225086243074e-01
-2.133229738439545164e-01
-2.073292670002871985e-01
-1.105838055534527631e-01
-1.502355397464046338e-01
-1.278010059598880810e-01
-1.574914993304382116e-01
-2.656926283827399371e-01
-3.865973937866923893e-01
-4.132436281449476945e-01
-5.233181158238928710e-01
-4.792818101552493437e-01
-3.184009596941994591e-01
-3.162656437790626884e-01
-4.062333738100142311e-01
-5.819896695536681541e-01
-6.442691066444913295e-01
-5.870628447713505116e-01
-7.386258058771982826e-01
-7.690066015477760031e-01
-9.914155772557496915e-01
-1.159699393939709333e+00
-1.401751429698844920e+00
-1.157370372151986571e+00
-6.680110878673354291e-01
-4.447957953203475201e-01
-4.643717518194239169e-01
3.172830305410682256e-02
4.746997479319264857e-02
-1.826804382378627257e-03
-1.827237585830538379e-03
-1.827198588568267187e-03
-1.807308027541777978e-03
-1.827117194398968992e-03
-1.826607679270747563e-03
-1.807669289815676261e-03
-1.827006815413623935e-03
-1.826484316720319205e-03
-1.807543370581930807e-03
-1.826886312332058658e-03
-2.054721876684154763e-03
-1.807427146796063491e-03
-3.852659030770405352e-03
-4.692571585615691598e-02
-8.115798470492209538e-02
-1.670509325574664750e-01
-3.424017620721589994e-01
-5.469785129564479487e-01
-5.283179761013234721e-01
-5.635769585238498136e-01
-6.970020292613375856e-01
-8.330823621929438483e-01
-8.407358887121475499e-01
-1.014909532578120110e+00
-1.093362999191651586e+00
-1.255392615402550316e+00
-1.283379957222105849e+00
-1.405687826395555451e+00
-1.467703405187839483e+00
-1.552610461870666203e+00
-1.453269188871253448e+00
-1.770501629710561131e+00
-1.745992575887991505e+00
-1.703894371772405325e+00
-2.388214696192056063e+00
-3.827238128021578145e+00
-4.789935953200123109e+00
-5.159739019982586328e+00
-4.732499172023177714e+00
-4.395993938741692197e+00
-3.630303005961404317e+00
-3.207922937247220663e+00
-2.592697705849152712e+00
-1.907423867026412090e+00
-1.131732497032172713e+00
-2.308828966636589097e-01
-6.460345234966099678e-03
4.058591156145829881e-02
-2.160557804440861650e-04
-2.115913841153956737e-04
-2.923769427660092559e-04
-2.160555319941013499e-04
-2.160554390196697296e-04
-2.923775805138495790e-04
-2.115965799070067309e-04
-2.160553264077064097e-04
-2.923778424154656959e-04
8.202682840738920176e-15
-2.116005922001285282e-04
-2.923782448360805392e-04
-2.160550644634900920e-04
-2.160551695119153999e-04
-2.879284760172406651e-04
-2.160550235584986754e-04
-2.160549262672319711e-04
-2.923791438313777438e-04
-2.116085808298187956e-04
-2.923796067424726708e-04
-2.160546893837679821e-04
-2.160545939683624250e-04
-2.879381098974333913e-04
-2.160545818634096156e-04
-2.160544808929039775e-04
-2.923805052227105260e-04
-2.116165913029615655e-04
-2.160544376854240929e-04
-2.923810444215797820e-04
-2.160542180884168751e-04
-2.116204529826556545e-04
-2.923815811286929419e-04
-2.160541048509297254e-04
-2.160540115953675175e-04
-2.923818383071018277e-04
-2.116256376679816848e-04
-2.160539701058363600e-04
-2.923824720992489017e-04
-2.160537483496224095e-04
-2.116295874163371326e-04
-2.923830108504566101e-04
-2.160536348667752124e-04
-2.160535337288063088e-04
-2.879635059997152392e-04
-2.160535170280567473e-04
-2.160534236061015440e-04
-2.923838103372692460e-04
-2.116375783466586838e-04
-2.160531780750166869e-04
-2.923844381129250326e-04
-2.160531617286086544e-04
-2.116416607246382660e-04
-2.923846975626693818e-04
-2.160530479244106826e-04
-2.160529488530853475e-04
-2.879781280888168830e-04
-2.160527302076091386e-04
-2.160528361638730836e-04
-2.923858714884665019e-04
-2.116496507537558467e-04
-2.160525902771015549e-04
-2.923861314198897840e-04
-2.160525717596696366e-04
-2.160524747075391442e-04
-2.879889496776593554e-04
-2.313482070319624171e-14
-2.923869995418818283e-04
-2.160523132175278394e-04
-2.116587791645940493e-04
-2.923873588795785250e-04
-2.160520609675635419e-04
-2.160521674370856511e-04
-2.879987517473709259e-04
-2.160519465588752353e-04
-2.515847100880719833e-01
-7.128471714826506433e-01
-1.206229547316266082e+00
-1.746241644898997025e+00
-2.092522903922646726e+00
-2.233435338916772928e+00
-2.585859804640792792e+00
-2.996311819454312797e+00
-3.544339272734455371e+00
-4.078980076726966608e+00
-4.560245475821453454e+00
-4.960162798379497140e+00
-6.427805336600462383e+00
-7.865027626479619727e+00
-9.498639058800240065e+00
-1.081563685603251201e+01
-1.158732868803019400e+01
-1.329276395330901650e+01
-1.416480875662707639e+01
-1.535457118964696832e+01
-1.562223979291364095e+01
-1.553019386281259351e+01
-1.470145939387324674e+01
-1.452441463502692187e+01
-1.272146338251668851e+01
-9.700581044027543953e+00
-6.180794251788776172e+00
-4.576279962755672948e+00
-4.039587917064949352e+00
-3.910729486555362566e+00
-2.898928382716582153e+00
-1.449399087340331960e+00
-1.128146546559336105e+00
-1.392143241732386461e+00
-1.361333826471494257e+00
-1.263680151914300609e+00
-9.011231978588796210e-01
-4.219825797234064146e-01
-2.840845791805022419e-02
5.068081786888516405e-01
7.506005740425688577e-01
6.066978000111848957e-01
6.566886198661733287e-01
7.852380026041155814e-01
1.087253821842370849e+00
1.092036545179890128e+00
1.339278311411607802e+00
1.368953517981148060e+00
1.568755867419776573e+00
1.632897833757265715e+00
1.202978762288081871e+00
5.752021020798502304e-01
-1.817012501206267394e-01
-2.149653047179090060e-01
5.213847960170394646e-01
2.818658812706477668e-01
2.314152734512752996e-01
2.842084042867067395e-01
9.123260060743341171e-01
1.528597423264638211e+00
1.822116452566258538e+00
1.753165901924368608e+00
1.487911650343448633e+00
7.391837963193932382e-01
7.248378876495635836e-01
4.677904379613062602e-01
-1.991233699080803277e-01
-3.501007439695919543e-01
-7.023827984289013893e-01
-8.962552852647462931e-01
-6.351428926556276222e-01
2.587660457831821859e-01
2.733045153878507771e-01
1.286392085961511091e-02
-7.966629750818973177e-01
-1.215990509995519275e+00
-1.013826335528980493e+00
-2.232091605612725460e-01
-1.344550255799737137e-01
1.828211009559086164e-01
1.522963579283017344e-01
1.416848011745298064e-01
9.141315458218449153e-02
1.847044794716892757e-01
8.600675454923020768e-02
3.700192410041848734e-01
3.954806781352777634e-01
4.654527663879741706e-01
3.393071427581500488e-01
3.882729591312707451e-01
3.172854005208690098e-01
3.678275206716529189e-01
5.174776619091573382e-01
7.126448094244705045e-01
6.574714373356579378e-01
4.866087982655287192e-01
5.722060366791958952e-01
5.866190594877389586e-01
6.372278832220297229e-01
3.161130275662680789e-01
6.536554486477878789e-02
-2.707067152992292391e-01
5.502657430031527956e-03
1.023648946791741787e+00
1.499836132035858194e+00
2.175007032955666997e+00
2.772703845932194877e+00
3.237114870437237446e+00
3.170578174655887871e+00
2.844436380163608558e+00
2.364157959945345944e+00
2.206693845321883174e+00
1.754590796291318311e+00
1.579440273568508024e+00
2.038002591595593938e+00
2.645078955407518251e+00
2.661532714154522417e+00
2.529674460556512461e+00
2.367349472146521805e+00
1.804833125890758616e+00
1.525161080399933144e+00
1.404945217325201501e+00
8.981285986560573198e-01
6.925529409713467865e-01
7.225984743584620840e-02
-7.008447196806543156e-01
-5.116574001454958776e-01
4.488273002637196973e-01
6.093791896434664901e-01
9.327358743889645476e-01
1.014788934509776253e+00
7.642040013916086005e-01
7.682769021656404851e-01
3.755290796876936121e-01
3.756151457581596853e-01
3.198295468952581655e-01
9.507426309325101021e-02
-8.413518900036787151e-02
-1.023940817666598307e-01
-2.782314179653801456e-01
-1.211878341855976149e-01
-6.028925870343082583e-01
-9.392889811634623776e-01
-8.838401782271776419e-01
2.808231276614197094e-02
2.879574680715950019e-01
7.775269237566470037e-01
1.027958671113611500e+00
7.764529383302852805e-01
6.557548166651048227e-01
6.205588171522055108e-01
5.478843254043104238e-01
6.558692570719016901e-01
4.981447508475445596e-01
-1.414245355951038174e-01
-1.412362680244311497e-01
5.830246449392377794e-01
3.258634201819601284e-01
2.205101355666218566e-01
2.454219565790892177e-01
2.084897353680026377e-01
2.903111427858168780e-01
1.837018030967832172e-01
-1.388416166560460518e-01
-2.155696838029653450e-01
3.925845572669810907e-02
4.196275742859570390e-01
6.390936835169188646e-01
8.622718419245620769e-01
1.210395467101198719e+00
1.255779660333490533e+00
1.324591211345301778e+00
1.241777211876667009e+00
1.183815550521495785e+00
1.245694004856038539e+00
1.248099172365211063e+00
1.401474423369887923e+00
1.312017803156857898e+00
1.332925120994654433e+00
1.579563669082320043e+00
1.815058325431095243e+00
2.414977728196741946e+00
2.044931136423151052e+00
9.377422961267513069e-01
6.389945999139200472e-01
7.157810125683490288e-01
8.313391729205233949e-01
1.116335354457908213e+00
1.089764601827676982e+00
9.934602213912793189e-01
9.707691207405113598e-01
1.230998348151133737e+00
1.603954067875736023e+00
1.799474176221316890e+00
2.169425760032424488e+00
1.660437451995671498e+00
1.230660885400599591e+00
1.264806277274563184e+00
1.163153097417933157e+00
1.404108594861040116e+00
1.767072960786911118e+00
1.598294136578136015e+00
1.353809996661398785e+00
6.299831343154242980e-01
5.742242204766863090e-01
5.246206281263093851e-01
7.759397225549102828e-01
1.017273261346640201e+00
1.030660029269565126e+00
1.004114438555965494e+00
9.317427592624101251e-01
4.159510751279472118e-01
-7.460942430311335964e-03
7.541911499577304279e-02
4.235757570570665154e-01
4.045091562140833430e-01
-2.280247169749859970e-01
-3.663638561823801543e-01
3.351133225638486812e-01
5.933925260580019678e-01
-3.615151667338659669e-01
-1.319301800273254166e+00
-4.148351674651352683e-01
2.856539971037762027e-01
-6.920187304063589728e-01
-1.834915194883137479e+00
-1.076889271949158289e+00
-3.179626825439217930e-01
-5.629758286109177723e-01
-9.915547885545863416e-01
-1.015771808952367516e+00
-5.254750413198731041e-01
-3.822920764065258492e-01
-3.247626139265446521e-01
-5.313958251236735597e-01
-6.260358195681193783e-01
-4.728159351364981666e-01
-2.702649380101624366e-01
-2.347679175867983525e-01
-2.368090045902431773e-01
-3.344059945527607103e-01
-5.399835792109688448e-01
-2.452233568494762705e-01
-3.616959459419891165e-02
-8.453520353190581427e-02
-1.299882132776408739e-01
-1.520756450969130702e-01
-1.486964011766726546e-01
1.112531783780347366e-01
7.509133879154498148e-01
3.250238688604459858e-01
-1.648847887645326082e-01
-8.987817582103313496e-02
2.017789587004914786e-01
-5.435657421752670970e-01
-8.963069561693938203e-01
-7.971938902194840582e-01
-4.433128887104340055e-01
-6.847662690950342412e-01
-7.972654592505822313e-01
-8.139728617762135299e-01
-6.093256797575216099e-01
-1.084741199388677302e+00
-1.400160159069270716e+00
-1.091774092205742619e+00
-3.780668142257717634e-01
4.749677970862362097e-01
1.755435023250272175e-01
4.828066768939369702e-01
8.372626147075419301e-01
2.469236807021410463e-01
-6.046575344240755212e-02
4.075199782794837744e-01
8.857227687288196094e-01
3.516250415058449486e-01
-1.210794100429546660e-01
7.331517588241581729e-01
1.362907002585511673e+00
6.842529005478590332e-01
2.781754250051522437e-01
6.204686435829006586e-01
1.579144105406039778e+00
1.557327136463652950e+00
9.446565839357575767e-01
1.024066091952253954e+00
1.802768346596577809e+00
1.007891564477818358e+00
1.047942505172018146e+00
1.270653052717540366e+00
1.567268976790863189e+00
3.755758664181393924e-01
5.921538394454191334e-02
4.119585687893789205e-01
1.217670478141616330e+00
6.817721462673542732e-01
3.908882741817331086e-01
3.633490297107091482e-01
4.163946136498898887e-01
-1.478824762306285845e-01
-4.429605423674181086e-01
-8.723246411420178259e-02
7.567580036160380663e-01
1.964161947211424120e-01
-6.726163431201176435e-01
-7.730253733444532038e-01
-4.619112069396735243e-01
-1.104923405457358010e+00
-1.142905174791636558e+00
-1.235998484129969155e+00
-1.034055138091360293e+00
-1.079045729093885519e+00
-2.309326325831164983e-01
-6.282768645945895070e-02
-1.348677335443304315e-01
-7.716187312435407453e-02
4.185235013009098171e-01
4.730577947703124564e-01
1.447397332551800808e-01
2.580322490092931131e-01
2.602091171135640368e-01
2.294260969555242669e-01
7.940120195196082031e-02
2.848604887574286981e-01
2.671665473139134828e-01
3.115786910431804779e-01
1.566816533262935240e-01
2.227981902294796090e-01
3.134380133649137257e-01
1.859059930697842811e-01
2.822074119643685486e-01
2.113647421934220505e-01
2.038214849364516357e-01
1.713343925794621470e-01
2.806519077545236440e-01
2.420973203202366475e-01
1.689275173456910861e-01
1.854455417542398010e-01
2.311967147024447666e-01
3.454576265891243780e-01
2.075628319961118073e-01
-3.763725450968424813e-01
-4.825943948865126232e-01
-1.071285703723230176e+00
-2.360765930461264261e+00
-4.014938587690211058e+00
-5.072999886996965913e+00
-6.381298670208943591e+00
-7.585490532094662619e+00
-8.800034547517622485e+00
-9.386027747458799197e+00
-9.746165420673904123e+00
-9.583612147979081897e+00
-1.018720666224369964e+01
-1.035342290702036649e+01
-1.098342734175565738e+01
-1.150891264910452350e+01
-1.125318537858882273e+01
-1.103881060092994026e+01
-1.084969767197005908e+01
-1.120592276618949867e+01
-1.144772994131405497e+01
-1.255215788978926383e+01
-1.262273865176112686e+01
-1.295333123017586807e+01
-1.301262165703158047e+01
-1.291302952044838293e+01
-1.114943418465159652e+01
-1.065042982471560862e+01
-1.114690703289956453e+01
-1.178997586337083447e+01
-1.179228896087347955e+01
-1.221814414583015207e+01
-1.066519203329706222e+01
-7.358718214637163690e+00
-7.192598554605655892e+00
-8.104664799822909771e+00
-8.158059104317528565e+00
-6.841272772030343674e+00
-6.755701252918823840e+00
-6.468522674561993036e+00
-5.613394209380794919e+00
-4.917018698870700533e+00
-4.260243329522380940e+00
-3.919115427342918068e+00
-3.717473316334550582e+00
-1.699286137591401236e+00
-6.391941164331025327e-01
-5.495167619967741279e-01
-5.016028714050372317e-01
-4.697921805250293015e-01
-2.680897425224815223e-01
1.530252703335155673e-01
5.702026235264732838e-03
-8.571186778843438436e-02
-6.676198477930151975e-01
-1.296665823224584235e+00
-7.532061202787544429e-01
4.186022232879129529e-02
-3.091898727366698338e-02
-8.168298937273442417e-02
-1.044506987638448570e-01
-1.548773465694118778e-01
-1.437553014049695044e-01
-2.252582093212703584e-01
-2.482995978392220360e-01
-2.633826585034222401e-01
-2.305333722674716979e-01
-2.471408055670532011e-01
-1.408893829401909048e-01
-7.808986037756437959e-02
-8.001836393048933349e-02
9.098429263239792009e-02
3.783514278184974544e-01
1.995418991878071813e-01
3.531668654472735341e-02
-2.734518824458430364e-02
-4.421916549507205058e-02
-7.277835564671962520e-02
-1.122160032124480539e-01
-7.995464638862626039e-02
-9.739389002320292255e-02
-1.477763453836047902e-01
-2.236251711399870890e-01
-2.863449994879339183e-02
1.313087244657060171e-01
3.028387076047711624e-02
-8.283663935342196194e-03
1.271974577520700381e-02
-9.087105019685871865e-02
-6.104996971254199323e-02
1.555296553112257285e-01
-1.285447655853365345e-01
-2.887567269815232152e-01
-4.113271003591529862e-01
-3.566831156898047639e-01
-3.903618127457782472e-01
-2.878638573525868494e-01
2.816413366236922289e-02
4.182998866886408762e-02
4.820255913950801177e-03
-1.236163462987481809e-01
-9.030061797246997923e-02
-8.492767443936764804e-02
-6.514258192640905165e-02
-5.664548670523145146e-02
1.753628788458717613e-01
5.781834116525385037e-01
3.212961764240992446e-01
-2.005659599988114661e-01
-2.098040377057280303e-01
-7.192096039832787668e-02
-9.637773978427799371e-03
-3.610582755773552449e-02
-2.093937461888603635e-02
-1.013512922320723320e+00
-1.171124516909867630e+00
-1.031667407377563794e+00
-1.176906567611164300e+00
-2.505387774133279510e+00
-4.673025150369026548e+00
-7.428171490599424942e+00
-1.056074226034864694e+01
-1.157750904194092989e+01
-1.286200055626470373e+01
-1.371934704514853820e+01
-1.512412210920340172e+01
-1.619546298078812541e+01
-1.676997820385541260e+01
-1.688146100342782674e+01
-1.711205265611904025e+01
-1.790299546739592174e+01
-1.754536495793303885e+01
-1.705918145293520638e+01
-1.693051707538247541e+01
-1.713741138914133444e+01
-1.707232075840918384e+01
-1.655493814176750789e+01
-1.446467611760520278e+01
-1.247055879311426096e+01
-1.099586163049215770e+01
-9.502357553047191985e+00
-7.218344912680054293e+00
-4.695912954475438106e+00
-4.015410620043860845e+00
-3.334452903645765520e+00
-1.471267056390366923e+00
-2.819540435907756382e-01
-3.858322327344563818e-01
-8.325760079243925416e-02
4.854671730383272599e-01
-8.533407002328842472e-02
-1.473085791040892600e-01
-2.802769593100709611e-01
-1.239006080277362809e-01
-3.461613470632471934e-01
-5.967136773909879066e-01
-6.362419284928261254e-01
-5.948682424683693348e-01
-7.655307518762928254e-01
-7.875013369211931735e-01
-7.891451641091828950e-01
-6.123339731734960267e-01
-5.868345973424825557e-01
-5.404763745155471977e-01
-8.756604091185899996e-01
-1.413791852058915666e+00
-1.559981921442747055e+00
-1.570397293821044871e+00
-1.532837134987509842e+00
-1.780637971837020217e+00
-1.792416340585927248e+00
-1.342807859784306057e+00
-1.004432258605710837e-01
-1.738515619120373779e-01
-6.322205509793529243e-01
-9.925417170514347909e-01
-5.628500185357917518e-01
-6.245420333018921605e-02
2.394109799012788531e-01
1.845839221766158115e-03
4.233137100852017443e-01
1.845901557031128515e-01
-4.237218684538993640e-01
-5.340651351558245441e-01
1.230217817136271541e-01
1.696247770970135960e-01
-4.501680472289576462e-02
8.176130301947316312e-03
1.762946911529587879e-01
1.107835240824167483e-01
-1.049327255405667625e-01
-1.141801884932365091e-01
-8.722840930299018136e-02
-3.862231173694937597e-02
-1.393245626317001495e-01
1.828477195980443559e-02
3.662209452544089999e-02
1.190939525646045882e-01
2.194315148965260420e-01
5.667827967227329067e-02
1.136334958060984113e-01
6.167346056672560334e-02
2.563152820368707827e-02
6.692416143940942141e-02
1.894832374251342599e-01
1.285789104133716887e-01
1.335990530656152309e-01
9.058116943619783090e-02
1.372157785927608786e-01
1.498120681605612237e-01
9.265330305319651946e-03
-1.361710259309248938e-01
-2.102757281906720288e-01
-1.461675222721067202e-01
-9.847543088225003960e-02
-5.745586182308901751e-02
1.359431539610932993e-01
1.361352897454055633e-01
1.686405154467379708e-01
2.046563830610690915e-01
1.918067759691821084e-01
4.764633505336377528e-01
5.412933223926211790e-01
4.707301599944083703e-01
3.809091493501615133e-01
3.219049981923313153e-01
3.300085288937117112e-02
-2.046241445273978277e-01
-3.890195508909740502e-02
4.076415680499057698e-02
-1.035236861638226709e-02
-3.364537510967086642e-01
-4.792792276778085059e-01
-4.823834681215530273e-01
-4.153689029587990245e-01
-2.612188009874916172e-01
1.180665013264322744e-01
3.251459831757620433e-01
2.530281730704556642e-01
3.024572203243376389e-01
1.934151177004401756e-01
1.733835623061552632e-03
-4.227607433738270748e-01
-3.011470711787777588e-01
-2.612777509437067547e-01
-3.270050774491350953e-01
-2.079275006027322681e-01
3.252407282843268188e-01
2.498522205621801773e-01
2.884676086329328593e-01
2.298601232653829374e-01
2.353770865604419005e-01
2.113449555114566281e-01
1.315777602177177485e-01
1.985984475947500383e-01
1.659598700782631830e-01
1.546134571558471504e-01
8.714726952169941920e-02
5.663029805001514733e-02
1.115277827271958372e-01
4.409730192752300826e-02
2.226133657738292582e-02
1.921644515584788535e-02
3.291450041317003222e-02
1.438268498942161557e-02
2.303756320450521186e-02
2.217470767054912847e-02
3.476196550325741375e-02
4.736183915283530277e-02
3.025070237984364696e-02
3.383614238520626233e-02
3.906965340041103352e-02
2.417882812521065725e-02
1.374596955104627309e-02
4.981437840582025878e-03
4.074516899286464121e-03
2.554279126666152757e-05
2.029450823056821020e-04
1.680734463331960715e-04
2.029543750471051974e-04
1.706365682047819425e-04
2.029619170899925806e-04
2.556603538991156081e-05
1.706500040850440715e-04
2.004173707751401258e-04
1.706580446538158468e-04
2.029824421757533308e-04
2.558700824606658741e-05
3.480692162455830221e-04
2.303687304551016115e-05
3.480770308130315101e-04
2.560426860152196260e-05
2.030065378442518973e-04
1.706918772147155761e-04
2.305573302751633331e-05
3.480979168335291384e-04
2.562522379361920492e-05
2.030272265790437956e-04
1.707133519402977769e-04
2.004710454947700323e-04
1.707213935158764405e-04
2.030437096676075302e-04
-7.444048068669154548e-04
2.283662646744517855e-02
4.183354498296096985e-02
3.620282860835623284e-02
7.234417771636056371e-02
1.386536952711777126e-01
7.182875594332688296e-02
1.558664573770389694e-01
1.062118533932663034e-01
6.607219763411938118e-02
-2.340275826460356812e-01
-1.654363284039837012e-01
-2.335356195488008657e-01
-2.355914404601072987e-01
-3.241550655905608425e-01
-2.814891652652772858e-01
-4.183015884804092144e-01
-6.003004614224095592e-01
-6.536071542922909927e-01
-7.698797213078092394e-01
-3.989314313827443947e-01
-8.498556405685787907e-02
8.984631368391523751e-03
8.814326600034642911e-02
2.298919185922541908e-01
2.482505281092752536e-01
1.802695274303582895e-01
2.548139941174918377e-01
2.314284495915032436e-01
9.087521452936571376e-02
-1.142728071114878369e-01
-2.702122470278621735e-01
-9.863637806960616483e-02
2.179763763310485838e-02
1.075755892048361473e-01
6.978874455919313602e-02
-2.743043774300741103e-02
6.645306263767284186e-03
-1.711445426297136460e-02
-8.273919774400137483e-02
-6.761854044840169553e-02
-3.187960061208454376e-02
-1.284731910100388452e-01
4.049155888449410684e-02
9.603659367908387590e-02
9.841852776593545959e-02
-3.501140723308918817e-02
1.222606404101891746e-02
-6.703231605430828551e-04
-1.843646505928403165e-02
-3.700403761723319168e-02
2.349217788672935958e-01
2.438618114738015930e-01
2.607624564654774102e-01
1.689935132457091038e-01
1.192385302925189627e-01
1.643230022668836776e-01
2.061369860542564547e-01
2.621521689437019687e-01
2.068773083345795960e-01
-1.904006138438620876e-01
-1.623949551335537589e-01
-1.437973364887964178e-01
-3.049586804512394167e-01
-3.530149959996924935e-01
-5.865579506354466899e-01
-4.039400352051805698e-01
2.085736432457122869e-01
2.142345763420577809e-01
6.746601937682587813e-02
-1.316943861589616183e-01
9.209504255761315206e-02
7.669912571184274441e-02
1.399500307456216230e-01
1.499470035742956897e-01
6.366435411816943890e-02
5.999292948962112876e-02
8.771529734571509307e-02
1.213052971015335380e-01
2.419258062455608912e-02
5.707613745356342194e-02
9.997164156915867850e-02
9.950886517564351552e-02
-3.753661988050390613e-02
-3.952820041115531757e-02
-5.397781704970860267e-02
-3.905348265339218528e-01
-6.635114809262397939e-01
-5.618194187194343048e-01
-3.605467011272586175e-01
1.378204835758348179e-01
2.502709096156294777e-01
2.234964200587536420e-01
-1.080822757117973487e-01
-4.312279994489714996e-01
-6.129751933155814791e-01
-4.501736583071628828e-01
1.129940444862161386e-01
2.487478614709688618e-01
2.945365860444159600e-01
3.514840524278867728e-01
5.494252104705390494e-01
6.154954008271773525e-01
4.832821891606101650e-01
2.682372860932825120e-01
2.144516125347758762e-01
-9.978530015260446417e-02
-2.865237387384006462e-01
-2.338682096870412230e-01
-3.033005828492311151e-01
-2.624914627286791258e-01
-1.695458106274637111e-01
-1.106432071536560952e-01
-1.363850346051095341e-01
8.257081840099866898e-02
3.059030812336622218e-01
1.308446220705116736e-01
-2.662759195045764637e-01
-2.319375481003113915e-01
-1.955972916918853333e-01
-8.902907971630530382e-02
-1.593375879528249883e-01
-2.275926161874861631e-01
-2.001536922090950688e-01
-6.084862294738283689e-02
2.230298387013226330e-02
-9.001989275486163566e-03
-5.448096460900523491e-02
-2.366204363599507809e-01
-3.194044912586159191e-01
-3.600427858745870457e-01
-3.222169298481405431e-01
-3.749408829619376715e-01
-2.840703602812905681e-01
-3.401007081912633123e-01
-1.407770193192423580e+00
-1.912367446181020281e+00
-1.634764077356416045e+00
-1.713244885366411951e+00
-1.880659900967758924e+00
-1.938638711554701910e+00
-1.870003477458704211e+00
-1.826077212368068636e+00
-1.628914887610138917e+00
-8.047433841060279702e-01
-4.862355003716309354e-02
-2.260112070734162371e-01
-4.929064714973294126e-01
-5.301932931222433920e-01
-5.128250358105373996e-01
-4.304911375992780953e-01
-2.655373345408233998e-01
-1.170003583952980014e-01
-1.763443446225141098e-01
-1.648350698196173192e-01
-1.505480238503129065e-01
-1.459969144800270791e-01
-2.012536358154705940e-01
-2.539260978237035671e-01
-1.460437747909377748e-01
2.701887145032615956e-01
1.604904215735170059e-01
2.294260146059139138e-01
3.325264919656997775e-01
2.742829001732751126e-01
1.762286401667848557e-01
1.240076633968461989e-01
1.063280736385196767e-01
7.841468976135275437e-02
5.826980206021437590e-03
-1.576651015946597435e-03
1.681398339509997120e-02
4.481471062927839394e-02
-1.407343982169346856e-02
1.032932607247753591e-02
-2.135021683914818669e-02
-2.296729417977088072e-01
-5.613395368880709224e-01
-5.265771327741581853e-01
-5.358953770602031819e-01
-3.252292965341527786e-01
-2.150141205140406464e-01
-2.910859257550173496e-01
-2.173585621483092867e-01
5.227435497236392337e-01
5.784595596472418277e-01
3.437061364989416057e-01
2.930620446112715549e-01
1.627733967050530306e-01
1.311352542160164059e-01
6.681740320116073828e-02
2.293709933667665846e-01
2.355584494799199125e-01
2.096710981468048185e-01
2.405827905580923409e-01
2.446625325473952006e-01
2.260976412491327026e-01
5.348025661493373273e-02
1.846087733703673586e-02
-2.182296305667039485e-02
-7.539921264988315441e-02
-4.265860252180517231e-01
-4.715653945990773699e-01
-4.670697022729782821e-01
-4.267585048444525464e-01
-3.370465481253380746e-01
-8.887504033449274143e-02
1.947874277292315492e-01
1.895523014522928762e-01
1.440734616671966450e-01
8.447409337673712770e-02
1.461560716482489253e-01
7.009041460155487346e-01
5.243503386726254822e-01
1.271383823834321414e-01
-4.288873138528097595e-01
-4.408267444847081551e-01
-3.784898787675705645e-01
-3.585393482311603486e-01
-4.342949812353060768e-01
-5.058734712263484035e-01
-5.461389299590780899e-01
-8.955082469787792876e-01
-9.499873432242477156e-01
-8.698545162351494220e-01
-8.380037160571542909e-01
-4.360316552459852502e-01
-3.310774537444468035e-01
-3.122683389708933999e-01
1.270258419123914025e-02
4.646853110892924521e-01
-6.631927669301026194e-03
2.551229052016067839e-02
-1.676424035962234826e-01
-1.561572869429221355e-01
-1.166965605926835736e-01
-8.216923359203853749e-02
-2.429529336012781204e-01
-1.081929358698206362e-01
-7.682994182958187424e-02
2.156770354382325228e-01
4.746466901339483901e-01
5.145950002462974515e-01
4.915778117228152277e-01
4.151612733596408145e-01
2.296630993647711672e-01
1.921790447938842294e-01
1.007978032499154686e-01
1.234656685061402831e-01
1.494893255201089899e-01
1.272476831338830161e-01
1.806770427959503156e-01
1.154182849463139260e-01
1.804379494150125107e-01
1.155904152597595214e-01
1.616664076405981143e-01
7.965780248062040436e-02
-1.781850220299558696e-01
-5.638332169531610205e-01
-1.290635669304200928e+00
-1.338330496150573534e+00
-1.349885030611683856e+00
-1.578028079002188777e+00
-1.644182541278165655e+00
-1.505569467376455250e+00
-7.162544117237306107e-01
6.432064031137729732e-02
1.115848848565703794e-01
5.898534650531324364e-02
6.851525180408638005e-02
1.086384383052015346e-01
4.530153976277123129e-01
4.497883950367617123e-01
5.525523381454088279e-01
6.212815785963333726e-01
6.660359956905839152e-01
5.579803045017155405e-01
4.894458240394874982e-01
3.507246280315239884e-01
2.914803665907910735e-01
1.954480543803505943e-01
4.200148223421141386e-02
1.968973247700425006e-02
-5.956033015583623441e-02
-2.047574081422016690e-01
-4.612500383294179662e-02
-2.421700424334085888e-01
-7.266861466688449844e-02
-4.269523671165261769e-01
-4.080513184465915377e-01
-5.832981392539920984e-01
-6.921390160126008606e-01
-6.322131033714720738e-01
-8.359860213212506608e-01
-1.363405391964190860e+00
-1.988044138928810822e+00
-2.818669566241192470e+00
-3.675803218309946718e+00
-4.741976965557545221e+00
-5.113253253727886971e+00
-5.638471110972154143e+00
-5.981574713085441530e+00
-6.328697835410626915e+00
-7.480168917624285818e+00
-9.029981881925479570e+00
-9.405197559596958357e+00
-1.024143816018776398e+01
-1.227137331944201648e+01
-1.460268077602920478e+01
-1.719837720656329694e+01
-2.016837938301453548e+01
-2.071439609691181616e+01
-2.066941060862747648e+01
-2.049257229870479691e+01
-2.057796488509382726e+01
-2.205010066936899449e+01
-2.110208880109241747e+01
-1.850086673125963443e+01
-1.816880125150488823e+01
-1.668627106044722908e+01
-1.385043824965787707e+01
-1.181520790458068682e+01
-1.052416531685947199e+01
-8.907952607871203909e+00
-8.783951496748192866e+00
-9.084549780371924399e+00
-9.435637910960155139e+00
-1.046972270730924492e+01
-1.077074855859819102e+01
-1.098086585534847970e+01
-1.140196709578478007e+01
-1.178068809417112917e+01
-1.150175864145566784e+01
-8.915565857250811632e+00
-6.253726049419873867e+00
-5.445056897685820907e+00
-4.103409830568382155e+00
-2.598706216164155425e+00
-8.981434747096069815e-01
-3.953351916153279855e-01
-2.903620524155789973e-01
-6.736563598069190972e-02
2.604413888297908986e-01
2.723282528056538698e-01
3.483129101382506643e-01
5.802907977060726141e-01
7.175026442301868368e-02
-4.183263733410491625e-01
-7.402490915950493688e-01
-2.444597690342548701e-01
-1.704979936777767102e-01
-1.915130842258838118e-01
-3.241400330661357021e-01
-2.866123378063584193e-01
2.727350005793452870e-03
8.017251046989679053e-02
2.384113131193859314e-01
5.969865049702194337e-01
5.519370658089159942e-01
2.978394981615031800e-01
8.814945172672356000e-02
7.832343073870139116e-02
3.400333144121014343e-03
-7.249052981125833628e-02
-1.144432055828211309e-01
-1.152697859046638434e-01
-1.899448603738999874e-01
-2.335332909107365115e-02
1.373296310991147795e-01
-3.739402548235052914e-01
-3.327609593287803036e-01
-5.544757268394241434e-01
-1.638374032570956429e-01
-7.464090293892018668e-02
-9.917505009993632381e-02
-2.300603539416634924e-01
-9.559313898645668828e-02
-1.090880957416672514e-01
-7.464112342711896886e-02
-1.249905829120450257e-01
-2.126565363925093932e-01
-1.063915386915311734e+00
-1.359647305798437955e+00
-1.363675196795244959e+00
-1.279984339634371304e+00
-1.375446009218258325e+00
-1.380101820832299042e+00
-1.609900391336414494e+00
-1.718372465098794155e+00
-1.864989730835678650e+00
-1.649928040882553404e+00
-1.072253351711474734e+00
-9.102098181527211451e-02
6.260641065806424876e-01
7.161267607739952856e-01
1.239725944865425866e+00
1.836157307358933011e+00
2.240062123595909949e+00
1.764202187738287630e+00
1.078391114699215558e+00
5.251871842027571180e-01
6.032204903630409426e-02
-5.840871446370119457e-01
-7.517627279958649655e-01
-8.656543226231466770e-01
-7.494504929289336204e-01
-8.838857929883383591e-01
-9.404950054011673721e-01
-7.973943416845723497e-01
-2.851800633476387348e-01
4.235951810265896067e-01
6.174711757444271143e-01
8.218497865158130855e-01
1.393761965757122523e+00
1.280968386254369928e+00
6.266748358867954005e-01
2.992523279867849162e-01
3.957708755667666001e-02
1.342242469196066323e-01
4.590307562338876157e-01
8.150606169431063863e-01
1.129397957262547658e+00
1.159127855888891556e+00
3.623415536424270389e-01
-1.672778832864110499e-01
-1.760143637838063047e-01
-1.773193929734015184e-01
-1.186033701029800547e-01
1.370008735267860545e-01
1.410575913072717180e-01
3.267091743835167095e-01
3.359260605544516221e-01
3.143909082053293891e-01
3.188394956414088988e-01
1.616433416036249515e-01
-3.037193164539895851e-01
-4.186759893953457268e-01
-3.431994196194583235e-01
-4.597809287930414990e-01
-2.948312810046636034e-01
3.756809673216864320e-01
3.565812691220283659e-01
1.045022908819196600e-01
-1.890418124774692066e-01
-2.085542228267747433e-01
-3.802723105795429576e-02
3.115512371158855043e-01
3.584056151116876698e-01
3.476431848920425449e-01
3.741864569330345947e-01
3.725297720629440756e-01
4.132166269451271745e-01
4.444608892306702308e-01
3.771142768232987330e-01
1.408072223463787132e-01
-3.458983922525029481e-02
-2.283699237841292640e-01
-8.408364930867665565e-01
-1.981846418563017798e+00
-4.848981733401672045e+00
-7.865504306284794467e+00
-1.017180281004639575e+01
-1.133764522604444025e+01
-1.272598292216198068e+01
-1.399538553003519503e+01
-1.717076302638342966e+01
-1.826156652432826277e+01
-1.854555628893761110e+01
-1.954947690183986708e+01
-1.927511667705235965e+01
-1.925331004667463120e+01
-2.058833087925081529e+01
-1.953903287026087199e+01
-1.905733154698902965e+01
-1.730131227102209124e+01
-1.351635518360850163e+01
-1.003949495104667911e+01
-7.272455777450547387e+00
-5.873677542703410026e+00
-4.239795877121448342e+00
-3.296689702270870992e+00
-2.463133272866276258e+00
-1.816356078985623013e+00
-1.306487271278038875e+00
-4.579038350211838138e-01
4.280362134565963150e-01
6.113588399535238027e-01
2.060112115812718359e-01
2.199428410408537926e-01
8.277713802709403546e-02
3.037017924539156533e-01
3.184166059084067579e-01
5.939243956694646442e-01
1.184283099699505515e+00
6.994794708575129416e-01
6.650425962342224606e-01
7.424726166533401894e-01
1.254699654412954501e+00
1.403885676766973845e+00
1.512628708754051976e+00
1.305029556151428904e+00
1.190086567990586763e+00
1.136557237836063328e+00
1.106031072801979098e+00
1.577692714192955092e+00
1.405522932215521825e+00
1.201204742384085256e+00
9.883095519953521979e-01
5.756898578135041245e-01
1.291126539450747068e-01
-2.809619153015968096e-01
-4.172214014324215348e-01
-3.741644050691701473e-01
-3.121020606127562491e-01
-4.035238240976944946e-01
-2.736458153649521385e-01
-2.132670675676609229e-01
-1.498717382643579010e-01
9.917193422750185394e-02
6.957481929610640492e-01
4.632784048632322960e-01
1.567740101223894997e-02
1.317988686002114218e-01
1.103298789743927810e-01
1.331414168506437901e-01
4.601940990823321503e-02
3.982255821936836471e-02
4.041010137476403613e-02
5.789691694896297730e-02
-3.855502163375347235e-01
-5.447555971443872602e-01
5.478539293058934390e-02
1.626575516741787242e-01
1.120746923149624069e-01
2.611159035306490073e-01
2.239941207045236249e-01
3.243730423991502687e-01
2.537072353349891229e-01
4.370824111134032908e-01
4.597753021192176881e-01
4.703865222216723763e-01
4.585668589480352275e-01
3.905358572887101531e-01
3.670072711031019952e-01
4.224390050940007302e-01
5.052037866758228857e-01
4.361965967517896781e-01
1.072282242662008223e+00
1.482385926291459821e+00
1.227149559737234608e+00
1.085921451925323744e+00
1.170675013260111808e+00
1.189313677162548988e+00
1.695479937489980493e+00
2.684691385381154927e+00
2.658197298889012128e+00
2.477065442452706101e+00
2.358594418961158290e+00
2.218667977713535855e+00
1.460526356275172688e+00
9.750870255214051374e-01
7.242414196891326927e-01
1.031982591167106778e+00
1.400237964747353736e+00
1.151274938793330094e+00
7.336045720045409890e-01
7.610141035669337750e-01
7.757351438768061991e-01
5.968106449329677599e-01
5.586797764103751396e-01
-1.676956715377273532e-01
1.312383021202075672e-01
1.631768094604699293e+00
2.247811153188965516e+00
2.472547200674750201e+00
2.379106973569981687e+00
1.643840270806392390e+00
1.259611395493504649e+00
1.466244964709073617e+00
1.181145533861013730e+00
1.130761116963032276e+00
2.787893559391315113e-01
-2.015612446937677382e-01
-9.413403284905991208e-02
4.409511851377598962e-02
1.285274028557784332e-01
-3.196010875237071946e-01
-4.213404047687459020e-01
1.579955832442037078e-01
1.799647783100002396e-01
-7.122030610550150742e-02
-4.969323946090619115e-01
-1.177979405718826422e-01
7.036802293278298093e-01
8.244389166528207635e-01
8.886611039020273495e-01
9.382341238191919119e-01
9.418600375455319362e-01
5.550802901513733900e-01
3.502784005374271481e-01
4.220121148262258037e-01
4.288750337695821369e-01
4.294152774095749137e-01
6.736999037548953018e-01
7.650031364678097079e-01
6.254723654673682853e-01
-1.633631796973147865e-01
-9.190463784860199159e-02
1.315163059765160070e-01
2.727917515026782036e-01
4.285935302283100934e-01
3.926202995345843827e-01
3.400413039350486111e-01
2.994829240751835653e-01
2.852819423079488992e-01
3.666916073284817723e-01
9.003050192147208364e-01
1.226984090281162842e+00
1.285526619327702846e+00
1.275929090047058567e+00
1.451963037683862145e+00
1.613306893335352710e+00
1.535913199180897859e+00
1.534670732227637391e+00
1.344297409355597273e+00
1.507882675552149943e+00
1.550266963842644952e+00
1.319659639541047813e+00
1.428623885382672931e+00
2.212798632703316226e+00
4.180527629463735018e+00
4.254380110336179577e+00
4.133658045814702753e+00
3.882799512194924585e+00
3.106630337108825302e+00
2.534126721094577483e+00
1.933729635373708122e+00
1.454837135692961247e+00
6.276603749450784253e-01
7.392372372661596414e-01
5.972721723758449563e-01
-5.204199262513460322e-01
-9.984691174534869873e-01
-8.665532428222046946e-01
-2.521979829314953125e-01
1.075899791663998961e+00
1.172999547773221130e+00
1.428499011651662043e+00
1.405294956919985294e+00
1.116392482625674365e+00
7.748739574175730338e-01
8.448290236307911538e-01
5.441789150943829867e-01
2.309614027228668875e-01
1.114825480319732269e-02
-1.071516132239460489e-01
-6.409225417040498307e-02
-1.414308828954120023e-01
-2.782308407567727904e-01
-2.463852348200876730e-01
-2.050382149476876470e-01
-2.683287427015893997e-02
1.584179883327995961e-02
-1.890327814728640921e-01
-6.133108405410419017e-01
-2.831824975356771468e-01
3.391736166279691878e-01
-1.399345579766287095e-01
-9.315619437226716482e-01
-8.940337586078771492e-01
-1.039757744364870007e+00
-1.601254025442098827e+00
-1.862716747116731186e+00
-5.413239406674424936e-01
4.057696918982259815e-01
-1.138400057992028813e+00
-2.433268281418933476e+00
-1.267715170634070354e+00
-1.028323724121774418e+00
-1.643916163493423177e+00
-1.779167973295774807e+00
-9.979844064438385398e-02
4.416213296027937107e-01
-4.648676745274138988e-01
-1.001159219989105287e+00
-6.614346084589026731e-01
-5.869957723585602638e-01
-7.433441580563449058e-01
-9.381278868074222066e-01
-8.212380559154615067e-01
-7.597232502620995254e-01
-2.051052598902828872e-01
-9.941647182560832408e-02
8.536746273172125810e-02
2.391901645718639419e-02
7.150768050541654874e-01
1.233275833574060121e+00
8.353915554014954559e-01
7.749322512486105374e-01
7.683808587739119345e-01
2.748800719501638401e-01
-5.775301850563114847e-01
-1.087838121750191345e+00
-6.887769130950549545e-01
-3.727945651855377740e-01
-9.294831958043690001e-01
-1.022701079832651239e+00
-2.895580186604566619e-01
5.731352018342636412e-02
-1.819870165097076456e-02
1.083952032153818884e-01
5.450531417589850047e-01
1.039249732589652586e+00
1.031082711976096355e+00
9.671052282219736451e-01
1.242847992628652198e+00
2.137621710044562917e+00
1.901716397700712990e+00
1.883230808638940434e+00
1.802656134366357410e+00
1.288156826239781338e+00
5.892999829386089683e-01
6.443723090005313292e-01
5.477336114932745970e-01
5.174429372766397028e-01
8.933206732107189518e-01
7.630521179550540101e-01
3.233094680636992013e-01
2.469013242621735660e-01
7.514629317908178008e-01
7.021759234886418843e-01
4.983526793217633033e-01
4.101523031255109863e-01
1.972974255744809335e-01
3.139189820531714248e-01
1.967031385574967151e-01
2.725249644918116831e-01
-2.782516121480589980e-02
-1.353162681936941336e-01
1.277223414749343623e-02
-7.915709220527877843e-02
1.542322871319870038e-02
-4.322904418827124701e-02
-4.104935115908313337e-02
6.545373073685349652e-03
-1.078784620183264875e-01
5.102457271235883579e-02
2.760965045477812435e-02
-2.675317298954892932e-03
2.164084351209407189e-02
4.042394936589066567e-02
3.030899867121924704e-02
3.193030194476634970e-02
3.020728396398859178e-02
1.816528709445577525e-02
1.840667306067709716e-02
2.859197995694347932e-02
1.114848700394789963e-02
2.172645807108591898e-02
2.894637884997714600e-02
1.980293189576674481e-02
1.145471865378820675e-02
1.203190419683059648e-02
1.921218805906719021e-02
2.435320323267601769e-02
1.121585557594620246e-02
1.274144780826273055e-02
7.009467376189898805e-03
1.508336864741451934e-02
1.565455979214395305e-02
1.657240414027522785e-02
2.144347725516905501e-02
2.224741416923844278e-02
1.516994706843253701e-02
1.411891683382114279e-02
1.833506578107146553e-02
2.592996085395844405e-02
1.051304321913968526e-02
3.371364163855477408e-02
4.677168060242264253e-02
4.360146318316552444e-02
-3.032086688306749947e-02
-1.133411030201754016e-01
-1.283642523321479045e-01
-1.228466124734281240e-01
-1.020248599542360191e-01
-1.513566793332772609e-01
-1.783069895434332697e-01
-1.809318431622188583e-01
-1.959062563039448146e-01
-2.661924033893417474e-01
-2.138367303230894190e-01
-3.081840217703603613e-01
-2.651209605360514421e-01
-1.116454976079565842e-01
2.532709262268989861e-02
-1.343037570955399329e-02
1.266360178202976805e-01
-2.712911441427562007e-02
-8.162474756441297913e-03
1.881655362941493104e-01
3.280325403303298026e-01
7.434854197459099812e-01
8.994455690045264351e-01
9.084896663118445792e-01
1.100687146602840283e+00
5.136920021836792749e-01
1.069031593725616874e-01
1.237713825552201052e-01
1.757382126295435887e-01
1.883889841040900237e-01
2.465681071976062455e-01
4.287343292836519604e-01
4.123684113534433204e-01
3.411146191855524146e-01
2.315787645618163637e-01
1.455620465839941591e-01
2.052274389522829035e-01
9.396009685020489943e-02
1.710017447362563725e-01
-6.277221611939232115e-02
-6.564584719899848597e-01
-7.388405219690524772e-01
-8.030934224363591722e-01
-6.596599441248397477e-01
-1.747585541158961364e-01
3.593550007169322991e-02
5.247864560927813921e-02
-2.609124037992290035e-02
-9.307993424481164624e-02
-2.612247998825431017e-01
-6.943987154686730445e-01
-6.791578940012512611e-01
-5.947771950995136558e-01
-2.828115864053836748e-01
-3.445002767667326715e-01
-4.416869025928062409e-01
-6.281821129483922128e-01
-6.799940175965210054e-01
-6.377399347601930835e-01
-7.206837951703729539e-01
-3.173280358907251131e-01
-3.377669040726504757e-01
-3.214705221873635499e-01
-3.120920465638495345e-01
-3.386151823433157237e-01
-3.495877841249603324e-01
-3.673713448461281561e-01
-1.778751999271265816e-01
2.667609622449578222e-01
6.412045645021938745e-01
5.461524440410563397e-01
5.904672698054156399e-01
1.148299283869938625e+00
1.153005485894588400e+00
1.199168711364021034e+00
7.149510284792600645e-01
4.641787872699458806e-01
1.752272713948134497e-01
-2.849810142877998720e-01
-2.934840057761239906e-01
-2.703030831269584988e-01
-2.833304372964015050e-01
-2.070824985708752397e-01
-3.526605266991118537e-01
-1.512897221445881568e+00
-2.646943766962993827e+00
-3.504569865997161138e+00
-4.495096314047517083e+00
-5.828608599311192684e+00
-6.291914685740795932e+00
-7.039852894433492381e+00
-8.395297484071942762e+00
-8.904323349426348955e+00
-9.189521000555943786e+00
-9.702371739377387172e+00
-1.120250136453216960e+01
-1.106849292592545453e+01
-1.139369197803530298e+01
-1.148272667585776752e+01
-1.188756020938818381e+01
-1.214086867367970335e+01
-1.271635602877640814e+01
-1.340436959706878817e+01
-1.483476035015100969e+01
-1.558064613259089803e+01
-1.551126331815326331e+01
-1.566383046130175138e+01
-1.596095651160005247e+01
-1.618900709119676051e+01
-1.470489638969927881e+01
-1.326437079015264509e+01
-1.379110755752271444e+01
-1.360793961626004034e+01
-1.281785322449754005e+01
-1.183899505971286636e+01
-9.311705744488177672e+00
-7.155604806733443901e+00
-5.627801527533229375e+00
-3.389020629990195932e+00
-3.170658632221090123e+00
-2.450123767134375630e+00
-1.812253398369508606e+00
-1.634060094034486044e+00
-1.339421105496938491e+00
-9.492069761108298254e-01
-1.844808041619935557e-01
-1.483577203966189029e-01
-2.146744918073636987e-01
-2.806082568496177099e-01
-3.353047314590619776e-01
-3.627045663553462029e-01
-3.313676666874318943e-01
-3.645112779537210690e-01
-3.523905351972723143e-01
-3.526166103563557752e-01
-3.545937053866326516e-01
-3.875005488500889994e-01
-3.108028230383003132e-01
-4.397032885052917783e-01
-4.001774118699714666e-01
-4.644242899224058085e-01
-4.630248061366540879e-01
-1.889890760510937462e-01
-3.935440597987565486e-02
-1.127963826083710347e-01
-1.281708334439236319e-01
-2.811506496286995671e-01
-3.120149255266592148e-01
-7.113867871321736258e-01
-1.208483588002952747e+00
-1.066096949408757544e+00
-3.247304279004510352e-01
-2.285821384207660789e-01
-2.994194700096103889e-01
-2.307549120089640859e-01
-2.465624782753234878e-01
-2.673111939965098771e-01
-4.522087234720063020e-01
-5.722794815413394520e-01
-3.087743675067908949e-02
-2.815034905885762870e-02
-1.043649789111413678e-01
-1.118158892061134752e-01
-1.282041133762748808e-01
-1.844356462896372950e-01
-1.112208820929331543e-01
1.113198032090420980e-01
7.502901702076210377e-02
-2.444495058910456028e-02
-1.430402174451407271e-01
-1.345053046549338771e-01
-3.079326531114244814e-01
-3.225082335768059139e-01
-4.221170959603537387e-01
-1.653149529862544542e-01
2.122427700452613752e-01
3.681332251762111096e-01
2.612389903744275488e-01
2.037056133822103265e-01
2.346196910139915562e-02
-2.690721830746923282e-01
-2.305925876776300787e-01
-1.774900093859032579e-01
-1.859992124090148746e-01
-1.729082824686183628e-01
-2.377956917922961211e-01
-2.154746624671809441e-01
-1.585075525294424303e-01
-2.004099053058720492e-01
-1.318975206039493531e-01
-2.203593358004613811e-01
-1.488274995709991111e-01
-1.817663251092761778e-01
-1.554098861149330324e-01
1.143591697834209775e-01
1.428368752665235830e-01
8.974753344573652147e-02
1.295541550534484720e-01
2.380593286299170080e-02
6.129023926968633906e-02
8.503269168375596210e-02
8.455103669359520513e-02
6.927916923783110359e-02
3.040137389068448687e-02
5.922459028186329716e-02
-2.649570681117444648e-01
-1.505294578133158090e-01
-2.109515254504542303e-01
-1.123878370903809015e-01
-1.785949121425199349e-01
-5.780966837930757996e-02
-4.274497415734187372e-02
-6.985340584193591718e-02
-3.591106875300152657e-02
1.831497825210629286e-03
-5.803819460172884165e-03
-4.048078998478016333e-02
-2.883709174678271078e-02
1.191347144254884883e-03
3.070969783279293638e-03
-2.061912737217021230e-02
-5.743578606835876088e-04
4.747677507963059956e-02
3.042242518848567792e-02
3.878269055470719151e-02
8.967795049745789712e-03
2.007976656468195200e-03
1.442983846804285768e-04
1.817585557826694701e-04
2.861294592821363086e-06
2.861089513253138323e-06
1.831890643645701488e-04
1.428686554601995597e-04
2.861685255954517660e-06
2.861761278493349471e-06
1.817585014186517338e-04
2.861636919805667710e-06
1.443003921415324188e-04
1.431075963035585436e-06
1.831897768773107702e-04
2.862308187849039410e-06
1.443009768765550276e-04
1.817586439915250545e-04
2.862621041564340688e-06
2.863059473454334930e-06
1.431568870114537626e-06
3.246293498510730772e-04
2.863011672129866604e-06
2.863448336670828052e-06
1.817587305057506068e-04
2.863606851482364051e-06
1.443029067201339677e-04
1.432060911563537369e-06
1.831907085214207187e-04
2.863997450964665373e-06
1.443038510741166756e-04
1.432256217635379031e-06
1.831912054475414678e-04
2.864385803720297241e-06
1.432412356646752612e-06
3.246311865236861205e-04
2.864981492172177534e-06
1.432528749137799176e-06
2.865498183538741968e-06
1.831916454398831553e-04
1.443054987560499236e-04
1.432724044256583471e-06
1.831920664913924332e-04
2.865967237989873423e-06
1.428733425059300702e-04
2.866199314593266564e-06
1.831921368940961196e-04
2.866357794960935364e-06
1.433216900294699911e-06
3.246333046512157742e-04
2.866951219011742425e-06
1.433373292469652671e-06
2.866824365050884654e-06
1.831928591676495316e-04
1.443083737196913709e-04
1.433708881736917879e-06
2.867575562776235340e-06
1.831930736877293456e-04
1.428750910520358282e-04
2.867808309864236884e-06
1.831934946671767467e-04
2.868327436887902842e-06
1.434060271479817637e-06
1.443097098123417605e-04
1.831935649869323804e-04
1.434358099019924889e-06
2.868793953824081684e-06
1.831940727380798226e-04
1.428764502061271040e-04
2.869106702342301414e-06
2.869184476904525737e-06
1.831942872024318076e-04
1.428770693022757179e-04
2.869777838270445237e-06
2.869574989799784845e-06
1.817594955014751972e-04
2.870090050151845865e-06
1.443125837457109862e-04
1.831945626170653439e-04
1.435202283148847998e-06
2.870480549237174246e-06
2.870558321062762171e-06
3.232025894907607027e-04
2.871076166078590330e-06
2.871153921557258066e-06
1.831948582651018325e-04
1.428788177618745838e-04
2.871466634022366582e-06
2.871544402838067398e-06
1.817595444862133650e-04
2.872059462094012304e-06
1.443152889951612738e-04
2.871934877420359765e-06
1.817597432566775916e-04
2.872449930417204258e-06
2.872527680051949863e-06
3.232035438495315868e-04
2.872762621239239885e-06
2.872840370101556663e-06
1.436459065572183656e-06
3.246403458096674770e-04
2.873435953838712295e-06
2.873230820358219409e-06
1.817596321063602344e-04
2.873385221990449130e-06
1.443181627326209674e-04
1.436952069488966975e-06
1.831967834071811664e-04
2.874136297353734929e-06
2.874216304031568710e-06
3.232045366441035623e-04
2.874371203292140604e-06
2.874809605781250246e-06
1.437443672774362833e-06
3.246421817505484083e-04
2.874761622685396934e-06
2.875200005602987438e-06
1.437638880979333367e-06
1.831976066462171350e-04
1.443210372767119798e-04
1.437795205646693661e-06
1.831977140172875843e-04
2.875744796212167911e-06
2.876185455335740943e-06
1.428836567970250590e-04
1.831978152784822448e-04
2.876135189868231577e-06
1.438287912702275063e-06
3.246442991427757807e-04
2.876730700428879360e-06
1.438404227396613063e-06
2.876966211152640081e-06
1.831985371536584434e-04
1.443232690243916787e-04
1.438779733068077898e-06
2.877637207738749272e-06
1.831990337482572190e-04
1.438755474817528189e-06
1.443243800194727135e-04
1.831991411087928554e-04
2.878106445761713016e-06
1.439092098359124438e-06
1.443253357239501842e-04
1.831992422879093457e-04
1.439247264507002848e-06
2.878935166224772856e-06
1.831998629105765358e-04
1.443261424965766994e-04
1.439442436978392854e-06
2.879325508982044810e-06
1.831999640425594237e-04
1.439739929205756010e-06
1.443268946962348101e-04
2.879996467548462677e-06
1.817602829459488917e-04
2.879870187423464496e-06
1.443279269805572581e-04
1.832004548515635126e-04
1.440232821499948640e-06
2.880543397596781694e-06
2.880698875310426196e-06
3.232082385965139243e-04
2.880853688800159788e-06
2.880933708750645793e-06
1.832011765573894461e-04
1.428889636719532486e-04
2.881243992446388440e-06
2.881323991791114526e-06
1.817605110103428677e-04
2.881838950903782598e-06
1.443304415258188313e-04
2.882070870838767499e-06
1.817605300221632246e-04
2.882229238108432589e-06
2.882306988250816473e-06
3.232093711823822227e-04
2.882824660790255315e-06
2.882619516646884784e-06
2.882695471711336291e-06
3.232096734019362927e-04
2.883214932807728228e-06
2.883292680872430078e-06
1.817607389747540503e-04
2.883524708144842482e-06
1.443330326268049734e-04
2.883681142856318557e-06
1.817607579584103043e-04
2.884197857818105939e-06
2.884275602768350228e-06
1.428917726128090145e-04
1.832030321049485833e-04
2.884588104574661379e-06
1.442332034040439145e-06
3.246533576409160651e-04
2.884900597434023547e-06
2.884978342862828322e-06
1.442527142139885740e-06
1.832036095093736916e-04
4.787697460359733453e-02
6.732921507858276311e-02
-2.387585365778364856e-03
-7.336513499246126446e-02
-1.007571848753746474e-01
-1.847304427835640139e-01
-2.184815851484719906e-01
-3.774962756268656627e-01
-3.400474259029171442e-01
-3.398668115404753776e-01
-3.460694013343588726e-01
-4.995412074882937814e-01
-4.552690407352197322e-01
-5.465856901731049877e-01
-5.922829488129914832e-01
-6.802744797556364853e-01
-6.144838571351187717e-01
-2.276440005035632319e-01
-3.709696586142585684e-01
-2.985698471148209299e-01
3.478440817181023548e-02
1.253057589377649071e-02
-7.434054622216554158e-03
8.480641567958767668e-01
1.003758608057836232e+00
1.071264002333791598e+00
1.116646665500703683e+00
1.077154487472639310e+00
1.685874025778346219e+00
2.177996361574300987e+00
2.199567591178637205e+00
2.938123824752533864e+00
3.925278377331489210e+00
5.404168222714635483e+00
6.835829005720234441e+00
8.104705897058277486e+00
1.012879702445498076e+01
1.222564056026547341e+01
1.366717979324747745e+01
1.476404737046286542e+01
1.577209722121183333e+01
1.588552834287862581e+01
1.677197827671491837e+01
1.709907863659430305e+01
1.760254246876023032e+01
1.802029077171378191e+01
1.837202090532901266e+01
1.866000853776356294e+01
1.827081898751759326e+01
1.646536272854738669e+01
1.619050625005401045e+01
1.605919586462910331e+01
1.527874828629845361e+01
1.357919465237536016e+01
1.039871041454772360e+01
8.987232404633443750e+00
8.469306131280319505e+00
7.682089817326557935e+00
6.393445263770630049e+00
3.664770928546425388e+00
1.582514662319277621e+00
1.220798905751815155e+00
3.159554185047752650e-01
-6.540293619251115187e-01
-1.017094004339949453e+00
-1.264091945453412080e+00
-1.147295954305916466e+00
-6.988360504356919689e-01
-5.822686724103689482e-01
-5.325915866498902584e-01
-1.619381158493622408e-01
1.050369031428148026e-01
1.363123802038549714e-01
1.097189718136525605e-01
2.488480132562155278e-01
3.398778149736886856e-01
4.013650717408017710e-01
3.334925676439915998e-01
2.799360308983552259e-01
5.910687970923977907e-01
6.029447324375156736e-01
5.450402023234394155e-01
4.502836793319853759e-01
5.792560519179126288e-01
5.700169925219077394e-01
5.305486129614097601e-01
2.392374243659602107e-01
5.869340756669156473e-02
7.942022989470846894e-02
1.051627404877138738e-01
-1.278174895995533300e-01
-1.023897515292301746e-01
-1.372895892848984001e-01
-4.787108130972124453e-02
-1.339657542104823462e-01
-2.016794722819170993e-01
-2.579991679282117034e-01
-7.337134865328571731e-01
-1.119318654834816407e+00
-1.072763571216382994e+00
-9.068616328702215901e-01
-3.333097847251300649e-01
-2.701737392800543924e-01
-3.517330941595077087e-01
-2.031801062142222503e-01
1.019125316735355752e-01
1.397607542235435596e-01
2.101697292112791882e-02
-1.347997961335580018e-03
-2.614094604870917937e-01
-4.461925394053166127e-01
-5.063572701563184841e-01
-7.021964608472449632e-01
-7.818522499836759732e-01
-8.135477070016772227e-01
-8.633549427335454052e-01
-8.078077029113031049e-01
-9.047060243741740226e-01
-9.631585461215271815e-01
-1.105926571958534943e+00
-1.198524764884107086e+00
-1.198678676256264897e+00
-1.161283995240012024e+00
-3.680919301741841787e-01
-3.474565179016178007e-01
-5.330013236181195824e-01
-6.354777400745852400e-01
-8.042843252719785729e-01
-8.550417251872624025e-01
-8.798032815986940314e-01
-1.098673165614108438e+00
-1.238790443699115507e+00
-1.243440810784152362e+00
-1.253207236669990898e+00
-1.321648771135068401e+00
-1.301262934635257329e+00
-1.328320594602352411e+00
-1.289177619421693066e+00
-1.477501947982825081e+00
-1.618558717013385717e+00
-1.567384053123278997e+00
-1.632163614657897277e+00
-1.538767492899491884e+00
-2.174598817981288512e+00
-2.587713712172669656e+00
-2.738092016477983393e+00
-3.118400406439967298e+00
-3.130650070583210098e+00
-3.361056619521277433e+00
-2.722526284001841379e+00
-1.697492670863619102e+00
-5.758795436885599806e-01
9.850965332528095475e-01
9.968244480460025647e-01
9.086227298757396653e-01
8.881440412082619584e-01
1.401898022718271797e+00
1.260146584669789460e+00
9.824569486543355268e-01
6.673178809672961620e-01
7.020741467510188683e-01
2.848226435944916091e-01
1.258721033401460077e-01
-4.287337735562367358e-02
-4.724096591866818601e-02
-1.099221738221411171e-01
-1.461269818293203238e-01
-9.239980386654025879e-02
4.196692856127685195e-02
-1.000185707069235486e-01
-1.402271024930611676e-01
-2.250924803033734101e+00
-3.460320313625161237e+00
-3.866054831910987755e+00
-6.239677757164311167e+00
-9.560326666053340361e+00
-1.228221124444690560e+01
-1.306943814971966589e+01
-1.312413317383304623e+01
-1.309978607018698860e+01
-1.277505595831007490e+01
-1.099395033883638106e+01
-8.867703881081347106e+00
-6.419969631644383945e+00
-3.751113076712439209e+00
-2.636394869991685486e+00
-2.585732903805509242e+00
-2.511759549320982998e+00
-2.594319167157877359e+00
-1.905723898465585986e+00
-1.636208076556018298e+00
-1.310204592667098655e+00
-2.135531975005851457e+00
-1.650217763816733685e+00
-2.376537359996373056e+00
-3.155505829996285705e+00
-5.029135785858803054e+00
-6.529923633532815685e+00
-8.225595496990003141e+00
-9.187979829574588919e+00
-9.560100535970079250e+00
-9.552379876580889828e+00
-1.076376381767519241e+01
-1.091005662925610231e+01
-1.079976266652396255e+01
-1.025426751653561652e+01
-1.006732913230690052e+01
-1.006518053787897671e+01
-9.852108785190555551e+00
-9.771287585631025507e+00
-9.453494823532253122e+00
-8.615286833671920164e+00
-7.088391480562525437e+00
-5.370493500792641761e+00
-4.328749907724152912e+00
-3.484183544047950942e+00
-2.929923812246783665e+00
-2.408981185533208169e+00
-1.833407473008226152e+00
-1.490511374147297952e+00
-1.164745320155883057e+00
-1.586613343750469030e+00
-8.558402731235287275e-01
-3.211340116588027316e-01
-2.498968001924815052e-01
3.606708918321890889e-02
1.234016621610457276e-01
1.519415311939542046e-01
2.109982247699994651e-01
1.475735220126384861e-01
6.993151605862005238e-02
-8.327936895398856815e-03
-2.038544019596650464e-02
1.976053084204426880e-01
3.652364231678925655e-01
3.479048703567699241e-01
2.548480118227516300e-01
2.121666995084464935e-01
3.783592096839055730e-02
-3.130405820421403723e-02
-2.238075952544028163e-02
5.299848347283374617e-01
2.363495799249693885e+00
3.966136890463906717e+00
4.605695817068468756e+00
5.229209371258059846e+00
5.433352302253076083e+00
5.548935511156637190e+00
6.265528175450521431e+00
6.705071803963107868e+00
6.763063318139970193e+00
6.696847273574642045e+00
6.628587079442973540e+00
6.673810938618023769e+00
6.751443205837132311e+00
7.511703948686630383e+00
9.786278010317316145e+00
1.140415645690622704e+01
1.259880751974907476e+01
1.406395123465729569e+01
1.502072201480335600e+01
1.558052419137544042e+01
1.564078390864468915e+01
1.558447285968605200e+01
1.485797661861040631e+01
1.503170412675942735e+01
1.494877051394103873e+01
1.581022550887305300e+01
1.574966487007069560e+01
1.670040416017277707e+01
1.697725723972860123e+01
1.500874126362227834e+01
1.163428586956890953e+01
8.332769149409983811e+00
6.343955445432053253e+00
6.040229623686900418e+00
4.810767414957078714e+00
2.390883472866814241e+00
5.955142251998154501e-01
6.783406862370823243e-01
6.944419884559811518e-01
7.974400365207126029e-01
1.348688063545025573e+00
2.640329945849310800e+00
2.817429552979907825e+00
3.322029009792326626e+00
4.411750818065693913e+00
4.767140057352330373e+00
5.789439461955322663e+00
6.532321495543409462e+00
6.801424675632856243e+00
6.129955722246358540e+00
5.328157425834498362e+00
4.833190406849682041e+00
4.294735051116865598e+00
4.246450739006705888e+00
4.131019223713544797e+00
4.173521200108382345e+00
3.796609028758183069e+00
3.847408650527904150e+00
4.090070986065086345e+00
4.217842166597951525e+00
4.236227474015080929e+00
3.257863773032119159e+00
1.063870901868889801e-01
-3.001497025770964555e+00
-5.517754975961697284e+00
-9.581591189858826851e+00
-1.290199850724352082e+01
-1.452684765477837203e+01
-1.705205917728899578e+01
-1.999393117356645533e+01
-2.151454489812829962e+01
-2.295204788484938874e+01
-2.454070507364222564e+01
-2.376677450313672324e+01
-2.299544640081543889e+01
-2.020975012452136710e+01
-1.800334027060157638e+01
-1.331543823065241128e+01
-9.478596401113566827e+00
-6.542651645300050056e+00
-4.566894197539324018e+00
-3.930653965309896414e+00
-3.757575590579244285e+00
-3.506496981615667252e+00
-2.253403256287020540e+00
-1.053348421206344199e+00
-9.681894754949773585e-01
-3.337802373027409786e-01
-2.531062387345755504e-01
-4.184685910704636358e-01
-1.330867266646544644e+00
-1.863517796111478386e+00
-2.411809425400185170e+00
-3.102923852820208328e+00
-2.900741951433213117e+00
-2.639440829865049132e+00
-2.539819739388247566e+00
-1.782371967083015374e+00
-1.688063650916909575e+00
-1.556008487788166361e+00
-1.478329207945512813e+00
-1.372147856158391077e+00
-1.714095943769421648e+00
-1.485223527627140383e+00
-1.329376250497946055e+00
-1.174360787679588958e+00
-7.481596898343393365e-01
1.806156508495630753e-01
1.381533212858282678e+00
3.001487191643386954e+00
4.720926194579130986e+00
5.819795414731609107e+00
6.270054359545924605e+00
6.260648544494060275e+00
6.529683908247176483e+00
6.824735620960428406e+00
6.939256350849977828e+00
5.912157702999833120e+00
3.754134631379790754e+00
1.142095486767628731e+00
-1.128525187289137088e+00
-2.942759738767433131e+00
-6.073593367480801142e+00
-8.207097770853163610e+00
-9.952506348832892868e+00
-1.176610506199036088e+01
-1.496477678515670284e+01
-1.779604751461245016e+01
-2.011291337963865189e+01
-2.169929624468503704e+01
-2.271464446275846072e+01
-2.243624751313072707e+01
-2.305881458600028466e+01
-2.280647923866164817e+01
-2.288065674605895694e+01
-2.329755114443543462e+01
-2.277371948717287609e+01
-2.207235675868034264e+01
-2.035427957620630934e+01
-1.792937297229256544e+01
-1.589225049507385279e+01
-1.331956911585436742e+01
-1.055004137514436913e+01
-7.981699631107322723e+00
-6.006027258738196650e+00
-4.118630285266304369e+00
-2.242526993932886903e+00
-6.640152450604168699e-01
-2.385220962487097363e-01
-2.876523446340948365e-01
-2.414719648848131228e-01
-2.316323755302984178e-01
-2.041979680141217113e-01
-1.459225015725897356e-01
-1.246308456095509137e-01
-8.982781197371378368e-02
-5.317195122239401495e-02
-1.275693352188131055e-02
