1.386150552494457289e+00
1.602171334932992020e+00
1.810041338504200459e+00
2.021363605094424365e+00
2.239534696111325829e+00
2.484075401003281947e+00
2.735210842204629067e+00
2.978862301535925905e+00
3.206871517486973744e+00
3.502611970763819915e+00
3.705174124438056715e+00
3.894000951207838401e+00
4.111178197937228163e+00
4.369468219996611502e+00
4.614821027651863083e+00
4.844901462835443873e+00
5.085839390451023512e+00
5.311242204882959506e+00
5.527690703689840390e+00
5.834406917741419285e+00
6.038749794257180170e+00
6.273927034438484540e+00
6.464135870616591006e+00
6.677325247055623691e+00
6.898832409644017893e+00
7.104860384223570691e+00
7.259000818344063077e+00
7.476093648488466137e+00
7.638221144859901557e+00
7.823208405857107195e+00
8.003195764391888289e+00
8.096302396164437809e+00
8.148412978285682229e+00
8.307598312346666347e+00
8.483677344415482935e+00
8.735732518883384756e+00
8.980064253718145650e+00
9.172182321474727118e+00
9.292245455427828205e+00
9.315386445928877990e+00
9.564965086023185847e+00
9.665681468082617300e+00
9.873303752492423868e+00
9.866750159373056661e+00
1.003820381462627154e+01
1.022296140635929795e+01
1.025309436994968237e+01
1.041050467937000690e+01
1.059490929946007398e+01
1.066915714795758419e+01
1.075877552480951138e+01
1.087786273128564041e+01
1.088580271780880615e+01
1.076370678086763988e+01
1.072025187611438035e+01
1.061927409479271311e+01
1.054008996848192581e+01
1.043601770774529491e+01
1.033270033139454291e+01
1.022965633885931425e+01
1.017937767047061115e+01
1.004980525526063495e+01
1.004170982932373768e+01
1.003239656561956750e+01
1.004763897979787401e+01
1.009502367061248940e+01
1.006824182774327170e+01
1.009580996081004578e+01
1.016736014452132153e+01
1.016538260106758429e+01
1.013519285270967885e+01
1.009285370047425801e+01
1.009183191245121769e+01
1.008287813789196896e+01
1.002306403767646792e+01
9.878498929287786723e+00
9.859462528052734598e+00
9.752141519418350057e+00
9.648949520929509305e+00
9.561028440836574660e+00
9.509610547901678146e+00
9.436357708522303156e+00
9.374912525371412286e+00
9.288299241955078500e+00
9.278301534427013664e+00
9.212616100267830177e+00
9.139196815953779307e+00
9.044330594514578436e+00
9.028723710627108545e+00
8.956217505311647287e+00
8.868697529177280714e+00
8.732058788567167440e+00
8.680352459718607250e+00
8.580333919909978846e+00
8.615396019799392846e+00
8.256550025830698303e+00
8.295499902262710279e+00
8.280687820402183874e+00
8.424866726838228459e+00
7.833317167411063764e+00
7.964642760148640477e+00
7.847007322629131920e+00
7.692235345508016131e+00
7.597361035599952572e+00
7.461730815744703094e+00
7.282486317816064592e+00
7.195555642617065040e+00
6.837250205498233591e+00
6.748687132301647296e+00
6.555417864794057969e+00
6.344643594468394099e+00
6.080639377343195484e+00
5.833931650186923612e+00
5.567575143108552282e+00
5.288052347650427087e+00
4.985979610588350042e+00
4.658989471031445895e+00
4.354393144375183766e+00
4.000662312111965768e+00
3.638128376425922017e+00
3.241809254169266019e+00
2.845254441335245410e+00
2.512498386688404306e+00
2.163781880491724596e+00
1.884379257673201691e+00
1.612022924275161362e+00
1.319437449580376231e+00
1.025072817444517614e+00
7.435148130380649922e-01
4.976476594809241538e-01
2.926346069590812227e-01
7.211101922537212217e-02
8.044857138300495064e-03
7.639750773458693633e-04
6.965551729907020189e-04
7.079181756408850631e-04
7.079199244455409469e-04
7.049613344960841939e-04
7.052349570139682935e-04
7.079200322069982565e-04
7.022693266555252688e-04
7.079178834262655909e-04
7.079199161239719271e-04
1.019798138292471099e-04
6.000012183155831175e-05
6.000011965392280521e-05
5.999824756811429426e-05
5.685162853682093989e-05
6.000013002582542854e-05
6.000012084260919546e-05
6.000012957640663995e-05
6.000012695981387257e-05
5.684968851760943285e-05
6.000010168539312590e-05
6.248340120764337942e-05
5.999826583956404324e-05
6.000013676722457481e-05
6.000010070168982019e-05
5.685164428456697649e-05
5.999822789160656343e-05
6.000196105262045729e-05
5.999828410324664917e-05
6.000009890274003033e-05
6.000010963254755539e-05
5.946477290176467606e-05
6.000009845534842197e-05
5.999824417935471153e-05
6.000198021366961521e-05
6.000010851512845055e-05
5.999825572146706340e-05
5.685166014031491804e-05
6.000011558209451535e-05
6.000006856549022820e-05
6.000012721098486412e-05
6.248168191254405070e-05
6.000011617773738090e-05
5.684980737089952374e-05
6.000008827990097580e-05
6.000007831908064671e-05
6.000008722495911602e-05
6.000013487123664408e-05
5.684972789357724444e-05
6.000013219438896149e-05
6.000009802994815385e-05
6.248350886047222363e-05
5.999822436435035144e-05
6.000013268356149996e-05
5.685177356228962478e-05
6.000009522574515774e-05
5.999824423482514419e-05
6.000196603776814826e-05
5.999823207556387544e-05
6.000201250236149737e-05
5.684979620163076001e-05
6.000010373152026894e-05
6.248166894227481002e-05
6.000010325628758208e-05
6.000011076047346697e-05
5.684980407679509360e-05
6.000011365865241721e-05
6.000013231596518606e-05
6.000011125798219877e-05
6.000012048497903734e-05
6.000008462074124250e-05
6.000007339799907875e-05
5.946293922150061616e-05
6.000012087022890022e-05
6.000013089919393794e-05
6.000009227862473189e-05
6.000008332838569023e-05
5.685172399606444995e-05
6.000012887303294033e-05
6.000014071237815227e-05
5.999823970506844073e-05
6.000009223606582573e-05
6.248154877008576993e-05
5.685164285933680335e-05
6.000014859961902083e-05
6.000011122417949231e-05
5.999823844381610769e-05
6.000197135069412362e-05
5.999824796434997118e-05
5.685165061817772282e-05
6.000010880590732614e-05
6.000011973133452184e-05
6.000011866480545463e-05
6.248156554916487262e-05
5.684979887391876260e-05
6.000008069017263049e-05
6.000006959635176799e-05
6.000012745751469789e-05
6.000012716938183126e-05
6.000012708527578285e-05
5.685154219723325244e-05
5.999822701167131252e-05
6.248153592373372248e-05
6.000013517137440703e-05
6.000199735987963125e-05
5.999822821051118159e-05
5.685172671634131423e-05
6.000008626198704333e-05
5.999823535724754998e-05
6.000200638130469060e-05
6.000009874181798017e-05
5.999824440008798070e-05
5.685164652254043457e-05
6.248155156393135558e-05
6.000010648084502362e-05
6.000010652009791953e-05
6.000011580849962556e-05
6.000011462855921640e-05
5.684970493476621076e-05
3.574354611049457525e-04
4.158842643483767060e-02
1.251060581986637721e-01
1.849930425883239415e-01
2.410039673936443527e-01
3.046316232686911984e-01
3.699944136717487897e-01
4.418860731128770314e-01
5.121265764121666342e-01
5.775040296021414221e-01
6.230465526957432720e-01
6.177155050251218471e-01
5.362013037343804633e-01
4.594012469639249807e-01
3.725908626803308143e-01
2.122622103947880701e-01
2.861343277775926439e-02
2.090190174689045364e-03
1.370588074585866404e-03
7.105427357601001859e-15
7.105427357601001859e-15
1.137423353269335374e-13
1.139086659085918891e-13
1.137423353269335374e-13
1.137423353269335374e-13
3.552713678800500929e-15
1.136868377216160297e-13
3.552713678800500929e-15
1.139086659085918891e-13
1.137423353269335374e-13
3.552713678800500929e-15
1.137423353269335374e-13
1.139086659085918891e-13
1.137423353269335374e-13
1.137423353269335374e-13
1.137423353269335374e-13
1.139086659085918891e-13
3.552713678800500929e-15
1.137423353269335374e-13
1.145715735375823262e-13
0.000000000000000000e+00
3.552713678800500929e-15
1.139086659085918891e-13
7.105427357601001859e-15
1.137423353269335374e-13
1.139086659085918891e-13
7.105427357601001859e-15
3.552713678800500929e-15
1.141853451257773357e-13
1.137423353269335374e-13
1.137423353269335374e-13
1.137423353269335374e-13
3.552713678800500929e-15
3.552713678800500929e-15
1.137423353269335374e-13
3.552713678800500929e-15
3.552713678800500929e-15
1.421085471520200372e-14
1.137423353269335374e-13
0.000000000000000000e+00
3.552713678800500929e-15
3.552713678800500929e-15
3.552713678800500929e-15
1.136868377216160297e-13
3.552713678800500929e-15
2.274846706538670749e-13
3.552713678800500929e-15
3.552713678800500929e-15
1.065814103640150279e-14
1.137423353269335374e-13
1.139086659085918891e-13
2.274014293249885385e-13
1.065814103640150279e-14
1.136868377216160297e-13
1.137423353269335374e-13
0.000000000000000000e+00
0.000000000000000000e+00
1.137423353269335374e-13
3.552713678800500929e-15
1.065814103640150279e-14
1.137423353269335374e-13
3.552713678800500929e-15
7.105427357601001859e-15
0.000000000000000000e+00
1.141853451257773357e-13
1.139086659085918891e-13
3.552713678800500929e-15
7.105427357601001859e-15
7.105427357601001859e-15
0.000000000000000000e+00
3.552713678800500929e-15
1.137423353269335374e-13
1.136868377216160297e-13
3.552713678800500929e-15
1.137423353269335374e-13
1.137423353269335374e-13
5.313209172918959694e-02
1.837837930001459397e-01
3.989214584480969550e-01
6.421341850467986445e-01
9.169089535070139574e-01
1.206800887197972072e+00
1.489002459223061514e+00
1.792277105096418577e+00
2.106267774951932736e+00
2.412125636598543288e+00
2.786020691314857967e+00
3.161071493390025910e+00
3.471108391510137725e+00
3.773177192694697091e+00
4.049160355697423164e+00
4.341283674145392624e+00
4.629515349075857600e+00
4.923477253928173702e+00
5.166943518787032730e+00
5.467705551706690592e+00
5.716567768785324688e+00
5.989589386937137050e+00
6.269434947134317149e+00
6.556015079700277859e+00
6.824107393940510136e+00
7.025371533459456863e+00
7.262194966223880499e+00
7.547138390285552667e+00
7.752637882381177015e+00
7.912743239180496602e+00
8.101860585283976235e+00
8.201943537321527700e+00
8.423561593306390094e+00
8.645538302610811243e+00
8.978651802939051407e+00
9.374247956092842671e+00
9.536765710084688763e+00
9.739012429562022177e+00
9.819063575400328148e+00
1.007653224719808271e+01
1.026805780364705534e+01
1.039405886135275559e+01
1.050775606893290437e+01
1.067534655434617896e+01
1.085960177482495226e+01
1.094052814972591925e+01
1.106928170564352421e+01
1.120760092683578257e+01
1.129643806353052149e+01
1.142925993410070262e+01
1.156435748218560455e+01
1.158452258349997166e+01
1.170839693223360811e+01
1.182600875620663317e+01
1.189344974089206985e+01
1.199283391863869852e+01
1.208042928232441682e+01
1.221660813139303414e+01
1.229065537912678430e+01
1.235365545727932179e+01
1.243615200412476263e+01
1.266676519665764644e+01
1.277659783326956422e+01
1.280177294267150501e+01
1.288631745587589350e+01
1.316597475387004224e+01
1.317031774664893895e+01
1.316057440986690885e+01
1.320371978163387716e+01
1.348331418668386483e+01
1.338812024355609864e+01
1.333603341263872188e+01
1.344656850021708117e+01
1.369454631843633408e+01
1.362152202017038505e+01
1.355395205010540671e+01
1.361371872755044699e+01
1.395824991653335800e+01
1.386628175393557072e+01
1.375755773508223534e+01
1.388986751451466084e+01
1.425126585674279056e+01
1.401033193737073290e+01
1.398873153042594630e+01
1.411655912685221637e+01
1.445366722293519679e+01
1.428241443400413324e+01
1.418179889799694315e+01
1.432313845747387404e+01
1.468880249616296574e+01
1.448065996063939842e+01
1.437724241561316418e+01
1.459349082579593393e+01
1.486025733930684289e+01
1.468557007864413499e+01
1.458169044758082755e+01
1.493375605191400446e+01
1.489613673773558489e+01
1.487563763397926131e+01
1.475442463202560184e+01
1.496286127966113710e+01
1.529661404560388860e+01
1.507753533999395046e+01
1.492100557205287004e+01
1.503337272727156204e+01
1.526033716566742093e+01
1.489570656720942132e+01
1.458685970007407740e+01
1.488529556582098579e+01
1.482821501199252445e+01
1.463371580161611618e+01
1.444681258811245250e+01
1.458488787907682571e+01
1.484718242106673891e+01
1.457296240123922182e+01
1.457351809409501442e+01
1.467419603150451479e+01
1.489508186861855066e+01
1.469614003584035622e+01
1.454154872978036472e+01
1.477161392925527039e+01
1.494507883982869068e+01
1.469584972342452289e+01
1.455838310650634071e+01
1.474254206127888445e+01
1.502010422626036679e+01
1.472680748519040428e+01
1.455744356843881349e+01
1.474089255593439596e+01
1.504379584213377896e+01
1.478523297312888118e+01
1.447420157918641870e+01
1.476986771679212751e+01
1.508173907106436218e+01
1.461857636380454117e+01
1.451908884078552475e+01
1.474711433734809596e+01
1.495344493029333321e+01
1.462908758619650484e+01
1.437272596729085805e+01
1.448754093891704287e+01
1.476462397079138533e+01
1.439551098383122252e+01
1.423445127897009499e+01
1.439048557360529124e+01
1.462705632610708228e+01
1.435758212104305542e+01
1.417490440475707558e+01
1.437676967990709542e+01
1.460114220298781262e+01
1.425323450283888249e+01
1.412375271844450175e+01
1.427785866651884028e+01
1.452411273475059872e+01
1.423801872609743491e+01
1.405746115303675126e+01
1.430766161472592835e+01
1.442047587847662804e+01
1.420032614776975777e+01
1.403842978545948661e+01
1.419191976628200891e+01
1.441431752510499642e+01
1.410186823968625269e+01
1.397494879289799385e+01
1.411407722845594215e+01
1.435893317563002824e+01
1.401369674163715118e+01
1.389477953227299700e+01
1.398877443851567115e+01
1.429737209977693801e+01
1.387894274729449151e+01
1.381773303469002734e+01
1.394055718611353178e+01
1.417138609987832965e+01
1.390382158345860653e+01
1.378529815971723238e+01
1.393280694819835297e+01
1.414982272252734674e+01
1.385222353575014687e+01
1.431668564356970030e+01
1.339100784162076963e+01
1.409560241059908670e+01
1.393063139485326474e+01
1.379809727073926418e+01
1.392224638112286428e+01
1.416217653765398765e+01
1.384050580972758304e+01
1.380620884259341352e+01
1.396332232214326119e+01
1.411846752390995263e+01
1.382998553363216843e+01
1.376855341307462588e+01
1.392785604757138174e+01
1.416682033874268321e+01
1.387184686619255203e+01
1.378064941472130300e+01
1.389052610018086753e+01
1.422078432084580157e+01
1.379711599647689013e+01
1.378754450961397637e+01
1.394247476983096412e+01
1.414738293995687357e+01
1.383677324590961888e+01
1.375661893236270572e+01
1.395615718419724516e+01
1.412500434077150757e+01
1.383955470707650370e+01
1.379807590562157316e+01
1.395614061584676691e+01
1.416154879985226955e+01
1.395041990211860572e+01
1.378962449350601283e+01
1.397936400224168274e+01
1.414793485265639283e+01
1.386038484376485513e+01
1.380565644788435620e+01
1.398290588124614686e+01
1.416490083172048742e+01
1.386369184706699542e+01
1.377836909042038016e+01
1.396672822557983018e+01
1.416294843652133828e+01
1.379568627409452830e+01
1.377251774590400224e+01
1.394896448963747382e+01
1.410798878537996792e+01
1.376566308626850876e+01
1.370905642859380258e+01
1.390101966275836887e+01
1.404280997795552288e+01
1.375983015580469448e+01
1.368689195934467051e+01
1.388054925717460542e+01
1.406732499803874603e+01
1.369562284569005151e+01
1.364233484913802918e+01
1.386871674138245680e+01
1.402731643429883412e+01
1.368360529201031284e+01
1.365509245171793040e+01
1.378773282588657523e+01
1.397414291777858786e+01
1.363169942569147963e+01
1.353010330720071330e+01
1.376797412951655275e+01
1.397553261139376701e+01
1.360489926139960737e+01
1.353906861341873835e+01
1.376103892666891859e+01
1.389297705626917434e+01
1.359758505147431329e+01
1.357121492764247428e+01
1.371842693542587988e+01
1.378510441554469601e+01
1.336484509651279495e+01
1.333478101928061932e+01
1.345563649866151756e+01
1.355248789509613339e+01
1.327587789968131560e+01
1.326151830433466294e+01
1.342605395267964141e+01
1.356050248721733098e+01
1.323030586115873142e+01
1.320465763420159711e+01
1.343084459832683208e+01
1.350613889445280158e+01
1.318590815536905936e+01
1.330396960745498269e+01
1.325919795907872967e+01
1.336724292255655122e+01
1.318347304329871150e+01
1.317051155353799174e+01
1.328494205732759781e+01
1.329035530008896160e+01
1.316401357608237532e+01
1.309977793874168306e+01
1.315608616874130021e+01
1.319258621133598197e+01
1.283756201465966917e+01
1.275258446113898714e+01
1.273484134155436998e+01
1.282061321875546689e+01
1.250904884360577540e+01
1.243428127480264678e+01
1.245940474518616092e+01
1.244484145448106105e+01
1.223816232923380909e+01
1.215624663550246609e+01
1.210741936081515213e+01
1.248767541881909438e+01
1.156475342794409933e+01
1.183503576982784189e+01
1.180739448574756878e+01
1.174014717245375294e+01
1.159871638926682635e+01
1.150808980517538238e+01
1.142965051844796243e+01
1.145372522947745075e+01
1.110902374564973982e+01
1.112855929355741935e+01
1.108164139192716213e+01
1.106742361777603456e+01
1.094493045776502704e+01
1.078877565264255622e+01
1.059978376470725436e+01
1.030053926362550953e+01
1.011272484287928464e+01
9.917124024874388155e+00
9.607996387114500436e+00
9.309105645864059753e+00
9.133111420734355335e+00
9.069745748604562507e+00
8.926770478288320376e+00
8.705297217027831991e+00
8.629493724766339469e+00
8.371311416207856126e+00
8.070958423840105311e+00
7.747033430785323915e+00
7.323022828742958623e+00
6.948394889049339440e+00
6.669027778910032289e+00
6.518989863733155588e+00
6.389438997662606035e+00
6.197615259310209623e+00
5.999099468235054466e+00
5.729327556542053834e+00
5.377578490853702320e+00
5.050616614788212111e+00
4.718788444858405207e+00
4.371802284293377916e+00
3.959765306116108885e+00
3.644617480577661439e+00
3.323789771433292017e+00
3.029035534116293338e+00
2.844821254348617323e+00
2.725821111364274074e+00
2.672364346599964691e+00
2.592734949006399336e+00
2.608261754393562004e+00
2.618111262688295415e+00
2.700152282265917858e+00
2.803923148166485912e+00
2.956478015621195610e+00
3.083204454472783684e+00
3.204172765283726410e+00
3.356639679109424623e+00
3.500104358520160996e+00
3.651317351973073944e+00
3.837059632183402069e+00
3.960108400202548395e+00
4.115782957872037962e+00
4.253109048167527995e+00
4.439900876114021067e+00
4.639983026021053725e+00
4.873638994982403716e+00
5.040886823281288898e+00
5.234747687014277950e+00
5.486047101188376907e+00
5.745757554431929037e+00
5.966608837613588179e+00
6.192421900600487916e+00
6.371637798409531150e+00
6.575022578492602854e+00
6.759604043497527748e+00
6.950098140954939829e+00
7.181189058555989213e+00
7.399538088867527286e+00
7.580231378473303749e+00
7.815534995066416357e+00
7.939257195582074544e+00
8.060318736196730782e+00
8.229007799823300218e+00
8.442810999347257095e+00
8.657049647401352743e+00
8.954214439580953311e+00
9.110351248803384649e+00
9.283318180905611783e+00
9.408222392227065356e+00
9.521666353973261110e+00
9.763792311397455848e+00
9.917294655683189575e+00
1.001873101688052614e+01
1.018594565584159461e+01
1.036283061562245500e+01
1.047813396088680982e+01
1.060414683867598207e+01
1.076937506569511527e+01
1.090382132331838783e+01
1.105065548756440741e+01
1.113719398804542848e+01
1.124700842559652259e+01
1.130091360921316834e+01
1.133030236483536690e+01
1.145197395887045744e+01
1.153424053115829295e+01
1.160966556139057460e+01
1.174027126082986250e+01
1.183439588542409560e+01
1.180162742069761173e+01
1.188426735893049901e+01
1.197908782633264480e+01
1.209294966347733080e+01
1.210489724862642369e+01
1.222048202597441069e+01
1.232545723505461766e+01
1.239396209247177616e+01
1.236246323702831340e+01
1.243532604842875600e+01
1.252295020706482731e+01
1.248341563855860592e+01
1.226040906603860314e+01
1.231585198393801939e+01
1.240183220650589746e+01
1.245755005577970920e+01
1.224896842619576454e+01
1.229946464841992082e+01
1.243516202855137465e+01
1.241564083076132441e+01
1.234394838173426301e+01
1.238756637913066072e+01
1.250135447640911224e+01
1.254101816658294943e+01
1.250207601656573786e+01
1.250318848632438140e+01
1.260105487555666492e+01
1.264310392516668635e+01
1.257668817052424437e+01
1.259554362753805634e+01
1.271624547728767851e+01
1.273213664457492378e+01
1.274033486355982880e+01
1.259623536975029623e+01
1.285423938046609393e+01
1.278525491786878909e+01
1.261859978658855042e+01
1.255580915352454596e+01
1.262976471786074661e+01
1.254327151590418588e+01
1.235480478695914641e+01
1.229223253282854778e+01
1.243454747361295532e+01
1.226845656072757329e+01
1.213783873124726043e+01
1.211281462498958383e+01
1.207735770096708450e+01
1.198830070093564615e+01
1.190617788782889974e+01
1.178841109997270564e+01
1.176546289304781112e+01
1.168384283327019091e+01
1.162644046906158302e+01
1.142565794728840700e+01
1.146499382329909267e+01
1.132388824082057077e+01
1.132900522757623740e+01
1.123371409838077817e+01
1.112689041053432426e+01
1.090462604665976087e+01
1.068479851744239539e+01
1.047858854430482900e+01
1.024956499710408053e+01
9.971495109869186635e+00
9.731491024236927245e+00
9.394199717855181930e+00
9.054673321774973971e+00
8.509570171421263041e+00
8.151813732939364954e+00
7.731731264771974921e+00
7.340270872853044359e+00
6.942506449383333944e+00
6.761756653692835961e+00
6.618667945478071246e+00
6.489908668168161476e+00
6.285821536969821821e+00
6.062971001834189799e+00
5.813169817891573388e+00
5.532654007283213993e+00
5.248108910984884190e+00
4.954365542038351222e+00
4.653416743565158775e+00
4.464094319890024032e+00
4.405886833660897395e+00
4.327180016973382060e+00
4.273679827912767237e+00
4.185150381203618153e+00
4.089955067972040226e+00
3.956725517767445410e+00
3.811385418649243295e+00
3.675678021430793141e+00
3.549750692193101465e+00
3.450715445662698500e+00
3.248425704548454362e+00
3.102468038246829707e+00
2.798728527605928829e+00
2.482884203707592441e+00
2.188460285383643011e+00
1.976292760233599122e+00
1.835461352254669221e+00
1.720391718164546946e+00
1.529205357496534967e+00
1.449346710111711012e+00
1.362721362730615615e+00
1.263215242628692003e+00
1.127213529915274348e+00
9.767990211008187318e-01
8.027684635817822212e-01
5.972474850819236014e-01
4.214972195876838246e-01
2.436117448512903072e-01
4.438016777715522720e-02
4.243948008166800344e-04
2.855446371695741442e-04
2.855461070353137922e-04
2.855448189652300389e-04
2.894683105824511155e-04
2.855461006604773154e-04
2.855448109181548799e-04
2.855462521382752311e-04
2.855446751752326062e-04
2.902682934564655010e-04
2.855448507723927368e-04
2.855460346131654900e-04
2.855447386615194176e-04
2.855435189413530785e-04
1.538101667656947141e-03
5.254447006571604656e-02
1.267467138201271437e-01
1.874645682679263736e-01
2.930723260248496720e-01
4.034223149718823009e-01
4.755817814776033825e-01
5.307062334121760427e-01
5.974178807919475753e-01
6.686392496545722208e-01
7.529756467245590779e-01
8.369757220591099722e-01
9.202512602743604386e-01
9.947458753324811553e-01
1.071587352832072515e+00
1.130562855124789268e+00
1.210858807074856935e+00
1.301413285929464925e+00
1.368724477582786037e+00
1.441596983252622532e+00
1.457796709644930466e+00
1.466755678331679968e+00
1.451872202725661642e+00
1.386728459865134599e+00
1.243353204971466841e+00
1.114149759606620105e+00
1.018224286700593506e+00
9.305299079700513065e-01
8.444255601899434138e-01
7.725953145634515407e-01
6.438849050350213821e-01
4.685960457226179265e-01
2.844089875625281927e-01
7.958885789685568590e-02
6.197801303545706761e-04
1.237224641689953870e-03
1.128927586331441815e-04
1.165865400626525287e-04
1.151409638890619358e-04
1.165865691535941797e-04
1.165881239735425617e-04
1.128952347449935673e-04
1.151394729419260156e-04
1.165881229801682471e-04
1.165864988704674762e-04
1.151404900051359258e-04
1.128953134715836743e-04
1.165881344431143044e-04
1.165882055585206335e-04
1.151394745966353035e-04
1.128927255612460561e-04
1.165891705642326101e-04
1.151394710472375621e-04
1.165881266875024101e-04
1.128927976984608775e-04
1.151394697653521841e-04
1.165882378625145995e-04
1.165882001876217988e-04
1.165865772145550683e-04
1.114002391816870403e-04
1.165866116317482035e-04
1.165891277326201671e-04
1.151395337521386345e-04
1.128953488063959125e-04
1.165865734062514610e-04
1.165882339264146997e-04
1.151394950330734490e-04
1.165881632281718803e-04
1.128953820557458004e-04
1.151394960702593434e-04
1.165881627213899674e-04
1.165866451777611084e-04
1.128927941401273045e-04
1.151410135895672573e-04
1.165866427478047529e-04
1.165907506240983937e-04
1.113960192127090489e-04
1.165892002875597761e-04
1.165866025605677512e-04
1.165881574353645116e-04
1.151395250673509636e-04
1.128953501582128863e-04
1.165881577305224797e-04
1.151395205632077165e-04
1.165881922585438858e-04
1.128937044886474498e-04
1.165882272627576333e-04
1.151394828031726276e-04
1.165881556197023077e-04
1.165882299173194385e-04
1.113960464083711802e-04
1.165907141368727179e-04
1.165866388715563638e-04
1.151404986859133769e-04
1.128943581048961396e-04
1.165866351069045790e-04
1.165881882796176072e-04
1.151394415689895674e-04
1.165882253857723853e-04
1.128953415012987657e-04
1.151394375247461523e-04
1.165866362539160335e-04
1.165882335348049543e-04
1.165883044395608844e-04
1.113986823414583530e-04
1.165882294018741946e-04
1.165867111601799372e-04
1.151405621502862126e-04
1.128944362301831817e-04
1.165883022984700451e-04
7.328998912328980875e-02
2.001204435572592477e-01
3.196876559025421671e-01
4.439607570010783988e-01
5.522931443131332552e-01
6.543382648596119955e-01
7.614267546872955927e-01
8.908971628231323603e-01
1.062337678715784328e+00
1.257762762522879108e+00
1.450452442275856901e+00
1.671157930658613067e+00
1.867975203152879793e+00
2.086180608711135420e+00
2.324414702728705873e+00
2.554250934611123736e+00
2.739685062305390328e+00
2.959403764732828623e+00
3.155722945436784332e+00
3.337114489722537325e+00
3.562252364976848718e+00
3.798541804564899760e+00
4.025032843659444026e+00
4.260534527365424040e+00
4.528026930742088396e+00
4.776413267001128560e+00
5.040125836021475791e+00
5.356539704199462903e+00
5.592173680321612217e+00
5.909212522011137558e+00
6.157908691173186178e+00
6.443155870893333415e+00
6.761483070857896571e+00
6.977088963526575149e+00
7.236441598993069491e+00
7.518750393269404420e+00
7.716282083158827021e+00
7.972586852286144499e+00
8.220666463788601774e+00
8.284264349094236479e+00
8.399062725581542210e+00
8.588916103997293661e+00
8.774884926720408984e+00
9.031809847276500491e+00
8.850871987676512731e+00
8.957868718136577257e+00
8.963832263941510448e+00
9.068481830816462974e+00
9.141661337211681726e+00
9.245835222345093030e+00
9.273390133227001897e+00
9.456505331040736095e+00
9.575966319694277473e+00
9.697059403508946573e+00
9.786576649842515963e+00
9.957210295371378805e+00
1.007703447242288952e+01
1.026409054547015387e+01
1.024243001102587947e+01
1.038094351419533545e+01
1.050773523321622527e+01
1.062231697713651357e+01
1.067741434515869514e+01
1.089478363040258557e+01
1.098865429948710926e+01
1.109792344563266475e+01
1.115912320330011021e+01
1.125404466013661064e+01
1.133977648199639532e+01
1.150216566419031494e+01
1.156780531820893820e+01
1.169893866859452203e+01
1.183378914581546404e+01
1.200969315273979987e+01
1.210053968714276174e+01
1.213572038313718693e+01
1.229868223449738096e+01
1.244786935915005621e+01
1.261576562922053490e+01
1.252608849924644652e+01
1.262340634913647719e+01
1.281456620476370212e+01
1.292827126978768248e+01
1.290764620246313399e+01
1.303034639436654274e+01
1.320944984740788719e+01
1.335211582242373574e+01
1.328095327961323591e+01
1.333315928542278073e+01
1.355820900946532070e+01
1.370043022140801270e+01
1.352736006094727195e+01
1.360902991130661199e+01
1.384914408527086138e+01
1.398515411376471995e+01
1.378016876097506582e+01
1.367599758810825961e+01
1.388505774849006613e+01
1.387738617677232078e+01
1.357440546935016989e+01
1.358607164457108318e+01
1.389156353718177606e+01
1.378731519694550833e+01
1.359172665570220495e+01
1.358203435552046123e+01
1.382370397411076368e+01
1.378815168747480335e+01
1.358400249158885487e+01
1.360166481535456917e+01
1.396859601844501597e+01
1.397640138194354087e+01
1.368542302979294156e+01
1.370202400477165305e+01
1.394176436839565980e+01
1.399685140586766785e+01
1.373423812819817336e+01
1.375024983509771559e+01
1.406163648150864631e+01
1.410595022435969170e+01
1.378646978006467094e+01
1.386167877497845957e+01
1.413923149188861217e+01
1.411253146025752514e+01
1.386908111862897286e+01
1.383190019891217659e+01
1.416715394937285311e+01
1.415520495100249931e+01
1.386450140522441288e+01
1.390001244038013084e+01
1.435626850038342006e+01
1.430981137200739006e+01
1.410028049230419001e+01
1.410662535131603335e+01
1.446796111896255077e+01
1.458376946359734028e+01
1.427653921986898311e+01
1.432526780844937342e+01
1.481565452014366002e+01
1.481688182286825750e+01
1.448362407890682135e+01
1.457630812815073362e+01
1.493835580132144436e+01
1.489947301486053632e+01
1.456446156076808407e+01
1.463464019890133549e+01
1.520089085455655642e+01
1.497550145311583059e+01
1.470144281184772517e+01
1.477707039457139970e+01
1.524417709786894903e+01
1.513893904968266924e+01
1.477596708473407894e+01
1.485690082879645502e+01
1.524214816251826399e+01
1.515301180341595177e+01
1.476401159353205195e+01
1.480433858098613698e+01
1.525322221629253150e+01
1.510796426707906015e+01
1.476441251595061033e+01
1.480037780643149858e+01
1.517562248685331028e+01
1.505212665520500082e+01
1.472500899684705367e+01
1.476855732496676765e+01
1.518971871988204114e+01
1.504562224714196006e+01
1.470808972861467190e+01
1.468312752774098406e+01
1.511569075463838097e+01
1.496382188742890307e+01
1.455748140526496215e+01
1.457295479542917782e+01
1.502344102846052465e+01
1.476546398034893670e+01
1.446544444229256321e+01
1.447967973379978979e+01
1.486980082735827402e+01
1.472887795158004387e+01
1.440438269903894941e+01
1.441224394638114426e+01
1.469735624085202375e+01
1.450831613751220850e+01
1.423938385898837744e+01
1.425602447347816693e+01
1.459501993637806727e+01
1.461812105202560730e+01
1.435090515349964591e+01
1.442182031822487609e+01
1.486212133571883776e+01
1.470314986540796198e+01
1.450824907302170530e+01
1.459883457992352440e+01
1.497009666686924589e+01
1.482875543244430361e+01
1.462734958521381756e+01
1.474911423078217254e+01
1.512912704979958178e+01
1.495629458395064582e+01
1.472014406985845092e+01
1.487114174525068400e+01
1.522191381078600259e+01
1.505549359316854030e+01
1.482617167702953864e+01
1.503604522125348808e+01
1.546152632375483016e+01
1.519741992836032196e+01
1.498935846393728433e+01
1.514640948086292482e+01
1.546606187620237094e+01
1.531408285117577783e+01
1.507585804209696967e+01
1.518645883078753656e+01
1.552053523096514986e+01
1.525454876799233794e+01
1.512774717274741398e+01
1.519786308495250893e+01
1.544850858060533660e+01
1.536069581226488268e+01
1.499274837648589198e+01
1.515550646482608776e+01
1.550066621154764945e+01
1.523753397404361820e+01
1.500228711237563139e+01
1.514591163727767054e+01
1.525465377702880865e+01
1.513496522878499917e+01
1.490413708913458635e+01
1.499012358731837402e+01
1.517373003325032954e+01
1.514199519278352746e+01
1.515209489645582686e+01
1.513657186097338858e+01
1.519290210609941383e+01
1.521397970212076345e+01
1.518824047674213595e+01
1.520159782884467070e+01
1.512682200300954882e+01
1.504998493514541558e+01
1.501169834890581178e+01
1.508675034510727997e+01
1.527125282494305125e+01
1.510171102526604159e+01
1.478280296891530377e+01
1.488080425664605144e+01
1.502467964716515780e+01
1.476697358893440892e+01
1.449379398719477585e+01
1.455183420966746155e+01
1.471883978413447203e+01
1.444589516948793140e+01
1.428407944332277957e+01
1.434264459578068163e+01
1.451719085151121469e+01
1.437958365111112080e+01
1.428225698189158521e+01
1.435750661759235314e+01
1.461969674095128724e+01
1.494980788339344357e+01
1.383527325948903908e+01
1.446958201689253443e+01
1.469827074004882661e+01
1.456753108124427598e+01
1.449156964545862003e+01
1.459393468311683328e+01
1.483414445960119643e+01
1.463670113030277520e+01
1.453870828832914874e+01
1.463752708391493584e+01
1.474020344515840719e+01
1.455974658917584463e+01
1.436693721907338173e+01
1.441680566869396607e+01
1.453461171776378258e+01
1.443078772980879521e+01
1.409566606087090967e+01
1.421882905105786676e+01
1.441370510887360190e+01
1.416192745460756264e+01
1.395529608889011719e+01
1.412143161312678075e+01
1.428314463610348106e+01
1.410106686210365901e+01
1.395710969866504669e+01
1.406164659559558849e+01
1.428865337970222527e+01
1.417987350028610294e+01
1.409985242409720385e+01
1.425229826447056247e+01
1.454760015601319623e+01
1.421402923477986491e+01
1.421988259957731238e+01
1.435077083585286672e+01
1.462206696173713816e+01
1.439929729190838259e+01
1.419049502441108501e+01
1.440714327964519548e+01
1.454779726887869096e+01
1.427602945176598048e+01
1.414886222844944719e+01
1.425376328495753064e+01
1.446989537511877444e+01
1.415508846080797767e+01
1.394730533520687210e+01
1.404457588576570615e+01
1.418784186295229510e+01
1.380542558741673531e+01
1.365696824594701297e+01
1.367065852975401974e+01
1.375385368752595383e+01
1.340205105100696592e+01
1.332883263854470002e+01
1.327602276452851626e+01
1.336646723691886685e+01
1.314195223101501320e+01
1.298995290630519861e+01
1.288834873023521865e+01
1.300646434624175640e+01
1.277165245552235540e+01
1.260933399227121576e+01
1.257745424141706714e+01
1.261525804637804704e+01
1.234665213462726285e+01
1.219333808250032902e+01
1.198788075966269773e+01
1.181004829057538608e+01
1.146410019638132027e+01
1.113399094878628937e+01
1.088625887579703466e+01
1.062537408761534152e+01
1.056773784946989458e+01
1.035647857628420709e+01
1.027822070190280890e+01
1.011131505932730157e+01
9.987877398312900112e+00
9.904241386149379878e+00
9.757918134178693137e+00
9.466719855235078640e+00
9.254708618425057765e+00
9.084107218883348267e+00
8.843457865288243624e+00
8.584689429406427763e+00
8.370086145128086130e+00
8.123209021647923578e+00
7.835890944725808716e+00
7.579280532593750230e+00
7.370409165083787961e+00
7.244239745087665661e+00
7.028988340531625134e+00
6.923185776421471260e+00
6.656830848061304096e+00
6.496005120845829595e+00
6.360975477374803511e+00
6.248605806949993458e+00
6.157136036411774427e+00
6.010956708653244718e+00
5.901056909483870072e+00
5.777867400986389512e+00
5.655983338646327852e+00
5.580363940104407838e+00
5.520671713291083194e+00
5.517521098603889840e+00
5.476553699248933427e+00
5.514361629660688102e+00
5.541954716493108890e+00
5.600149491095748999e+00
5.661177874456908121e+00
5.724862082206001013e+00
5.864984609008446093e+00
5.968605783554171929e+00
6.086707657606564403e+00
6.207473243301639521e+00
6.339542501395357021e+00
6.497610929391803403e+00
6.671953548347537399e+00
6.819735345677230498e+00
6.993509114754398404e+00
7.136580957553105620e+00
7.327914393366881995e+00
7.561351656660425746e+00
7.722652585556225802e+00
7.858200125279100057e+00
7.943070767152911493e+00
8.087118743442042401e+00
8.235863399910954286e+00
8.409749290401439481e+00
8.729424795579509677e+00
8.881857351393671607e+00
9.033646064920569430e+00
9.114534308051860378e+00
9.393765479213064040e+00
9.505823571159464080e+00
9.656873167681595760e+00
9.740353973930819365e+00
9.958689358328511432e+00
1.009715410708113303e+01
1.026775243223779022e+01
1.030007559302639208e+01
1.052446244885053694e+01
1.066534647076767683e+01
1.082220071397539130e+01
1.082141927919826685e+01
1.107083573970746926e+01
1.117804269089045732e+01
1.129564740440474502e+01
1.144555662644690486e+01
1.154111136271852978e+01
1.161657679154795098e+01
1.174632535653921472e+01
1.189167955566009205e+01
1.194112242917916689e+01
1.203744792290447130e+01
1.214870624351846118e+01
1.216667441379832582e+01
1.206244732365026451e+01
1.196293809424374111e+01
1.190226883310011985e+01
1.199885147706158328e+01
1.194852156841760404e+01
1.199111367953445928e+01
1.227732675407759899e+01
1.200104764462907170e+01
1.211029113258314993e+01
1.218470112412601836e+01
1.226912290840812680e+01
1.234715016561160361e+01
1.235060818553498230e+01
1.233199198784137174e+01
1.248466945245928095e+01
1.253447737537847928e+01
1.249216614009872650e+01
1.247162413011550974e+01
1.253502473241055704e+01
1.255091292459015051e+01
1.232132332425892862e+01
1.231904389679360357e+01
1.228054970729409945e+01
1.233789970241868694e+01
1.219681049215722446e+01
1.231675379596294029e+01
1.193886710798769002e+01
1.215686118507003677e+01
1.205269400560275983e+01
1.210444008392989268e+01
1.180652880131291838e+01
1.197455221727890695e+01
1.188918905504497303e+01
1.188923956161474393e+01
1.175907217932492443e+01
1.184812077959671583e+01
1.171848755243764018e+01
1.170861501650790792e+01
1.165137050328153201e+01
1.168035701010413518e+01
1.158422383005024692e+01
1.149877589773096531e+01
1.125675361328126911e+01
1.097012812754013211e+01
1.049763403831049402e+01
9.987504115590677856e+00
9.393077424731243852e+00
8.735899246358098225e+00
8.202762400869863413e+00
7.630633582885665511e+00
7.090242281734156826e+00
6.719188572111174373e+00
6.532633010805827922e+00
6.410755649470067041e+00
6.401309953201213432e+00
6.407377407985413775e+00
6.517999164607495288e+00
6.507864114601838779e+00
6.546002128380625784e+00
6.600771025111540347e+00
6.666161925132048971e+00
6.746330842208259071e+00
6.861180128031953984e+00
6.982944930564040753e+00
7.117958954488974754e+00
7.283703707062081811e+00
7.410892364241864705e+00
7.600936468202976748e+00
7.749003500551293833e+00
7.933372749741997687e+00
8.016501566401744938e+00
8.180670937876005411e+00
8.202713249133896767e+00
8.396209263810078482e+00
8.601385662597465398e+00
8.834929182912075518e+00
9.258665750310832721e+00
9.433485438269649137e+00
9.603429626679494291e+00
9.664737464605806849e+00
9.975939539876659268e+00
1.014264903850933308e+01
1.030943607261741768e+01
1.038751183512417420e+01
1.062668480765527157e+01
1.081052582057295375e+01
1.095753422156941248e+01
1.110863689467822013e+01
1.128869135828665016e+01
1.137913024919676630e+01
1.160061499221152559e+01
1.172745025429636989e+01
1.188999360618684165e+01
1.203270688293923385e+01
1.227236788110866961e+01
1.237199947857547500e+01
1.241766637690886732e+01
1.256921944562696680e+01
1.277227830872549319e+01
1.289009547914407605e+01
1.292292952501653502e+01
1.301794618535238790e+01
1.320656213826501713e+01
1.327914451850172206e+01
1.327303995177645568e+01
1.321554058888090921e+01
1.352280397812559620e+01
1.359438732611188883e+01
1.347212611340900601e+01
1.348876035807827556e+01
1.382664045805160313e+01
1.376010491082627851e+01
1.361384558546597034e+01
1.361811349127103377e+01
1.395360261910487409e+01
1.372412444465098780e+01
1.344346506954432563e+01
1.341736441477814701e+01
1.369763841431679019e+01
1.362258211814431341e+01
1.340779115419113232e+01
1.350249369287996082e+01
1.369539960097067599e+01
1.372756896380174751e+01
1.359926028532523823e+01
1.355210221040407781e+01
1.371993534648594526e+01
1.355887589234584389e+01
1.332656440788318619e+01
1.321236819921318251e+01
1.337130927163750549e+01
1.320778164479237127e+01
1.294054029330128053e+01
1.287260204412217313e+01
1.297110743643980513e+01
1.284735188220741620e+01
1.257644245733657939e+01
1.249611653435719383e+01
1.257294380520909804e+01
1.251363546722592268e+01
1.224275965819506951e+01
1.213583576034326761e+01
1.214381198215988178e+01
1.203027017180359692e+01
1.187714368090347428e+01
1.178311943050979238e+01
1.188561007214532239e+01
1.134800781958189120e+01
1.128632851291115458e+01
1.099655001436207691e+01
1.069411171294828655e+01
1.046031095409350264e+01
1.015791539730120085e+01
9.945300679818100065e+00
9.587321489227393911e+00
9.350981942488894916e+00
9.144503426069395147e+00
8.838406676542211571e+00
8.542252708596942412e+00
8.220386081013264956e+00
7.985382176182374891e+00
7.662923823594971040e+00
7.338114307221915489e+00
6.927318979950860545e+00
6.517718956608741898e+00
6.135765503977432367e+00
5.770062690464276223e+00
5.336903302937033189e+00
4.947423113717691834e+00
4.593826654052378444e+00
4.251864689344436066e+00
3.950888899128238041e+00
3.680806738684754276e+00
3.464177090309367379e+00
3.263886437982650879e+00
3.034679749175566155e+00
2.790572565403347749e+00
2.606954990296213470e+00
2.419891695947835153e+00
2.200673546227605026e+00
1.953564926246866174e+00
1.719893961127913151e+00
1.485747169317874095e+00
1.258850827059915467e+00
1.025557894844814300e+00
8.024871133978683790e-01
5.788717141452548454e-01
3.496212641233557017e-01
1.666488908336775099e-01
1.121135917905466267e-01
1.672493649727937182e-01
2.231077090345393865e-01
2.700149574098911764e-01
3.272981642073827246e-01
3.741044132261749366e-01
4.204703566149932126e-01
4.295427906628692116e-01
3.610691891328758341e-01
2.497385886190295889e-01
1.154356783916818119e-01
8.952220545562095816e-03
2.431045322633593186e-03
2.608606481352570726e-04
2.608606265039850494e-04
2.608585966472711285e-04
2.641208403427388750e-04
2.608605105202273493e-04
2.608606409447461905e-04
2.608586275302355001e-04
2.641207181339445755e-04
2.576212748435366341e-04
2.641188803736744411e-04
2.608606837305569464e-04
2.608605247819043124e-04
2.608586322572442693e-04
2.608605467057959967e-04
2.608586538503210425e-04
2.608605962370716706e-04
2.641206834457698253e-04
2.608604054991346156e-04
2.608605676035942456e-04
2.608586741828352522e-04
2.641207836316960579e-04
2.576193180461276299e-04
2.641205902421354533e-04
2.608587447212192510e-04
2.608603876176784800e-04
2.585507961314101148e-04
4.515399258320855480e-02
1.460946203724218517e-01
3.187229784780612474e-01
5.893980245082089953e-01
8.938223190980741917e-01
1.194922967194458341e+00
1.517201939403981958e+00
1.860950537562823026e+00
2.220078392030813141e+00
2.580203179425019755e+00
2.919771925495598719e+00
3.274687201957908744e+00
3.648399501455359850e+00
4.007525944658004491e+00
4.340475612234665270e+00
4.758824315350330458e+00
5.125728277575790415e+00
5.431332651124641586e+00
5.798268279578276285e+00
6.139258943950208547e+00
6.477883821754374161e+00
6.857164311725829187e+00
7.100785718977107308e+00
7.442870030379531876e+00
7.728767546325554072e+00
8.001941999669320182e+00
8.267209066107479742e+00
8.332431959481448658e+00
8.569423087015932694e+00
8.803744956552996825e+00
9.097783340838955013e+00
9.600152391657365669e+00
9.913280369908827439e+00
1.018338753403730124e+01
1.036037437561233787e+01
1.058805429918796648e+01
1.087268493761172117e+01
1.110929179311821002e+01
1.128304948479052605e+01
1.148903373347350154e+01
1.173662543290616966e+01
1.199930401301346095e+01
1.218168385068575610e+01
1.231533914962329668e+01
1.258729354360696640e+01
1.279293899695408676e+01
1.302440963553042153e+01
1.309712215577557082e+01
1.327811333022096107e+01
1.350870755937545908e+01
1.379648590608644732e+01
1.375722422832650693e+01
1.388989739740502216e+01
1.415696258527874818e+01
1.454317854621686479e+01
1.408863433346432714e+01
1.416079889472443121e+01
1.447347912790426960e+01
1.469698196288299563e+01
1.437641830812487775e+01
1.441286127009156459e+01
1.474471680257796891e+01
1.488949551503208824e+01
1.462856692711612894e+01
1.463458145150470457e+01
1.488018263338401148e+01
1.516276145848769730e+01
1.483923332599702150e+01
1.484343397984733848e+01
1.520911245808225054e+01
1.536952956918612934e+01
1.504103569243409133e+01
1.506406730912548575e+01
1.545785435184881251e+01
1.560587719864589396e+01
1.524048318093910304e+01
1.527755866078019764e+01
1.574560068652739453e+01
1.580139573632088990e+01
1.537376249915194570e+01
1.541315984610685774e+01
1.579537727061541652e+01
1.601865153502886940e+01
1.555564993820393127e+01
1.551286203788624540e+01
1.606570154158433184e+01
1.619261666361104091e+01
1.572159160258730815e+01
1.572115425042646564e+01
1.630415727829294070e+01
1.637622638009346332e+01
1.590198684393141804e+01
1.591334718154559091e+01
1.643429645799445638e+01
1.637255820706959497e+01
1.576526762141811666e+01
1.559773020590501780e+01
1.615560326477023168e+01
1.594468828727504572e+01
1.542380557403171615e+01
1.530298209997315695e+01
1.571940875599017140e+01
1.573694132042504812e+01
1.522639571973862793e+01
1.519422158465103045e+01
1.567253492254205405e+01
1.577398330372409596e+01
1.529986545065024472e+01
1.533681364695086913e+01
1.579016508930890339e+01
1.583773189736806053e+01
1.542026774421062818e+01
1.538478397841740630e+01
1.590533367689284461e+01
1.591059441838654465e+01
1.544932104772999004e+01
1.547403769337925006e+01
1.600471547198325695e+01
1.596425261719643629e+01
1.549946082765812605e+01
1.550089531532733389e+01
1.599671853627370055e+01
1.598671929331441355e+01
1.546035903409456402e+01
1.535122452139097149e+01
1.580917499584518282e+01
1.566403096452319765e+01
1.511912913641095280e+01
1.509710750937737522e+01
1.545313424293813043e+01
1.535470027752314159e+01
1.482207757123004477e+01
1.479003055912642139e+01
1.523349957971751323e+01
1.514508495595028315e+01
1.462873352289904894e+01
1.478306042802747378e+01
1.499791057491054858e+01
1.503455480220166685e+01
1.456303271063140592e+01
1.460828676134253712e+01
1.498156573179826623e+01
1.493439296400815941e+01
1.450488329730906933e+01
1.450997039314072623e+01
1.491288818567059060e+01
1.486214636117844812e+01
1.448524342327095482e+01
1.447446914484211256e+01
1.491510733037386416e+01
1.485665663172739848e+01
1.447660192618126906e+01
1.455270064959531418e+01
1.500896308967346826e+01
1.498266284650337887e+01
1.460929815830609257e+01
1.462743049170775755e+01
1.501693956599538105e+01
1.503147847008629867e+01
1.464677622594854078e+01
1.469677057001364062e+01
1.513274137323200819e+01
1.509405685810182263e+01
1.476551969158250088e+01
1.465487007878859949e+01
1.518564638254727051e+01
1.513955992654892313e+01
1.475105272492024433e+01
1.475774432390272750e+01
1.524997775414474965e+01
1.520696293418946254e+01
1.484116091195880571e+01
1.479368373125936742e+01
1.534527458648284792e+01
1.522394169619594528e+01
1.484888879008309459e+01
1.486986327599987945e+01
1.530795189173184134e+01
1.523756712769293920e+01
1.493897921959817054e+01
1.498083970615867244e+01
1.543655524246387323e+01
1.525235955023920020e+01
1.485599183370389120e+01
1.491320406839893487e+01
1.537256759801580053e+01
1.523611330369151418e+01
1.485648142370336622e+01
1.488996012214280285e+01
1.534231876930583915e+01
1.515820099336868410e+01
1.484969503017549108e+01
1.491995734761238346e+01
1.534490664318847308e+01
1.513566378475011120e+01
1.484856045808155578e+01
1.479892190284883746e+01
1.529408226168698093e+01
1.510899321971336384e+01
1.484658907937585859e+01
1.453695607846608873e+01
1.507932273145988589e+01
1.482772369858283845e+01
1.472182609818896282e+01
1.430936902988343107e+01
1.484245457367838839e+01
1.474337883820919792e+01
1.459789318966752347e+01
1.422847058596609848e+01
1.480411987372058569e+01
1.461469543551212347e+01
1.428338313932862391e+01
1.428517301189359756e+01
1.465566211630590310e+01
1.450404917820012507e+01
1.424663680235104657e+01
1.421180135861023430e+01
1.456871915701759690e+01
1.440818367305488756e+01
1.411634466319675774e+01
1.407752842868949195e+01
1.450410921770964201e+01
1.425732928732165661e+01
1.407876610961276498e+01
1.399759419824368045e+01
1.437274319535563372e+01
1.422447148518820903e+01
1.392173972633382739e+01
1.389078169874908042e+01
1.429298746847516632e+01
1.413326923133270618e+01
1.389662238137474048e+01
1.389066892749841031e+01
1.432356922484572515e+01
1.407952046803437440e+01
1.390775157854981892e+01
1.384939694046885350e+01
1.425002977704324003e+01
1.408509884039120585e+01
1.388249874341924084e+01
1.388430278958514030e+01
1.424865714306940667e+01
1.405643080362138164e+01
1.384340718976769757e+01
1.391000907252051810e+01
1.416636269826446437e+01
1.387244351917640550e+01
1.366653848981868791e+01
1.354932316355083088e+01
1.374026019185471625e+01
1.357342971302062828e+01
1.332884297561925813e+01
1.323796283890475856e+01
1.340660386041237295e+01
1.321759084306411403e+01
1.302217514703203172e+01
1.293895267354151635e+01
1.306459352051990841e+01
1.284165716225322385e+01
1.279312927182879456e+01
1.254475290082618599e+01
1.272531448761704276e+01
1.248714177600262154e+01
1.240289077825497088e+01
1.228587639476664073e+01
1.233020835103215873e+01
1.222728063438170665e+01
1.214906518881014996e+01
1.210077747529154379e+01
1.210879120520143282e+01
1.200523009008942665e+01
1.185320577316183588e+01
1.175929319977185905e+01
1.170637508947539018e+01
1.165955150058844758e+01
1.153920063007096708e+01
1.143892544104633124e+01
1.140093695613629343e+01
1.131420350727647417e+01
1.122808020089228265e+01
1.111004391589598228e+01
1.103820286275674079e+01
1.093915089746401215e+01
1.093254916378172936e+01
1.085102540558108508e+01
1.073605628939191980e+01
1.062345934504773126e+01
1.051378112221608419e+01
1.048978021404880323e+01
1.035433344476079576e+01
1.031104164315625127e+01
1.021514593755644462e+01
1.001458604217343229e+01
9.740134507086995796e+00
9.430657904881115883e+00
9.173666198050655751e+00
8.842047214120469789e+00
8.554214647262314841e+00
8.295695457034295117e+00
8.040747526753365904e+00
7.708266558872986174e+00
7.498944878467082908e+00
7.289016161421693063e+00
7.069246001846594574e+00
6.857314685175694535e+00
6.740634486015721905e+00
6.479568371061635190e+00
6.242082157431504186e+00
6.017837661574801267e+00
5.889165706615598239e+00
5.760594539733231656e+00
5.596872330574647059e+00
5.524972803299920798e+00
5.395668241194406356e+00
5.307119461593209131e+00
5.302556056377587979e+00
5.199729564289248707e+00
5.277620358901621955e+00
5.301275359940272658e+00
5.418800963511626101e+00
5.508100369612902725e+00
5.644346841531894476e+00
5.789226106055453513e+00
5.962851023722160804e+00
6.105293029928355431e+00
6.223239476169607265e+00
6.424397824315399852e+00
6.580526004727555112e+00
6.758337177678878760e+00
6.944413142542811279e+00
7.148085685021987601e+00
7.346209413536764821e+00
7.497376892302147766e+00
7.689181531478459952e+00
7.857453255960006544e+00
8.017388108862496310e+00
8.206908251774471807e+00
8.388108564962264424e+00
8.755884692712477602e+00
8.980922601241962511e+00
9.133301540156512743e+00
9.312489330031858970e+00
9.450599849613215753e+00
9.668718663751048936e+00
9.858343921036391677e+00
9.947124265176336522e+00
1.012340879139945216e+01
1.030227928550022831e+01
1.041988642776358809e+01
1.056643864025245882e+01
1.072027160213815478e+01
1.092186136715163514e+01
1.091137813588740357e+01
1.084155587811011578e+01
1.100249014178874774e+01
1.106645499243995445e+01
1.115474928512132813e+01
1.120837548888593993e+01
1.142598197223765588e+01
1.146882536971120636e+01
1.149660285657884984e+01
1.167779678509093344e+01
1.171647206817508824e+01
1.186639434758694556e+01
1.193960479329231639e+01
1.209075823791967785e+01
1.192123461295980746e+01
1.187645834425341462e+01
1.176003998759615321e+01
1.169823994419317081e+01
1.162956497301832393e+01
1.152991992954341427e+01
1.141820817874524785e+01
1.107244035778787428e+01
1.127426873741877067e+01
1.133244313960527627e+01
1.124193333177715104e+01
1.103927451568658391e+01
1.104367396888071795e+01
1.112668666920390059e+01
1.112662750468725470e+01
1.123310183438218779e+01
1.133502028472005918e+01
1.148016218079579964e+01
1.156801756272342985e+01
1.167203701421711060e+01
1.188311198506404054e+01
1.183895912811125939e+01
1.194207447396844657e+01
1.208529024997992884e+01
1.207959973225279526e+01
1.218284167978913324e+01
1.234840330918070705e+01
1.247934058399592949e+01
1.243410091304248688e+01
1.249713031130468899e+01
1.258379132255031863e+01
1.272751835578957014e+01
1.262319574236195940e+01
1.269697463257296199e+01
1.266698716595338681e+01
1.265919778935539419e+01
1.268370429534471633e+01
1.248578848518511464e+01
1.257590511042749881e+01
1.266293310573018083e+01
1.250003075576639411e+01
1.240364993925499348e+01
1.247419114091055725e+01
1.241808891101053192e+01
1.234618008050056126e+01
1.229673800904295256e+01
1.222892778492758481e+01
1.224446679904810331e+01
1.208158836186366436e+01
1.207194355277854747e+01
1.200982136672644884e+01
1.182810502689685350e+01
1.178220875989996408e+01
1.172745423972643586e+01
1.174810605947236120e+01
1.149576696453303626e+01
1.150039737508316584e+01
1.143677322155972931e+01
1.137639123552614429e+01
1.133926372492533652e+01
1.128017941597834906e+01
1.114110962594512522e+01
1.092638898942007586e+01
1.053323348196509457e+01
1.041256773187519258e+01
1.030109175507878660e+01
1.025524921252990218e+01
1.011578210487171248e+01
1.003454067586805287e+01
9.931853272819209266e+00
9.736837771627337546e+00
9.527842018922951794e+00
9.518296504484805354e+00
9.447638356446182328e+00
9.406219492410691885e+00
9.261914298228330011e+00
9.116891191562466190e+00
8.985140745055296918e+00
8.798069524758018289e+00
8.467286135118435197e+00
8.138949693101446670e+00
7.705997998943582949e+00
7.245868647276406449e+00
6.772831675313343958e+00
6.277229223179080719e+00
5.804205800047136599e+00
5.381348665457482028e+00
5.085979033926472326e+00
4.941814676841881138e+00
4.864832822830631898e+00
4.760835760394992455e+00
4.571925831371898674e+00
4.279675076683578716e+00
4.160698532258674476e+00
4.128214340861017462e+00
4.104161675663463349e+00
4.141615107053846501e+00
4.124521283161695528e+00
4.124202946444643025e+00
4.183384734867946264e+00
4.172223075093304701e+00
4.222575037291473876e+00
4.349766880999201391e+00
4.384306972902954236e+00
4.458138892073504778e+00
4.515365621220758463e+00
4.615174579413371170e+00
4.731781958191787929e+00
4.875657753146106721e+00
5.069206214056914739e+00
5.257846823960513838e+00
5.432434131678239631e+00
5.769362235495306024e+00
5.953893991709566791e+00
6.182659272007623663e+00
6.386835829664311959e+00
6.443240324989763401e+00
6.703491694856789529e+00
6.866014152732319964e+00
7.106361182311660585e+00
7.337220584914291521e+00
7.537723111359727390e+00
7.751691087291672666e+00
7.959465739370214621e+00
8.073123849180761979e+00
8.307506360022259173e+00
8.526572125256192791e+00
8.790751849785671368e+00
9.136638124811822692e+00
9.325072739048540171e+00
9.541193576796098696e+00
9.589943290378549534e+00
9.910267141076024799e+00
1.007227950796412230e+01
1.025439188323014505e+01
1.030728764749319382e+01
1.062365528456727404e+01
1.076702612549653360e+01
1.091820081149054822e+01
1.100904834265634413e+01
1.120382248895188937e+01
1.136003459756076772e+01
1.157828492179295310e+01
1.161609632666054459e+01
1.177830057044486622e+01
1.192363176751894471e+01
1.207766292800263663e+01
1.215931792220747276e+01
1.228371410408059994e+01
1.235379944948913788e+01
1.249501503130636770e+01
1.261109750108576044e+01
1.259800185768874492e+01
1.273230709888798451e+01
1.297125083705974546e+01
1.309895083958619821e+01
1.303716344316536002e+01
1.310083480453389448e+01
1.338456064038642346e+01
1.347194173900584424e+01
1.329333935150831181e+01
1.332697206970844483e+01
1.361623174609314013e+01
1.365217794901405846e+01
1.348160309402953594e+01
1.355265542748203345e+01
1.388360481465327112e+01
1.384568718820671585e+01
1.366179799556922525e+01
1.370447420449503362e+01
1.400184719805081812e+01
1.397027457935742056e+01
1.381360435752240434e+01
1.377206229446678165e+01
1.410463779113631588e+01
1.390416614259724248e+01
1.368543707108906737e+01
1.367250940512464297e+01
1.400589542621780303e+01
1.390804729080180557e+01
1.374424443988977274e+01
1.382171673126755707e+01
1.415987768813935510e+01
1.416883877024040039e+01
1.399357868863563503e+01
1.409317814921788603e+01
1.451783888697413971e+01
1.439234204713658904e+01
1.427975545762629572e+01
1.438481619005396617e+01
1.489706211632328881e+01
1.474986450435636343e+01
1.462473045850949838e+01
1.465738525990657948e+01
1.502630168354183660e+01
1.488691391701342681e+01
1.464313808265732675e+01
1.472161542472352913e+01
1.511907378796208334e+01
1.483483874767620314e+01
1.458235882873492351e+01
1.452697275525644116e+01
1.477163085921999119e+01
1.458362415674050894e+01
1.410832360282574172e+01
1.417177121326478328e+01
1.447032671264623538e+01
1.423918493653690831e+01
1.412837576484093383e+01
1.423090815272275655e+01
1.457891986314444388e+01
1.450543351945898429e+01
1.427615524720846452e+01
1.446900636463901968e+01
1.486911703505381332e+01
1.469347808877640382e+01
1.466029844393863435e+01
1.490701013934464925e+01
1.526269452554150874e+01
1.522075698483349804e+01
1.551496579022807509e+01
1.482877268804098669e+01
1.563854745171484772e+01
1.538570983797861658e+01
1.530972358178029680e+01
1.551719689559364745e+01
1.587066655754882305e+01
1.562481261543595679e+01
1.543001822028951686e+01
1.566822248552854191e+01
1.600062358621029546e+01
1.575572014859454129e+01
1.555027279503785209e+01
1.580040813485288531e+01
1.614034624748138924e+01
1.588910277920524550e+01
1.567656066043505447e+01
1.594430240697053947e+01
1.621007835084121140e+01
1.587351103236883887e+01
1.556099067125592406e+01
1.568563390841135785e+01
1.601364433740074489e+01
1.547573137728925197e+01
1.525012985121461462e+01
1.534771842999196423e+01
1.561638298735636532e+01
1.527814491474705250e+01
1.494560546739332096e+01
1.505372665833836976e+01
1.524702913343458910e+01
1.496876119059600718e+01
1.476565862964079301e+01
1.487087257426548170e+01
1.509346433198119009e+01
1.511216854878595228e+01
1.421896792862773573e+01
1.465144936557723376e+01
1.481343946055728544e+01
1.452476005579139517e+01
1.414851212763240440e+01
1.428344559950059889e+01
1.449143788564233226e+01
1.426443894363652021e+01
1.391711725773595809e+01
1.418171478346804193e+01
1.456128681114802603e+01
1.426975943860299978e+01
1.417054258187308236e+01
1.429348784706663622e+01
1.454832383936041218e+01
1.440939072708384394e+01
1.420608282771770270e+01
1.436957938708854954e+01
1.450986778245531283e+01
1.423028124512114978e+01
1.413649802926486920e+01
1.424337490193858891e+01
1.436628986292366683e+01
1.417804990637350926e+01
1.412577290325601354e+01
1.424652227876115695e+01
1.453257372872201891e+01
1.454319158922978517e+01
1.456292123953171114e+01
1.454089837144788255e+01
1.447564548947616636e+01
1.449726608231222258e+01
1.446043753967611600e+01
1.470359480228396976e+01
1.491435363888511922e+01
1.470363470704714892e+01
1.464494533091919237e+01
1.493173467576546187e+01
1.516316818534829025e+01
1.496313893191439881e+01
1.490184432472918630e+01
1.525063729011972846e+01
1.542651278654873792e+01
1.514903802511939368e+01
1.511028454090348561e+01
1.538271059875249946e+01
1.547066706819671289e+01
1.525634729927681121e+01
1.512046461463712355e+01
1.542789261348752206e+01
1.566435674597002148e+01
1.532319859202065260e+01
1.527919492816023528e+01
1.564692473420299557e+01
1.577033121049916709e+01
1.532645667743059548e+01
1.515331102162843990e+01
1.545358975236818466e+01
1.557413860473601019e+01
1.510315607592396070e+01
1.495497102375253640e+01
1.509677443231724858e+01
1.524788373609346337e+01
1.482606697934846451e+01
1.467965856879896513e+01
1.491001325795364885e+01
1.496710880079788630e+01
1.464924833447678232e+01
1.456319743075483863e+01
1.474532186708184334e+01
1.482824700065082624e+01
1.459670739187816224e+01
1.454181717607839452e+01
1.473546647457994396e+01
1.481206835184197423e+01
1.450556724874689074e+01
1.442381001448753075e+01
1.466281753506125796e+01
1.469305420427855857e+01
1.445089454337359847e+01
1.437086853108455387e+01
1.460157928224243129e+01
1.472023297695386468e+01
1.429033592829557620e+01
1.416326726474173903e+01
1.431081758477010091e+01
1.434230476009498645e+01
1.393878329136760108e+01
1.385562019032094483e+01
1.397809278914841435e+01
1.400565029576529597e+01
1.359652101388828171e+01
1.330307517895770353e+01
1.309265529417964480e+01
1.292449443494785299e+01
1.240879664092318713e+01
1.210719499062158988e+01
1.181285836695590419e+01
1.156956235195024085e+01
1.120911418703361839e+01
1.078639784908047439e+01
1.040596838804193069e+01
9.945275891079811359e+00
9.570983021132626334e+00
9.169536147645734658e+00
8.803121767335245096e+00
8.396274745728939948e+00
8.134022973774357013e+00
7.753395116348578142e+00
7.346512426689114861e+00
6.976996094028866224e+00
6.583126107370986801e+00
6.210522333763049296e+00
5.800199907321930581e+00
5.374155943569295601e+00
4.881082075443539559e+00
4.434038928846726790e+00
3.979502841737471819e+00
3.538207039573045165e+00
3.099323580450739524e+00
2.707751753775924808e+00
2.380773136039280757e+00
2.082742292122500949e+00
1.789048813445789587e+00
1.546401397691010926e+00
1.294868677592100337e+00
1.036388850016673580e+00
7.819637178898720675e-01
5.361385721861625653e-01
3.244570787167706527e-01
1.883756011429746358e-01
1.591456385745738389e-01
1.999783233442146702e-01
2.395958516007719308e-01
2.767627642641365404e-01
3.120915568298418541e-01
3.466162195162489912e-01
3.749605876100225443e-01
3.744445923008830057e-01
3.706883605078117316e-01
3.643832381488152916e-01
3.304368564902911976e-01
2.566422829413074203e-01
1.394198730967544375e-01
1.910831337337639060e-02
9.457240849499089566e-03
6.319390078330203164e-02
1.107729957912678836e-01
1.598264846218254431e-01
2.146894792948347563e-01
2.658541298237007688e-01
3.237393538562695072e-01
3.745982732520191649e-01
4.355633777931006145e-01
5.067514525772462974e-01
5.744513706622692562e-01
6.410640593658866182e-01
7.439161785397957471e-01
9.112449695250256498e-01
1.105940446830840029e+00
1.308662612653492152e+00
1.528587866973022402e+00
1.766525113256585788e+00
2.041327620155249711e+00
2.271646566430186809e+00
2.493343474075912169e+00
2.721533813908851407e+00
2.966638270097671004e+00
3.209629753098174554e+00
3.447727919318809509e+00
3.678757072506755321e+00
3.870801425758113368e+00
4.092393133384330639e+00
4.340037127324574584e+00
4.573707134475621494e+00
4.825162210586282363e+00
4.992490249996298424e+00
5.202707177437045694e+00
5.406191141710483983e+00
5.648420661361443607e+00
5.794718596622123741e+00
5.949621455197607212e+00
6.100457862448109836e+00
6.259005067363792030e+00
6.400883570736238148e+00
6.519692825643098821e+00
6.675475147791380515e+00
6.836899915742269407e+00
6.964590125718607361e+00
7.098730961137979634e+00
7.255365183449606903e+00
7.398022191671131509e+00
7.531555249579075628e+00
7.665913717382133008e+00
7.799628851974929056e+00
7.982838851443753825e+00
8.169988381396249721e+00
8.342863482027768285e+00
8.480920858153719877e+00
8.518166795692327042e+00
8.685267370299269984e+00
8.884984760717628660e+00
9.071609250492848275e+00
9.359659768914994515e+00
9.513132210589484217e+00
9.616516899646185834e+00
9.738342404770591543e+00
9.937364733712668041e+00
1.003878299219340420e+01
1.019011588703796889e+01
1.025835701429591218e+01
1.042663255131773425e+01
1.060133249657225107e+01
1.062617015902063500e+01
1.075507584078808421e+01
1.092271356449482411e+01
1.097118296782988089e+01
1.104824228556961252e+01
1.140021920884498563e+01
1.092319479757417255e+01
1.127271712524895264e+01
1.130355084039982394e+01
1.138248734857470801e+01
1.145094743721439201e+01
1.148848667859745909e+01
1.153360002677256801e+01
1.156741941120489514e+01
1.161589088414464577e+01
1.163994680476199406e+01
1.153813730756061062e+01
1.158497410938478822e+01
1.146744389994193725e+01
1.139297922651693007e+01
1.133934562042781025e+01
1.123139448156258524e+01
1.110534017626189929e+01
1.100138503357468522e+01
1.087103119279835717e+01
1.077378883072045745e+01
1.061440420671356755e+01
1.070101027353748613e+01
9.988319481572629499e+00
1.004868198834927995e+01
9.884042384240679269e+00
9.723967257438395961e+00
9.313045094591828388e+00
9.102421447457206938e+00
9.001447384089109605e+00
8.679421456429190940e+00
8.411471282416115969e+00
7.960426010784587447e+00
7.716485469227757577e+00
7.516787547044420315e+00
7.286794759557507994e+00
7.121961000573652001e+00
6.965799994701596276e+00
6.913000961988783111e+00
6.806737549011056210e+00
6.751192680345197594e+00
6.747843220586986490e+00
6.748169918670544831e+00
6.779429939168742258e+00
6.818044101813750757e+00
6.905830404027445191e+00
6.959851313358099922e+00
6.969230960153637078e+00
7.021970261783442524e+00
7.107971164464800040e+00
7.168424651451118734e+00
7.266596576194327639e+00
7.448777290579159605e+00
7.647800253532478720e+00
7.794863763748788088e+00
8.023533783929355678e+00
7.998667414234086337e+00
8.144863733114050319e+00
8.222011332703848652e+00
8.366281004753158612e+00
8.606500004610282417e+00
8.793002137295557574e+00
8.946745517112299595e+00
9.048165926633773282e+00
9.144274683652612978e+00
9.252910909826775665e+00
9.452468736545231565e+00
9.505314959420227083e+00
9.599616675919186548e+00
9.779497569368544418e+00
9.934829272704289949e+00
9.986430380663373185e+00
1.010627467417603853e+01
1.027745326532650516e+01
1.041917573198862002e+01
1.040029318321294305e+01
1.062482606721396294e+01
1.074217321050938878e+01
1.084712341862039864e+01
1.093768774767513818e+01
1.107054182906599493e+01
1.105603232048060747e+01
1.113606553027902457e+01
1.117877064232433604e+01
1.126659928382294851e+01
1.128113626297757044e+01
1.132771493869447532e+01
1.135446232891535878e+01
1.140965248620134176e+01
1.144273066446054621e+01
1.142684365452016770e+01
1.140707366398405576e+01
1.137738097705640605e+01
1.135852448256415492e+01
1.136679132689769389e+01
1.138901257381322019e+01
1.136735083754567377e+01
1.135423683353013224e+01
1.134362519883437059e+01
1.130243868598219237e+01
1.123078273944044270e+01
1.111176450725145770e+01
1.106839758384553463e+01
1.099292327542271686e+01
1.095722376489490557e+01
1.088884885015176529e+01
1.081881406599667095e+01
1.071741162446075180e+01
1.064759152504483097e+01
1.057953730515587587e+01
1.051600803831534492e+01
1.044111647395429365e+01
1.041369420745101060e+01
1.037959522994695583e+01
1.031361655692827206e+01
1.021837550217902191e+01
1.019529446325479327e+01
1.015298479130959919e+01
1.002358208422764463e+01
9.934677181382733480e+00
9.927825741692966943e+00
9.868112574426126216e+00
9.687583831846259486e+00
9.446538264146315811e+00
9.246718362784507761e+00
9.028340128236674644e+00
8.757566007403207564e+00
8.472363589569305020e+00
8.228298890730970427e+00
7.995875879420942134e+00
7.860421106802090385e+00
7.704918965914876239e+00
7.489868466697037874e+00
7.282162260724931002e+00
7.098278098584786200e+00
6.879314605955458184e+00
6.641784776115170708e+00
6.423302872881277104e+00
6.193324895161427257e+00
5.984397898149008910e+00
5.762702626132447215e+00
5.526649020402421009e+00
5.310272203993969597e+00
5.077053375175953676e+00
4.848104856151429942e+00
4.626676373224928973e+00
4.410302588961055648e+00
4.177735888263197417e+00
3.977992114495691567e+00
3.756801809040840823e+00
3.550445751532468108e+00
3.354055894408948912e+00
3.096291898089388983e+00
2.884194306793447460e+00
2.686407398011680936e+00
2.487997707451905072e+00
2.306000874670588896e+00
2.114012674401367420e+00
1.874210411759149597e+00
1.622881832271722669e+00
1.353788636346977770e+00
1.069525287560395332e+00
7.906416903467859969e-01
5.128748127702672521e-01
2.401602887444078682e-01
1.580215008379494759e-02
5.319987384706725223e-04
6.985752091044176721e-05
2.332488264587564796e-05
2.332286695392840381e-05
2.332489094868519191e-05
2.561127774797659486e-05
2.332303536315453332e-05
2.332487600894598108e-05
2.332285975667253744e-05
2.683245765886749525e-05
2.332489379469136122e-05
2.332302724695487558e-05
2.332284475926115378e-05
2.332489832597736912e-05
2.332304493406452261e-05
2.332488679853143677e-05
2.332302977584289715e-05
2.332490317475707884e-05
2.332285538179390425e-05
2.332303834002845172e-05
2.332488786866009246e-05
2.683245106876981585e-05
2.332286015770343728e-05
2.332489393623449016e-05
2.332304091842097847e-05
2.332284489952465311e-05
2.561306104494635367e-05
2.332286271943158012e-05
2.332489920790216828e-05
2.332303216154424770e-05
2.332470136691903979e-05
2.332323221504716218e-05
2.332286793238620389e-05
2.332489200803186696e-05
2.683245183340562739e-05
2.332488841977684832e-05
2.332286081295222477e-05
2.332304072343060249e-05
2.332303971587176917e-05
2.332489295177962566e-05
2.332284582989567788e-05
2.332489882215072637e-05
2.332304451579646841e-05
2.332285037331010321e-05
2.332488351624279775e-05
2.332305062620094140e-05
2.332490405876316332e-05
2.884554084596355761e-05
2.332285290707774607e-05
2.332303519397600579e-05
2.332489691522725809e-05
2.332285717584865005e-05
2.332489335518172648e-05
2.332304029690153083e-05
2.332284587291517684e-05
2.332489942320138907e-05
2.332304458257243278e-05
2.332304480826704837e-05
2.332470207789059106e-05
2.332305062966234492e-05
2.683246973368942845e-05
2.332489123039150776e-05
2.332285296457074772e-05
2.332488915007875871e-05
2.332305566261948923e-05
2.332303995507596395e-05
2.332489396374923059e-05
2.332285789613910195e-05
2.561305959984920910e-05
2.332286254532149803e-05
2.332489815808819515e-05
2.332304542500420220e-05
2.683245356140621642e-05
2.332286878759456407e-05
2.332490326809311313e-05
2.332304990132201038e-05
2.332488927984432481e-05
2.332285344548766601e-05
2.332305470132990858e-05
2.332489639314947846e-05
2.332285827113523459e-05
2.332489393233733223e-05
2.332303968504115902e-05
2.332489859107283016e-05
2.332304516856836216e-05
2.683246588176160498e-05
2.332285161814453894e-05
2.332490336309878489e-05
2.332304998320216462e-05
2.561315202095155921e-05
2.332303621345709551e-05
2.332285227086890398e-05
2.332490833275639472e-05
2.332305523477100451e-05
2.332489402063136225e-05
2.332285878110492558e-05
2.332303961250220949e-05
2.683246633222523243e-05
2.332489910272370876e-05
2.332286331139980668e-05
2.332489791228655899e-05
2.332305031215183458e-05
2.332286786965354791e-05
2.332490404430579830e-05
2.332303622594792108e-05
2.332488855542859545e-05
2.332305528215500675e-05
2.332490846426652005e-05
2.332285890372145907e-05
2.332303972347493681e-05
2.884359040152645689e-05
2.332489882545548979e-05
2.332304601761360898e-05
2.332489955151405311e-05
2.332286220130082833e-05
2.332305054341651850e-05
2.332490408413108180e-05
2.332286827477562366e-05
2.332508302482647961e-05
2.332285302401890131e-05
2.332305524600976630e-05
2.332490899764380729e-05
2.332285876644224655e-05
2.683246035999186039e-05
2.332489372063915344e-05
2.332305769156496197e-05
2.332286381832052464e-05
2.332489799277768762e-05
2.332304511533511631e-05
2.332490406118160501e-05
2.332286827855100875e-05
2.332490302583613368e-05
2.561128967814380665e-05
2.332303536488743059e-05
2.332490907361563906e-05
2.332287345039719574e-05
2.683430643322364193e-05
2.332322273724611765e-05
2.332285787603227789e-05
2.332306064558386808e-05
2.332489826606889039e-05
2.332286248416394725e-05
2.332489859051735273e-05
2.332306261212639749e-05
2.332286879032578793e-05
2.332490317988188228e-05
2.332304976139280785e-05
2.332488914985827942e-05
2.332287352549212818e-05
2.683247752878138278e-05
2.332305204501039473e-05
2.332489391566951954e-05
2.332285831762290318e-05
2.561309189669743578e-05
2.332472799236004105e-05
2.332304498858765057e-05
2.332489909718545837e-05
2.332288030941399875e-05
2.332323215032169517e-05
2.332286728769245320e-05
2.332490358136786243e-05
2.683430280675161818e-05
2.332305576065353417e-05
2.332287234707413538e-05
2.332305191197465126e-05
2.332489438052066566e-05
2.332306048456777355e-05
2.332287674428855983e-05
2.332491078567447171e-05
2.332304513047022627e-05
2.332286292461707166e-05
2.332491655911639726e-05
2.332306168392348907e-05
2.332490344746248039e-05
2.884360132301379742e-05
2.332490136710722723e-05
2.332305464856784683e-05
2.332490793187141833e-05
2.332287017383899211e-05
2.332490612616057760e-05
2.332305911216682172e-05
2.332287718009970991e-05
2.332491062428521174e-05
2.332304530823978546e-05
2.332304551989238371e-05
2.332473270188294671e-05
2.332306204472390178e-05
2.683247382283985040e-05
2.332490380084753639e-05
2.332286431048039924e-05
2.332492004388226194e-05
2.332305470021715462e-05
2.332287002548978402e-05
2.332508871307844935e-05
2.332287710206887657e-05
2.561308967351830259e-05
2.332287471181274525e-05
2.332491087925735512e-05
7.595355150750668360e-02
2.246334329040685918e-01
3.391833841934276950e-01
4.931174402801996592e-01
7.382920574817367632e-01
9.841547592197381622e-01
1.223225245837388231e+00
1.469745806202068739e+00
1.725693209164327113e+00
1.971037680738136455e+00
2.227001186902216823e+00
2.461374284457169548e+00
2.707231793934432140e+00
2.944191135912055834e+00
3.165912272762401614e+00
3.376673407837196716e+00
3.581051303491237459e+00
3.778973391851828900e+00
3.995926663245404686e+00
4.160515275036095417e+00
4.348571472605556210e+00
4.533866885697279692e+00
4.670151719517219746e+00
4.909035028996832750e+00
4.989809509597872506e+00
5.083713073076317812e+00
5.140364051363676801e+00
5.099654723599355677e+00
5.057688741689164047e+00
5.011351757077308733e+00
4.934694005407991746e+00
4.897593899960324570e+00
4.861258337121831197e+00
4.826263202486919646e+00
4.746486255800628662e+00
4.740928386903734193e+00
4.721978533449044058e+00
4.694750853389439982e+00
4.707652032404042508e+00
4.710198562844396974e+00
4.771007622991536579e+00
4.791103714234663968e+00
4.819425378295905560e+00
4.867930435229059327e+00
4.952372895493053484e+00
5.084018135268260075e+00
5.195533107425675645e+00
5.370342324106225362e+00
5.531012488818747741e+00
5.661525408343715426e+00
5.906355057026826394e+00
6.026041166033830443e+00
6.190956016643989201e+00
6.417365790309134788e+00
6.582366559076487711e+00
6.713645144469041703e+00
6.894865113893361652e+00
7.024957792775248677e+00
7.192271026775467924e+00
7.347406121217954222e+00
7.469612363864462701e+00
7.577967153431912628e+00
7.765900996125910005e+00
7.915052804566431455e+00
8.037227257936814695e+00
8.211241760265936662e+00
8.340959902654002889e+00
8.428840432667421112e+00
8.554058519729851540e+00
8.688918266443216964e+00
8.864619001479137950e+00
8.989537610706550552e+00
9.130441335786795065e+00
9.266088619455324249e+00
9.390122226205132705e+00
9.628997637546348187e+00
9.723894747964807905e+00
9.820728390664797303e+00
9.927122960142208186e+00
1.014139044768893427e+01
1.029027040218057643e+01
1.041225550675627964e+01
1.047982235886489555e+01
1.069093211746801941e+01
1.084475193799973702e+01
1.094583019125680146e+01
1.107505025560821821e+01
1.119534062378646588e+01
1.126908489663109236e+01
1.134744255512997668e+01
1.141776750571048460e+01
1.150315676385991104e+01
1.157625311318533079e+01
1.159927792900051813e+01
1.170160876245703818e+01
1.174095828343141967e+01
1.180152403586776089e+01
1.174999836299805089e+01
1.166287733067865240e+01
1.159518032903513785e+01
1.156086067849679111e+01
1.145906613361697524e+01
1.142191390166249754e+01
1.137648860145663576e+01
1.138095648613657573e+01
1.130039979573725262e+01
1.133940119828586646e+01
1.137237473561721757e+01
1.135442184370848295e+01
1.133023316100250710e+01
1.136991017031887985e+01
1.138954940596335419e+01
1.136787450370110797e+01
1.135769474336228946e+01
1.140702417725564111e+01
1.136517989013767860e+01
1.137320068123329797e+01
1.138816110335108966e+01
1.140884861434716946e+01
1.141135969923645099e+01
1.143567408175824873e+01
1.146386332607282377e+01
1.134301876633047890e+01
1.141348286610559093e+01
1.142304537669387088e+01
1.138287045351323812e+01
1.142141270442686718e+01
1.140313623003924093e+01
1.142228266626952760e+01
1.139454532549790855e+01
1.136507564568802486e+01
1.142672691748595426e+01
1.142642853152585758e+01
1.137003460030575575e+01
1.138443888718699348e+01
1.135389155263226790e+01
1.138502385533565686e+01
1.136787228810447914e+01
1.137695916944518615e+01
1.137702829052048159e+01
1.136281605127015837e+01
1.136829315301932830e+01
1.125917010209528435e+01
1.136127000476736271e+01
1.130634720101450164e+01
1.130646223031164510e+01
1.129695246620791416e+01
1.125818711322607513e+01
1.129377179452672131e+01
1.103415232050220141e+01
1.108157976781489396e+01
1.093490310682963518e+01
1.089438581063081202e+01
1.082167047947503313e+01
1.072914681244704305e+01
1.067222664251332986e+01
1.059465897152145430e+01
1.046413379686411993e+01
1.040914088500308132e+01
1.029342818472906629e+01
1.015842307841596792e+01
9.942750209751308077e+00
9.832947069189543754e+00
9.600399253332996707e+00
9.383997175770980803e+00
9.322573175875911389e+00
9.234844008068813892e+00
9.167295299596839087e+00
9.085721683228555889e+00
8.945388007358273441e+00
8.702907287128274660e+00
8.533751309746444136e+00
8.315288683456909524e+00
8.081168915375316786e+00
7.898489949178683744e+00
7.824831459508954090e+00
7.753000538332586622e+00
7.712300746858907985e+00
7.622445519825985727e+00
7.596128918056099799e+00
7.461119961800406486e+00
7.333192108325135017e+00
7.047330355406205449e+00
6.777340839778479342e+00
6.406381419114669740e+00
6.078266121342117856e+00
5.839335734543654510e+00
5.747008079315155449e+00
5.528402736244192539e+00
5.485414585901564166e+00
5.396585450718122345e+00
5.293500387201053314e+00
5.305503321916650528e+00
5.439701682978864028e+00
5.306447119489055453e+00
5.386098157811888498e+00
5.350746258491411389e+00
5.369144824246781411e+00
5.407199931190278974e+00
5.411375800510882073e+00
5.569480915094816353e+00
5.400509152800885282e+00
5.521411457445950077e+00
5.528123958683092809e+00
5.585283418007459311e+00
5.611525135764369843e+00
5.643751113372989181e+00
5.656819622082963406e+00
5.700886340038792355e+00
5.737307499963387514e+00
5.784656381805564074e+00
5.706132728792669973e+00
5.681162142984462982e+00
5.541145698613010318e+00
5.547882474059721680e+00
5.501723016526272936e+00
5.437574089257432242e+00
5.383444943808222583e+00
5.308696745224533053e+00
5.291556217841003829e+00
5.099640824166734809e+00
4.974393783344932984e+00
5.099686739321054318e+00
4.992772060011718693e+00
5.021818638049849959e+00
4.978016266087275099e+00
4.890161270720785325e+00
4.884168354825066949e+00
4.810773814646418955e+00
4.784238519926033106e+00
4.749073483401871520e+00
4.658722207036397833e+00
4.521296528622616329e+00
4.369413885526608254e+00
4.066345065217714883e+00
3.804531129402528578e+00
3.475087088876319008e+00
3.166849154061250893e+00
2.827641461510211229e+00
2.475287890126455448e+00
2.187423903599168717e+00
2.028364760724250093e+00
2.025255614854770236e+00
2.109868180632313184e+00
2.178268787026313991e+00
2.173191420700931076e+00
2.149971969935104088e+00
2.136773106269211464e+00
2.108160433884761709e+00
2.113662890984900677e+00
2.077721937098239824e+00
2.054084625630980820e+00
2.057017055147718931e+00
2.037294582558912381e+00
2.013705057591880010e+00
2.021001844143247350e+00
1.955625759757845472e+00
2.014459130190538794e+00
2.076490778158419204e+00
2.176958024790356383e+00
2.328846612072957178e+00
2.517854021747020443e+00
2.702151884754471212e+00
2.940631611051146344e+00
3.173919280498553874e+00
3.395860144802822500e+00
3.601989603037012433e+00
3.796811876404752262e+00
3.979518905934911199e+00
4.145012827241870923e+00
4.341944639667367767e+00
4.565419159052033216e+00
4.753394821800447367e+00
4.950547902200622907e+00
5.144658263199826997e+00
5.344827586919656426e+00
5.535541749045781224e+00
5.754593566336062338e+00
5.870042523715476968e+00
5.958328899507519871e+00
6.037264502341662009e+00
6.105288788519152021e+00
6.176487298899211886e+00
6.255474408530123043e+00
6.161061082616849482e+00
6.391849962284561926e+00
6.536692791686675719e+00
6.623026464632999044e+00
6.633110072252904388e+00
6.685952154919589496e+00
6.774145237423477184e+00
6.820541980969597518e+00
6.878840425482919407e+00
6.891610234280916458e+00
6.874117595915238965e+00
6.802057071216693451e+00
6.722538034994187228e+00
6.668474425108334991e+00
6.571778427337826578e+00
6.494265184236982513e+00
6.426906176871315601e+00
6.378026634386323224e+00
6.274417334732132367e+00
6.165083343004985394e+00
5.914880591278502742e+00
5.695165627536176167e+00
5.301893227103308348e+00
4.997732681100481855e+00
4.634361283665023201e+00
4.287772261465224055e+00
4.165490944409222074e+00
4.099201308143407552e+00
4.033056834438556670e+00
4.012724761578369659e+00
3.956977086985829395e+00
3.902828280836835972e+00
3.837340848284364725e+00
3.819421292298188053e+00
3.818531598930266835e+00
3.833015891176440704e+00
3.873111617097426240e+00
3.904325117785496957e+00
3.943172052167634778e+00
4.028243606181191261e+00
4.095150475643627885e+00
4.189695322997740945e+00
4.228717993641967432e+00
4.334917118902311906e+00
4.427763592258281200e+00
4.538672684461786844e+00
4.645993050666887392e+00
4.741376366222612937e+00
4.863714259783860960e+00
4.919056033722418064e+00
4.935228682808914691e+00
4.866252476337812993e+00
4.765683578580843793e+00
4.645876558630455122e+00
4.500530081320196274e+00
4.274014937551576132e+00
4.003399238879149280e+00
3.673437514977794027e+00
3.277226396056609481e+00
2.912504086699986949e+00
2.521446513671762091e+00
2.158055042996223083e+00
1.951237202136013149e+00
1.901697459526786593e+00
1.875488176253058192e+00
1.845201968221316546e+00
1.842549747892654688e+00
1.814555924246679108e+00
1.790465969706693805e+00
1.791983510908417676e+00
1.833429220005899918e+00
1.930979762643297182e+00
2.038527992704906922e+00
2.153522544112869586e+00
2.266346689591962615e+00
2.380306970346168782e+00
2.413437325229010444e+00
2.406400937267153761e+00
2.388961906545444602e+00
2.373445864941003514e+00
2.338939251825411958e+00
2.323094675626857342e+00
2.287971827733560559e+00
2.241043582294329983e+00
2.192262686433509966e+00
2.128119637545616172e+00
2.078899714500831220e+00
2.036834512583902690e+00
2.025926333024931303e+00
2.017442128068828833e+00
2.046060945137574194e+00
2.053708784128418507e+00
2.075853984967880539e+00
2.093276872471889760e+00
2.138754840059758244e+00
2.196186003649873708e+00
2.291595838696139253e+00
2.382304665609583427e+00
2.466789003398362823e+00
2.495170127565681462e+00
2.491887648613237971e+00
2.521725041640527021e+00
2.542080978043273820e+00
2.547861249484542956e+00
2.534754136621823140e+00
2.436923354687269949e+00
2.226673277063984546e+00
2.016146937117903271e+00
1.766320044843056492e+00
1.509996657676138776e+00
1.253976480860143461e+00
1.018837210584929043e+00
7.972428191843266010e-01
5.852943209705133709e-01
3.870974400688933503e-01
1.988451449125415160e-01
