-1.986105036860320514e-02
2.412574089318881513e-03
7.993394697427226234e-03
1.622415899275860343e-02
-2.911522750800837195e-02
1.262452054899156073e-02
-2.956298833605920662e-02
2.482478301935508655e-02
1.710933434596159999e-02
7.560945259994295529e-03
-8.009094035094877981e-03
2.145089235562019220e-02
1.467201925215658176e-02
1.130485844710745792e-02
-2.673534285025971121e-03
4.771310084521887714e-03
5.106108004280515873e-03
-1.162706781670889457e-02
7.505533300981369164e-03
1.824591664514665489e-03
2.269782066797580017e-02
4.810608980343345636e-03
-7.526449847190345164e-04
2.054638770631605008e-02
-4.105786824652345700e-03
1.326681487791924168e-03
-1.449903946268014249e-03
9.564457314578358321e-03
2.821674692162416936e-03
2.794556010881229201e-03
5.296700243342033348e-02
-2.232169877841262348e-02
3.964517193318676472e-04
3.616420025164160390e-02
-2.490654214603829630e-03
-1.050346222542284042e-03
2.139034039386123257e-02
2.052063339432025346e-02
-5.410315805498737765e-03
3.008355489282025369e-05
6.321966354734553928e-02
1.541447774787719875e-02
6.878155420380416274e-02
-3.602859181412018663e-02
4.997272227098450287e-02
3.563047498622718551e-02
1.291575954868559237e-02
4.849622032815596728e-02
6.535105795208054347e-02
-2.276705694171319780e-02
3.274770241604270382e-02
4.627855058594128324e-02
5.131109686469727954e-02
3.218033032801291549e-04
3.358942337204843392e-02
2.300667670297966774e-02
-4.470339755341146831e-02
-8.434013825875981071e-03
-6.106450548377448384e-02
-3.357137400818814565e-02
-1.955031822171437658e-02
-8.594940165958803169e-02
-1.782910558690706943e-03
-6.019150360188937898e-02
-2.301659000568216651e-05
-2.390414154508375272e-02
-4.845965839926980046e-02
-1.438647810034540328e-02
3.861202814911764147e-02
-4.473018582954069872e-02
1.916188809753843758e-02
-1.827635560450496452e-02
5.838349333247348782e-02
1.228695593994518637e-02
-1.702309822944576140e-02
3.686986168939976327e-02
-3.384397614063012344e-02
3.737997119844195526e-02
1.241439892863807452e-02
-4.565238759574754765e-03
4.859219699704312584e-02
4.329967669764730326e-02
-2.246479070603310882e-02
2.225661129656170828e-02
6.309041532762987847e-02
1.056670217226264065e-02
-2.839126490509991108e-03
5.244405657813928229e-02
4.527501440693502965e-02
-2.096288573735842486e-02
4.662427293539274722e-03
4.764313246659054868e-02
7.529594439994224953e-02
3.884894647476967722e-03
-2.044017217969588962e-04
3.105080511708269847e-02
1.057347384778399152e-01
-4.909269503362539977e-03
8.320176584755372903e-03
7.411757614764201418e-02
-4.045118121799476385e-02
9.689590392061045443e-02
4.357369025364635912e-02
5.102053303751010599e-02
3.238189505514203759e-02
5.172259507912483484e-02
3.685216805838308074e-02
6.297450126039805252e-02
4.203895205198747431e-02
7.094129583422911778e-02
4.762652792608617486e-02
4.869765856311761287e-02
3.975685532961918678e-02
5.556081321789647920e-04
6.959649097188320976e-02
8.788025674920534047e-02
1.298295625256730423e-02
-3.194067322703399159e-02
1.861346178096750723e-04
3.706465205287135661e-02
-3.829743676322272094e-03
-1.350621061847534499e-02
-2.556543117030992199e-03
-1.060716012369077206e-02
3.728904296799649687e-02
-2.846388427983698524e-02
2.988365546347540591e-02
6.268937751665397060e-03
-2.002789679642408976e-02
2.914170476059153858e-02
-1.694153080391632565e-02
1.362191118492179619e-03
-1.115527408825879065e-02
-5.663055174826017550e-03
8.649079023480747350e-03
1.123651068424390276e-02
4.051143560017640005e-03
-1.246129268716156865e-03
-5.630365391092441441e-03
-2.293917492952874185e-02
2.155675269326001731e-03
5.032216115033445042e-02
-1.584224847317341686e-02
5.041368055115417329e-02
-1.952523151387897810e-02
4.025780951896237858e-02
1.449909820097743714e-03
-2.275310900227047253e-02
5.136936113742518462e-02
-1.109091312566667410e-02
-1.378187347095016432e-02
4.332249844692592083e-02
-3.897677650737985805e-02
3.778406232047642338e-02
-5.340342255737390992e-03
3.621981207547453341e-02
2.019552853268278755e-02
-3.574178212769070495e-02
2.851604328270737621e-02
-9.118653907515567036e-03
2.080050662527663588e-02
-1.725132793389293380e-03
-5.534711007422325746e-02
-1.204489788225191621e-02
2.275975973032702201e-02
-1.207794661549091778e-02
-1.295050936642602041e-02
-2.137647791533833774e-02
-2.833724328182472135e-02
-1.460318531440482626e-02
-3.766596522007072817e-02
-1.084266074738808421e-02
-5.477764909898938731e-03
-3.548329885603753592e-02
-2.172144076456912487e-02
4.920535062984754751e-03
-1.799418301719176924e-02
5.834255918258706916e-03
-1.700813143799566676e-02
-8.130646801226649317e-03
-1.307749516748358404e-02
6.710652047307114065e-03
6.113518775478554712e-03
4.536863410883995584e-03
-5.979058109820754689e-03
2.822949407444915251e-02
-1.098894549633376572e-02
3.361190798024799725e-02
1.219538825553947818e-02
3.975812449623134653e-02
-7.142477934020095842e-02
3.440846951310593677e-02
-3.481076634205026651e-03
-2.103527336911496792e-02
-2.917045558638357503e-02
-2.816005853336013900e-02
-6.952813877277796983e-02
-4.781838587171131222e-02
-7.601662564422372037e-02
-1.493943485926504944e-02
-7.236714994623891228e-02
-5.333742216395674640e-02
-6.242637223803401691e-02
-8.274899677655148111e-02
-2.139610082180104511e-02
7.942861057510017253e-02
5.163165731904138106e-02
-5.973940338031052261e-02
2.984236931652940392e-02
1.118524254817251581e-03
5.537797538593435161e-03
-3.820778225116013005e-02
2.939213639364913339e-02
-4.137376933702908294e-03
1.748886696163460402e-02
5.020963098383326474e-03
-8.127833604857224309e-03
1.135400547934039411e-02
-1.547331533481674515e-02
-3.563132986079307896e-02
-3.732042394636197330e-02
1.584982459089334661e-03
-2.313791665420959071e-02
-3.907536244274555093e-02
1.627471757803041624e-02
-5.020490587975900976e-02
2.293911732640971368e-03
4.617200098926551102e-03
-4.863337411532537777e-03
-4.021568756135200998e-03
-3.299892551277357894e-02
1.174985010483954422e-02
-3.044872945055182231e-02
7.579087524719708632e-03
-1.867178842159543384e-02
-2.009926397016647756e-02
-4.345868879891892633e-02
-3.473201576652592409e-03
-5.638408309246335792e-02
-5.286367725244398019e-02
5.130350695481022266e-02
-4.765704280884472399e-02
-3.683070354254799200e-03
-2.455248293727094883e-02
1.036074349720748217e-02
-5.293614201025619026e-02
-4.018365511918968458e-02
-5.557526572032234213e-03
-6.029595102904535681e-02
-2.278576649407038426e-02
-3.001667442209841191e-03
-2.571445913619962303e-02
-2.673590413365293378e-03
-6.715454209552661202e-02
1.691258370712256376e-02
-4.637232508245738016e-02
1.629936600452671844e-02
-5.413330399688774663e-02
-5.875507487776111468e-03
-1.211807611825546638e-02
9.739742456941372778e-03
-3.017735710174237335e-02
1.948851993804888438e-02
-6.110583678230922799e-02
7.859141404563931010e-03
6.834542992205047685e-02
-3.592974117728488931e-02
9.713625791312716778e-03
2.813352964443550583e-02
-3.284117575033695946e-02
4.762992240714440662e-02
6.337123477629022505e-02
2.224258667172380674e-02
5.438074696502110533e-02
3.687241878678751417e-02
1.558095973678733613e-02
2.575211538848968390e-02
1.732026070346021629e-01
1.158851527668607745e-02
6.800567617799307962e-02
1.080522846316280816e-01
5.247833946897738355e-02
3.872397417278474613e-02
7.190016700483570222e-02
9.002921381751421981e-02
1.456930556271100741e-02
1.028561573193587098e-01
5.094949596413432535e-02
4.679405305886511629e-02
8.957086395868532613e-02
6.852869069316080974e-02
-2.613098729610451379e-03
8.641828964117936884e-02
4.377337868421096734e-02
2.580025782987285105e-02
4.797419810627957804e-02
-7.861525710486557891e-03
2.800798543273493729e-02
4.422997504206325342e-02
-2.382196783155382525e-02
3.717004037276301631e-02
3.128794567034204333e-02
-2.264500073037156724e-02
1.076268109977535914e-01
-3.839769543750259223e-02
-3.671927812757972212e-03
3.220153509621812710e-02
4.216780651734632068e-02
-6.750619983338337904e-02
9.410111682093547092e-02
-2.923748650337526858e-02
-3.118837072350228237e-02
5.522104190544372543e-02
3.261277998557080005e-02
-2.027577761978836823e-02
5.010610700117316962e-03
1.959997372112443070e-02
-1.840997487835677703e-04
-2.641049241327037000e-02
1.314558728819391689e-02
5.855434246462217461e-03
4.197982251326901060e-02
2.308753302573028285e-02
1.222022997581660025e-02
-9.709424282525828606e-03
-5.407414330393905955e-03
3.533942233081061035e-02
1.385432676728441150e-02
5.281970627400583724e-04
-5.550796706287913773e-02
4.189846544167110526e-02
4.448831105607082420e-03
1.245295150853355844e-03
-7.808819342929817185e-04
5.410671109003657372e-03
-2.298458967485614290e-02
2.885436194195315114e-03
2.467546103840807803e-02
8.986993715648107506e-02
-4.517828259714247452e-02
5.933351815148403541e-02
-1.988815332808432923e-02
1.123198874671721276e-01
1.827328674692262414e-02
-7.034728153220988489e-02
3.211090175362861510e-02
7.355729746555426073e-03
1.325257004097939000e-02
4.428865847350965147e-03
6.176172106540448598e-02
-3.050398293635905173e-02
2.934006889181202393e-02
-6.754983558248217612e-02
-1.266160171810390422e-01
-5.294370787515302601e-04
-1.139887062049781685e-01
-4.460336257443394542e-02
-1.246281275466920579e-01
-2.395706198322854544e-02
-1.195738891282061289e-01
-1.372339771024036481e-01
-1.927547692014021652e-01
-2.013914128415386084e-01
-1.191969687529680771e-01
-1.342499123731902277e-01
-2.324523660271755610e-01
-2.084093816707743851e-01
-1.006787817501987731e-01
2.978723052412059202e-02
-4.584251791865474879e-02
-5.101006663827455795e-02
-6.539191450891862489e-02
-5.115517359663182551e-02
-3.167875660995621984e-02
-2.895469664303026991e-02
-1.642888627003320431e-02
-3.502541431984064479e-02
-2.632931984413351689e-02
1.436339937987066509e-02
2.739252660276820378e-04
-4.241341088187623731e-02
-3.276438155904194682e-02
-3.337989476730866822e-02
5.396734167407137017e-03
4.316246093092308833e-02
-1.538826851984715152e-02
1.911182916547132880e-03
-5.233366736484805146e-03
5.684595310868901553e-03
9.706166348851573075e-03
4.202635442393795606e-02
-1.527622674987750770e-03
2.877700151560299430e-02
5.835567564493127427e-03
3.096982875694459167e-02
-1.244836168008881666e-02
2.239666611809804433e-02
-1.203513302556070280e-04
7.423287629105761176e-02
-2.069469755300171188e-02
6.696670133138034504e-03
3.787813002961756131e-02
1.398720165809960725e-02
-4.643305989179959126e-02
-5.687817160141555792e-03
5.411923576487034232e-02
-2.728273532097468673e-02
3.320918333991125515e-02
-6.203852975141009585e-02
-1.529327993160091437e-02
1.736798395622649385e-02
3.142343640180210451e-02
-2.253011368380928789e-02
-3.332102775927514582e-02
5.240840000363253953e-02
3.200402177008655757e-02
-1.566747152835882770e-02
-5.386679188928698153e-02
-2.472136345430139132e-03
-4.513243989361521297e-02
4.937087858065072887e-02
-1.986202905719300360e-02
-2.442202207365054209e-02
5.137375888207315611e-02
3.320217630784413898e-02
-1.513832595548078933e-02
-2.342520561007020372e-02
4.657485586766443864e-03
1.813623558159757967e-02
-8.405106395262396460e-03
-1.069776431930900308e-02
5.595815837483437971e-02
1.645040236079690563e-02
2.618761212977625819e-03
-2.674759540707161848e-02
-1.225942410742660374e-02
-2.627949276473709114e-02
1.267959390880710885e-02
4.388232522947024816e-03
2.463906875129415544e-02
-4.369051163069933089e-03
-2.120527399096292301e-02
5.536979944791817210e-02
-1.420164565575718699e-02
3.885270131066730082e-02
2.009109745745454173e-02
2.182319544576719408e-02
-1.822636038490950752e-02
-2.006679507088942466e-02
5.413742988787418470e-02
-5.664583869632681956e-02
-4.585990447986962489e-03
4.123736400931747592e-02
-3.308289037976101798e-02
-1.356108901301190418e-02
9.119914724457667266e-03
1.643133338844772126e-02
3.040569060370259744e-02
1.251649625553834938e-02
-4.889023315219816895e-02
5.295721713663478769e-02
-1.646148416100066264e-02
2.949653231777280005e-02
7.598983031251991573e-03
1.385857058908121497e-02
1.311533353933933173e-02
9.105344492124668732e-02
-3.267560889998481072e-02
1.344839946726960125e-02
-4.568954962896591004e-02
-1.731592586942644341e-02
1.726174457304762919e-02
-3.919568888846856197e-02
-5.989341078800909657e-02
8.867807264790743271e-02
4.981538285644842440e-02
-9.008699902801672182e-04
-4.148520852504843787e-02
8.015695702345465579e-02
3.904721508129217755e-02
-3.278081976549395565e-03
2.809721593869888429e-03
7.540792162947871496e-04
-1.460896488527756165e-04
-4.289679183704531856e-03
-3.150464198271805960e-02
4.510906595298656147e-02
2.416817395656793363e-02
4.404215100589842918e-02
4.620831353961385099e-03
7.607306286575386822e-02
8.795864284377608727e-03
-4.352046234374374462e-02
5.528044880459367927e-02
4.190351616488607184e-02
-1.929311871417067892e-02
4.267027397748184014e-02
3.508586256801008579e-02
-1.767304125167757506e-02
6.072344047713169879e-02
7.619745302242930673e-02
1.061753373201357667e-02
-5.135880886919363258e-03
4.147265537502152488e-02
-7.915765273462133100e-03
8.895293639670275032e-02
-1.049786938493306107e-02
7.036796094381624067e-02
5.446742921486792677e-02
-2.070030306889636147e-03
-4.333712790220889573e-03
1.243240241563455667e-02
8.734752198195279774e-03
-5.795402351055939805e-04
1.224191908796378077e-02
1.537705962759777951e-02
-2.136831938136144263e-02
3.371819965951828452e-02
-5.641699814070513103e-02
-9.316924546910357145e-04
2.463317290191375034e-02
2.272324056376792342e-02
3.647633056083977865e-02
4.653169874405389816e-02
3.843223373463651449e-02
-1.988534034835433978e-02
-2.940626289439478985e-02
5.769241968258304737e-02
-1.574326695354816633e-02
4.308057203891432763e-02
-1.078043233840883866e-02
6.504613126795459610e-02
-2.663952580115571539e-02
3.068939545114225328e-02
1.061683053288749699e-02
-7.120374486369641931e-02
4.557649324763472787e-02
3.483294588519421364e-02
-2.492893696850080956e-02
6.523665945583470571e-02
1.566601572106447217e-03
-8.705904232406174587e-03
-1.076737719495378560e-03
6.765355814458809403e-02
1.387280499465262315e-02
-4.687962619410891707e-02
6.135221626048487781e-02
5.253463222793660486e-02
-3.768303019632453926e-02
2.736697136186104495e-02
5.371489600499050610e-02
-7.049467250855279143e-02
-7.191256744153386518e-03
1.022790159093685605e-02
-3.915127432165436960e-02
3.578508491718952050e-02
5.520938816925804321e-02
3.521468800044730285e-02
8.338954501867119895e-03
-6.895489444619108677e-02
-1.739066079945648935e-02
1.612457462225402177e-02
-3.553588661210731886e-03
-1.288554926727290481e-02
5.081546849449248421e-02
3.970630996822101591e-03
-5.891293828579772379e-02
-4.456429475211266117e-02
2.646529008309563002e-02
1.288379933726728141e-02
-3.512591249127023502e-02
5.297738649136372185e-02
6.163160999591218991e-02
-3.737164420563316575e-02
-4.605831034960486403e-02
1.771072958800738728e-03
-5.365280121913900552e-02
1.757827926413839392e-02
-1.329739917557758444e-01
-4.398550766181146682e-02
-1.297070808209589421e-01
-1.274784038421833410e-01
-1.797398118069420403e-01
-1.254091640836241806e-01
-2.758252013063021771e-02
-1.537862522381723551e-01
-4.672050471914653696e-02
-7.760276020250478357e-02
-9.240314689982201402e-02
-1.984863120967757938e-02
-1.358907140640704947e-01
-6.609934376661913413e-02
-1.311729883279167883e-02
-3.329545032464489851e-02
-7.538900427399464199e-03
-1.150070432790913783e-01
4.101907028991948201e-02
-2.387593427329262954e-02
2.539418816802744769e-02
-4.574414534138346311e-02
-2.604756237907502464e-02
1.819012497032946110e-02
-8.320288987929802538e-03
-3.609527138359546611e-02
4.231275808095193158e-02
-2.454062218912848869e-02
-1.885318214765402053e-03
2.174172457382663251e-02
1.533160565258912152e-02
-3.325437206210972441e-03
-3.562744796251607338e-02
-2.603357074616517025e-02
1.950956528679855667e-02
6.534425432040416593e-02
2.686431232958107207e-03
-2.638327040007576452e-03
-4.386254018977735203e-02
2.135631409185435176e-02
-1.538399703657512135e-02
-4.461690290743128284e-02
2.799291816411551836e-02
6.091576290287350169e-03
2.091933000683450505e-02
2.639351679700868009e-02
-1.920055680136793091e-02
3.940321019259571816e-02
3.122031503974109778e-03
6.321265023517436132e-02
4.483111110525364595e-02
8.578573642591688642e-02
1.153379517836590311e-02
6.375814624688845578e-02
3.366463226615302312e-02
9.430195049576459154e-02
-1.228663246659168762e-02
3.576703858879980852e-02
1.009223763126419066e-01
-2.145403559730585732e-02
6.340821074590019882e-03
8.960546000278221679e-03
6.202744660861111113e-03
1.405724691829133080e-02
-3.736374892336118830e-02
-3.035930234206139777e-03
-1.993482491333264245e-02
2.044364224968745619e-02
-1.766781653576943514e-02
5.842454334330287810e-03
-4.125030609117363335e-03
-2.257011899000255228e-02
1.545325473622260679e-02
4.782396135718066515e-02
-4.583430693660078478e-03
-1.108443487964157897e-02
-6.733772290552436993e-03
2.079307265728717533e-02
1.326457388591516674e-03
5.493823946550119644e-03
-2.369541581861315041e-02
1.423617453762066401e-02
-2.151818804349917014e-02
-4.758346543532741488e-03
2.265529121293173576e-02
-3.774991618686937556e-02
3.529639103088876018e-02
7.782566564603856166e-03
4.013062553471866828e-02
3.043004243087400751e-02
-1.112888822584966533e-02
-9.280428032814556916e-03
1.149338654304843388e-02
6.493077635794299030e-03
-1.195971383793713316e-02
2.572061048518901188e-02
5.518781121149037364e-04
-2.286588092021795554e-02
6.607397060988048909e-02
-2.293716835313553207e-02
-3.258560431980429828e-02
-5.611614326738703640e-02
-4.254735803174571063e-02
-7.708050515061869168e-02
-4.884826894715427192e-02
-6.531642611554619449e-02
-6.166613310428051969e-02
-1.084074929684905875e-01
-7.682869166009023698e-02
-1.005705694044938814e-01
-1.126666444327253935e-01
-8.463795686586655931e-02
-1.096986469773852668e-01
-1.504927657996713852e-01
-1.053165018578271356e-01
-9.087952647611990953e-02
-3.047085144815033647e-02
-1.092218048657718488e-01
-1.522549540757060227e-01
-1.052340668077756392e-01
-6.609095546964927070e-02
-8.354876355734802695e-02
-4.631030629823757599e-02
-5.278205344490764783e-02
-2.992982123764418093e-02
-2.945443800626846437e-02
-3.644254734104665494e-02
-4.233772388831624073e-02
2.363593335606292700e-02
-8.311472504675398998e-03
2.593851132549394086e-03
1.686600981353403306e-02
3.863233301590276308e-02
-5.132016734084661469e-02
1.120498128696439943e-02
4.467270107010327951e-02
-9.477859166257120854e-03
2.396806801031544504e-02
4.941076242083133896e-03
4.493497905152249103e-03
-5.199617340837500712e-02
-1.392277537311695929e-02
7.696034393485726155e-02
1.593422660098198218e-02
1.716830806047267219e-02
2.907431801538485835e-02
9.550087205801467694e-02
-3.432843228815370129e-02
6.078154621626730841e-02
-1.244931872041193932e-02
-2.562924147388858861e-02
-1.082150622816586451e-02
6.692334683374637216e-02
-6.100239581115357579e-03
4.088271921788932603e-03
3.200476100917170295e-03
2.778602404411361151e-02
3.817539794184384577e-02
-1.384726831993224848e-02
8.599885857735800609e-02
4.287670146655215425e-02
5.663252592423583670e-02
4.613209210987889025e-02
5.092630585903377971e-02
-8.687701118585628227e-03
-3.173933156991166210e-02
-2.030544180054442288e-02
-1.098105095733732488e-02
-5.035506301058455432e-03
-3.104179528217327483e-02
-3.377973045220138831e-02
-1.133010994897468149e-02
-6.422193335061288089e-02
2.056954255219950109e-02
-6.492449011886681706e-03
2.066244377717633279e-02
-8.233157766837470581e-02
5.327102477553554566e-02
-3.404537139191543549e-02
1.992849834260008307e-02
2.739513300770258022e-02
-2.620535768754754871e-02
-4.491879724644376459e-03
2.037243386150640757e-03
1.910706277603538977e-02
4.290145933107528814e-02
-3.660919139802112227e-02
2.090584841363046439e-02
-1.947314527316046633e-03
9.599792181446393721e-03
1.063284770252119135e-02
1.179877660345731751e-02
-6.322594932712500941e-03
4.528276352703441976e-02
1.355706744793903733e-02
-2.280192194368962227e-02
2.306081507536708597e-02
1.654354690670343728e-02
1.482172001786539149e-03
7.275607227991805204e-02
-5.339553256301317330e-02
1.178456046013924736e-02
-2.917061272908388209e-02
6.744158903407466987e-03
1.272795304915398662e-03
1.746906235694726216e-03
3.569453637032864168e-02
1.692806293917328495e-02
-2.156906143782045746e-02
1.962223533034195347e-02
3.017707174017005001e-02
-1.604520349621427200e-02
3.176851596374290904e-02
-3.971491471840262605e-02
-7.620249296759688817e-03
1.178965010782033820e-02
1.531490675403089814e-02
4.216128663491804443e-03
-3.068455400683681514e-02
3.127904538239618601e-03
1.684056187463866053e-02
-2.033357126877057865e-03
1.627224287516472467e-02
-6.235474151610001861e-03
4.519811830817281606e-02
-4.414282017579025663e-02
3.647150274009859638e-02
2.246383965681420999e-02
2.809854391010602193e-02
2.804383423129692271e-02
3.689977459393438408e-02
-2.515293930224381941e-02
3.541262960776706686e-02
4.304205372411756131e-02
1.827486254260658055e-02
4.055236656660055755e-02
4.207021100508695141e-03
-3.331734986434280177e-02
6.023750524446466748e-02
-1.112721886271628678e-03
-2.466897333474188728e-02
1.627353058974518457e-02
2.906005585678603925e-02
-2.087583730453254974e-02
6.400382260177153726e-02
7.853584449779466015e-02
-6.158515856623884843e-02
6.717082555534303889e-02
-4.387169662026824124e-02
8.356645346699506996e-03
-3.018901236774269078e-03
1.377118194344635269e-02
1.149317342276989784e-02
-8.780890248290335737e-03
-3.183520771546427541e-02
-1.436942143392189696e-02
-1.389100074864151220e-02
2.876832930730583923e-02
-2.088238335093070552e-03
-4.840401505050386660e-02
1.212815967666957748e-02
1.089999891451885056e-02
-3.602235098222279341e-03
1.149704782807763927e-02
-2.468559911646973221e-02
1.571526456967359611e-02
1.515964556905018482e-02
3.501913694919979447e-02
3.899801299815169875e-02
4.223182098588158795e-02
-3.186503165660877629e-02
3.843441311621970807e-02
3.374773453260554446e-02
6.026403490437836664e-03
-3.998716963853783495e-03
-6.777111355231816778e-03
2.229397023595640348e-02
1.402320231183201878e-02
-1.579844498221910642e-02
4.101523359869956725e-02
-4.140295761585117452e-03
1.418207079493660934e-02
1.978199915694207542e-02
1.589155591931246808e-02
-1.922525077007305322e-02
9.867735720361751894e-03
-1.064549595522384234e-02
6.226296212296320368e-03
-2.575989575799419746e-03
8.094376987558318456e-03
8.867644147566211901e-03
-4.150018427465779897e-03
1.934179764704908877e-02
8.459999863202413359e-03
-1.498364590653106405e-02
-1.758634218839880831e-02
1.738636701671605195e-02
1.966056134827554817e-03
-1.807501844739534819e-03
-1.329100264811428588e-03
3.885429978407290222e-03
-1.584749418969420842e-02
-7.424679405701297211e-03
-5.860335425130618579e-03
1.085065849642833161e-03
-6.514615940375102082e-03
3.418845106163000917e-03
-2.342671206744585330e-02
-2.153685507396326318e-02
1.169127561582487991e-02
1.653247425908392632e-02
9.582176621073576874e-04
-1.132656631142217422e-02
-4.412394463483976931e-03
4.852998849466340879e-03
6.670103759146134986e-03
3.308235382028382882e-02
-1.439869461309828749e-02
-9.090638106765729781e-03
1.941385606847645167e-03
3.528907076561697484e-03
-8.878862316753081615e-03
3.218451079474451970e-03
-2.070678919078910041e-03
-7.268891283039144620e-03
1.644847891735057820e-03
-5.678839386549960205e-03
-4.716640766695915331e-03
1.844858562139089705e-02
1.969816088569035020e-03
-3.119540383760052889e-03
1.184128146506770694e-03
-3.492151443615317419e-03
-1.545259166349571833e-02
3.837596213781294292e-03
6.248786835222072157e-03
-3.966677572626827949e-03
8.198610382243997361e-04
1.195227440501005732e-02
-1.556738895862581212e-02
1.361964237885321914e-02
-1.379501511540025824e-04
-1.654835732175833534e-03
2.879724276842414617e-03
-6.989198052352278180e-03
9.631813561576885174e-03
-1.097571440445606512e-02
1.396749759592473376e-02
9.036543388523604961e-03
-3.306766596430968461e-03
5.260719044751487744e-03
-7.992079320056369451e-03
6.862293756014158606e-03
-7.782949395280823641e-03
-1.388819413920201621e-03
5.655186459967867160e-03
-1.997192208738782400e-03
1.143276484456665900e-03
-9.314825540389842784e-03
5.063185428641952222e-03
-1.282950005680505955e-02
9.531086322950445278e-03
1.508792245108509303e-02
-9.767912309845704771e-03
4.931290731740482075e-03
2.377022641527786525e-03
-1.157680230721697817e-02
-6.529893280946760803e-04
-6.680151951025811545e-03
1.608733479390619253e-02
-4.453848417860515664e-04
-1.162918913320742367e-03
-1.724442199245446866e-02
7.437819734605558702e-03
2.000339327616865778e-03
9.892501738059658253e-03
-3.321302826584287930e-03
8.972304270160375364e-03
-7.189918703277506547e-03
1.954556222824812509e-03
-9.785722962919234102e-03
9.749488875893970799e-03
-1.730636068965808044e-02
9.129190233922232847e-03
7.832470754209562222e-03
-3.855201198368481737e-03
-9.459043988251413307e-03
9.936023084730823476e-03
-1.507637490458201869e-02
1.705044905552970461e-02
-6.388123379437391121e-03
-1.011725660348718409e-03
4.420041881524326179e-03
6.660202114581355304e-03
4.330962540842997824e-03
-5.116622654493116311e-03
1.047700920485417249e-02
-1.312866611210875348e-02
5.694364964956501358e-03
2.578583669510861316e-04
2.936389402936804335e-03
-4.428712102540766256e-03
1.540756184026775485e-02
-2.314115039913153954e-02
1.107548851382222227e-02
1.633275983775941357e-03
-4.136364614189321810e-03
2.408638127161113075e-03
-8.461356046709922127e-03
1.574793471708238468e-02
-5.189588163496003381e-03
-5.068049049516082892e-03
-2.568117789782227434e-03
1.492477854329317573e-02
-1.394084276640310607e-02
1.230447516031319723e-02
-7.228250134432975468e-03
-8.319385066319200453e-03
1.009387048667697781e-02
-4.048601904254722078e-04
-6.279845589175972811e-03
5.278113068112540857e-03
-7.687351709084738229e-03
9.648190521032639841e-03
-1.117965388437044960e-02
-2.633003129268439457e-04
1.024606262268332180e-02
7.478669418024237042e-03
-8.723607661871600472e-03
-1.508911215108404459e-02
1.056539139017504889e-02
-2.669837161015659564e-03
-6.763208244867018742e-03
1.051554184745023650e-02
-9.821729299667215918e-03
-4.546924162515944209e-03
1.025765007471803394e-02
-1.107937105753253361e-02
2.090151366912428119e-03
4.781250829488881355e-04
2.168014006390272651e-03
7.340530073998942882e-03
-8.143859044517896134e-03
1.806099656136628132e-03
9.289193009944145610e-03
-1.819324784799663738e-02
1.908410683726287013e-02
-1.236108304359717115e-02
1.804586191307585435e-02
-1.448662266556046373e-02
9.296512527185375047e-03
5.488690589001014907e-04
1.411229116762756320e-03
-8.014876579424906698e-04
-6.394849834694445049e-04
5.827152686505169057e-04
-5.386019063704151899e-03
-1.988956480948261634e-04
-2.496218662267150109e-03
1.734839530941563674e-03
4.505520958697039127e-03
-5.427900922540219823e-03
4.966320741143296670e-03
-3.351981831652167676e-03
5.594164949142879303e-03
-8.538202713197013544e-03
3.053234786629495205e-03
9.538840968559328046e-03
-6.024221667890719036e-03
-9.045885715819242459e-03
5.561198503174481084e-03
7.479936912108185385e-03
5.267475973427914859e-04
-6.078484197547405835e-03
-4.331281460207811289e-03
1.044126718989478800e-02
-2.166575518827580356e-04
-8.603819600698114532e-05
-4.599035653352817935e-04
-5.991632017429682905e-03
6.131141313309294849e-03
-4.310402938635158818e-03
-6.531149517310727223e-03
4.456183935358353984e-03
-4.735635901871390260e-03
1.377333378162255858e-04
4.404921390656890527e-03
-7.137061556640924426e-03
6.494654888084006386e-03
1.454993933589675313e-03
-5.904359400454072329e-03
-7.812750465203804548e-03
2.975413229431393258e-03
4.255703019513567414e-03
1.893333324715525384e-03
-7.111807603128010580e-04
-3.120577060370648397e-03
-3.877867792485390364e-03
2.634666967871786974e-03
6.553679916210296622e-03
-2.075461518966983335e-03
-1.570049494947049415e-02
1.914537096282658418e-02
-1.305108402389941989e-02
1.196804371443217427e-02
-7.311404094056799538e-04
1.395084681044896904e-03
-5.391443149920185744e-03
3.289144674770703210e-03
-3.563549681523250651e-03
4.857260858773683639e-03
-2.447452176308806231e-03
-1.380351438429993358e-04
1.523080700214741014e-03
-1.845383575386097845e-03
2.719858817370399140e-03
-2.621629822903638347e-03
-2.780707225045004217e-03
7.001124592739686389e-03
-1.057952311824101113e-02
6.846387953015444124e-03
-1.027925847972741349e-02
1.893076614415077673e-03
7.862130639252931999e-03
-7.835604066975796790e-04
-2.771905435041438492e-03
8.430815869425293402e-03
-4.905298340289878734e-04
-1.591192230335443727e-02
2.767009881134178603e-03
-1.402460400298502583e-03
-4.556822814394444546e-03
2.638292537904353419e-03
5.783503464176884164e-03
-2.071306543590315744e-03
7.367430701518325534e-03
-1.003719230025164333e-02
5.271242388113880212e-03
-1.167655300027087110e-02
1.443667879091663740e-02
3.358681658379227301e-04
1.648146357218584213e-02
-1.995200936262657432e-02
5.376619390785963501e-03
-5.563502070531794498e-03
-1.373204716782101278e-04
7.627143798314254403e-03
3.953632744316057900e-03
-9.580006156438579390e-03
5.063057272517356919e-03
1.157216766489592950e-02
-1.543105602147532007e-02
5.612924767458150020e-03
-1.076524482039732493e-02
9.134827489560877825e-03
-4.962044442653037145e-03
5.493107950227946353e-03
-6.240052502374514656e-03
-1.544416910637067116e-03
-1.267674606431501427e-02
2.708397882037739263e-02
5.285218208132395380e-03
-1.053190706579468228e-02
4.216241895319217982e-03
-4.396415964022840593e-03
5.312799598387917335e-03
-1.801193995113625768e-02
1.758927353660374310e-02
-3.651300726189582978e-03
3.768003927559819772e-04
3.777795191878679636e-03
-1.566293585162202183e-03
-2.559293796326680623e-02
1.436040677076843609e-02
1.006616134205722338e-02
-3.488563384927441998e-03
7.799620961092600634e-03
-1.663355520533177020e-02
1.395565232652022994e-02
-5.680852028466714353e-03
-6.101451310172105805e-03
8.997305661741119079e-03
-3.359953151741920403e-03
-2.652865731186658874e-03
9.675395519200715236e-03
-2.655650424504665211e-03
-1.037250850717995505e-02
1.996086903099978868e-02
-1.170665948321759735e-02
-6.671696643794780904e-03
9.502793722653177580e-03
-7.807024975290530709e-03
1.852950952345593441e-02
-4.313114713256336642e-03
-1.865607971763973139e-03
-2.562800910818324469e-03
-5.583639068381769481e-03
1.058863249408340326e-02
-1.074554308233203505e-02
1.616948483585646350e-03
6.170823029697521762e-04
-3.143834345595175172e-03
3.464988590919365966e-03
6.927159344214575687e-03
-4.368183142257038923e-03
-2.907881356790056448e-03
-3.656797339730343075e-03
7.668510217371913781e-03
-8.555333747473982051e-03
2.759740450206006699e-03
-1.312688642732016096e-02
1.954589294842258573e-02
-1.361362800072866541e-03
2.014098004703685548e-03
-9.855372167097260772e-03
6.037429970106538259e-04
-1.674658237212709854e-03
1.857961661140136982e-03
1.151904331243494388e-02
-1.126137748174523869e-02
6.911987093537250507e-03
-3.523592921933272649e-03
-4.509000897709712109e-03
1.426957406089929790e-02
-1.106046848194932285e-02
1.601799879930125179e-03
2.552379454798243383e-05
-2.005734428074420692e-02
-3.467541025252760152e-03
1.429670898715561592e-02
3.251815490965855038e-02
-1.044063364866007655e-02
1.661599436059948975e-02
-1.581815096663797410e-02
-6.030636988663385344e-03
2.970595049573696196e-03
1.067118818655149806e-02
2.606343201487293978e-04
-5.709188879571059673e-03
1.281884309572238478e-02
1.375162544663344677e-04
1.387423360836696241e-02
-1.797528501007465696e-02
-4.010691278412008114e-03
3.147555579179791424e-02
2.902427701481870813e-03
2.477338978948519840e-03
-2.048484220079849032e-03
1.055469975307048516e-02
-3.540436580789501665e-03
1.329568248112941546e-02
3.597569385296260636e-02
3.291189907638941703e-02
3.436764685709903060e-03
2.371076117683081769e-04
-9.482021974632096149e-04
3.178868789713885923e-02
3.190740897849998065e-02
1.018128323339466401e-02
-3.235358596708275830e-02
5.670125929982852003e-02
-1.523441691188756261e-02
-2.495848794081203734e-03
6.079856179198470101e-02
-1.329587926148459096e-02
8.332884294940716419e-03
2.895720485576886577e-02
-7.287125059166248489e-03
2.882550284559297349e-02
2.501132129450781352e-02
2.068458086458726912e-03
-2.544571137097376666e-03
-3.561943723456719260e-04
2.376980453616319572e-02
-1.252488387248689057e-02
1.940268901684198341e-02
-1.663812499636255302e-03
2.657355373078795768e-02
-1.322241397551936898e-02
2.018283906978034399e-03
5.511606052199625322e-03
3.609068980168766462e-03
1.742099998161780045e-02
-1.139490500012834209e-02
-3.500844268028506859e-03
7.667835277905785639e-03
2.923101644436031793e-02
3.911623155426692533e-02
1.883267785299495498e-02
6.368501047486763156e-04
-3.213936756960504397e-03
4.086822608366538073e-02
1.626066154737286149e-03
-4.564418264228025518e-03
2.170069343986292046e-02
2.922677718173401912e-02
-2.157667033398148054e-02
5.736561569994022558e-02
-2.230070711032823907e-02
3.006521040948403889e-02
1.401148908919176532e-02
-7.116758857138857225e-03
2.576790030311741642e-02
7.633616436612912677e-03
3.291867875758538141e-03
4.225858348887470001e-02
-2.503302663695486027e-02
2.657142850298169212e-02
-2.402788721587383394e-02
3.443397652719755453e-02
-5.859204245166167030e-02
-1.432944174682721818e-02
4.165012573107003402e-02
1.692952094562028345e-02
-7.598558515260251181e-03
-6.111167102037923932e-03
2.540408195195868746e-02
5.199450602156383688e-02
-1.970254945725604875e-02
1.779732052487914898e-02
4.241478124244444509e-03
2.958212161038806243e-02
1.487002954733180130e-02
2.759610504512061135e-02
-9.857498566179429857e-04
-2.702319580768853483e-03
5.694658582942040831e-02
-8.791778707547314234e-03
5.322960911720145405e-03
2.972798509454295177e-02
2.090956068233188955e-02
-2.115238469237864724e-02
-1.018935396032454380e-02
6.745176724180039149e-03
3.010007033168387181e-03
3.302950406841339073e-03
-1.443429971152971301e-02
-3.449477491835687554e-02
8.790263893419664187e-03
-1.976292236663564333e-04
2.342806367801287745e-02
-5.254527177911264869e-03
2.291067739124769478e-02
-8.801793086143028938e-03
3.219873847765152008e-02
-1.484564695477017839e-02
3.656284397928039054e-02
1.950306262578329914e-03
-1.119273594966449514e-02
9.187752904776964880e-02
-4.029275199243135402e-02
3.468859805933519058e-02
9.660535385863679159e-04
1.416995447495335639e-02
2.287479182179803609e-03
-3.546391159901652462e-02
5.472729751217934174e-02
-3.758222396977196206e-02
7.887780602894616661e-03
-2.646094045175858417e-02
7.789360895999176970e-02
-4.837981861352156493e-02
-3.558915437482604305e-02
5.363314990647388703e-02
-2.091904538013483056e-02
2.691579230112456367e-03
1.708026882281250131e-02
-4.425453800834695806e-02
-2.070604029519014511e-02
-2.637684429226708899e-02
-1.963384419417468080e-02
-2.234678311606939916e-02
5.459052937035017983e-03
-7.295260610171866444e-02
-6.746887052038592902e-02
-5.276009257268571978e-02
-3.937879532156484536e-02
-6.814737656884199690e-02
-9.254581470332590154e-03
-6.691605047764909164e-02
1.059655041039864187e-02
4.768980343160790503e-03
-3.402778352056808758e-02
-5.327141074717435532e-02
-3.415941577610634439e-02
-1.038510726188422023e-02
-2.710919087104142478e-03
2.370796121314839439e-02
-4.337959935291445246e-02
2.399263501592095033e-02
-1.447850887731063144e-02
-5.988652655948481507e-02
6.615733447714444021e-03
1.449660311232398718e-02
-3.017810010801746240e-02
-2.203762145326715674e-02
-3.295579004091353514e-02
-2.239918609785292170e-03
-5.141951594852033069e-02
-9.738195792059891470e-03
-4.191780840283543252e-02
-3.749208656467646616e-02
-5.969254350599408065e-02
-3.659868601390490334e-02
-2.628428586842090908e-03
-5.061004158656681740e-02
4.300137741603326375e-03
-2.566007449313125605e-02
-5.792199302237745207e-02
2.831176818778272097e-02
3.115733555765151652e-02
-2.408690187063018684e-02
-5.741284241511753622e-02
7.821577837503392722e-03
2.334274988369858944e-03
-1.531696393403216006e-02
-2.597637933511275088e-03
-8.808439790908145772e-03
1.261468942030396362e-03
-1.174733754734822583e-02
-3.164553183516624624e-02
4.240169524005152346e-02
1.287756578651263334e-02
-4.777039222927107615e-03
-3.031548233446495350e-02
-2.981998084308247129e-02
2.660089081476995146e-02
-1.974353469206796552e-02
-1.375475764120115060e-02
-3.602364496012896988e-02
-6.190044900085549945e-03
-1.940205975817276343e-02
-3.975440779614376752e-02
-2.330213783740782765e-02
1.588409099167395477e-02
-3.108310050171141092e-02
-5.883805197786455554e-02
-2.008487201049342225e-02
-2.519210432042431891e-02
-5.101328221039599237e-02
5.110921832218420086e-02
-3.159024095280899003e-02
-2.659267304408433064e-02
-7.005086988605946363e-02
1.403098260769380240e-02
-5.583870212817983875e-02
-2.438200198614973863e-02
-4.240012359969028838e-02
1.559382589295501415e-02
-6.021922131258657801e-02
-2.431940405253227994e-02
4.413715870208556602e-03
-3.037855954512810180e-02
-1.063178389494596338e-02
-1.455172597403163112e-02
2.005305249422710198e-02
-3.897854701875815009e-02
-1.018250864870413885e-02
2.073436190979033658e-02
2.032341957550599931e-02
-8.818138984084704021e-04
-4.204813393051605452e-02
9.426821581273299444e-02
-1.438782855867868499e-02
5.019403164119345256e-03
3.217933726855119747e-02
5.153985609530832568e-02
6.092754489783155925e-02
8.050307776459274256e-02
9.648850252580520870e-02
8.969269667096388399e-02
-3.407080794328297413e-03
1.421531448858145974e-01
9.614949177995051055e-02
4.770410849605212500e-02
4.418229018283218595e-02
1.204193580647101303e-01
4.642552445408323902e-02
6.556909347276378142e-02
7.879589402138856280e-02
1.093498852671642985e-01
-2.081443660884522637e-02
8.156009966908978059e-02
8.182387312476422508e-03
1.142371852932256571e-01
1.114177334673466940e-02
3.423219835634295355e-02
4.550460650008085473e-02
1.362816312421141762e-02
3.099374391503920828e-02
2.230015660098041974e-02
1.815282690760111270e-02
2.809982288136223666e-02
-8.526236286056202568e-03
2.615668947901319402e-02
-1.601230649218982754e-02
-2.412255303070914500e-02
5.396355851267909537e-02
-1.331086018665566910e-02
3.867174763251745445e-02
-7.342398292631416301e-02
1.231647395894043540e-01
-4.732714551147595289e-02
8.720027239210895870e-03
5.829011813335344648e-03
6.807497726347019017e-03
4.048052443923203653e-03
-1.644492894257647275e-02
3.336385883756125964e-02
2.584410495682360268e-03
4.943495916515096289e-02
8.968262561827341009e-03
-6.763200628977819942e-03
3.582887362759933081e-02
1.451878478607654746e-02
2.562957838773539249e-02
-3.824828160364232565e-02
2.078353041491282083e-02
6.887624696554393335e-03
-1.119336139528400234e-02
-2.146935490429655036e-02
3.623806875437655776e-03
2.095951757666752319e-02
3.482323696300970717e-02
1.619780788935992061e-02
3.600639111447101470e-02
-2.618058095285000220e-02
7.915528755610029554e-02
-2.478145217319282709e-02
2.742661513787503225e-02
1.026253988582824517e-02
-2.930671025573081470e-02
-1.014174813099084742e-02
1.756915434958389310e-02
1.402890657506029176e-04
-5.024827497676540543e-04
-7.782269767193955579e-03
-2.123725082171553855e-02
-9.146261477785997546e-03
-4.963386088583973677e-02
-4.314345035712607163e-02
-1.209193399728964724e-01
-1.366970240974614281e-01
-4.024371639807493295e-02
-1.124720210459692060e-01
-9.965449856279193219e-02
-1.713027365804565272e-01
-1.634558349096845997e-01
-1.524352755654733438e-01
-1.167147031126897910e-01
-1.002290169746364729e-01
-1.049966754380984579e-01
-1.220726938948818729e-01
-1.781720297738430547e-01
-2.603645560292767169e-01
4.118116806880056657e-02
-4.234134638373001497e-02
-9.682741214088866344e-02
5.724763825281957430e-02
-1.628716384192967909e-02
-1.849416723765115803e-02
-4.811430910351027768e-02
-4.971272305416862825e-02
-6.666568521992760621e-02
7.846953418656245349e-04
-3.617759336797413822e-02
-2.176481157560153368e-02
3.311195200750003537e-02
1.616616336490492561e-03
2.938377276086267392e-03
1.958455403182745441e-02
4.307811991311384647e-02
-5.774281183637324129e-03
-1.292214901949351007e-02
1.200922293077020912e-02
3.029657723052932641e-02
1.271666346954942496e-02
2.816639936781225456e-02
-2.744322260926256724e-03
4.329562080133728813e-02
-1.031774186642733619e-02
2.412189173413781251e-02
1.792989497608785815e-02
-1.350270611738389748e-02
3.849749044181818153e-02
-2.394837290695152679e-02
-2.096929066820840334e-02
5.066498131338313671e-02
1.455969727798354409e-02
-1.349593551231954153e-02
-4.308006962980100163e-02
-4.650315813733608972e-02
2.588524101330515886e-02
-1.233387943599862334e-02
-7.893200174312921258e-03
-4.852955011201490199e-03
-1.315993797338938301e-02
5.960975706876414648e-02
-7.393175168035406863e-04
-3.007542467405460718e-02
-2.290666166090592898e-02
1.557091381357474449e-02
2.805654450070913658e-02
-1.133618690710671770e-02
-1.656358598666292370e-02
5.781796725922472291e-02
1.355517451560310505e-03
-8.830785361631683650e-03
4.703061747293180161e-03
2.453708167501622919e-02
-3.022010061197420022e-02
3.795060810277077479e-03
4.394717812791430755e-03
-3.109795767151166471e-02
-2.695826136040908871e-02
1.846519914543819085e-02
-2.764419298102498146e-02
-3.023578428805238569e-03
6.363492281024295955e-03
1.109055218359741336e-02
-6.969402868711929190e-03
2.583537393487662925e-02
-1.442975253803821870e-02
3.208607673931020143e-02
-3.242516037868609785e-02
2.659745370500576217e-02
-3.605092277086902747e-02
8.059934305435248469e-02
-4.126754136171270626e-02
4.654703873939139425e-02
5.666908229254617041e-03
-7.435780662554097864e-03
-2.965305259881500718e-02
2.724657957188130267e-02
1.902587039247088246e-02
-3.494728017816433469e-02
-1.832806722352042089e-02
7.062236144789607768e-03
-3.853101739882877023e-03
4.608833129049183346e-03
-2.330763893357942068e-02
7.892864017905374535e-03
-1.006767437225011309e-02
8.277748984784610853e-02
-4.299723617107926305e-02
4.104692859657763093e-02
2.210812553479120368e-02
-1.000530919102867941e-04
4.033909904321289486e-02
-6.790420783322145132e-03
1.462717885462465339e-02
-4.297657085534135890e-02
-7.853365060070310877e-03
-1.222786482334351499e-01
-1.129014468667931953e-01
-1.181247191654450496e-01
-1.262355186535420171e-01
-1.300757688477028884e-01
-1.071586373067938136e-01
-9.727016571548205426e-02
-5.390516799788498681e-02
-8.383825047713062972e-02
-1.929823593995419473e-02
-7.315713429288595027e-02
-5.546853264660562416e-02
-8.453271131842630959e-02
6.586079783936427817e-03
-6.811206583986706420e-02
-6.002240772730140991e-03
-3.378402181149517403e-02
-1.576667568921205978e-02
-3.166404103814206283e-02
-1.364015268792546053e-02
1.224482620143690741e-02
9.093457425906333741e-03
-1.750491232598606894e-02
-4.469679883857973629e-03
6.407594270028749324e-03
-1.252120577683577679e-02
-1.309765318520874147e-02
4.712749325560321167e-02
3.291655921112785627e-02
-1.599455784906913744e-02
3.047818972877833210e-02
-4.815288955418055468e-03
3.156038588080570251e-02
-3.963828029274496859e-03
1.522025356748191952e-03
-1.921801174461736442e-02
3.884900452329603793e-02
-7.590707745001984939e-03
2.290557209630182320e-02
-1.587643936799749619e-02
-5.315137170454618809e-02
5.711332155362807556e-02
-1.223108882611126207e-02
-3.724577527189802673e-02
1.098732852474973952e-02
5.230814025570355852e-02
-3.614773570757722626e-02
-5.365637012192101853e-04
2.363112966406268056e-02
-4.228082582509509746e-02
1.245320567368289784e-02
-9.984141566899137205e-03
1.815616008623638367e-02
-2.122963272711800992e-02
5.013904687922560166e-02
-1.009689509897669906e-03
-6.475778998917993204e-03
3.132818561448622030e-02
1.379231853599484879e-02
-4.030402287380117844e-04
-1.635106426451960610e-02
2.179029955442499805e-02
-6.621702430592069956e-03
1.276044357757010958e-02
-3.112877062341886866e-03
6.267192166750870479e-03
-1.777237328066630026e-02
8.128744172614799438e-03
-5.363054527448154508e-03
-2.735064129223342688e-03
5.531765005599702245e-03
-9.865410724369328213e-03
3.865547968822400987e-04
1.124507417549226555e-02
9.449494098448857696e-03
-5.613183736343417551e-03
-9.576770928620342155e-03
7.244000348322506694e-03
-1.435909855718152210e-02
1.000378386201334659e-02
3.911717919616532549e-03
1.328778881461173920e-02
-1.076688020469473636e-02
-2.934441491594672394e-03
1.442282548828978384e-02
-5.341410874655606184e-03
-8.816886643676706894e-03
8.032216229725155573e-03
-4.364852173516390287e-03
-4.787216195103621147e-03
5.319051878326395977e-03
-9.107544334696600699e-04
-2.495665487877186343e-03
-6.695333110632430661e-03
-2.680453750189929450e-03
1.626945377695306972e-03
-4.199296305961771475e-03
2.117555939640828125e-02
-1.157168300260394064e-02
-3.193608537145072035e-03
1.412555759792546647e-02
-1.852257689556795553e-02
-7.002835090614224246e-03
6.555182713757864120e-03
1.073354423026261738e-02
5.886576912922073142e-03
-7.674640249223539309e-03
-1.094336543155908711e-02
1.392987199805245657e-02
-9.443442948850465021e-03
7.524323952857412193e-03
-1.009512942715938555e-02
1.610973159225458431e-02
-4.993649031088802717e-03
-4.416347966437452789e-03
-4.718039753045868978e-03
-7.691235585722488131e-03
6.021758509193110738e-03
1.136789734261311850e-02
-6.667263885289142003e-03
7.356099365227753914e-03
-2.004013161175628721e-02
1.083292723277943723e-02
6.869894304947426339e-03
-1.464408598825346630e-02
-2.857039119890274377e-03
6.636165734722848826e-03
1.219027030487097353e-02
-8.029879088564015679e-03
1.149380653852306346e-02
4.598763006322110006e-03
-1.713541548994675784e-02
2.414658734020163743e-03
-3.069102698448701420e-03
-1.500539677106079925e-03
-6.551489168871107820e-03
-9.850689518690086579e-05
1.261796235452086225e-02
-7.872039329206980199e-03
-2.675998056893726237e-04
2.631373455789520928e-03
1.792547517644817222e-03
1.879109817611559086e-03
1.748418166912003163e-03
-1.416169582936553650e-02
-3.493475698102832278e-03
9.324906106798043492e-03
-5.606998057108185992e-04
5.945671085025814977e-03
1.391507132631072735e-03
-9.135662677464862977e-03
4.986939840430665294e-03
-5.024782852370501644e-03
7.339083251392113441e-03
7.566756492079012957e-03
-1.504467794474047791e-02
1.292803754860020115e-03
-5.694894629675452229e-03
2.469191760504970204e-02
-2.497709084909781763e-03
-1.953460668206693281e-04
-2.842119708035091758e-04
1.403422693251225178e-03
5.924809203460380119e-03
4.678600267590913176e-04
-1.106927400788754699e-02
-7.340978292838661913e-03
2.901329593438850812e-03
3.017136981681954253e-02
-2.234175174273596125e-03
-4.346795847051815494e-03
-1.965637818458870062e-02
2.140712709512170367e-02
-1.332361301459912897e-02
1.414626531486318055e-03
4.769596917376947055e-03
-4.462809496698578841e-03
1.967210863701487986e-03
-1.493500859393551844e-02
1.146432693756351331e-02
-1.469544598957381321e-02
-8.306103968042903227e-03
1.501524137922170127e-02
7.316059133728307698e-03
-6.878253743108497451e-03
-8.178967566664599887e-04
-1.269459333910633730e-02
-1.007860798328378063e-02
2.280482526392390782e-02
-3.474609950008828579e-03
-5.619880899797020588e-03
1.100956331130011068e-02
-3.843519681187285066e-03
-2.047788078796591252e-03
1.551754868804360032e-02
-2.129771100413891532e-02
1.741167495090137698e-02
-1.061101255243611027e-02
-4.535922939857512520e-03
1.100093844374230162e-03
8.681699512956511655e-03
-3.551349068427632569e-03
1.178457926190457604e-02
-1.296649908079542009e-02
5.036371744751076338e-03
5.495350685518452308e-03
-2.909286564715251634e-03
-6.207787148359255637e-03
1.470848838301614531e-02
-1.861905198671534589e-02
3.697383745229160332e-03
2.814898315064003672e-03
1.014399326089841791e-02
-1.218081576028530975e-02
1.008302654976919559e-02
-5.089422840046891119e-03
4.420437400671807515e-03
-1.076017046458573913e-02
2.209143328902000904e-03
-2.499906587887647073e-03
5.474504114556070188e-03
-8.467345010399397742e-03
9.434361597738295541e-04
9.685174557965489303e-03
9.549961355873280700e-05
-3.364214465633741120e-03
4.675283646347320847e-03
-1.737971411570999008e-04
-1.069709318480917271e-02
9.843188964535651980e-03
1.544842139145982760e-03
-2.167649193877785145e-03
4.502044045706711170e-03
-1.930762958437493015e-02
2.435730158588925859e-02
-3.711211016302266678e-03
3.303509410955728694e-03
-4.643668022839604441e-03
7.677067490614257863e-04
2.805615561757174217e-03
-3.484308612143704304e-04
5.672524855732595864e-03
-1.391779111936607138e-02
-9.044642986901883439e-03
1.937718938472884206e-02
-9.755470466312293060e-03
-3.139542703307273905e-03
3.134791681739470919e-03
-1.093570360293643143e-02
-6.840563721856181625e-03
1.016436570373719685e-02
1.157076955234505582e-03
1.672600323508417752e-02
-2.225039206137724088e-02
9.786635333110251314e-03
-1.442616029413154068e-02
1.530725532832019793e-02
-7.869350238622308327e-03
1.377861120822081696e-02
-4.858555579554619218e-03
8.332271137153778387e-03
-9.582349742088359934e-03
-2.877440068104674016e-03
9.137589665594865462e-03
-3.994719226633370798e-03
-1.641574768273038965e-03
5.179721028582333310e-04
-3.162675571875717129e-03
1.434820562990367550e-04
7.016470171265162988e-03
2.436428354919553414e-03
8.890172699497444347e-03
-1.549049562710184957e-02
1.318902691978664742e-02
-8.188307079920992271e-03
-5.411385103140677858e-05
-1.269168383517443009e-02
1.911483340060021741e-02
-1.735271050772465087e-02
-3.013046768698196803e-03
1.175542223454759116e-02
5.759212652288517136e-03
-7.621307324445921426e-03
4.477722322223778861e-03
-2.576709026067300606e-03
-4.513068999905760041e-03
4.462883626275484551e-03
7.587331897403015724e-03
-1.686382990505325488e-02
-1.145939286669009870e-02
7.979408433514941293e-03
1.288908533684981171e-02
1.769679322675589417e-02
-2.071857302672451551e-02
-1.187227898642326945e-02
1.198644429795080700e-02
3.841590855336506245e-03
-1.220613077009188342e-02
1.524130104151398719e-02
-1.520205918617941430e-02
1.022813532027137470e-02
-2.464971105087403452e-03
2.152453517902055361e-03
-4.238148901495591568e-04
-1.725892345169196965e-03
-2.967873067122308358e-03
1.251070748553483915e-02
-1.032951760078925502e-02
-5.338527847472161920e-03
1.178155688636545358e-02
-3.447774117972034289e-03
-8.833669077232160494e-03
1.971473386849381670e-02
-1.292326431370954039e-03
1.065619872188935295e-03
-2.809669006586576132e-02
2.142406531300455885e-02
-3.540763930228515034e-03
-3.739708792426853310e-03
7.767686731603286841e-03
1.990244844928569230e-04
-1.359128133007025604e-02
7.688303160448145285e-04
4.370567266430059120e-03
7.328363322487996441e-03
1.400661358993156996e-02
-2.127757700193881607e-02
6.334170649403203165e-03
2.637523523508569084e-03
-2.288365582099429613e-02
-2.075401375047984318e-02
5.612335193000031301e-03
3.385171486412335423e-02
8.934643846395312269e-03
-4.821208355431462261e-04
-3.749794550216237459e-03
8.359585010962885220e-04
-5.809286205872618743e-03
3.624236856475089585e-02
-2.934779320110111542e-02
5.374556279570325175e-03
1.540113632255655889e-02
1.075397166264481204e-03
5.958357956807451908e-03
3.842113713687898141e-02
2.593204010807455620e-02
-3.634205771638021609e-02
2.897364038539284453e-02
3.225855476411142869e-02
-1.829705106039884732e-02
1.960060524814052213e-02
-3.843433187125272141e-03
4.121387423834999876e-03
1.525252546273038641e-02
4.069297110186134714e-02
1.530227939306054614e-02
-1.902173806945661738e-02
1.753951026682589939e-02
3.393296986134501387e-03
1.733158959885294087e-02
3.781052801960947869e-04
3.165486430159018816e-02
-1.611231081837096422e-03
3.011809550827551293e-02
9.199973247010828636e-03
-2.718670274756665190e-03
2.079989535290153319e-02
1.724277633789269085e-02
2.602827652466529681e-02
-8.920887360333104241e-03
3.586781564786305221e-02
1.728649361552371533e-02
-9.224537326948906851e-03
2.040812102856456173e-02
3.342210787418795070e-02
8.288149029269182427e-03
2.014048717924902393e-02
3.785637525843497941e-02
-6.970499228202318813e-03
1.337619706856931281e-02
4.199815704969938474e-02
9.645634919369799627e-04
2.123686346423606444e-02
5.302922883742925038e-03
1.551618512749174464e-02
1.323561473879895228e-02
-8.577640324045099005e-03
-7.087629854895183962e-03
2.331381528505982112e-02
1.807055676199719602e-02
7.296890140712053441e-03
-3.699876529407534684e-03
2.044718919717021174e-02
-1.529757486868453531e-02
4.426360763198906173e-02
-1.140233594561346382e-02
5.144385692548521585e-03
-9.585019378033838786e-03
2.695879445371297464e-02
5.280624892785248936e-02
-1.393174292171587593e-02
-2.055913982460753908e-02
2.377561476519727407e-02
2.093542585056887978e-02
1.841578906215279865e-02
-5.897789217591178218e-03
-3.319306202172046111e-02
2.038319519876276992e-02
1.117861070718325321e-02
2.695647894031312150e-02
-2.528082597567117389e-03
3.093122776113874789e-02
5.928675593180023767e-03
-4.296501376937349181e-02
2.163636920287942064e-02
2.432527115126378349e-03
1.731124282332846195e-02
-4.119665548113765965e-03
3.493044124884716987e-03
4.285473294994342902e-03
5.612784517852639245e-03
2.655171537832494693e-03
2.204770513666562404e-03
-7.936589380989646919e-03
1.103867434379185788e-02
1.295689538269055238e-03
6.196884658057078173e-03
2.279990043502104838e-02
-1.884237902216196262e-02
8.172373994438607986e-03
8.918410601526764042e-03
1.990393902987904525e-03
8.431870369670852253e-03
-3.269011361760979732e-03
-4.500539365955049699e-03
-2.378579312170476384e-02
3.227447931581850504e-02
8.708177046291124684e-03
-2.485361452609857313e-03
2.410003033119160597e-04
4.751717154086607109e-03
6.967262161750379908e-04
-2.292802221073257825e-03
-2.129583289858654437e-03
-6.361925360285993793e-03
8.689977848790917531e-03
-8.534673188308646019e-03
9.396532580383566702e-03
-7.377391124793670693e-03
3.728555248705100501e-03
-2.910209695730607430e-04
3.485707177225694404e-03
-1.470036183040953313e-02
3.187874889592851035e-03
1.220633546021892765e-02
1.377420618213212253e-02
-1.170871542142523127e-02
-9.330221446888218792e-03
-3.449718256933417739e-03
-1.348287548027383769e-03
3.632921447730932518e-03
-4.673769760507135058e-03
4.892310472755543455e-03
9.906125562619734221e-04
-6.990323008726775054e-03
1.518765582663678809e-02
-1.281530438240783241e-02
-5.496184998436320912e-03
9.522073499437351540e-03
2.073322052455250919e-03
-2.296176992272861567e-03
-1.047867817050007061e-02
2.040558260699883858e-02
-1.267826717854150624e-02
3.466785824643563510e-03
-2.281037336564951772e-03
-7.910095076039598896e-03
-1.670242513491403125e-02
1.215118360906618580e-02
1.596150649260450046e-03
3.075909713633061433e-03
2.562164080664303817e-02
-7.640323373596095979e-03
-8.697890186739982640e-03
9.599249633368764356e-03
-2.778598378209839060e-03
-5.481986653732485136e-03
4.021634733589152244e-02
1.828765724120024957e-02
4.499513858098588143e-02
3.096126125275452251e-02
3.323767952480936178e-03
9.125878013645177811e-02
1.051731974534266811e-01
6.050340496120661798e-02
6.684238810741729986e-02
8.828109826109564739e-02
1.297699815675516233e-01
1.761016305446433394e-01
7.391759926399793512e-02
1.481561035889099598e-01
1.505669218721427116e-01
1.038978311670167437e-01
1.014887090047800478e-01
9.257635742805572776e-02
1.527174901847170863e-01
8.447473168710228908e-02
9.313108897259780861e-02
1.040459240091668180e-01
7.892701828417963972e-02
1.021680414441528961e-01
8.853612863217519280e-02
2.341757107568736423e-02
9.619365504221477625e-02
7.133256183001761286e-02
9.963263996288306001e-02
2.925019899599580128e-02
-1.327779755254408778e-03
5.836386846022325464e-02
2.630649872985738741e-02
5.367007257216076938e-02
-7.974341117361963271e-03
3.067095023245284408e-02
1.643719029259626055e-02
1.511836404803674691e-02
2.370978084731010377e-02
-8.710214193217777692e-03
4.660817993360420047e-02
4.992395410462230343e-03
-5.127765868396211985e-03
1.613204474397380780e-02
-1.415873742163152420e-02
5.109318310379174465e-03
7.909699319397565931e-02
-2.393861689873666432e-02
6.145210170487969831e-02
-9.044836488790353353e-04
-1.939582171559804669e-02
1.486381313372927247e-02
2.755780597606265897e-03
2.297337925136927125e-02
1.196503682947091390e-02
3.362917868132796889e-02
-2.008569815751248128e-02
5.209313155199354894e-02
-3.381410516333384353e-02
5.094812569256162299e-02
-2.623884436763973885e-02
2.558284129037303491e-03
4.907645059818224048e-02
4.089699283997609743e-03
-6.096764697223488322e-02
4.568828151441010899e-02
6.763038506726225252e-02
1.688882180492739041e-02
-5.794184747399294677e-02
-1.644988558231026687e-02
6.567352461819934983e-03
-5.080716783073400272e-03
4.756840876353553987e-02
-6.453428118232135656e-03
2.995771969518032374e-02
3.337619788394394910e-02
-2.278208678945500137e-02
2.680922428621769493e-02
5.472292803654973253e-02
-1.504695673102309471e-03
4.411464593629649267e-03
1.546382529178728059e-02
5.752899318481709962e-02
1.275637340616109575e-03
1.255435803575175903e-02
1.077210381965021738e-02
4.061198751506216870e-02
-1.395887432058858131e-02
-1.030828165347371164e-02
2.047728900400622946e-03
-3.109582925190500224e-03
2.070521758990889055e-02
9.778851098023743499e-03
-6.920978171609344295e-04
2.063274858039995316e-04
3.054598133701389925e-02
2.063684565244227383e-03
3.955128686875482302e-03
-2.668721403114278357e-02
2.561000714672380385e-02
1.646834056246206449e-02
6.824052245638394763e-03
-1.029170484902193310e-02
-4.041299259482701578e-02
-1.088278756642630960e-03
6.187568298181151533e-02
-4.427849354968761003e-02
4.522496185697452709e-02
-3.758308426395977342e-02
-1.924454065047904658e-02
2.220267971074631891e-02
-8.734371480633770085e-03
2.822467181519993425e-03
2.364363544152432717e-03
-1.371862965371116981e-03
4.998823852444361088e-03
2.757751013419732292e-02
4.785585706839606129e-02
-3.743756779945849045e-02
7.460878044734664538e-02
2.783328246495240296e-03
-6.689242978470939446e-03
1.142078125093926380e-02
-4.348753601689471504e-02
3.327512093630394241e-02
1.191895536930604252e-02
7.395743188928210511e-03
3.431174902616639794e-03
4.333804993264959993e-02
-3.438615047175770656e-02
5.022023999686672791e-02
-2.773205785202952078e-04
1.559432677524201852e-02
-2.130589060312020055e-02
-2.804031891324933190e-02
4.063364617287895664e-02
-4.484273074682972732e-02
-6.741726206590673010e-02
2.441986687140682705e-02
1.696052177782687159e-02
4.758697915519061877e-02
-1.098344480300198073e-01
1.167093710602284118e-01
2.672016807628152871e-03
3.139310628195523395e-02
-6.646442675120724231e-02
4.375313334794918990e-02
2.805355558941127064e-02
1.478208965224419441e-02
2.275062501463506748e-02
3.535834224426209760e-02
4.179817136342807438e-02
-3.069563311077308163e-02
-2.216815575804169727e-02
-3.534052224680729604e-02
4.490110589184907741e-02
3.083834835003671296e-02
1.566217300596045581e-02
7.267431025185919213e-02
-9.398083327760880720e-03
2.154393760644667324e-02
-6.367227166565110272e-03
1.102297562992912185e-03
5.169154150259628461e-02
2.997443088594529959e-05
7.754707926709127064e-02
5.837898204232028904e-02
8.737783986706960937e-02
6.466701607651825778e-02
6.424813206731577742e-02
1.139841761008703325e-01
1.534040194665319268e-01
7.981048380567271061e-02
7.165222886533423319e-02
1.448903788158687478e-01
9.331686338131564562e-02
1.400148343699642306e-01
1.106969379437571926e-01
1.197789828736947892e-01
6.908644292386564856e-02
1.037154284968878348e-01
8.730481392741894220e-02
1.006188280781427496e-01
8.130389037598383106e-02
8.912997729987154338e-02
6.861943821052912673e-02
7.524699532668929769e-02
4.896595964668974676e-02
4.743413806329149773e-02
6.658926924230970656e-02
2.847163021215137757e-02
-2.667594852352855872e-02
4.546383069966324075e-02
1.888322654544281887e-02
1.061914235686211780e-02
-5.897936614778036962e-03
2.765829639874959472e-02
-8.921261053360956053e-03
1.376919426733025711e-02
3.027605593319766114e-02
8.525977912632114533e-03
1.509163840302653412e-03
4.187526544902654690e-02
4.799860847158753281e-04
5.694704012691070502e-03
7.150158375242064192e-03
1.304173305189957645e-02
-3.747333171963465430e-03
1.585589567140040582e-02
1.052776673394533943e-02
3.294958841623852469e-02
-8.044577602551061801e-03
7.723094393996639273e-02
3.166747119589337703e-03
-1.872405188873004639e-02
5.090695623315519280e-02
3.855393443339263926e-02
4.623722117005935051e-02
2.387137158308460724e-02
2.395414306230613660e-02
4.097236730054225340e-02
5.422190222214599148e-02
-3.918804961288344102e-02
2.712766056782254034e-02
3.211080918166479836e-02
8.345923553926277993e-03
9.258010715830967963e-03
2.469662653340624903e-02
3.750154271850112547e-02
3.665832457607213785e-03
7.473127357193531939e-02
-2.782255351687076481e-02
2.219199908202520825e-03
-8.257605706937223844e-02
3.537177073402953537e-02
-2.865356503610679006e-02
-4.240120602053595172e-02
-5.554772046351769132e-02
-1.548678809470522832e-01
-1.514482474098595606e-02
-3.550246325943517967e-02
-1.286256963552071808e-01
2.055027190971375414e-02
-8.950271788811184348e-02
-5.019843742765582595e-02
-2.000692980553403846e-02
-5.963900448829927842e-02
4.572524532289626992e-02
-1.331352612974906133e-02
-2.144368370941903724e-03
7.973423766509665778e-02
3.555991705923065849e-02
-6.667087750146519221e-02
5.955663063162663223e-02
2.528170221813815649e-02
-3.549805568246301724e-02
7.780240709548616462e-02
9.329269390695388298e-02
4.949206014945085885e-02
2.410217777240955886e-02
3.318629654361970882e-02
6.427281708815746342e-02
6.613021539012382821e-02
1.188183919417070203e-02
2.265521033008549567e-02
4.300509568339813682e-02
2.813812241616945459e-02
-5.543428195967672195e-02
4.196749229815192189e-02
4.399449391477560506e-02
1.082564723332049908e-02
2.659422383462472714e-02
-5.166103843724665495e-02
3.271701357149006673e-02
7.743125395055708293e-02
-4.514904383199601530e-03
-7.145056743549833833e-02
5.362815297257681607e-02
-7.059382960352598990e-03
3.040401080970079120e-02
-3.435359514425986860e-02
-6.497709656708652469e-04
5.788132837070289471e-02
-5.953158357195659396e-03
1.141846490373679864e-02
-2.787783639140174741e-02
-2.149360361179533663e-02
1.921684895170645835e-02
3.179400137655855052e-02
-1.024111362433081408e-02
1.368990474025992554e-03
-1.383428974723799852e-02
1.517745475111292527e-02
7.504988747299557936e-03
3.189584532860277686e-03
3.492309817857616738e-02
-3.488050620502820484e-03
1.988707628813023501e-03
1.410557334782736906e-02
7.500505506553678536e-02
2.623573229797619873e-03
1.247018083770901759e-02
5.663712523797510140e-02
9.078632567397031117e-02
5.968682820198724370e-02
4.819555077929202347e-02
1.151407194569124132e-02
1.291956671755210007e-01
6.770069942930544149e-02
9.886848946765561252e-02
5.488669088344162728e-02
1.332327009739791013e-01
3.938267694472626784e-02
1.306754937189592014e-01
7.382133053946662860e-02
3.768567756114985651e-02
1.298988977700116787e-01
-2.575644311848238749e-02
1.380632157659125170e-01
3.991753792646171584e-03
7.908646841312468034e-02
7.791921039484171752e-02
6.236009517569533755e-02
4.649175044914029276e-02
6.690261668596761413e-02
2.001501139134632609e-02
-9.906867169925890823e-03
2.868956650859260521e-02
5.085323968189321697e-02
-9.003478085338233530e-04
2.001664949654527459e-02
7.524234148368685871e-02
-6.984809512355706629e-02
6.004818510523155656e-02
-5.339033354159705008e-03
3.535404682632231621e-02
-2.588391591568065669e-02
5.956815994681420590e-02
-3.193916332677014525e-02
5.513924747494181738e-02
7.539811421273115780e-03
1.088539363337506782e-02
2.561963644395274728e-02
-1.709719737637322573e-02
5.146350437317313842e-02
-1.632745016545859851e-02
5.961677012018735261e-02
4.873605846810642045e-03
-3.236188592102920425e-02
3.431025617324452021e-02
6.532608990523354822e-03
8.002619092096616149e-02
-1.138163947524962333e-01
4.365734910071715491e-02
-1.344642827775118649e-02
-4.837787930652352568e-03
1.461731734001865332e-03
4.120920667063053544e-02
-7.199729890324345349e-02
9.147721661272516236e-02
-1.054710691397215717e-02
5.007442505058498639e-02
-8.912265693209121126e-03
1.461213645494612370e-02
-2.936812078722859931e-02
-2.901069339122502519e-02
6.412369748439311623e-02
-7.285971878546806946e-03
3.576823506570759453e-02
6.216021182935833889e-02
-1.090758205325948957e-02
-5.018286309948462309e-02
1.830026243956453524e-02
1.479154646782216212e-03
-1.773934224490373093e-02
2.893034032480893553e-02
2.011040377251330225e-02
-8.793635198862633992e-03
5.057660424309895486e-02
-2.029626794951998672e-02
2.949071563037890947e-02
4.299724458670206584e-02
-5.857710660570415728e-02
2.338845683507423737e-02
1.534793450011050220e-02
2.049331536679156393e-02
7.331892086549191868e-03
7.122096348507155061e-02
-3.015502316429160071e-02
2.380328665949566630e-02
2.472831635855198690e-02
-2.656242359458116029e-02
7.285991549741183126e-02
1.761108880978775465e-02
-1.934918361572653817e-02
3.230997236667290662e-02
2.112987260592055078e-02
-6.015989221901972550e-02
1.793775384093715397e-02
-2.559425323388468676e-02
7.257228105393107032e-02
-4.375028321314427746e-03
-2.781831846483105719e-02
6.074151708339969868e-03
3.650748781987066260e-02
2.725892913362929632e-02
4.684678511873836826e-02
2.402294165705805631e-02
1.302779859085598235e-03
-4.693769205706174730e-02
-1.877458843953560413e-02
1.516161850636412942e-02
-6.320848893694966386e-02
-2.587162297555407886e-03
3.214120576930505624e-02
-4.683272905814058612e-02
2.719952448473708997e-02
-3.022328085255672828e-02
3.324776610321916043e-03
9.988542090997604844e-03
-5.684225393679773197e-02
3.169698434682442778e-02
-4.217737931378048172e-02
3.504152776813034692e-02
-1.481373683667123846e-02
3.825633135521587513e-02
2.809298701286733202e-02
-1.572188470255260831e-02
3.166871397125417542e-02
-6.196974703052412353e-03
9.804877137799561382e-02
-2.669085854924516804e-02
4.468668552433668895e-02
3.312191856450043270e-02
2.901256114960022725e-02
-9.992563533726694230e-03
4.867885556453000612e-02
-2.513836044582946905e-02
5.356104909780437517e-02
1.150374676201991984e-02
1.896057437772713516e-04
2.906349934437522931e-02
3.378482863977053108e-02
5.344973342759329858e-03
1.155262443174944267e-02
3.752973267917464328e-02
1.967666928051105268e-02
7.871996001328462542e-03
2.774740796087126968e-02
-6.378959937634888500e-02
3.263063240045251112e-02
-3.064021647287253763e-02
1.731486732945925963e-02
9.499966443561275176e-02
-3.712166031497986241e-02
-4.489878820985743896e-03
1.910014356524341109e-02
1.585685181665147381e-02
-5.154760629500705627e-02
4.131346656667900935e-02
-2.158629482119663046e-02
-4.520458874863220178e-02
6.416310091429654194e-02
3.767590987286585646e-02
-6.413013790026175776e-02
3.116943070910739230e-02
9.265685841177682958e-02
-2.840459230660010576e-02
3.348522511683493796e-02
-2.112702475546551946e-03
6.092685969667438819e-03
2.154244781551693452e-02
-1.483332619084026804e-02
1.383669020060698807e-02
-1.448294752492767026e-02
4.702757678542185404e-02
3.252812150964875387e-02
3.853107929705244794e-03
-2.209514042182214588e-02
-8.146628393122347378e-02
7.437846777845537327e-02
4.218108936122058616e-02
9.888678174129750253e-03
2.546998850818757432e-02
2.675804031405298877e-02
3.161924453894972287e-02
6.648909687445520370e-03
1.019097505360129219e-01
-3.798651314328088668e-02
1.080534049335328678e-01
1.300327776763262472e-02
1.042944125903078612e-01
-5.473568267475028420e-02
5.542250458947933778e-02
2.056901392030391698e-02
9.353494710630369177e-03
9.375475400742264154e-02
-3.419263792648133404e-02
2.618698070583282134e-02
-1.003090951791905244e-02
4.917503593549360508e-02
3.570500191149415109e-02
3.480700935588783296e-03
2.760020834354569991e-02
-2.330803389653364477e-03
7.325163943778752185e-02
2.455229783846582872e-02
3.632551685235049788e-02
5.098802307169167380e-02
-1.155252829144531954e-03
2.512956511868078002e-02
-1.408890065304852293e-02
4.899958510446074389e-02
-2.008104100795732663e-02
1.948629893785908118e-02
7.634095769425324265e-04
-1.084560877958043804e-02
5.328462752572486489e-04
2.968594292400682580e-02
-1.664998518591502552e-02
-9.167255023510824385e-03
2.456935059249771777e-02
-1.614193635821239980e-02
-1.353008385238237306e-02
2.797999006363634591e-02
-9.855419242848953432e-03
2.004492968773047973e-02
3.281746800596239966e-02
3.062408362153814026e-02
2.214049058746566864e-02
-1.950422547649488178e-02
-2.171977804301520806e-02
2.983004350257799017e-02
2.862615756004690745e-02
3.398816459140026336e-02
-1.501853567521746653e-02
2.883686999677497267e-02
-2.956147868662220221e-02
2.395753308483022231e-02
1.166966394340682688e-02
-1.642274108675149946e-02
2.442691020336692706e-02
9.057231902553929820e-03
4.309230435434459328e-02
-2.563670881819844760e-02
9.388128171242881778e-03
9.221747255677707755e-02
-2.980454894792531131e-02
1.416819256651514758e-01
9.939985695977884839e-02
8.068592036924690167e-03
1.056700870179799329e-01
8.041900105369335916e-02
1.064380369086880274e-01
5.109125777512409095e-02
8.987881312077404539e-02
-6.794502474084578025e-03
2.443569379560554533e-01
5.420200547282202214e-02
1.702290143086788166e-01
1.079162909194511522e-01
1.292624958668809054e-01
1.619220116340584492e-01
6.307505174994552932e-02
1.486705515972303743e-02
1.744119622841185380e-01
5.581821957490887276e-02
9.733918523138304635e-02
1.330274160493283009e-01
3.887246184483733602e-02
1.017117109066773689e-01
5.934707438895919784e-02
9.168426126472811744e-02
3.095446752254066985e-02
6.151397144936406047e-02
1.115050456231479470e-01
4.693347332927491622e-02
2.972653516355438022e-02
8.457416433383624366e-02
2.618074186940451409e-02
3.300298102051385518e-02
3.245084226289782214e-02
5.007897570983940554e-03
2.333317037077400555e-02
5.082044538300985181e-02
4.364887247575758959e-03
1.012475773872250490e-02
-1.748796746703182303e-02
-3.437026334595911885e-05
1.084740326405109374e-02
2.541713930501606020e-03
3.119639475305962736e-02
1.666833217314812182e-02
2.752771206291271255e-02
-6.613687249185748462e-02
3.033401724394796384e-02
1.652984100606102319e-02
-2.682129822708642208e-03
-3.218753204501159041e-03
4.924152068291991896e-02
-9.575183226304244399e-02
4.071097683715987209e-02
-3.759510906079020082e-02
1.061792947678918825e-01
-8.393609589322405251e-02
6.065258787892941622e-02
-1.940793964478915515e-02
5.290579975356784342e-02
3.371075957272761520e-02
-4.072147672832400478e-02
-3.563411537657669523e-03
1.493895968790606536e-02
-1.080200036171000480e-02
2.890886478766681658e-02
-1.950336113361115023e-02
5.199770658151285641e-02
-2.607657389052137065e-02
5.221253129930496922e-02
1.439095230847371731e-02
-3.094020176142897940e-02
3.489550726968225491e-02
-1.789371978836895583e-02
1.991197696576538223e-02
-5.461645895093614200e-02
3.884890259767607990e-02
-5.307839693380647650e-02
1.792276417112875775e-02
-3.953535148578186248e-02
-6.425448098751185277e-02
-5.229290874558113755e-02
-1.021517272577426166e-02
-3.728321691862827164e-02
-4.914528810064305864e-02
9.583380384394036416e-03
-2.643174958076794853e-02
-2.309971462868365411e-02
5.348333455384650381e-03
-4.556089414297445628e-02
-4.563304727386194304e-02
1.276220977840627352e-02
-3.871300110432066705e-02
-2.332048932715269710e-02
-4.989749615803401595e-02
-4.825191742800480355e-03
-8.478237785239996216e-02
1.423874071096216734e-02
-5.685489549933327169e-02
1.677837071941331790e-02
-4.428710492185096437e-02
-3.283249403597516755e-03
2.470527135336462662e-03
-1.219689841218105086e-02
2.566710192092502320e-03
-1.180044205100154280e-02
3.740030047549144226e-02
3.553515384383600789e-02
2.265568645777968002e-02
4.707289375493195482e-03
1.197033286334945289e-02
6.692177624269694813e-02
1.374420674711267221e-02
1.306587248473625208e-02
2.840956327606691117e-02
2.748391305397508699e-02
3.430242032839558169e-02
4.384285130475928938e-02
7.250546456896880820e-02
-3.378663750575511965e-03
5.317729484054866534e-02
5.412507191203529133e-03
4.462168324058665703e-02
3.044200413979452138e-02
3.541212251765073205e-02
6.291687176652198399e-02
6.740011081929575543e-02
4.262198872159358998e-02
5.097782012291860593e-02
2.261446257675783084e-02
-9.569863731827284170e-03
1.265565879806481719e-01
-4.316615534696465611e-02
9.358610939137590456e-02
5.635069173378841334e-02
5.185485532057318436e-02
2.927629646017638337e-02
6.236858013712199417e-03
2.974113663410742764e-02
5.222998146181215273e-02
7.955469628160680151e-02
3.234283586558185652e-02
5.612166739485979772e-02
9.813336244014536636e-03
-1.661863922655541434e-02
9.384020743920540308e-02
2.527604545346900239e-02
5.927561361014136582e-02
1.728843928967472438e-02
2.405786585184497423e-02
4.882713953620970021e-02
3.279925598056939590e-02
2.787591180797265727e-02
2.588001601012076408e-02
4.050052911452860227e-02
6.654673510319804308e-02
3.192052341265947529e-02
8.272978159525982977e-02
3.955815825521554613e-02
2.994330746301057666e-02
5.662224208802922598e-02
3.339270701297025745e-02
2.527853819850849060e-02
2.234099389431524335e-02
1.853646296709347135e-02
3.393272701414527803e-02
7.027895901342380569e-02
1.182395518366615231e-02
2.399634802822022545e-02
5.734664690987162361e-02
3.235285387403557394e-02
2.990926149201179537e-02
6.282306391481043417e-02
5.567596710413638683e-02
5.113797584887553455e-02
3.608038492137999320e-02
5.471355959842236910e-02
6.548839401052986009e-02
2.104474341707031002e-02
7.767925645418444214e-02
1.114972475980139516e-02
4.436017254445524804e-02
1.685569309469143670e-02
3.056620462497601845e-02
6.226686171951153342e-03
3.882898232016327583e-02
-4.713187294542141303e-04
5.100639012278535001e-02
2.623908070262760683e-02
-1.014239341757524303e-02
-4.179631670065647557e-03
-3.583573691643952841e-02
2.489026638062339508e-02
7.619522476336526746e-03
-2.237006489233960352e-03
-3.230846575404071330e-02
6.855785804427944052e-03
-1.749887933727565376e-02
-7.263388252424450575e-02
-4.262414746085138595e-02
-5.603145755536051431e-02
-3.837978318531416744e-02
-6.258575728189569309e-02
1.370946780491647671e-02
-5.885568959352056873e-02
-4.366128927483894917e-02
2.132408929612897297e-02
-6.056281186737554056e-02
-1.648072516061608803e-02
-1.161809800177932353e-02
-6.720102503685859707e-02
1.455193213407869265e-02
-3.600890179408902658e-02
6.091840833149345796e-02
-8.963678450396633801e-02
2.396210532200623161e-02
-5.266777275741112152e-02
1.640682858811439576e-02
-2.681251324654575913e-02
-5.097407055159558498e-02
2.368492959295211836e-02
-2.011009666237935367e-02
-4.578366282884012428e-02
1.059173913737631451e-02
-3.286227876770086986e-02
1.578861684359612882e-02
-4.442489915148176149e-02
4.695136714766166841e-02
-6.656765282312490650e-02
-6.986348528632974064e-03
1.276520791764307675e-02
-3.153085031201111749e-02
9.870884557393273806e-02
-3.142800242702667446e-02
1.418826871652080490e-02
-6.094747180904478562e-02
6.520637084986073695e-02
2.004102480799471730e-02
-3.892515673000673110e-02
4.497491226620354415e-02
-3.302661059772219604e-02
4.840560717100341609e-02
5.017938947329045329e-02
-5.701694074383571731e-02
-1.852267998408855393e-02
8.391614432475012764e-02
1.584332307646424323e-03
-2.716399598422634780e-03
-2.006637948104491795e-02
6.232760973199188287e-02
1.853530201909254441e-03
1.392661815484615498e-02
-1.294527846942800271e-02
1.373991005360768874e-02
-1.319239377822801172e-02
1.779560837688723071e-02
4.308892258917335419e-03
-2.827550735318445224e-02
1.120202486241702287e-02
-2.385873552274674417e-02
5.752326667083446088e-03
-2.992879440509218017e-02
2.229196401156365720e-02
-2.290919886964404642e-02
2.678998303314427190e-02
-2.605845845483698020e-02
4.958876807839856377e-02
-5.027726708530148858e-02
8.784844072712010010e-03
-3.737411727011191644e-03
4.606982980899652913e-02
-5.539246381955083287e-03
5.518266816524397544e-03
5.092558599491132931e-02
1.131876800090802354e-02
-6.736119341319636578e-02
5.899498294196976050e-02
-3.503073470056414923e-02
1.013856045144110284e-02
1.746173463052550640e-02
3.831604658786346568e-02
-4.669998870858192708e-03
1.360275733055389333e-02
-4.739722451351231769e-02
5.030163420073444384e-04
1.530380649201865811e-02
-3.602112447589300454e-03
-3.267569043283964636e-02
-1.829000893010550993e-02
-3.380066284581680416e-03
-1.406294121874711589e-01
2.267100779238239577e-02
-7.357713085043407486e-02
1.972310203076713814e-02
3.237022306480857176e-02
2.414684815835751010e-04
-1.817742768282335289e-02
3.278548998518991675e-02
4.739240714439587471e-02
-3.121554967856474128e-02
2.128416923892944776e-02
2.534430100501513378e-02
1.257120239178038390e-01
9.550150950945336670e-02
4.397497278093225048e-02
1.549312825588862637e-02
-9.548654022271059472e-02
6.968452122472811386e-03
1.966993255460011691e-02
1.162093295353717158e-02
-6.733842052944395695e-03
1.810321288531219208e-02
-4.094861871511686763e-02
2.411779764020912254e-03
3.806944110754424768e-03
1.638057588695920191e-02
2.542788466151806731e-02
-9.390527356192909444e-03
-2.374054702584216248e-02
9.755618550452633750e-03
-3.016580400869504214e-02
-1.676636551772849038e-02
5.427438951232696485e-02
3.623519923269089005e-02
-3.523208457983670328e-02
-1.657279351551651375e-02
