2.297401056447202772e-01
-2.943105198696145397e-01
8.545304462329494921e-02
-1.828665884074032882e-02
8.615401619050415405e-02
-1.966373316767246471e-01
-1.063484322969440454e-01
-3.617971360925079094e-02
-1.516176650104214541e-01
-5.204851937059065126e-01
-1.849760977343719581e-01
2.838992887367779439e-01
-1.196426884760035891e+00
-3.037638414851011603e-01
-2.273571060318011483e-01
5.395017606139740352e-01
1.030009508556766207e-01
-1.021131779885173785e-01
-1.814325097706244172e-01
2.586617011161695956e-02
2.150492774073269331e-01
-9.431242220953928168e-02
6.255033353810723895e-03
5.261430340240271786e-01
1.186933428042719285e+00
1.218557064038692517e-01
-1.269115435043164652e-01
5.734300335219710831e-03
-3.684620728464959583e-01
-7.627185010462123049e-01
-1.219054531484990544e+00
-7.563665877384129210e-01
-1.341610119512946397e+00
-9.917350581235613305e-01
-8.118444431740856615e-01
-9.105998840610736167e-01
-6.744779546665391479e-01
-5.892350317982764096e-01
-1.786310928346262372e+00
-1.343814025800021739e+00
-1.555770229099532997e+00
-3.758591813531442227e-01
-1.817607145777021316e+00
-1.229075981697587139e+00
-1.433774768319388215e+00
-1.569473675379594368e+00
-1.801835710249271472e+00
-5.444236777361659563e-01
-1.261827153387169886e+00
1.261034337292386454e+00
4.637932054062243736e+00
5.936348957968517581e+00
5.367926252778912222e+00
8.397593766773081114e+00
9.081526224308239748e+00
5.550654470359118520e+00
3.601543423349006900e+00
2.423574378682733510e+00
3.031713453733626551e+00
7.440632622654668182e-01
1.357656968588045743e+00
-1.139445862663087894e+00
-8.393393213117370522e-01
-3.036751368535018258e+00
-6.558261588032909373e+00
-2.928863602201136729e+00
-3.798703082425058497e+00
-4.431720749663853987e+00
-3.062016514683944202e+00
-2.791346849959465359e+00
-1.050217596180596402e+00
5.611161793316021829e-02
9.904062798848478621e-02
1.848723511083174564e-01
-2.521354492520557766e-01
4.977442122312616402e-01
6.564834974376032584e-02
-6.508921719721016963e-02
-1.808368119092562676e-01
-2.161726880188089339e+00
-3.667025035547068601e+00
-1.122275210498310472e+00
-2.435388328925075285e+00
-1.641161412610969705e-02
-1.595542715758440977e+00
-2.231433273550623042e+00
-3.456196119417835888e-01
3.183813461350197827e-01
3.609608419098542242e-02
6.675698746900415870e-02
3.372056318487537396e-01
1.040830831282590907e-04
-4.091579361511605839e-01
-3.451853150985559893e-01
-1.030073905854234084e+00
6.913424634516847078e-01
-3.208142646933076492e-01
-2.125164447332821283e-01
-3.361135804928892412e+00
6.676290570001697233e-02
-1.051465677404980426e+00
-1.173009347934996782e+00
4.026732879700745116e-01
-6.222850650347773183e-01
-1.489842430295123421e+00
-6.235735366653578637e-01
1.126413940634723332e+00
2.394353145122529725e-01
-2.580497381372037324e+00
-3.610846109087439970e+00
-1.202854012895762992e+00
1.013906292554022315e+00
9.767094286418256388e-01
7.102771961897051511e+00
8.160008055268010096e+00
3.500314016643761406e+00
4.279972243490310468e+00
4.522155420151609206e+00
1.574424981167709126e+00
3.497334873391362287e-01
-1.186647673973837414e-01
-7.520779040644254287e-02
7.899892122901064351e-01
-1.225360569833968905e+00
1.252535054034528139e+00
-4.396871940092150766e-02
2.405477562457676299e-01
2.401085635119759587e-02
-2.206258163448393539e-01
-1.867860745989169402e-02
-4.903551297492385608e-01
2.674375129457544631e-01
-1.535776505416390769e-01
-3.349107945968410327e-01
-5.809685160235475987e-01
1.483868576126923244e-02
3.379905148607087462e-01
2.393858345812893695e-02
-5.254363335033215288e-01
-1.914903598391667350e-01
-6.227226491554876953e-01
-1.385046301229801546e+00
-1.818665742441136768e-01
1.764769910135932651e-01
2.738530253858662000e-02
-3.908972962985390875e-01
4.940071792891409519e-01
-4.746916919556491976e-01
2.206432736369401404e-02
1.781954904715944421e+00
1.258974960242519758e+00
1.265415077242325825e+00
5.048913149713061266e-01
7.740224701521611905e-01
5.954364509138549977e-01
9.370791193448342327e-01
-1.409332337723423478e-02
-2.577876158248182392e-01
8.614743203088508494e-01
2.512880187087348283e+00
4.536614615389922278e-01
1.346762569855108893e-02
1.224862935053478097e+00
6.312355300839449512e-01
3.503804108311747711e-01
1.656393525494497254e+00
2.425199442506526637e+00
1.064484874391549596e+00
7.307378775966277829e-01
1.512618597299894674e+00
-3.285874912094259415e+00
-5.770066427285414079e-01
1.294069168395795444e+00
-1.240477527518807577e+00
-1.190854859326835324e+00
-6.187586917820078192e+00
-2.899488072056755072e+00
-5.054626555938597221e-01
-5.484802174786116424e-01
-1.765798633647471361e+00
-1.065499640970267503e+00
-6.455746763898272400e-01
-5.922629355704202014e-01
-2.772914714893646604e+00
-2.173960424398552860e+00
-3.068382650820969282e+00
-1.428876012729512368e+00
4.137699297081933736e-01
3.889364603718559188e+00
6.711141532005100885e+00
7.757769493205420197e+00
6.540791616470228220e+00
6.601753286643694096e+00
3.281742807977707344e+00
1.026882706501385911e+00
2.114252127790923197e+00
1.694300597903556138e+00
-1.622663485742968703e+00
8.679284389509440700e-01
7.859543891426206130e-01
-2.438182786925921164e+00
-6.974675161239428434e+00
-8.785387859514795394e+00
-7.228404602199749007e+00
-5.022975411169614546e-01
-4.548055593616098236e-01
-7.676372374691431411e-01
1.182649248947127418e-01
-3.440378915371145041e-02
3.394374903273700284e-01
6.055151781478405049e-01
1.981705757797064038e+00
1.189038699312778391e+00
1.298477704841197955e+00
9.326250847273467315e-01
2.107627726198241902e+00
3.881481529196676661e+00
3.760823787012938624e+00
1.012940515639371597e+00
-5.600594868776472168e+00
-5.632584476702522380e-01
-7.611018497714887587e-01
-6.222411265445089157e-01
2.596784502921458682e-01
4.177300050374235241e-01
-1.852873263434933193e+00
-2.000710094243377313e+00
8.212117736343671481e-02
2.518206407182326245e-01
-1.758023133662742765e-01
1.085141451937580825e+00
3.890874790710032727e-01
1.548130517547079421e+00
1.532371641124791850e+00
1.394770029000207856e+00
5.844183205928441538e-01
2.521133428044979752e+00
7.381348751523262308e-01
8.352133220419943882e-01
4.965485706215417849e-01
1.154214951131066869e+00
1.415678333246361831e-01
8.914118426744650492e-01
-2.460811330909855599e-01
6.939353997039887645e-01
1.657079036037490738e+00
4.158650134041863566e-01
-2.541155520696630532e+00
-6.796438299539424577e-01
3.163598804618246163e-01
-2.286975192871203433e-01
-1.187997180890654647e+00
-1.530469715474765735e+00
-1.364638450205440279e+00
-7.689903169796288296e-01
-4.169463140314348948e-01
-7.487077037594502826e-02
-1.934506542338947810e+00
-9.172757820772403647e-02
-2.910563813123214771e-01
-8.069507393826551578e-01
-1.067430291693581168e+00
-1.837421065456181779e+00
-1.448838550968254424e-01
-5.347389771349515541e-01
-2.473892231638151529e+00
-6.821364513384794215e+00
-5.656317515270348650e+00
-6.957508158548084687e+00
-1.333337264524523391e+00
-3.373666809700560876e+00
-2.612498605086528869e+00
-1.874652216809302274e+00
-9.308645901303833625e-01
-3.711587361834656207e+00
-3.237597546711516117e+00
-1.781833654388933041e+00
-9.885855567606434136e-01
-5.856767361988914899e-01
-2.975565118201231485e+00
-2.030034287871373522e+00
-1.909267574370602460e+00
-9.755359805957368735e-01
-6.078241249814553271e-01
5.269880567676558769e+00
6.610689659492141601e+00
3.916888057774691845e+00
4.075729742289443180e+00
2.886843489559083764e+00
1.408976688623404527e+00
3.331176844154168037e+00
2.042273608130773965e+00
1.034603626552165423e+00
1.553981814577554132e-03
2.207757931705423005e-01
2.743737310555722786e-01
7.322693694530144626e-01
5.762958274172707007e-01
8.814847241746548434e-02
1.604901491521175672e-01
-9.444599484477222973e-02
6.978443553027648960e-01
5.117443420311511559e-01
1.406917365030551537e+00
5.791572739446033680e-01
4.525333066143515381e-01
3.587357743061607707e-01
5.248539694387766019e-01
6.260157847317655566e-01
3.236975771313794326e+00
2.169102476356213893e-01
-1.247779661164049703e+00
-1.122757256992740205e+00
-5.490698081147662446e-01
6.472084926529120263e-01
1.340039845108726979e-01
1.051629874614689708e+00
-5.598300097060376901e-01
1.176487226162241662e-01
-1.452861553011248752e-01
-2.669216845079724898e-02
2.728252571769834711e-01
-1.273206958277921075e+00
8.417183301831117070e-01
-5.996001429132686855e-01
9.359977759632612804e-01
3.683855027791206105e+00
-7.445034658561320295e-01
-1.507222287758045898e+00
-1.443546801098840593e+00
-1.880184616755883331e-01
4.442200523196560003e-01
2.413717256250658139e-02
4.165048946089816018e-01
-8.780639980139448575e-03
2.001343679320139568e+00
-5.596230630771541481e-01
3.783717065555842751e-01
-5.269291691562973945e-01
-1.476655276525361549e-01
4.578936834223901187e-02
-1.074873005215848387e-02
-1.340736885825651870e-01
1.090806954919387728e-02
-3.081525102490890178e-01
1.588271981207184935e-01
-5.085369470686643689e-01
1.047931356606021991e+00
8.904293824267566215e-01
7.144475498393775936e+00
6.560389424347849996e+00
9.768001392294682006e+00
8.015474967142456109e+00
6.621753555251700618e+00
6.479089982993180286e+00
8.352202464487348266e+00
4.277085762317661022e+00
7.650900662217644310e+00
8.125060243939174143e+00
9.692897193956426349e+00
8.380055567915817960e+00
3.749156004623259264e+00
4.436373739223014923e+00
1.625636951207155789e+00
-1.276331292899587311e+01
-1.365108437467110036e+01
-1.851496566708872393e+01
-1.122875341115628345e+01
-3.901303086658941766e+00
-9.835357993749219929e+00
-6.129215236727617366e+00
-6.712555785773485439e+00
-2.780380621225116755e+00
7.820052643171386819e-01
-4.755952469451933950e-01
-1.861696494615856068e+00
1.411709321410583584e-01
-2.533112450399226390e-01
4.650864317894214395e-01
-2.868463847501518060e+00
-2.250802034727614753e+00
-7.080634728418058188e-01
9.209827770922274226e-02
3.180516287923449426e-01
-9.562937808778180226e-01
-6.414144495259858303e+00
-5.128205184452562015e+00
-1.153468407762765491e+00
1.997602407976644123e-01
6.187130669830995799e-01
-4.987164295662620539e-01
-2.205094305182582204e-01
3.564532172064089899e-01
-1.495736356857602090e-02
2.855318024355377737e-01
-1.128939026172377957e+00
6.037268915356346355e-01
5.100677362707899398e-01
6.587534979911291444e-02
7.901989743208626127e-01
4.357331091012086155e+00
6.917206346197550815e-01
-2.921346956370163284e-02
-2.458282469556536398e-01
3.636347866601141732e-01
1.108463029144917122e+00
1.449342154538459937e+00
7.834788782684611874e-01
1.796575871246061773e+00
1.662815670481755603e+00
1.194559220532621424e+00
-1.470271165100900390e-01
-4.375963428372120489e-01
-1.479239596634124965e+00
2.409999839143441847e-01
-1.125217339533451266e+00
9.556232081240629839e-01
5.860263427936125424e-01
1.076934153597207455e+00
1.627563554068753859e+00
1.348248725478319088e+00
1.494733045826617257e-01
9.642620173454439225e-01
1.041341117282463813e-01
4.806816626978616114e-01
-5.464527476705409725e-01
-2.858644808069307430e+00
-1.512583565343124548e+00
-2.164386694106271491e+00
1.453665759909839039e-01
8.852787471853496015e-02
4.667260382342792724e-01
5.094837674603223121e-01
1.623809876688936171e+00
-7.626596555226665686e-01
-1.318832018044826526e-01
-4.357003186732963940e-01
-2.439494670399694698e+00
-4.510061007185901971e+00
-3.699800352128517655e+00
-1.932460413254368792e-01
-1.443305876972962309e-01
3.636019846477004935e-01
3.677415268461035613e-01
6.262581166117064946e-01
1.158317412527837931e+00
-9.967355019837098595e-02
8.799807417535854270e-02
1.660540794137363996e-01
-3.480703244842846544e-01
-2.537704982687507549e-01
-1.122048667243186859e+00
-2.573647941551089779e+00
-3.326909869923391216e-01
-2.271270622735621636e-01
-6.925366132827548427e-02
-4.175951216362339125e-02
9.507446942360331388e-01
2.155743356582337178e+00
1.045506477804757139e+00
1.416374692728722851e+00
2.221976736168139066e+00
-1.378049897231026222e-02
1.300286563245913740e-01
1.542221572161789567e+00
1.008970541539194521e+00
1.627388677519114424e+00
1.693851199181874989e-01
2.546211524981636387e-01
2.988549925796508688e-01
-6.701551800390461722e-01
3.746848092777952388e-01
-3.400419848218287910e-01
-4.328622308389284967e-01
-1.106641770379948042e-01
-6.119538121949847920e-01
-1.175436165700068258e+00
-3.843799658670832287e-02
-2.713096645993706701e-01
5.218064687355488118e-01
8.211975908579205452e-02
-1.691495753217431286e-01
1.755335258634307394e-01
-8.362436308723397715e-01
-3.230604497103474415e+00
-3.430108027164293194e+00
8.041939440850908172e-01
-3.376935822914721719e-01
6.204272238631545200e-01
-1.016948156128496539e+00
-2.895280417910096382e+00
-4.406229791375250393e+00
-2.973157035709342644e+00
-9.951878824725337580e-01
2.798287104849794815e-01
1.203610651419802835e+00
-6.801162966483502714e-01
-2.328351840355688651e+00
-1.043022563982560769e-01
-2.024596894067780539e-01
6.176334004202352901e-01
-8.021707777047737409e-02
9.768867100824323302e-01
1.117820229409398181e+00
2.169938867401308258e+00
-3.678803262240641914e-01
2.717169427599222864e+00
2.657411178665783247e+00
2.740310348667659657e+00
1.182549853622456792e+00
-2.597332060469009218e-01
-2.044183581158483254e-01
-9.463453960535850307e-01
-1.552308762280347754e-01
2.220937336235545567e-01
1.627680954304734584e+00
5.992239376508778914e-02
-4.869630379848461921e-01
-1.837824820416802951e-01
-2.452593480056580455e-01
-2.636810860476557217e-01
-3.717156299285497845e-01
-1.145872652099500399e+00
1.012699614134937587e-01
3.218749212495097822e-02
4.000508389348738092e-01
-2.505283364520634048e-01
8.675459018483433482e-04
-3.239725238800739149e-02
-1.702200462687639693e-01
6.933826185654125007e-01
-3.570779795541346724e-01
2.279253541611774292e-01
2.388410135217995389e-01
8.428091569761164692e-01
6.803930361746395317e-01
1.309338599397981140e-01
1.532421464185403259e+00
9.202135560104003353e-01
-8.450188704466232714e-01
-7.720560874053237210e-01
-2.343330179994596030e+00
-5.389762221401612763e-01
-6.786401094085905417e-01
3.723403216939180638e-01
2.742145432768661184e-01
1.392383343412104679e-01
-3.310682359025756138e-01
-3.441659172576327919e-01
-1.290505816072195389e+00
-1.300598887952384430e-01
5.992369077742094596e-01
4.492118817998793645e-01
-3.762767664949402402e-01
-6.116451056889018467e-01
2.064479771815408427e-01
-1.274808663430238020e-01
1.270232973193888837e+00
-7.653043850474368082e-01
1.048979810123919387e+00
1.981932480851571476e-01
3.301397126595364995e+00
1.145789068606671623e+00
2.725464970180135893e-01
3.454269155572937677e-01
5.563048788597715344e-01
-3.973892524823456895e-01
5.793006657709334206e-01
2.203567072587331310e-01
1.001478417023342615e-01
1.366071542639650360e+00
1.489314927719488146e+00
1.378537745307484741e+00
4.361754838007620094e+00
8.418898954669668200e+00
8.962800262459051481e+00
6.372020479861241427e+00
8.978236407478426884e+00
3.006226107640735279e+00
7.771532007655977736e+00
1.264686148208422622e+01
4.285361800869409876e+00
-3.044506202619558621e+00
1.203939815816966075e+00
-2.844675302449459764e+00
-2.275460525883943319e+00
-5.266305907100772288e+00
-1.120136346779451486e+01
-8.482619704544205774e+00
-1.585977496102223938e+00
-2.984361492783328629e+00
-1.284446645159420086e+00
-4.975490706777634387e+00
-9.755058046718243503e+00
-7.098861711427037591e+00
-4.317935638936882370e+00
-3.641561426753514574e+00
-2.863614720034699523e+00
-6.711845238555942394e-01
-1.124609353894369779e+00
-1.733124589982595554e+00
-1.089896122031494885e+00
-2.189095575493229084e+00
-7.677685370546822874e-01
1.260322174966237441e-01
1.807405866847213716e-01
-3.957848376627923770e-01
1.578406615760826082e+00
2.506881559678148630e+00
2.807024027377392539e+00
2.060337932424790797e+00
1.941167032307129503e+00
4.348228570703234652e+00
6.086141534481466664e+00
1.772174538548497935e+00
5.635478951336629905e-01
1.091241443000399158e-01
-5.488931312147293795e-01
-2.078414601236563186e+00
-5.721494332592243381e+00
-5.140284897250238849e+00
-6.956593428070207530e+00
-8.112156230087759212e+00
-3.419092235925573320e+00
-7.580026853158239319e+00
-4.453298462080834241e+00
-1.855388126746255750e+00
-1.970076808903076682e+00
-2.593462245515915754e+00
4.112005044240696350e-01
-1.361521244642666773e+00
-2.170259522417506304e+00
-8.574629484975559990e-02
4.836632014049552453e+00
9.799623705981193922e+00
1.095405781697789571e+01
9.636538899800918045e+00
6.871659704542437019e+00
9.103474649436478217e-01
5.337068831908684530e-01
5.868672468020843525e-01
-1.454221947018439209e-01
-6.672788303168850632e-01
-8.643404138527177594e-01
-1.579782981662829044e+00
-2.554588420966892315e-01
-4.473002370027501229e-01
-1.602375421820172896e+00
-3.055756169006871303e-01
-1.469273429545863152e-01
-9.563174795639906023e-02
-9.366807651669133428e-01
1.324750620297279191e-01
-1.602302298009257164e-01
5.756963124042808744e-01
-4.768559608542246586e-01
-2.164597184629486470e-01
2.928565128226723324e-01
2.341758680477967758e-01
-2.972663964334110176e-01
7.329559157883114295e-02
-4.354973088581743923e-01
5.236436496663858797e-01
-5.343337687235072408e-01
8.456162741887309764e-01
2.518399904822663515e-01
-1.835341489385786673e-01
1.235789319508215911e-01
-2.158743892311001389e-01
1.208311249728670767e-01
1.478193628048094510e-01
7.692573082003280049e-01
1.460868117414173994e+00
2.020094911266911986e+00
3.177861297387066131e+00
5.815162600188056530e+00
7.740725246474550403e+00
3.840876678892875873e+00
3.349507899384001064e-01
4.088258977183972576e+00
4.984726381949144525e+00
7.717854339417229426e-01
4.168763586762516127e+00
5.981705494901042641e+00
5.970138251950949382e+00
5.191500844324359321e+00
1.477458163256642365e+00
2.963828274232241711e+00
2.994382794844582918e+00
1.948809421176633805e-01
3.493229756690254817e-01
-1.274475237233431812e+00
-1.495605757432230121e+00
-2.781101728719619359e-01
7.987381903007104711e-01
-1.979332169318297474e+00
-5.803902956295509341e+00
-5.221382056770856650e+00
-3.717375458471444460e+00
-4.164849004777877894e+00
-5.028096757869931821e+00
-7.914832140101871971e+00
-7.320791892237686227e+00
-7.512478012714222331e+00
-4.905620909078850289e+00
-3.165074359801344883e+00
-2.046102623506131479e+00
-5.590876806793989573e-01
-1.368977794546670346e+00
-1.704819665443608301e+00
1.081310052989348236e-02
-6.010446703016585346e-01
-1.729126280519826642e+00
-2.828607949332709204e+00
-1.272378279069896090e+00
-4.460679965063820696e-01
3.972134389265895571e-01
-3.502331941612899513e-01
3.525263488398224787e-01
2.800105175045652928e-01
3.580692299426209146e-01
1.203171205513995368e-01
1.007157218620865269e+00
1.720970057721609159e-01
1.179418532862717583e+00
-2.255410699259036367e+00
-1.219544699690317646e+00
-1.755602499535828365e+00
6.994440283671430336e-01
1.629244625246409672e+00
3.819025379936817899e-01
1.835450951824943999e-01
-1.888269425396105206e-01
-4.735765457262971267e+00
-9.806846598232203505e+00
-8.818656572489427248e+00
-2.124245301313234080e+00
-1.604942118413930530e+00
3.447847610742446278e+00
1.005422193436039180e+01
1.085459759001113866e+01
6.352000252844144157e+00
2.382634649861061771e+00
2.458234363971731007e+00
2.312418364025456086e+00
3.003775700655124226e+00
3.144354072969957059e+00
1.256766773184521568e+00
5.450817189482979330e-01
7.202389650972804702e-01
7.168964451558821338e-01
7.593153278461883815e-02
-1.965758332752379545e+00
-4.073831021463032442e+00
-4.000823356026535826e+00
-6.414040560063600793e-01
-1.097414800892036801e+00
-9.930811426358028271e-01
-6.099123170406315353e-01
-1.246787639135499060e+00
-1.644146541417572882e+00
-3.275949558456376032e+00
-1.237700206957897731e+00
-3.185351086151766431e-01
6.561101952004082527e-01
-4.009843299010649176e-01
5.806026711791867356e-01
9.951498745609881347e-01
1.055859476149043630e-01
-5.741563794421862266e-01
-2.853825149990996124e-03
-8.928311606025014502e-01
4.380946403029595260e-02
1.530818956763622118e-01
1.444863768235740586e+00
1.059512043769355039e+00
5.015095542190652900e-01
1.612565403506407979e-01
1.089960392026092295e+00
2.620969326356085372e+00
2.674242165503429192e+00
7.359540158424318079e-01
7.964273600857811886e-01
-3.245290422412843157e-01
-1.335220051483858583e-01
4.676318135445889368e-02
-6.247156474621995415e-01
-1.016553048260190550e+00
-7.974997336334599396e-01
-1.023714882281983485e+00
-6.291350167331342114e-01
-1.986486446930801897e-01
-8.798619645644145670e-01
2.255936750785472178e-01
-2.253476766912072549e+00
-2.314673858751821189e+00
-2.138334622733232049e+00
-6.834336530396871723e-01
-2.663773740233343901e-01
-1.988617970292541060e-01
1.491467296177960922e+00
1.004285052158573777e+00
3.923870300698746316e-01
6.383122263547964526e-01
-5.112714057494529563e-01
-3.135312468057267488e-01
-1.765575867310472447e+00
-1.328606393231857030e+00
-7.307781616036628236e-01
6.643443910530866248e-02
2.229561645382691637e-01
1.087416413163580842e+00
-2.497387890796680665e-01
-2.036613254903709702e-01
8.147576979444286494e-01
-1.739216813272737028e-01
-9.066968143179909845e-02
8.234912630108390807e-01
7.748505401643579482e-01
-9.658719481045534572e-01
-2.925725582909328715e-01
-8.725304015195627372e-01
-4.046891092247602906e+00
-3.377699726021159421e-01
1.423805922140306102e+00
1.093487236897279224e+00
2.413587338426676610e+00
2.976989306035175087e+00
3.526393651064680057e+00
1.911682316090556721e+00
2.196939564918976018e+00
2.014177867569116209e+00
1.360976292467352522e+00
4.992920836686565167e-02
-6.705920041334589854e-01
-2.229135844432741820e+00
-1.374528788733381468e+00
1.038061012727213850e-01
-3.564019567878071726e-01
-1.482577806846185453e+00
-8.295158874770005575e-01
-1.095671475757849400e+00
-3.678517612782919777e+00
-2.107117354942969367e+00
-3.595466978296757432e-01
2.748142049019177691e-01
5.643967355933190433e-01
7.640581547951423858e-01
2.695467702600300441e-01
2.104335879578242974e-01
2.395012568335279646e-01
2.382103809643842940e-01
2.407777658195189296e-01
7.588737672293999204e-01
-9.330730368116546547e-02
3.446565697488102042e-01
-1.643819478071506524e-02
-5.055938707441354207e-02
4.432513695459905367e-01
8.333519615121817714e-02
2.029652152493310879e-02
-9.047320491909621731e-01
1.436362456460742454e+00
-4.472189642843643620e-01
-2.038000289030374168e-01
2.822109840291847083e-01
-3.961605914702757969e-02
9.461815575852019003e-03
9.279311051806133541e-04
-9.279072926404864467e-04
1.599262669182651732e-08
9.166497674939877004e-04
-9.053580769940929463e-04
-1.126013349932930487e-05
9.166581054998411675e-04
-9.053699721644965261e-04
-1.125657728807312745e-05
9.166581892441380379e-04
-9.166344333781347494e-04
1.127513784752404787e-05
9.053909295098503318e-04
-9.166262627022669788e-04
1.126333362066888222e-05
9.054028331723702099e-04
-9.166346108675462638e-04
1.599377448496363662e-08
9.279006373795108814e-04
-9.278849742715843292e-04
1.599250036064358942e-08
9.166502788291681697e-04
-9.053814651408281138e-04
-1.123725837447974417e-05
9.166586166268409419e-04
-9.053933104092864873e-04
-1.122550271270881075e-05
9.166504455290415843e-04
-9.166266912247885909e-04
1.124401370951719399e-05
9.054143251104591721e-04
-9.166267849932945716e-04
1.124050832240636459e-05
9.054261688452474362e-04
-9.166351229347354792e-04
1.599240313103261670e-08
9.278781844709212134e-04
-9.278543737673129819e-04
-6.186518924982707733e-06
9.228451067255227791e-04
-9.054048953910736296e-04
-1.121439562244932911e-05
9.166591264334988769e-04
-9.054166844381771745e-04
-1.120264013469270885e-05
9.166509551214236566e-04
-9.166271466041538835e-04
1.122109534005355329e-05
9.054460584130769648e-04
-9.166355564605837289e-04
1.121763467735689170e-05
9.054495516773597300e-04
-9.166356338122855956e-04
1.604804145561439244e-08
9.278557646417378386e-04
-9.278320112621090462e-04
7.743091242891440157e-09
9.166587981889627243e-04
-9.054356349521251734e-04
-1.118326134219430924e-05
9.166505252282131089e-04
-9.054392179544108830e-04
-1.117975629768407509e-05
9.166505569731467221e-04
-9.166267500211982807e-04
1.119821139474170126e-05
9.054684328143039126e-04
-9.166350937632192566e-04
1.120203787102714774e-05
9.054646838919399622e-04
-9.166352267234511653e-04
1.604794486972135458e-08
9.278324837247210483e-04
-9.278087319440915092e-04
7.798764967419536537e-09
9.166591490892678478e-04
-9.054590046338291875e-04
-1.116040083876729727e-05
9.166510325458350483e-04
-9.054551652887787546e-04
-1.116421742049235300e-05
9.166511200705098391e-04
-9.166273146534536197e-04
1.117533982358099144e-05
9.054918112061996743e-04
-9.166356016139611852e-04
1.117916581863973935e-05
9.054880618892463063e-04
-9.166274859161624954e-04
7.798673980617567940e-09
9.278174631814835619e-04
-9.277937142226815384e-04
7.799879761494731001e-09
9.166596554618122207e-04
-9.054823826585968547e-04
-1.113753091752700856e-05
9.166515486761178753e-04
-9.054786428312364089e-04
-1.114135824780490959e-05
9.166598862602974703e-04
-9.166360823672796334e-04
1.115248056389105352e-05
9.055151759313989721e-04
-9.166361087580298956e-04
1.599190629725732397e-08
9.277911941401879425e-04
-9.277673900771734932e-04
7.742699271388441690e-09
9.277951097960740641e-04
-9.277713624117894667e-04
1.604895762443434622e-08
9.166519112929529802e-04
-9.055057476238126011e-04
-1.111451663629749306e-05
9.166519977461357006e-04
-9.055020186607335266e-04
-1.111848908206325762e-05
9.166603910012841071e-04
-9.166365886597270529e-04
1.113694282205490780e-05
9.055312180217271918e-04
-9.166283656294590618e-04
7.842628437892528587e-09
9.277679019831756727e-04
-9.277441007322811180e-04
7.743765038017579212e-09
9.166596660169836494e-04
-9.055246289800185670e-04
-1.109524244685019504e-05
9.104378733186583271e-04
-8.993072581872504564e-04
-1.109907006367527637e-05
9.166598450664448878e-04
-9.166361006128349821e-04
1.111024877635699798e-05
9.055574728720174526e-04
-9.166361770560103395e-04
1.111407472917872580e-05
9.055537285838562460e-04
-9.166280098152455738e-04
7.742435251218782524e-09
9.277528922005477121e-04
-9.277290924929852429e-04
7.744297969978944200e-09
9.166601681139545290e-04
-9.055479895945481609e-04
-1.107238627713573041e-05
9.166520110657246220e-04
-9.055442535409649043e-04
-1.107621408124992012e-05
9.166603473682378208e-04
-9.166365047678867468e-04
1.109471318966636689e-05
9.055735105444819195e-04
-9.166366808674526658e-04
1.109120780410062046e-05
9.055770974078242858e-04
-9.166285146347738760e-04
7.743492942018960490e-09
9.277305275640127490e-04
-9.277067294335678395e-04
1.599334205308199260e-08
9.166524205337071461e-04
-9.055639766485814148e-04
-1.105690255925118385e-05
9.166525069178601236e-04
-9.055676170193504605e-04
-1.105334818383918655e-05
9.166608485475644845e-04
-9.166371072568306813e-04
1.107190808316853205e-05
9.055968163956271480e-04
-9.166289341044322114e-04
1.106010391374627954e-05
9.056087073532978092e-04
-9.166372715778000561e-04
7.743348097053945334e-09
9.277082236726685643e-04
-9.276844270885306826e-04
1.599320592675585254e-08
9.166529306159241705e-04
-9.055873422869274410e-04
-1.103404870694351086e-05
9.166612672068623607e-04
-9.055991829087083490e-04
-1.103054547895794991e-05
9.166613495705010564e-04
-9.166375093533809647e-04
1.104904331762622831e-05
-1.102525204373042014e-05
9.166605416364615073e-04
-9.166368022384520711e-04
1.104376318554219744e-05
9.056246638200920497e-04
-9.166285394537280595e-04
1.103199798866986363e-05
9.056282609764600708e-04
-9.166287201473448127e-04
7.741986032255431145e-09
9.276797697749069498e-04
-9.276559739047352806e-04
1.599183945184302902e-08
9.166526789408824694e-04
-9.056152484555206111e-04
-1.100589293600712497e-05
9.166609591259486075e-04
-9.056270324458465682e-04
-1.100238874294783996e-05
9.166610498822218723e-04
-9.166372560245284948e-04
1.102084374336274734e-05
9.056480252866837711e-04
-9.166291384928414035e-04
1.100914476876353493e-05
9.056598666212443407e-04
-9.166374742850142429e-04
1.604712919917863564e-08
9.276491105151134535e-04
-9.276336226795461361e-04
1.599288946097594723e-08
9.166531764567937505e-04
-9.056385990073911657e-04
-1.098304161025285425e-05
9.166615125624044506e-04
-9.166377193229058046e-04
-2.196516614048495239e-05
9.166448267997964749e-04
-9.056597072754614614e-04
-1.097722931638154403e-05
1.098508563470997990e-05
9.056589855388331002e-04
-9.056602921310522849e-04
-1.098665816590637095e-05
1.099451316876024919e-05
-1.098587115997932278e-05
9.276300875512888443e-04
-9.276315261016381073e-04
1.098469251490800979e-05
-1.097604968390553364e-05
9.276294404212605694e-04
-9.276308808355473307e-04
-7.544949834174807801e-10
1.099327216228186872e-05
9.056609092371456157e-04
-9.056622177715699861e-04
-1.098476100574698666e-05
1.098345026336110079e-05
9.056707395844073010e-04
-9.056628819564861450e-04
-1.098410631626788438e-05
1.098279689223244306e-05
9.056613045428682333e-04
-9.166362137574823876e-04
1.098207849180780459e-05
-1.098352029810580088e-05
9.276277625156425198e-04
-9.276292023566277837e-04
1.099150757689248059e-05
-1.098286555346035076e-05
9.276271113868464566e-04
-9.276285539207092170e-04
1.099085308334196525e-05
-1.098221106101795780e-05
9.276264722305554121e-04
-9.276279129118859389e-04
-7.544866057601889303e-10
1.099026702802966720e-05
9.056639530957262757e-04
-9.056652652586916902e-04
-1.098175621578356448e-05
1.098044680457045371e-05
-1.097180472251659661e-05
9.276252396110540440e-04
-9.276266811965601768e-04
1.097979221611920721e-05
-1.097115158120467418e-05
9.276245997424417385e-04
-9.276260425646353815e-04
-7.544582244643945057e-10
1.097920647792993243e-05
9.056750327269183888e-04
-9.056671782237579911e-04
-1.097986276799557356e-05
1.097855209791777332e-05
9.056656028023160349e-04
-9.056577494321316202e-04
-1.097920705650012386e-05
1.097789769590789752e-05
9.056662615182860428e-04
-9.166362768033191680e-04
1.097718183958815976e-05
-1.097862130524867945e-05
9.276229208846525128e-04
-9.276243654042406594e-04
1.098660907309669237e-05
-1.097796697959688584e-05
9.276222805687149792e-04
-9.276237269598364360e-04
1.097678986665286246e-05
-1.096814695099281782e-05
9.276215632702391545e-04
-9.276230086343987841e-04
-7.544506987731697950e-10
1.098536789201106213e-05
9.056689099377034091e-04
-9.056702242890794091e-04
-1.097685867531565022e-05
1.097555007064030517e-05
9.056787280842216407e-04
-9.056708770136499831e-04
-1.097620587998916156e-05
1.097489521242597853e-05
-1.097633543481472864e-05
9.276298429351893327e-04
-9.276212072505901716e-04
-7.535925533364061860e-10
1.097430961186927130e-05
9.056799905301805018e-04
-9.056721415974276291e-04
-4.732054979250327280e-06
4.730745638011313011e-06
9.056705568522203887e-04
-9.056627069940939145e-04
-1.097431089451501385e-05
1.097300103188378470e-05
9.056712198795389837e-04
-9.056725362024057712e-04
-1.096449113569992486e-05
-7.543859524420434143e-10
9.276180829822402822e-04
-9.276195313668903451e-04
1.098171235466110748e-05
-1.097307081765660759e-05
9.276174381246982429e-04
-9.276188869286888664e-04
1.097189398465588908e-05
-2.591482249501949817e-02
-5.821390763831785220e-02
1.226042340055495672e-02
-1.788280504921617164e-01
9.359006398271887961e-02
-3.357268497163193866e-01
-1.894252001601631208e-01
6.979025533227632971e-01
-5.628232904922132462e-01
-2.355132148125773650e-01
2.526895037101133390e-01
-6.290981893766008914e-01
3.789686948620077933e-01
3.225008675358345123e-01
2.461004979093617262e+00
-1.840752056932659642e-02
-3.529563894813869673e-02
3.445952931482250126e-01
1.078318677547901672e+00
-3.573780868573952496e-01
6.760983942032097183e-01
6.003611519683849096e-02
-1.488094515198255863e+00
-2.086300844197432891e+00
-2.648912945354127135e-01
-8.147462703421639585e-01
9.656880658162386721e-01
-1.339880682968346004e-02
-7.275407793653252408e-01
2.177368276028041616e-01
-5.086535322993204211e-01
-1.044052411435864247e+00
1.258075347397973331e+00
-1.510581970499413451e+00
2.066196167889249757e+00
-1.559104406514380203e+00
1.017140336116028720e+00
-7.085625325126302387e-01
4.069880752872350183e-01
8.067150919585486246e-02
-1.911720021055404173e-01
-2.986119532108300056e-02
-1.321104006667301878e-01
6.700079857567818875e-01
1.050830051853617331e+00
1.826928545566494089e-01
-6.459288848062438859e-02
2.125971802629010865e-01
8.406213829047890496e-01
-7.052653566900929372e-01
2.393247780335249209e-01
2.676116677256037413e-01
8.727528224514635724e-01
-6.573906615234714756e-01
2.167501725104812316e-01
-4.120491395800023327e-01
-1.362134792219063861e+00
3.386989121163921229e-02
-2.263281032732896991e-01
-4.265756221609126597e-02
3.424326076257400153e-02
-3.913016577322296907e-01
-3.000513164620433049e-01
1.709999113550220162e-02
-1.564922967264403830e-02
1.576888018286257687e-01
-5.349952133086011141e-02
2.683063045516592138e-01
1.295292415795916696e-01
-2.423213403600568694e-01
-1.407713175636571501e+00
-3.437001013038523123e+00
3.445583102475247017e-02
1.225952603731548685e+00
3.938970894555075208e+00
4.325573385618508127e+00
1.136949770471700205e-01
2.872361328696939609e-01
3.249035977910077477e-01
-8.127832044224980734e-02
1.190104048447970797e-02
-4.232844119119238968e-02
-1.904246746390514389e-01
-1.547439435826293952e+00
-1.267127706251970798e+00
-5.435819620664987806e-01
-6.126823835697114973e-02
-1.098805392234520451e+00
-2.021775869901485834e+00
-2.122070696107978716e+00
4.612584975507783014e-02
3.862455626876557524e-01
3.459778468627203729e-01
1.914436990136307193e+00
9.619477819886279590e-02
3.203282035335006661e-01
-1.885016907057324165e-01
9.798103809486091720e-03
4.078580129988629288e-02
-5.298282093638999601e-01
-9.499194089561064924e-01
8.379968818092198291e-02
-3.085927474513878721e-01
9.338758312152948271e-01
2.094639210582338595e-01
2.549931257499300497e+00
6.889975902232130522e-01
-2.101430176248753057e-03
-4.787092327407815873e-03
-1.497947216819615068e-01
8.275599600689798052e-02
-7.489654638611775717e-02
-3.227946928461631337e-01
4.574178355008675645e-01
-1.032892951348491906e+00
-4.594634885105797206e-01
-1.640780258551846282e+00
3.135294036933129469e-01
-8.737301880278769417e-03
2.075129519438736470e-01
9.259152790765989849e-02
8.473666026704107512e-02
5.022065313497022787e-01
-1.262399203037619655e-01
1.997247472632460052e+00
2.740418568030784208e+00
-1.558312123418046369e-01
5.497061872798409965e-01
3.994324516270443048e+00
1.686596112882027043e+00
3.766938893173925607e-01
5.993031546725280378e-01
1.256944464659387251e+00
5.351245162389712817e-01
3.953631779306476801e-01
8.086988970780772945e-02
1.500100834083943013e+00
2.042067620281340368e+00
7.549463760301875936e+00
6.112184543890460731e+00
-1.885385875751609319e+00
2.682409418448056471e+00
-2.306379200908015292e+00
2.871287339725892451e+00
1.746311051267973369e+00
1.627390458488903846e+00
4.210529089533451952e+00
-5.066426114153586013e-01
7.155844594288751637e-01
5.705952905045919010e-01
-5.735850195056713119e-01
-2.634514965725998081e-02
-2.324557141814175054e+00
-7.745017324532344816e+00
-5.102086379772977409e+00
-5.770558289022385878e+00
-3.938545022670343343e+00
-1.684973653250754211e+00
-5.751736451643818526e-01
-1.470364543735101392e+00
8.093933560894583934e-02
-6.678862999731904893e-02
8.334377722925765397e-01
2.929890203844383478e+00
1.098772158415906475e+00
4.829216987261006011e+00
3.741842068100734053e+00
5.358918654896172029e-02
-4.007698028708581717e-01
-8.402754326640859972e-02
8.637608578747162369e-01
1.052705424221933583e-01
-4.142440251710119981e-01
8.162677206001340835e-01
2.081866384020436556e-01
-2.138562315138219816e+00
-2.215664123648434014e+00
-8.120754653368678078e-02
3.735352860503837746e-02
-1.337275050593742520e+00
-2.356862689305756930e+00
-1.820034869984050729e+00
-1.311354511364370978e-02
4.811094567143339162e-01
-3.395684642583631785e-01
-8.065650837150464270e-01
-1.106588324431422521e+00
1.737785081115585939e-01
1.593909893515466081e-01
2.617423908465390525e-01
-5.354741532924673919e-01
8.389066320397233767e-01
-3.341012032166013057e-02
2.877498813384242737e-01
3.392925455825004377e-01
-3.688732208641152255e-01
8.647563804750717509e-01
1.993734769329190470e+00
8.025817112728361735e-02
5.694115068931857593e-01
-2.866036954438868634e-01
2.508578103279326399e-01
-2.251026087283314325e+00
-1.095945834841407063e+00
-9.131227477178072149e-02
3.893025985354316987e-01
1.562406618808235947e+00
2.637912350369600034e+00
1.347193298954724838e+00
5.072055716126584457e-01
-3.771345453810504011e-01
1.029130742957111266e+00
2.358421454881757029e+00
-4.123230974506526536e-01
5.971307961396910002e-01
-2.011838939195698117e-01
2.615567077320442024e-01
2.537168344447415791e-01
1.614217901622946982e+00
3.533518407445548348e-01
3.108593214987003250e-01
-1.579230484398976841e-01
-8.745219708185665297e-01
-4.599200944278720726e-01
-1.384328915674689853e+00
-3.150329374611882116e+00
-1.742850678256772312e+00
-5.237312727403775625e-02
-1.718644509799108988e+00
-3.179306808968073383e+00
-2.834069422070793820e+00
-1.067677389117482889e+00
-1.015977673114390356e+00
-5.487813248445826630e+00
-3.889768693932945443e+00
8.656445434870430056e-01
-5.133357881766458242e+00
-1.013089886662294781e+01
-8.610383476891085408e+00
-3.346590686084045529e+00
-1.933725617931049356e+00
-3.866710800832070305e+00
-2.583041803556813676e+00
-3.602266508324476035e+00
-2.280673715662565826e+00
-1.130215924822820739e+00
-7.155073677095131757e-01
-1.391781577192723773e+00
-5.404857132654257157e-01
-2.687381668563588732e-01
4.443897345781010699e+00
7.650359423684520266e+00
3.370715684726469874e+00
1.965688841897602401e+00
5.801528396927874809e+00
1.445759404291671046e-01
2.784438221249494916e+00
4.110766252361955253e+00
1.219241780245280182e+00
2.029194111145557144e+00
2.547494048590303706e+00
3.091909615867006522e+00
4.757847989632075780e-01
3.020707173341392604e-01
-3.815508465445338615e-01
-3.770636141935490571e-01
5.461911067216869142e-01
-5.428739332816752139e-01
5.080848578699539431e-01
7.955649314197135169e-01
1.132595265179948907e+00
1.545097011742491144e+00
2.764491193218062692e-01
-3.169218702277997179e-01
-1.082760155071592179e+00
-1.144172639194012575e+00
3.279015628198518328e-01
5.934999655379424865e-02
1.062973482602933339e+00
-3.629485235450113922e-01
8.116336192024742324e-01
1.680646946656334073e+00
1.374964278477198043e+00
-3.549886973661453560e-01
-1.100777107235664243e-01
-4.042783261945703810e-01
-1.026747587038790543e+00
-7.581566196317428563e-01
7.420007729980704347e-02
-2.339191112078276014e-01
1.805203568597668617e-01
-8.877733209835014794e-01
-7.898173697290808981e-01
5.098596851934757979e-01
7.326475863518746579e-01
4.380491396550670657e+00
-4.378594690801911327e-01
-1.776181464046432623e+00
-1.100715380581160030e+00
-4.856920727369187230e-01
1.631406309813694389e-01
2.107724953553452574e-01
-2.199317844197949956e-01
4.195160162222912326e-01
-4.641597003455422699e-01
5.000962775870962940e-01
-7.931072752713368423e-01
1.190700762112371969e+00
-6.371905580901393584e-01
2.815382231285430414e+00
8.915473706070692117e+00
1.365597424846564678e+01
1.501156899569211234e+01
9.947763505433499631e+00
1.010970889474935319e+01
4.564149101948416387e+00
6.360420465180226302e+00
9.949786989777948065e+00
3.672318338184624054e+00
3.480121771594753000e+00
1.959445189007070098e+00
-2.200127988182870808e+00
-5.025415393983223566e-01
-3.191732007135215099e-01
3.073421004774843368e-01
-2.484588728528095203e+00
-9.848444552419252318e+00
-1.805252402891385799e+01
-1.027343160974341174e+01
-1.695561399027299032e+01
-7.426011494006225178e+00
2.121261612833677646e+00
-4.444390552051409315e-01
1.290443403059285288e+00
-1.382827737181255401e+00
-4.469791804790190781e+00
-5.771844105427852867e+00
-4.419989950062419126e+00
-5.423823722173547246e+00
-6.283814161435747891e-01
-1.760822624332105013e+00
-2.337289645668363391e-01
3.437466306631031809e-01
1.022887933245536285e+00
-9.474769216239493641e-01
-7.382255684238901994e-01
-1.190577636900613578e+00
5.644021340411227161e-01
-4.740378644597248448e-01
4.573492224004511719e-01
-9.672728207728453764e-02
6.090609334231293914e-01
-5.898297655017541441e-01
4.544497393244076866e-01
-1.143571107277068677e+00
-4.777542516368012970e-01
2.510704461323061132e-01
1.041944452891581108e-01
2.498812698613094296e-01
1.329272121049865252e+00
2.595966250376683160e+00
2.773456168737018945e+00
1.443676873891748258e+00
1.292056429773417392e+00
1.449053194722475624e+00
8.323317163066068503e-01
2.170349214934130799e-01
-1.614910047657858172e-02
1.070260651011771813e-01
-1.438036133160196073e+00
6.591104879809677186e-01
-2.059613538948646294e+00
1.881786137715257823e+00
7.018904945372064219e-01
1.987395201052784444e+00
1.367372219296077773e+00
1.286733819202172668e-01
8.755212241707113208e-01
5.093172619966956916e-01
-1.097826376583070029e+00
-2.212153148938046598e+00
1.224273721370288115e-01
2.098602974911862873e-01
-6.155929496361860487e-01
-1.172193999957796606e+00
-5.384320723383115848e-01
-3.279370038445073021e-02
-1.128400135682781524e+00
-9.061038468126501044e-01
-1.535887609216938010e+00
-1.697985547567109066e-01
2.311363799018844034e-01
5.870503991346076589e-02
4.675364892833915320e-01
-5.351907214665727608e-01
-4.141637136541615583e+00
-3.636707001425574681e+00
6.222825814173565950e-02
4.378940454593615028e-01
-1.422249411614140147e-01
5.123890503440255983e-01
8.735792844578230687e-01
-1.335403785958795275e-01
1.171979187179215121e-01
-8.207876937055069710e-02
2.551076880153055892e-01
-1.122794588806936833e-01
8.093191934670691534e-01
-5.775571309179636792e-01
8.319047538089767713e-01
-2.203647323485146359e+00
3.839150145934222547e-04
-9.808391138470265447e-02
2.486126232651079404e-01
-1.807900260260653369e-01
-1.759168677948918513e-01
-1.564189787186438252e-01
4.432963059616334967e-01
-1.221888282847763407e-02
2.269708978191691817e-01
2.839191265400060171e+00
5.767385992673078832e+00
8.383277534414665055e+00
1.275562741982487935e+01
1.326113471356518403e+01
1.328734639988328325e+01
3.882356152848146280e+00
8.555862677321506737e+00
1.958876538227713127e+00
6.058247380655643610e-01
-3.192732073515955449e+00
-4.624614590657238011e+00
-2.209833942330917012e+00
-7.226360321784611074e+00
-3.585193285644884043e+00
-6.185099024066119000e+00
-4.213450566050710222e+00
-7.135676563361236902e+00
-5.022922272981372060e+00
-8.775433917530925498e+00
-1.153784786349515201e+00
-1.072973039223057867e+00
-1.261284466795729031e+00
-3.458614691436366684e+00
-3.961488483593102572e+00
-2.621039066958627650e+00
8.490158745666356310e-01
-1.029092921307674047e+00
-1.796851367454890713e+00
-1.947476645751904822e+00
5.859287816616332023e-02
-7.745656411130719121e-02
2.151741256976933414e-01
-2.641315400558870152e-01
-4.395747554551436842e-01
-1.714190442500387102e+00
-2.831117257225446715e-01
-4.065492221898790448e-01
5.763601490151748497e-02
2.139349481941622555e-01
-6.511428189668088118e-01
-7.410209046523565934e-01
7.217392809318037283e-01
3.602791142621922793e-01
4.129440009647369902e-01
1.736265791822989346e+00
5.484158117829118773e-02
4.848424443970167363e-01
-7.947404581805397328e-01
4.299716308058803005e-01
3.589596317180554497e-01
-7.150254321244648992e-01
-7.229507014221678851e-01
-2.997852513427777810e-01
1.935353323087443955e-01
-3.463488659693776395e-01
2.722660818017731410e-01
3.810006704824152601e-01
-9.100633639331675573e-01
5.125861817948234034e-01
-2.646331199857301364e-01
3.441707102609094932e-02
2.076157098718535154e-01
1.266939223797104996e-01
-2.993639175316441525e-01
1.592187762687009289e-01
-2.276964990650601484e-01
3.507950201262960421e-02
1.972107624653846730e-03
2.210491931350319281e-02
-9.164198409315820956e-04
-1.350636200237879143e-05
1.349337558702723456e-05
-5.576807419005003034e-09
-1.349707386430117355e-05
1.348410109197835697e-05
-5.576807172643776260e-09
9.029272067989725691e-04
-9.029401537491198518e-04
-5.577008545443504868e-09
-1.347854382809060961e-05
1.346557068692436880e-05
-5.576420288539243614e-09
-1.346926904674682016e-05
1.345628319095917379e-05
-7.369414431975299627e-09
9.029566491425253293e-04
-9.029678041438543318e-04
-7.409462937726398173e-09
-1.344887265380905443e-05
1.343775944030061427e-05
-7.409469584885214387e-09
-1.343961131487166318e-05
1.342849750375337418e-05
9.164080735717164937e-04
-9.298458667665530615e-04
1.341924243869506357e-05
-7.409085362696914969e-09
-1.342109471018684425e-05
1.340994103406203300e-05
-7.369634933987538042e-09
-1.341183305728014008e-05
9.298141122300441043e-04
-9.164208699754104346e-04
-1.340251763516039048e-05
1.338957174345388788e-05
-5.576858494156598095e-09
-1.339325635946836765e-05
1.338030987096816294e-05
-5.576863564621181235e-09
9.030319480628754870e-04
-9.030448952278558039e-04
-5.576872521801474938e-09
-1.337475240219600699e-05
1.336176583829247251e-05
-5.563163410162884001e-09
-1.336547773336710047e-05
1.335249136505145595e-05
-5.576488452214631297e-09
9.030605482531745389e-04
-9.030734954747673396e-04
-1.334972299199643974e-05
1.333677606357915034e-05
-5.576501853759858584e-09
-1.334047431802332032e-05
1.332746164625080972e-05
-5.536840225096471748e-09
9.030853027572404790e-04
-9.030982906593666574e-04
-5.576898599469196560e-09
-1.332188361626499273e-05
1.330893763139532509e-05
-5.576903817676654492e-09
-1.331264220071127898e-05
1.329969620366103023e-05
9.164115697387203996e-04
-9.297205416485153015e-04
1.329042049696135409e-05
-5.576526808065380503e-09
-1.329502175033420372e-05
1.328203529825687713e-05
-5.536478728615799915e-09
-1.328576057801192523e-05
1.327277391875155607e-05
9.164123412821715978e-04
-9.296943773545642692e-04
1.326348523275986981e-05
-5.576926191520019524e-09
-1.326720288781693765e-05
1.325425626768582411e-05
-5.576931210810260123e-09
-1.325794111545086114e-05
9.296626732318370766e-04
-9.164232564833164419e-04
-1.324867893710816614e-05
1.323569280947278651e-05
-7.369728761253508884e-09
-1.323759811133230091e-05
1.322641777943788419e-05
-7.409207951918674864e-09
9.031900839891748856e-04
-9.032011988274379812e-04
-7.409599413850040395e-09
-1.321902818472067908e-05
1.320791415544994559e-05
-7.409605501441950993e-09
-1.320976589107279504e-05
1.319862603480005939e-05
9.164107010494900417e-04
-9.296186025280321358e-04
1.318933634422397054e-05
-7.369551702029699574e-09
-1.319122862435071281e-05
1.317824243647203587e-05
-5.576594036812906061e-09
-1.318192739421889873e-05
1.316898087809605515e-05
9.164132779926001133e-04
-9.295915546437282006e-04
1.315972554570011444e-05
-5.576981350942513500e-09
-1.316341012838317858e-05
1.315046397525309598e-05
-5.576986658406915282e-09
-1.315414865974348612e-05
9.295606880378908324e-04
-9.164250645872408377e-04
-1.314488577228775549e-05
1.313189952375174139e-05
-1.313840596656949255e-05
1.312543352760267909e-05
-5.577572430316409067e-09
-1.312911764412655970e-05
9.295354109519728602e-04
-9.164248180022663932e-04
-1.311985530175559226e-05
1.310686902757402260e-05
-5.536568438867966232e-09
-1.311059435704456162e-05
1.309758092350142668e-05
-5.576637695896280444e-09
9.033186562717002458e-04
-9.033316040147689211e-04
-5.577020796978875931e-09
-1.309203665703420029e-05
1.307908985231183930e-05
-5.577025762861995140e-09
-1.308369088460648422e-05
1.307070456895771867e-05
-5.536959698490594509e-09
9.033462774427655599e-04
-9.033592914449511350e-04
-5.537531954579952027e-09
-1.306515348454526317e-05
1.305216715151945408e-05
-5.576667539150613039e-09
-1.305585213642462082e-05
1.304290549355714059e-05
9.164148650939925875e-04
-9.294670533605411478e-04
1.303363708822523865e-05
-5.577047702668737339e-09
-1.303733474304356039e-05
1.302434838050779088e-05
-7.369632898113356130e-09
-1.302624023537776256e-05
9.294361718493050328e-04
-9.164284571431129166e-04
-1.301697747520891197e-05
1.300582373901827377e-05
-7.409724157798257228e-09
-1.300767570898734519e-05
1.299656203981898795e-05
-7.409930034302659573e-09
9.034223861338115278e-04
-9.034335277802440231e-04
-7.409364897782721743e-09
-1.298915863116143309e-05
1.297800486686248426e-05
-7.369658979968808643e-09
-1.297989720550758697e-05
1.296691020376438048e-05
-5.562938126680151522e-09
9.034509634848755192e-04
-9.034639515736711708e-04
-5.577088502639832111e-09
-1.296131914321307239e-05
1.294837220724662218e-05
-5.576727632434992686e-09
-1.295207753815180153e-05
1.293913079130988183e-05
9.164166672084266127e-04
-9.293650605823240186e-04
1.292982811661332744e-05
-5.537223632967624466e-09
-1.293355293101152872e-05
1.292054059743794228e-05
-5.537022430956843079e-09
-1.292519458345236205e-05
9.293341943801512739e-04
-9.293397721497201943e-04
1.290483717348587646e-05
-5.577118819449956725e-09
-1.290853501127994376e-05
1.289552269648586380e-05
-5.537032151974507956e-09
-1.289924725414341346e-05
9.293089043283387762e-04
-9.164282230084878174e-04
-1.288994424729076621e-05
1.287699779981706987e-05
-5.576770266954090335e-09
-1.288070286645594365e-05
1.286775604573584078e-05
-5.576776020527028513e-09
-1.287235768449285376e-05
9.292827665505977615e-04
-9.164289347974073976e-04
-1.286310729368514019e-05
1.285009501851887665e-05
-5.537054530368133980e-09
-1.285381977658517380e-05
1.284083263826431829e-05
-5.577150385996208640e-09
9.035785907466633259e-04
-9.035915646899019644e-04
-5.577153614364031278e-09
-1.283526190826350608e-05
1.282231540766562784e-05
-5.577360594582857082e-09
-1.282600016023486301e-05
3.844469683794872602e-05
-5.344843101310975397e-03
9.288393204094722716e-04
-9.295733215095858260e-04
9.160530128220845461e-04
-9.040834490407516008e-04
-1.308057636901366338e-05
9.287272727387706553e-04
-9.294758287832736998e-04
8.960656073737881255e-04
-8.841958231842403371e-04
9.034673293459756505e-04
-9.168047305347362327e-04
9.285917843669857369e-04
-9.293256933621176635e-04
9.285472934613377485e-04
-1.125945405241191022e-04
4.233488133445796608e-03
-1.230092153940232427e-05
-9.038337210457295708e-04
9.041435660036044927e-04
1.258217594180840006e-05
-9.287026975660966823e-04
9.289981908416722160e-04
-1.225726982473558137e-05
-7.414306040016049783e-06
-9.087061748356921580e-04
9.289682075305973757e-04
-1.222706080435944850e-05
-9.039271970404758483e-04
9.042370541717780754e-04
1.248974566383229731e-05
1.569216297514822687e-07
-9.286234166196955051e-04
9.165971617108793941e-04
1.246020905355175838e-05
-9.162751599539312088e-04
9.042706062510799236e-04
1.647699558280789518e-07
1.019603339468177182e-02
1.036825785570276437e-02
-2.287637573521197898e-02
6.653495557307204100e-02
-1.779168535605478996e-01
2.605530343272385307e-01
-1.614551670921338111e-02
1.810891053674535955e-01
-3.552466746414822962e-02
6.209384174515070187e-02
2.008684527194712910e-01
-4.518890439890515531e-01
3.227027836962101381e-01
-2.850009549318777147e-01
1.504849134743075356e-01
-2.466975984973092673e-01
5.483703787717671974e-01
-7.196084031598439790e-01
-1.070014263724908266e-02
5.468516441613531232e-01
-7.605463488402630645e-02
2.310281353967845175e-01
-6.823046872808041785e-02
3.489467497009334784e-01
-4.216033966066793925e-01
3.209110259060344306e-01
-5.034617643800565201e-01
2.857076007724484445e-01
-1.755264486705562232e-01
-9.645484317421532117e-02
-2.266623586742885776e-02
1.858038198142059894e-01
3.990972431420506950e-01
-1.803506925202378319e-01
-2.385504542887609825e-01
4.265960605374407022e-01
-7.335519461064669011e-01
1.410482208426877548e-02
1.824889378130652162e-02
-9.368269829809526827e-01
-7.235279492560442449e-02
5.371160439283826360e-01
1.258694498730953404e+00
9.075694214706000462e-01
-2.322899681135914829e-01
-1.941383783629209381e+00
-1.849914075955962911e-01
2.579232572987049665e-01
-8.348820700697312525e-02
-1.626136050206962724e-01
-2.587959170375524476e+00
-3.604682168880914972e-01
-1.550944186461236107e-01
1.550500401876550693e+00
1.676496328004021485e+00
9.443894443962286278e-01
-3.867532016339393919e-01
3.856796187437859236e-01
-1.518641290055777748e-02
-1.789384993790435474e-01
1.410944181616152759e-01
1.180206791713135916e-01
-6.353143783979064985e-02
6.795949552144753270e-02
7.225669081745655919e-02
-4.915375654505271807e-02
1.795611658263596144e-02
6.319329730139033874e-02
-2.742574490305138557e-02
1.338109857862886276e+00
-1.107187832550781348e+00
8.820922603556798913e-01
8.372245390930443953e-02
-1.375658519567846350e+00
-4.789758164436264676e-01
-7.417640952001532118e-02
-4.289954394765628787e-01
-3.890927070455526549e-01
-8.008454111279739163e-02
1.656767149217782675e-01
-3.018148289479657409e-01
1.000282661481167734e-01
1.048874328312842108e-01
-2.811609128299366045e-01
4.519307580409326341e-02
3.746612259706267878e-01
-6.272427560923958811e-01
6.720235121078762530e-01
7.504007356604054380e-01
7.358640059339922601e-01
-4.595289637034081776e-01
-4.160402947579677768e-02
-2.746443352648716973e-02
1.801176236884280413e-02
-3.935601916116712728e-01
1.867106529783134627e-01
-1.633929352873929597e-01
2.111233525951816958e-01
-1.623591490686112360e-01
4.623660938083854477e-01
-4.948965574445875482e-01
2.906733247639189943e-01
-8.720278004903464497e-02
3.573758126341838870e-02
-7.510806662866179040e-02
-2.620518749880277887e-01
5.664337933528409419e-01
3.794251858178254722e-02
-2.421315365614792603e-01
-8.704642584571414821e-01
1.388685319873771196e+00
-5.999736622958653509e-01
-2.979331416499229057e-01
3.218402356896950534e-01
-7.741034510312574946e-02
-2.255034809130718187e-01
1.847237750978252824e-01
1.285257486759953244e-07
-2.864732211800216513e-06
3.124923032057057033e-06
1.285257271392407398e-07
-2.813102870440054287e-05
2.839122626519004883e-05
-2.854258197999327579e-06
-2.851677390212800601e-06
1.205202383886393321e-05
-5.884058333534996667e-06
-2.846800122954876991e-06
3.107202088911437555e-06
1.301102757556363287e-07
-2.842089275325329709e-06
3.100748488902226822e-06
-2.837919514458959536e-06
3.095012145518338765e-06
1.316848531014778827e-07
9.135490662849149934e-04
-9.132903854466260926e-04
1.301182753279679204e-07
-2.823780675361917125e-06
3.084017622513243739e-06
1.285558053472585314e-07
-2.817500328582611333e-06
3.077750868926888315e-06
1.301273623794459589e-07
-2.812792137725354281e-06
3.071478860480698946e-06
1.301315787124849611e-07
-2.804924020842258564e-06
3.063624235985663987e-06
2.338218304523961844e-02
-1.229834637631604943e-01
3.607337930908460777e-02
1.819388258491161370e-01
9.304574466143333833e-02
-1.409788474717859341e-01
-2.021087207438037325e-01
5.526711266201713713e-01
-5.855864189054813540e-01
5.434742954634461665e-01
-8.076334381653336170e-01
-1.324319597449090224e+00
-3.280632620988536363e+00
-4.637975367074062660e+00
-4.227350805460122984e+00
-2.605955837119916296e+00
-2.387730539340878977e+00
-5.552221601244898608e+00
-6.326881408036292953e+00
-4.545912890756504510e+00
-4.766674544224926535e+00
-6.984341937205535089e+00
-7.058842464721649890e+00
-4.531761742593815256e+00
-1.747032149435554516e+00
-2.611876939477980386e+00
-1.773549026937750739e+00
-1.601848501116222678e+00
2.233904836571838359e-01
-1.172519342475268900e+00
6.797528712804421502e-01
4.694603154185543303e+00
6.520300928597222878e+00
7.334237543624553268e-01
5.086768365904816847e-01
5.496389041288040289e+00
2.256702608969114010e+00
-7.173590729541530209e-01
9.634119953981468143e-02
7.510675143690797029e+00
2.142639198577747095e+00
3.102456044112145150e+00
2.722532554440984853e+00
3.456416379780947068e+00
1.039529865235083150e+01
5.857415563198463460e+00
2.088502046454907557e+00
2.813893245894705686e+00
1.015776945088036065e+00
1.288051259510628377e+00
3.743572812274624795e-01
-1.346516010404901209e-01
1.240035550302019285e+00
8.500322417937722363e-01
-2.412751910244232967e-01
5.643924388588272834e-02
1.249645957288658016e+00
2.572344528753564674e+00
4.905689000897017760e-01
-3.620169758408189331e-01
-4.199965202723543456e-02
3.924166872357277569e-01
-1.258987047807591519e-01
1.246249427974515100e+00
7.986863980118217299e-01
-4.430358694472902314e-02
3.723965274561740202e-01
-1.626653747660529170e-01
-1.946540779712351288e-01
-2.342203574165884206e-01
-4.071165534843759204e-01
-3.382939278473293676e-01
-4.406068631706077099e-01
-3.685636768724337653e+00
1.388001226471110128e+00
-1.518714297500564747e+00
8.761024386256446306e-01
-4.004498807296807961e-01
7.905821842306577363e-01
2.248529923812809361e+00
4.529609473290805433e-01
1.481029635758179808e-01
1.316613759447475829e-01
-2.679230833278967161e-01
-3.847190525869415012e-01
-1.048716676115872604e+00
-1.431235978374222784e+00
-1.079254904641756996e+00
-1.102016360419963314e+00
-2.314569735546685436e-01
3.723940918361368091e-01
-1.762600602580821629e-02
1.063135344631163548e+00
2.976250660645882729e-01
-6.108950723354673595e-01
-1.942942226198600242e+00
-3.972879927011403467e-01
-3.647841194239145324e-01
5.969351415880725931e-01
-9.140798222985151433e-01
1.483211494071340120e+00
1.774297848164470004e-01
4.058276456554854583e-01
3.002025143037544197e+00
1.893864250231704904e+00
2.674282782552519500e-01
3.020203473900888724e-01
6.567183435406231951e-02
5.431897835579637679e-01
3.358255545771404726e-02
-7.990151381786185780e-01
-4.832871514737884233e-01
9.751919603913128398e-02
-5.120617320524818439e-01
-7.878845584663617396e-01
-1.829190427426356846e+00
-8.815793746944439180e-01
-1.107883067952657896e+00
1.282932944786567830e-01
-2.729401595118923218e-01
4.015655913710416414e-01
3.720207265182016165e-01
-7.824149227120535954e-02
2.899138555527986938e-01
6.610003628946303778e-02
1.297405471059423610e+00
1.562557815784501258e+00
-2.512713927699916638e-02
-1.078038321784774656e+00
-7.296271920764699770e-01
2.409338504703872896e-01
-9.298969702889159361e-02
2.834534071133707478e-01
-2.385325598314002038e-01
2.063631505824474299e+00
-8.983279898200446922e-02
-7.084489660874428996e-01
-2.305235853749177721e+00
-3.977295718870290653e-01
-4.736886482456150738e-01
2.987594886307549658e-01
3.203531027394133091e-01
2.330184711061017211e+00
5.982874146115489289e+00
4.260318028876644014e+00
3.215483534456122783e+00
2.365632683254245805e+00
-1.633110888893511969e-01
-5.765288330147058105e-01
-1.908551617067361761e+00
-2.261382955249775506e+00
-5.362268566962580252e-01
-4.182406071820951254e+00
-1.293563152293028296e+01
-8.628739098831978538e+00
-3.861838267655167911e+00
-6.391657341634662259e-01
3.457999203064996863e+00
5.567650617850862460e+00
2.608778619786377817e+00
6.236072447517280182e-01
-5.824757398171431788e-02
4.542264148405257274e-01
9.280402826258979943e-01
2.157339095512185168e-01
-1.140741305984249720e-02
3.898930123530428560e-01
4.411964966508117314e-01
6.357415137757804757e-02
8.894041147921578627e-01
-5.198774657506177732e-01
3.379663452437506876e-01
7.465007525423672519e-02
7.801793176714291178e-01
-1.672736622439266796e+00
-1.674109232413281134e+00
-4.722159121225984357e+00
-5.503242431596266471e+00
-9.655658503651800117e+00
-7.884027012990259209e+00
-1.030885369528338202e+01
-8.353826500865864091e+00
-3.984081785040721968e+00
-1.374591200822862902e+00
-1.793248915740683458e+00
-1.451850820411380028e+00
-2.521936064246958153e+00
-4.189698407640634059e-01
-1.028535153815397507e+00
-9.674588119616345239e-01
-3.623565654763183375e-01
-3.297479621814147777e-02
1.421611060681982508e+00
5.024835881774265545e-01
8.460009932707144742e+00
9.186406253479688644e+00
6.711356595247394807e+00
2.488693830393977180e+00
-9.130880815373458859e-01
2.877371782023679714e+00
5.103654711956036039e+00
6.409544199443242718e+00
4.758303021578374370e+00
7.018849253250680320e+00
4.495005194698897810e+00
1.201423751745157809e+00
7.252631638642572653e-01
6.147388530278004026e-01
3.302293853916543398e+00
1.551588904346425934e-01
-1.430266707026350836e-01
2.915214683444657950e-01
-4.342752117500339182e-01
-2.667299398105877906e-01
-8.777722848082447626e-02
1.501219765071617473e-01
-2.370853220686615082e-01
1.104893822781799262e+00
-6.361457432954558122e-01
-2.969407364151575024e-01
3.902988631907033934e-02
-6.309806666108608297e-01
-8.817333517381227281e-01
-2.036116625544899250e-01
-6.070685325116347286e-01
-1.370893068271611170e+00
-1.812625489300285331e+00
-9.421818041571654589e-01
-3.396484749945150483e+00
-5.244165429759490848e-01
9.086026077726394590e-01
-6.909893465551544267e-01
8.422020704565689186e-01
-4.716426880577540004e-01
1.752027283049331530e+00
3.726211823650197097e+00
1.839329616165032100e+00
-7.322675386831090094e-02
3.369968968407910381e-03
-7.711924899335036443e-01
-1.097070041078699099e+00
5.078345440891389728e-01
6.462267979915115035e-01
4.842928315569480446e+00
7.294601058011370043e+00
3.028698417129625398e+00
2.130917329455407128e+00
3.263525902920910937e+00
4.550582450296813519e+00
7.645859412939490340e+00
1.409128407403133565e+01
1.132775879800227870e+00
4.490379575886201735e+00
2.547077725920985358e+00
-5.593671833080520628e+00
2.074078151182575880e+00
-3.341494975486568819e+00
-4.571268247489335579e+00
-7.596328042250473089e+00
-8.366798220748886905e+00
-1.035172573803503049e+01
-4.489509134662772460e+00
-4.623553661266022630e+00
-6.930173795850924634e-01
-3.812224300776659192e+00
-5.866985555780610540e+00
-4.889742033993051962e+00
-4.854792127699493420e+00
-2.437090993469297473e-01
-1.417768708136364353e-01
-1.064626123817578929e+00
-4.649458868221980623e+00
-3.034553527896061809e+00
1.905091310650171010e-01
-2.429148522671056298e-01
4.909650054995747581e+00
5.111043930375998912e+00
3.952021282960020088e+00
3.863692538963565681e+00
2.532284831032376005e+00
1.585444174284208252e+00
1.330671661439528641e+00
2.487635591901897314e+00
7.795825024038599560e-01
1.155399016811457624e+00
-1.768223895288153491e-01
-2.496070802715441017e-01
1.606641817946675710e+00
3.288030371077930170e-01
5.032816471120924451e-01
3.044517006130531556e-01
-3.842348942141282642e-01
-5.623646938931190498e-01
3.353158825297761769e-01
-5.500939508160573865e-01
3.791328664423596617e-01
-6.283325136915227649e-01
3.728846187828627201e-01
-3.656641118116785716e-01
2.185178143831545405e-02
-1.251483137177222815e-02
-6.323775223983596483e-02
2.091635097656197040e-02
-9.634703246583153913e-02
3.744739747159497867e-02
-3.872509165807352938e-01
-5.825110542512252909e-01
-1.077107365233767045e+00
3.099799458375691597e-01
-3.592032953495234437e-01
-5.689151004059471717e-01
-8.697925331437346141e-01
-3.202764887129390559e+00
-5.749795313308762701e+00
-6.681430872206822968e+00
-5.839083717581175392e+00
-5.936128458034783506e+00
-2.850700752580852537e+00
-3.353857552035186984e+00
-3.200899351523410985e+00
-1.787846136790570029e+00
-2.737142794220389419e+00
-3.172071283385392348e+00
-2.938428848956377237e+00
-2.322954013379600724e+00
-3.787739456600696997e+00
-7.150853873359324098e-01
2.050709197561587871e+00
-2.809476982107952381e+00
-6.521694339783152827e-01
-9.583820958553559421e-01
1.565741397794077727e+00
4.048759267640335224e+00
6.768530955633139001e+00
1.011783139400411358e+01
6.253506905745048527e+00
8.217959644494872151e+00
4.149215256432718490e+00
2.164837437935275943e+00
3.885443056281571828e+00
5.121999868304490278e+00
1.375353885949171406e+00
1.171128907278293774e+00
2.862139400482974771e+00
2.054574789024599113e+00
7.715388332965044116e-01
1.349655675143768718e+00
-1.369513678109541388e+00
5.333592891112997059e-01
-3.299485566823714411e-01
4.578850231205937593e-01
-3.638369276730806234e-01
2.569029290157565093e-02
2.639778441101858775e-03
3.822483153982001447e-01
-9.381435659608428068e-02
-3.834789713707587033e-02
-2.360506862255491445e-01
1.063315077582518420e-01
1.264641005811490970e-01
-1.412861372613021249e-01
2.684109555362668154e-02
2.133599009407998182e-01
-7.276051281590079078e-02
-3.819219776140954092e-01
-2.336685710420329798e-01
9.061696820644717931e-01
-5.655666482840284726e-01
3.167901713851735135e-01
-2.238117090043203472e-01
2.289888553703245400e-02
-2.080381901281058710e-02
-1.525750619768440064e-01
-6.850892826813576031e-01
1.966568142957137999e-01
-9.908729859832063891e-01
1.131764114178012148e-01
-7.519769879253077605e-01
-1.436305056717261386e-01
-1.116313356418191516e-01
4.755131357867523056e-01
1.180832382652027501e+00
8.620815077084780231e-01
1.379774515806159174e+00
2.173306492468292106e-01
-1.063377418323674384e-01
-1.945840250268577876e-01
-2.589212440912254110e-01
-3.291423067610681485e-01
-2.931085193761213237e+00
-1.402711649163768115e+00
-3.744576045744738568e-01
-2.662210039804540074e-01
-3.181220109707445509e-01
6.372451806162748866e-02
1.407235813375939948e-01
2.462964850589699495e-01
1.600174643310392497e-01
1.875035519998267119e-01
1.597028264729403180e-01
1.776972807263783594e-01
1.731107385611800886e-01
6.516508327140523305e-01
1.378089804357820469e-01
-2.479374341910802748e-01
3.706030675656165618e-01
4.011141969097696824e-01
1.832806290455573084e+00
7.020880988862041594e-01
-1.343241089071017802e+00
5.008282245829320800e-01
6.060954474262492120e-02
-1.173205543421758090e-01
7.475361238622246773e-02
7.421969196903439592e-01
1.666716809101766117e+00
7.506482912686056608e-01
1.115683507106086658e+00
4.365227689012155743e+00
5.752297874734946248e-01
9.465121655171042647e-01
-9.993940390523192718e-02
1.684373104627727713e-01
2.706321487967286998e-01
-3.611803583698769415e-01
3.747901102703892207e-01
-5.063655743642385687e-01
-2.318786990280496951e-01
1.520988854709539595e-01
-2.045846430274451677e-01
-6.780920478094945025e-01
-9.617018941430828249e-01
-3.889086078846450079e+00
-1.909152174858291584e+00
-6.790109062896130254e-01
-1.153607468610606146e+00
-1.266160903809618876e+00
-2.562814805538275564e+00
-1.726770835587130737e+00
-3.381427395027438720e+00
-1.959766058178196602e+00
-1.575772829869119818e-01
1.162688753088882976e-01
3.341290835191692565e-01
2.104902549531324496e-01
-3.174101613746707073e-01
-1.366222407313930631e+00
-9.725041891271217764e-01
1.917342171655782579e-01
5.371335299753461356e-01
-3.809629155809481915e-01
-7.896899750472208268e-02
4.003547161895717466e-01
1.950055971964195223e+00
-8.012551670964018768e-01
8.349704895159160145e-01
1.761704935265354877e+00
9.113305612012148060e-01
2.038327505993473121e+00
2.487261406825975296e+00
7.085660643215474508e-02
-9.847148477734588568e-01
-5.914780016549738839e-01
6.765923798665607336e-02
4.973628421975884173e-01
-2.429220454970604237e-02
2.865203357286332686e+00
5.974870190391586844e-01
-3.029185852022390435e+00
-1.884328998221483031e+00
3.381998364747019981e+00
-1.298076598118188540e-01
4.313449348600453814e-01
-2.163878797588906500e-01
-8.379493320834163761e-02
2.602603158016857932e-01
-8.350684395566301821e-02
-7.587192333394608690e-02
-2.127542850076739878e-01
7.412751811148093894e-02
-1.703179546711905967e-01
-3.068862602328310540e-01
-1.150553337780781282e+00
-2.477677613033979487e+00
-2.584284161651950740e+00
-1.157758487722178486e+00
1.610619824563034541e+00
3.834884150937596825e+00
2.366521623793497842e+00
-1.552497247007547099e+00
-5.392085462794762307e+00
-7.550057311937736770e+00
-1.971620289338872567e+00
2.324697128816087144e+00
1.512544388331967582e+00
-3.246517861232245394e-01
1.013612951499460735e-01
-2.028348691937722492e+00
-4.213456934383668084e-01
1.581935012756533254e+00
4.205206696258775523e+00
-9.111937982609976672e-01
-8.640080966533592033e-01
-2.207147526899682077e-01
-1.537552628132019095e+00
-5.000708917864749026e-02
3.110288216477563594e-02
2.281659383382972806e+00
3.722138679098770275e+00
3.034186189566563385e-01
-2.426031772151890920e-01
-8.204041238650674472e-01
-1.833583149953472713e-01
-1.008974468388112555e+00
-2.156299577288050884e+00
-3.033866820873800663e-01
-3.300705612831666969e-01
5.295333307164753478e-01
2.695852318618591426e+00
7.086913523748381571e+00
-3.146603888429633233e-01
1.331909162843134098e+00
-7.368989330908218838e-01
1.263786985990983602e+00
9.258034763364026976e-01
1.433385964084697317e+00
6.780817448668163827e-01
-7.578840793570074119e-01
-1.936393309476058144e+00
-6.944182300658742202e-01
1.457338368377059656e-01
-4.961609042607473818e-01
-8.031545109195092902e-02
7.410535657725580982e-01
-4.493922514852732308e-01
2.628786595553768701e-01
1.990043241811689789e+00
-4.169433733134135789e-01
4.128040245443020950e-01
-6.359281211071886597e-01
2.318246067511694486e-01
5.903604804178204102e-01
2.158537774247890617e-01
-1.700202169049331413e+00
1.144851122648966824e+00
-1.204043455130480833e+00
1.643449794454263646e+00
1.148294723609000201e-01
6.568313870631370399e-02
-4.103904235131099476e-01
5.129564152812864375e-01
3.776156697207477819e-01
5.961226245325583761e-01
-9.417791599777514122e-01
-4.434765020579123362e-01
-2.328485886175164943e+00
-3.790927266211901348e+00
-4.808323676340994446e+00
-5.865114607082972498e+00
-6.316059325562010329e+00
-8.028560488797669592e+00
-5.148446990387387956e+00
-2.710143257529445293e+00
-8.438009133158459463e-01
-1.255470398197743975e+00
-2.161837927069932164e+00
-6.142963444881011981e+00
-4.884807637149023662e+00
-2.299095612455936077e+00
-1.433342373036829542e+00
-1.381030924037474961e+00
-3.869633192439380309e+00
-3.846768816543225000e+00
2.847383147095285949e-01
-3.340454579930977275e+00
4.224624985489100482e-01
3.018626826674818631e+00
-1.381681926875586441e-01
4.154895268393829610e+00
7.056025607755707085e+00
1.368030050288503219e+00
1.275049288694340532e+00
1.109446034248372825e+01
7.577278511944633976e+00
5.257315091797693185e+00
3.017914985048037124e+00
1.058126318582708336e-04
-1.472281152401393456e+00
-3.418947832048218061e-01
-7.163562854113401102e-01
2.643837671372626374e+00
1.036944233597173159e+01
3.842954864995308029e+00
4.550672616417731575e+00
2.789082569646471832e+00
1.622746156175796095e-01
1.727111798266904863e-01
2.678238385374434039e+00
1.007311233241888093e+00
-2.034808789982294197e-01
-8.077631830354412568e-01
-2.059607824263597564e+00
1.187740224089066654e-01
3.480145107211423117e-01
5.461901942191701442e-01
5.615578965443346338e-01
1.205221361603229235e+00
3.579406796752655495e-01
-1.809063099674690367e-01
1.716445226819856007e-01
-2.911492610539643255e-01
-4.722180939308944225e-01
-7.135222791224823391e-01
2.653899631088373900e-01
-8.308717406740894207e-01
2.671441913594178597e-01
-4.908614671257352513e-01
-2.649308877647560401e-02
9.895312684365142886e-02
-1.136211724012005098e-01
-1.143485011449602018e-01
1.146641385224024257e-01
2.437708911413989377e-01
-1.567484380255550480e-01
-3.798198124700824518e-02
-2.919081641795315818e-01
3.216194831622927186e-01
3.861793113917809661e-01
1.195309959802142719e-01
2.675886135356691509e-01
1.043100196221236731e+00
1.332919894726764642e+00
5.363712016711557062e-01
8.400831068709866400e-01
2.467103395886345307e+00
4.511470422479284537e+00
4.490329314873259037e+00
4.023746293614173908e+00
2.230486132474744920e+00
8.630363473372355543e-01
1.520952241333127120e+00
-9.689224135119189896e-03
-2.525195282723586843e-01
-3.616211031947003107e-02
-3.802341083010176703e-01
-6.522464689073750321e-01
-2.334645927690495171e-01
-2.267641009532965768e-01
1.937312590313595706e-01
-7.259338958589793833e-01
-4.032165935508054133e-01
3.073008069407450193e-01
-1.085533384819921565e+00
1.225386894566430129e+00
-8.294141683720965830e-01
8.068361419255616340e-01
5.449517847758400535e-02
3.359960174380915987e-02
-1.028848645387942184e+00
-1.444590181030985576e+00
-3.644849410200572848e+00
-2.022897909403464922e+00
-1.405191464331172924e+00
-6.382300832439599780e+00
-5.169579194277241108e+00
-2.367933816717628481e+00
-2.755478597561915599e-01
-7.086140239804459284e-01
-1.481173310481116445e-01
-8.097930692919774742e-02
-2.235079078222653504e+00
-4.294364419241719411e+00
-3.206757596029792268e-01
2.098350716695698281e+00
1.814354017771698580e+00
1.555427840826297370e+00
6.475474226898230157e-01
-3.686897822260659652e-01
-4.512912533428847794e-01
-1.470564019437650138e+00
-2.877506766491919166e+00
-2.271037858985772928e+00
-1.794519177996708237e+00
-5.205676662886478567e+00
-3.614587556746720054e+00
-7.796141158904141832e-01
1.194637663224305868e+00
1.862412399763030635e+00
8.436684012241322250e-01
-1.929115090432169666e-01
1.181310358386557624e+00
7.098090357036603848e-01
1.610686339819848101e+00
-1.255651192815337325e+00
-2.132579389051763030e-01
2.370464304005182044e-02
3.259682110063835125e-01
-3.275086231464001685e-01
5.827796832745697486e-01
2.410653840479710652e-01
8.121156316539472897e-01
1.333188439718345109e+00
2.057921474390767003e-02
-8.036427231725369325e-01
2.942293750666635788e-02
-1.084721259835511376e+00
2.257758714753290263e+00
4.952794896235221955e-01
-3.427370559931475213e-01
-1.854630881884020255e+00
-8.665748122121748054e-01
-2.848540801420451629e+00
-1.875030664937138880e+00
3.305510764689394421e-01
5.455336600812543679e-02
-4.665218624007998471e-01
2.985670999684732152e+00
1.262999261521901673e+00
-3.111437168865229808e-01
-5.087686091993859350e-02
5.971754587313995444e-01
2.673945638206738806e+00
2.000415042898829654e+00
1.230961046304699380e-01
-7.172347112579657846e-02
6.890789397185006493e-01
3.403353341275980881e-01
-1.504216156676358551e+00
-1.625326290611502245e+00
-2.252985129376478213e+00
-1.462637660234506143e+00
-1.712213712348230388e+00
-1.036740004457232800e+00
-1.996684719402473718e+00
-1.497311650923432325e+00
-9.302544271476946847e-01
-3.173995005062906216e-01
8.251358190883202326e-01
3.061427344850521592e+00
1.520884540267594787e+00
-8.174808811939371367e-02
-2.390806472934130511e-01
1.170418686232554961e+00
1.783387903835802035e+00
1.808695440359585405e+00
2.470035065733071633e+00
2.977206572135299822e+00
2.024704346695858526e+00
3.886262395875507814e+00
1.991781439662713593e+00
1.078398824587208926e+00
1.222720765000350207e+00
6.765372999927903308e-01
1.864545025130091682e+00
2.069032946164938380e+00
2.105730279330964017e+00
3.482405000300389908e+00
2.137699771490146006e+00
2.391057850645744054e+00
5.320907572497899807e+00
4.450084984673562616e+00
2.588754601879728057e-02
-1.698761481198424406e+00
-4.885585539633048313e-01
-2.984111034335121815e-01
-2.842750226060424268e-01
-1.570674571511258222e+00
-1.985851990776531295e+00
5.560425306860139472e-01
-6.297138188650563961e-01
3.929163179806423045e-01
-5.473009804256463440e-01
-3.392212619194197032e-01
-2.986095978125824502e-01
-2.916321579582010770e-01
-9.171790269528408146e-01
-3.092512001170527824e+00
-3.771191906838334162e+00
-5.763685035729810835e-01
-6.171466139724461897e-01
-8.613004303199103262e-01
5.076669897245098539e-01
4.653026299327063242e-01
1.729458458940818844e+00
2.713062207022719718e+00
3.749723988556262100e+00
2.740344006053842207e+00
6.832211515977704153e-01
-1.043219670607797411e+00
-3.624700259440324146e+00
-4.700346923606289806e+00
-1.833022381854279459e+00
-1.923398041810268744e+00
-2.766622054121286034e+00
-5.028848600844080252e-01
2.046532559350300318e-01
1.343926817502770099e+00
2.352369895339442074e+00
8.687418273719140771e-01
-3.706623617520321545e+00
-5.884007984997737140e+00
-2.817804230790267983e+00
-2.183372380047401862e+00
2.066901795550464271e-01
-1.245894431257324797e+00
8.513909441703280123e-01
2.127105929245607818e+00
1.217180422742507595e-01
5.905426996197933320e-01
5.096610517603279433e-01
8.051589474530187474e-01
1.026114151650218798e+00
-1.938014995181210898e-01
1.672539479038812615e-01
1.630368043519159871e+00
2.395880107116444613e+00
1.041905040501400315e+00
9.792246062837346443e-01
8.863738500926316988e-01
8.828329838952431174e-02
3.639393577515743772e-01
-7.439584435240753635e-02
-1.350879716023429822e-01
1.836864651574252605e-01
-3.547059569945441027e-01
-6.106289915834839377e-02
-9.430890008473671315e-01
-2.900879268376693521e+00
-3.066543631840426887e+00
-2.682910335050049611e+00
-1.864730412839016083e+00
5.037674534852607522e-01
4.168354412373176388e-02
2.174840949395777656e-01
9.640423562368112265e-01
2.127458526388430471e-01
4.045828307026977377e-01
5.280601767541615033e-01
2.629713458469864484e-01
2.399442946344847449e-01
5.017706790520528592e-01
-1.134745379569626067e-01
9.315231681652800244e-01
2.172313311635186039e+00
9.881486963850818483e-01
-6.482568873189633596e-01
-3.409890522756842124e-02
2.082860769385421307e+00
6.070423928209440767e+00
6.152277060495208616e+00
7.764336039324911454e+00
5.757996675042726054e+00
4.178792495013624375e+00
-4.492692023750716857e+00
-7.550930709905426141e+00
-9.523304720928203793e+00
-9.904228093415447631e+00
-6.974031251892997219e+00
-5.630507177265021035e+00
-6.447320326509528243e+00
-6.362630224150631619e+00
-3.022975972629584618e+00
2.673502601777357768e-01
4.673396495661812367e-01
4.548802133660132085e+00
9.742012074386487086e+00
6.985548262425965049e+00
3.898521129579977096e+00
1.024585542800101612e+00
-2.866248594711903186e-01
-3.906396734176436625e-01
-1.693978001233175518e-02
1.379646271157868032e-02
9.460188677168138421e-04
-1.699443526978530392e-02
-3.375506043876874696e-03
-1.292418275990803514e-02
-3.665282387928507635e-03
6.866062932179006761e-04
8.491484753069405977e-04
1.636653533854513440e-02
7.251122063027503825e-03
1.373960587804185472e-02
7.291168927699360688e-03
-1.092601197822862767e-02
-7.282983931602918758e-03
-3.749374395579472587e-03
-1.017243905380100025e-03
