-1.986105036861622250e-02
2.412574089230294389e-03
7.993394697427231438e-03
1.622415905096621924e-02
-2.911522756621740676e-02
1.262452060720612758e-02
-2.956298839426660038e-02
2.482478301935517676e-02
1.710933434624201804e-02
7.560945259493866838e-03
-8.009094034118591221e-03
2.145089235407460215e-02
1.467201925016340877e-02
1.130485845014396126e-02
-2.673534285025765123e-03
4.771310084521821794e-03
5.106108004280449954e-03
-1.162706775094565943e-02
7.505533234183726227e-03
1.824591664514783450e-03
2.269782066797587997e-02
4.810608980343445383e-03
-7.526449847118046226e-04
2.054638770631593558e-02
-4.105786751722192464e-03
1.326681429614133025e-03
-1.449903961308631004e-03
9.564457314578443323e-03
2.821674750337408236e-03
2.794555952708183827e-03
5.296700244994704404e-02
-2.232169879631256543e-02
3.964517193316107455e-04
3.616420025164163166e-02
-2.490654156480864856e-03
-1.050346280641052243e-03
2.139034039386151012e-02
2.052063339432024999e-02
-5.410315805498370004e-03
3.008355489248740362e-05
6.321966365733250326e-02
1.541447763119973419e-02
6.878155420375604845e-02
-3.602859181404595434e-02
4.997272227094839286e-02
3.563047498622635978e-02
1.291575960552472646e-02
4.849622027163869031e-02
6.535105795208051571e-02
-2.276705694166260979e-02
3.274770241604021276e-02
4.627855058590610998e-02
5.131109686469470521e-02
3.218034656159458190e-04
3.358942321072917042e-02
2.300667675781492214e-02
-4.470339746065807307e-02
-8.434013825841940593e-03
-6.106450561084097312e-02
-3.357137395177113570e-02
-1.955031837978316381e-02
-8.594940165961702239e-02
-1.782910427168039186e-03
-6.019150360192664084e-02
-2.301664788321305943e-05
-2.390414154508439110e-02
-4.845965843368325171e-02
-1.438647798318757123e-02
3.861202806410347216e-02
-4.473018582954160077e-02
1.916188812376725878e-02
-1.827635563159159954e-02
5.838349336257146055e-02
1.228695596873089803e-02
-1.702309828753142615e-02
3.686986165910063895e-02
-3.384397610974335807e-02
3.737997125651516817e-02
1.241439887056999467e-02
-4.565238759576076624e-03
4.859219703155111952e-02
4.329967671750798580e-02
-2.246479076400069094e-02
2.225661129656386975e-02
6.309041527442674213e-02
1.056670229109558413e-02
-2.839126557266709316e-03
5.244405657814284888e-02
4.527501446423883025e-02
-2.096288579441959316e-02
4.662427293474056059e-03
4.764313246665121543e-02
7.529594434634785671e-02
3.884894708409431657e-03
-2.044017217987335183e-04
3.105080524939385703e-02
1.057347383381632006e-01
-4.909269503473367990e-03
8.320176584788129687e-03
7.411757614763460345e-02
-4.045118133696739421e-02
9.689590404955431002e-02
4.357369025365700338e-02
5.102053303750913454e-02
3.238189505512394095e-02
5.172259513028867189e-02
3.685216805837561449e-02
6.297450145320954151e-02
4.203895179992378495e-02
7.094129588229036720e-02
4.762652787905816837e-02
4.869765856311852881e-02
3.975685503189652081e-02
5.556087926359212781e-04
6.959649065571214821e-02
8.788025670701898884e-02
1.298295625257455017e-02
-3.194067318544543260e-02
1.861345762287404133e-04
3.706465172759241394e-02
-3.829743676292293036e-03
-1.350621025271548682e-02
-2.556543158901292394e-03
-1.060716012369080676e-02
3.728904296798222356e-02
-2.846388423765973744e-02
2.988365542119983051e-02
6.268937794011973826e-03
-2.002789647812600396e-02
2.914170471800106577e-02
-1.694153112042245946e-02
1.362190802700453517e-03
-1.115527408824457806e-02
-5.663054860644002944e-03
8.649079023473666208e-03
1.123651037107540815e-02
4.051143915882585156e-03
-1.246128956572658316e-03
-5.630365702669119093e-03
-2.293917492950029932e-02
2.155675226008030992e-03
5.032216115033446430e-02
-1.584224878450624097e-02
5.041368086296562495e-02
-1.952523151391891837e-02
4.025780951898223770e-02
1.449909820090589715e-03
-2.275310895921825796e-02
5.136936113736968734e-02
-1.109091312564533353e-02
-1.378187382871758938e-02
4.332249876117614390e-02
-3.897677650734730076e-02
3.778406263248216407e-02
-5.340342255678391312e-03
3.621981176670399649e-02
2.019552822603281825e-02
-3.574178151867107855e-02
2.851604302453618345e-02
-9.118653952014240879e-03
2.080050696682335387e-02
-1.725133086520749988e-03
-5.534711007422324358e-02
-1.204489816759332296e-02
2.275976001120471465e-02
-1.207794666234078898e-02
-1.295050909548401026e-02
-2.137647817984936888e-02
-2.833724353940417912e-02
-1.460318481390990471e-02
-3.766596546223970055e-02
-1.084266074739375328e-02
-5.477764909916240862e-03
-3.548329885601926581e-02
-2.172144076455582995e-02
4.920534906236912615e-03
-1.799418286407663756e-02
5.834255970620923909e-03
-1.700813149044019118e-02
-8.130646801269856075e-03
-1.307749536633725194e-02
6.710652099988765641e-03
6.113518722777668522e-03
4.536863609527253677e-03
-5.979058109827959863e-03
2.822949427704083553e-02
-1.098894570283332796e-02
3.361190803213283396e-02
1.219538820391004481e-02
3.975812449620907962e-02
-7.142477955752317420e-02
3.440846956484820002e-02
-3.481076480096872896e-03
-2.103527336909309306e-02
-2.917045558637906127e-02
-2.816005853335118089e-02
-6.952813877275401677e-02
-4.781838587170017529e-02
-7.601662564421929336e-02
-1.493943485927124587e-02
-7.236714994625402519e-02
-5.333742207657850287e-02
-6.242637231502592976e-02
-8.274899677650986163e-02
-2.139610082181280654e-02
7.942861064160151863e-02
5.163165731201192765e-02
-5.973940343784610307e-02
2.984236925490436204e-02
1.118524372552324141e-03
5.537797480316204030e-03
-3.820778230899406908e-02
2.939213650007937648e-02
-4.137376983265756911e-03
1.748886696164223681e-02
5.020963196869247282e-03
-8.127833732258308783e-03
1.135400550620762651e-02
-1.547331527664168316e-02
-3.563132991898464164e-02
-3.732042394632659188e-02
1.584982459025639084e-03
-2.313791665419538332e-02
-3.907536244274672360e-02
1.627471763616400099e-02
-5.020490593787926836e-02
2.293911692787378720e-03
4.617200188251031207e-03
-4.863337461006109717e-03
-4.021568643927686884e-03
-3.299892557205118260e-02
1.174985004717683280e-02
-3.044872945053796881e-02
7.579087448165390192e-03
-1.867178828070870100e-02
-2.009926402727739078e-02
-4.345868874202890586e-02
-3.473201576651433614e-03
-5.638408326708340551e-02
-5.286367712423199750e-02
5.130350695478246015e-02
-4.765704290264634324e-02
-3.683070249548819203e-03
-2.455248293724324529e-02
1.036074355083378348e-02
-5.293614206332404593e-02
-4.018365511921797445e-02
-5.557526305439760422e-03
-6.029595130520799817e-02
-2.278576649404197296e-02
-3.001667442153015120e-03
-2.571445913620396331e-02
-2.673590676681096567e-03
-6.715454209561651233e-02
1.691258398613655622e-02
-4.637232508242235263e-02
1.629936604974871819e-02
-5.413330404141852847e-02
-5.875507443767538640e-03
-1.211807616165239652e-02
9.739742456968878553e-03
-3.017735678016784245e-02
1.948851961179320219e-02
-6.110583645199842845e-02
7.859141070485530650e-03
6.834542996217993216e-02
-3.592974151764486562e-02
9.713626092343512555e-03
2.813352998352810358e-02
-3.284117604489493469e-02
4.762992236602633239e-02
6.337123514253296952e-02
2.224258599414404014e-02
5.438074727473203585e-02
3.687241878681525586e-02
1.558095973675972454e-02
2.575211538843977244e-02
1.732026070346853741e-01
1.158851527668997711e-02
6.800567617795771902e-02
1.080522846316291363e-01
5.247833946892058177e-02
3.872397417277884807e-02
7.190016705902457783e-02
9.002921376258420094e-02
1.456930556268043117e-02
1.028561573193000345e-01
5.094949596416487730e-02
4.679405315760372386e-02
8.957086386877019524e-02
6.852869069311520733e-02
-2.613098729556980263e-03
8.641828964123579593e-02
4.377337868415434596e-02
2.580025782987933891e-02
4.797419810629439257e-02
-7.861525602777249405e-03
2.800798532942634644e-02
4.422997504205666841e-02
-2.382196783153911479e-02
3.717004037277012174e-02
3.128794567034254293e-02
-2.264500070518272318e-02
1.076268109760054326e-01
-3.839769543762854703e-02
-3.671927812623654308e-03
3.220153509621785648e-02
4.216780652973517451e-02
-6.750619984385457240e-02
9.410111681164833042e-02
-2.923748649404600206e-02
-3.118837072349873313e-02
5.522104189616016540e-02
3.261277999394141675e-02
-2.027577761259985456e-02
5.010610693792169959e-03
1.959997372665559998e-02
-1.840997539674632923e-04
-2.641049241807749345e-02
1.314558729243915473e-02
5.855434250153826112e-03
4.197982251014789612e-02
2.308753302305045080e-02
1.222022997738090450e-02
-9.709424282482781443e-03
-5.407414330393905955e-03
3.533942233128938015e-02
1.385432682731526331e-02
5.281970026177092159e-04
-5.550796706508410311e-02
4.189846550158641408e-02
4.448831105607968864e-03
1.245295092651626818e-03
-7.808819342912053617e-04
5.410671109004150901e-03
-2.298458967485661822e-02
2.885436194241238449e-03
2.467546103840733557e-02
8.986993715646350578e-02
-4.517828259714158634e-02
5.933351814815172182e-02
-1.988815332428313376e-02
1.123198874671722941e-01
1.827328674226109603e-02
-7.034728152714722627e-02
3.211090175892956228e-02
7.355729740932879374e-03
1.325257004097584075e-02
4.428865847391235885e-03
6.176172105799834777e-02
-3.050398291228219316e-02
2.934006887176879644e-02
-6.754983558251830000e-02
-1.266160171310631299e-01
-5.294370914460284905e-04
-1.139887062619956704e-01
-4.460336257441292057e-02
-1.246281275467346072e-01
-2.395706198318774821e-02
-1.195738890766577522e-01
-1.372339771023983745e-01
-1.927547692467216356e-01
-2.013914125134419753e-01
-1.191969691154672467e-01
-1.342499123420045071e-01
-2.324523664691174329e-01
-2.084093812390718781e-01
-1.006787817503743687e-01
2.978723097299585537e-02
-4.584251835997571467e-02
-5.101006664906333754e-02
-6.539191450909231929e-02
-5.115517359663182551e-02
-3.167875660989910580e-02
-2.895469664308766844e-02
-1.642888626558403065e-02
-3.502541478820235532e-02
-2.632931937662021105e-02
1.436339937836957417e-02
2.739252659105326920e-04
-4.241341088164215373e-02
-3.276438156008794345e-02
-3.337989430189300388e-02
5.396733704580783386e-03
4.316246093092304670e-02
-1.538826898811635618e-02
1.911183381088663990e-03
-5.233366732498410598e-03
5.684594842512515761e-03
9.706166817095185362e-03
4.202635442393794218e-02
-1.527623142781134660e-03
2.877700198032951892e-02
5.835567564619591370e-03
3.096982829192777842e-02
-1.244836121225828367e-02
2.239666658086370693e-02
-1.203522585091461664e-04
7.423287675629761106e-02
-2.069469755503088038e-02
6.696670600401886247e-03
3.787812956416129750e-02
1.398720165804371446e-02
-4.643305989168595993e-02
-5.687816695125659343e-03
5.411923576195382807e-02
-2.728273532091800291e-02
3.320918287502373778e-02
-6.203852974713774948e-02
-1.529327946772726307e-02
1.736798349273619216e-02
3.142343640191744975e-02
-2.253011368386004243e-02
-3.332102775921857996e-02
5.240840000356327549e-02
3.200402176138427562e-02
-1.566747151899375648e-02
-5.386679188923231693e-02
-2.472136356144101835e-03
-4.513243988215581703e-02
4.937087858059399648e-02
-1.986202905701243623e-02
-2.442202207369763289e-02
5.137375843209036896e-02
3.320217675557787795e-02
-1.513832595553755989e-02
-2.342520561001141047e-02
4.657485586711546804e-03
1.813623556204917858e-02
-8.405106395318938037e-03
-1.069776429886035163e-02
5.595815791940869643e-02
1.645040281491828155e-02
2.618761643460729843e-03
-2.674759583516390232e-02
-1.225942410748367614e-02
-2.627949276500031461e-02
1.267959390882942780e-02
4.388232522995080126e-03
2.463906833288117756e-02
-4.369050770269451711e-03
-2.120527354714895132e-02
5.536979902941404491e-02
-1.420164523715481721e-02
3.885270047343802186e-02
2.009109787617041273e-02
2.182319544565641811e-02
-1.822636041071071938e-02
-2.006679504490243085e-02
5.413742988793714822e-02
-5.664583869650146458e-02
-4.585990447873322488e-03
4.123736400926068107e-02
-3.308289040579426299e-02
-1.356108898716591390e-02
9.119914724514583543e-03
1.643133338867340879e-02
3.040569060370730201e-02
1.251649664844462287e-02
-4.889023354494335255e-02
5.295721713663494729e-02
-1.646148416117099167e-02
2.949653273401422332e-02
7.598982174697249507e-03
1.385857102956714743e-02
1.311533392468739942e-02
9.105344494859311799e-02
-3.267560933624846786e-02
1.344839990171287081e-02
-4.568955003245073199e-02
-1.731592586931219452e-02
1.726174457310486465e-02
-3.919568928412233560e-02
-5.989341039500102604e-02
8.867807261620863635e-02
4.981538288869866160e-02
-9.008699902790691383e-04
-4.148520890890908253e-02
8.015695775356367070e-02
3.904721470149411650e-02
-3.278081976606934608e-03
2.809721253095143201e-03
7.540795894457816284e-04
-1.460900197918311300e-04
-4.289678815078207079e-03
-3.150464235041945671e-02
4.510906595298656840e-02
2.416817432391813250e-02
4.404215100584162740e-02
4.620831353791027447e-03
7.607306286564737008e-02
8.795864284436367281e-03
-4.352046237925674688e-02
5.528044883921054420e-02
4.190351654156239392e-02
-1.929311912765479392e-02
4.267027401063384906e-02
3.508586256806438264e-02
-1.767304125173511237e-02
6.072344083854204488e-02
7.619745265660274325e-02
1.061753373200908547e-02
-5.135880916189348999e-03
4.147265537490747722e-02
-7.915765273461675133e-03
8.895293642403909185e-02
-1.049786941179126250e-02
7.036796135726949841e-02
5.446742924145926007e-02
-2.070030721660732521e-03
-4.333712375817108317e-03
1.243240200115688573e-02
8.734752198081629365e-03
-5.795402349918117330e-04
1.224191908802038480e-02
1.537705962761400785e-02
-2.136831938136136977e-02
3.371819965970507260e-02
-5.641699855480870190e-02
-9.316920408614524831e-04
2.463317287535434635e-02
2.272324056371108000e-02
3.647633058764410130e-02
4.653169832943178374e-02
3.843223370812216821e-02
-1.988534034835451672e-02
-2.940626245241424394e-02
5.769241968263974507e-02
-1.574326653734908071e-02
4.308057162244122162e-02
-1.078043233834725077e-02
6.504613124214733699e-02
-2.663952580127409986e-02
3.068939547677845131e-02
1.061683050712542570e-02
-7.120374444597761532e-02
4.557649285592853955e-02
3.483294588500959743e-02
-2.492893657765807292e-02
6.523665906590261909e-02
1.566601572285986760e-03
-8.705904647433130097e-03
-1.076737304240485806e-03
6.765355855996373069e-02
1.387280457881396104e-02
-4.687962622017285280e-02
6.135221626059843281e-02
5.253463181116505010e-02
-3.768302975338917032e-02
2.736697136189644719e-02
5.371489600498720318e-02
-7.049467253378055576e-02
-7.191256718893338125e-03
1.022790159117278885e-02
-3.915127476724914596e-02
3.578508536322341782e-02
5.520938816921583392e-02
3.521468797583694049e-02
8.338954526263106862e-03
-6.895489402302497350e-02
-1.739066124716097395e-02
1.612457464633782270e-02
-3.553588237959385155e-03
-1.288554968997584690e-02
5.081546849454953579e-02
3.970630971877776340e-03
-5.891293870599906279e-02
-4.456429430751304710e-02
2.646529008309562309e-02
1.288379933726699171e-02
-3.512591249138331817e-02
5.297738646506759685e-02
6.163161002269718081e-02
-3.737164420563004325e-02
-4.605831034961467563e-02
1.771073361043106614e-03
-5.365280161322369401e-02
1.757827923123830849e-02
-1.329739917206606559e-01
-4.398550766168622672e-02
-1.297070808210564752e-01
-1.274784038421919174e-01
-1.797398118067211614e-01
-1.254091640837111665e-01
-2.758252013074974363e-02
-1.537862524785807150e-01
-4.672050456338845692e-02
-7.760276014632094821e-02
-9.240314690006587450e-02
-1.984863112938283977e-02
-1.358907140639568911e-01
-6.609934386552639152e-02
-1.311729883267696156e-02
-3.329545025992061702e-02
-7.538900423463636841e-03
-1.150070432790913505e-01
4.101907030640583596e-02
-2.387593437065470281e-02
2.539418824732924893e-02
-4.574414542215287510e-02
-2.604756232109610783e-02
1.819012499375911862e-02
-8.320289010729760640e-03
-3.609527142072702088e-02
4.231275808112245490e-02
-2.454062213091676506e-02
-1.885318257912441380e-03
2.174172460613428212e-02
1.533160566411032391e-02
-3.325437206381506600e-03
-3.562744794955081951e-02
-2.603357077685850007e-02
1.950956528703834403e-02
6.534425428689011328e-02
2.686431291058218734e-03
-2.638327039905756857e-03
-4.386254024745369490e-02
2.135631408699958239e-02
-1.538399696459699650e-02
-4.461690290742690440e-02
2.799291816417309037e-02
6.091576290230893594e-03
2.091933000695155379e-02
2.639351679700924908e-02
-1.920055693715515266e-02
3.940321031839243843e-02
3.122031503989309426e-03
6.321265019268618168e-02
4.483111116178591093e-02
8.578573641314077292e-02
1.153379511751662437e-02
6.375814632371618051e-02
3.366463226628415434e-02
9.430195049574409405e-02
-1.228663252450672844e-02
3.576703872451954952e-02
1.009223762306389882e-01
-2.145403559740827193e-02
6.340821074828546962e-03
8.960546000392314442e-03
6.202744660747582135e-03
1.405724691829116427e-02
-3.736374886492116465e-02
-3.035930287744084688e-03
-1.993482491310426610e-02
2.044364224946019354e-02
-1.766781653599680535e-02
5.842454334102630507e-03
-4.125030609134785163e-03
-2.257011899010024150e-02
1.545325467833677177e-02
4.782396138816872450e-02
-4.583430752685957281e-03
-1.108443485156471002e-02
-6.733772232333531602e-03
2.079307265694617032e-02
1.326457388712354475e-03
5.493823946434817779e-03
-2.369541579839554504e-02
1.423617451934389155e-02
-2.151818810171482119e-02
-4.758346485091003927e-03
2.265529121293164902e-02
-3.774991618685370753e-02
3.529639097244906959e-02
7.782566564831172595e-03
4.013062559270327845e-02
3.043004243132879649e-02
-1.112888822619078136e-02
-9.280428032701090388e-03
1.149338654293457530e-02
6.493077635908104696e-03
-1.195971383782359031e-02
2.572061048507542913e-02
5.518780542612400364e-04
-2.286588084475939947e-02
6.607397058366534792e-02
-2.293716835301720311e-02
-3.258560437783036140e-02
-5.611614320992955318e-02
-4.254735803168789576e-02
-7.708050515056305563e-02
-4.884826906980523076e-02
-6.531642602709240852e-02
-6.166613310450603375e-02
-1.084074931083087723e-01
-7.682869171142825415e-02
-1.005705693552457897e-01
-1.126666441581213873e-01
-8.463795686614022928e-02
-1.096986469771228240e-01
-1.504927661502660774e-01
-1.053165014857620485e-01
-9.087952608508736985e-02
-3.047085185608696539e-02
-1.092218048657516982e-01
-1.522549540756453768e-01
-1.052340668077400843e-01
-6.609095592186364776e-02
-8.354876309982486871e-02
-4.631030629816779848e-02
-5.278205344494393131e-02
-2.992982170245146387e-02
-2.945443754090031063e-02
-3.644254687549577931e-02
-4.233772435394109190e-02
2.363593335603597634e-02
-8.311472504661623559e-03
2.593850668517266693e-03
1.686601027716183934e-02
3.863233255052500592e-02
-5.132016687330102911e-02
1.120498128456564116e-02
4.467270107010327257e-02
-9.477859166236241723e-03
2.396806801247244531e-02
4.941076242007810468e-03
4.493497903410659591e-03
-5.199617340840279739e-02
-1.392277537313116841e-02
7.696034347050323410e-02
1.593422706550121776e-02
1.716830806051655722e-02
2.907431801535039287e-02
9.550087205877741403e-02
-3.432843228813947656e-02
6.078154621563918586e-02
-1.244931825472364237e-02
-2.562924193956343799e-02
-1.082150622819510674e-02
6.692334683337035350e-02
-6.100239581141943951e-03
4.088271921818042130e-03
3.200476100903557920e-03
2.778602357858040925e-02
3.817539840946794494e-02
-1.384726831993704152e-02
8.599885904074096310e-02
4.287670100487317448e-02
5.663252592426197551e-02
4.613209256823878196e-02
5.092630540116544619e-02
-8.687701118633411185e-03
-3.173933156991401439e-02
-2.030544225938011108e-02
-1.098105050727240378e-02
-5.035506292324115792e-03
-3.104179528218928286e-02
-3.377973045895938525e-02
-1.133010994893814648e-02
-6.422193334595562020e-02
2.056954208746487184e-02
-6.492448083925930931e-03
2.066244331171735935e-02
-8.233157766840311365e-02
5.327102524126513250e-02
-3.404537185718176096e-02
1.992849834188877359e-02
2.739513300765931969e-02
-2.620535722216631863e-02
-4.491880655399474453e-03
2.037243853147376309e-03
1.910706277446271029e-02
4.290145933120075722e-02
-3.660919186366200229e-02
2.090584887918570112e-02
-1.947314527287812708e-03
9.599792181397453703e-03
1.063284770305439678e-02
1.179877660302745129e-02
-6.322594932330978870e-03
4.528276352706998853e-02
1.355706744798984044e-02
-2.280192194399811856e-02
2.306081554125936905e-02
1.654354644115513598e-02
1.482172001717924764e-03
7.275607227957282819e-02
-5.339553302820193581e-02
1.178456092570775819e-02
-2.917061272908414576e-02
6.744159368931228020e-03
1.272794373863871120e-03
1.746906235778012025e-03
3.569453637032763554e-02
1.692806340428973377e-02
-2.156906143776589693e-02
1.962223533032865855e-02
3.017707174015663713e-02
-1.604520349624304759e-02
3.176851596372841369e-02
-3.971491471840238319e-02
-7.620249296745715620e-03
1.178965010784875644e-02
1.531490675942779808e-02
4.216128658020864770e-03
-3.068455400150126022e-02
3.127904533062515497e-03
1.684056187469523680e-02
-2.033357126891550612e-03
1.627224241076731179e-02
-6.235473687085626299e-03
4.519811831205211572e-02
-4.414282064416468615e-02
3.647150366948415795e-02
2.246383919563532672e-02
2.809854390668464069e-02
2.804383423135176773e-02
3.689977459393389142e-02
-2.515293929973064918e-02
3.541262960563323903e-02
4.304205372413143216e-02
1.827486254262079141e-02
4.055236610107365580e-02
4.207021566068370154e-03
-3.331734986441751284e-02
6.023750524486443797e-02
-1.112721886348310395e-03
-2.466897333477030205e-02
1.627353058942576300e-02
2.906005632293549509e-02
-2.087583823549411452e-02
6.400382306729657245e-02
7.853584403062768837e-02
-6.158515809863301937e-02
6.717082555532979948e-02
-4.387169662028637257e-02
8.356645346765074339e-03
-3.018901236802951863e-03
1.377118194341030340e-02
1.149317295788305181e-02
-8.780889783132322934e-03
-3.183520771780826153e-02
-1.436942143392249543e-02
-1.389100074753647079e-02
2.876832977292847690e-02
-2.088238800712712354e-03
-4.840401505050388048e-02
1.212815967733077427e-02
1.089999891454758799e-02
-3.602235099399640934e-03
1.149704782945225323e-02
-2.468559911795699044e-02
1.571526456967395347e-02
1.515964556905914119e-02
3.501913694911658326e-02
3.899801299872646815e-02
4.223182098555113007e-02
-3.186503119092936459e-02
3.843441265058861189e-02
3.374773453276869867e-02
6.026403490392987991e-03
-3.998716963867880725e-03
-6.777111355217504442e-03
2.229397023594225161e-02
1.402320231181762578e-02
-1.579844451725087237e-02
4.101523313376413682e-02
-4.140296227138517970e-03
1.418207126054650200e-02
1.978199869127797092e-02
1.589155638413907237e-02
-1.922525076919713583e-02
9.867736185122891190e-03
-1.064549642081095981e-02
6.226296212211953826e-03
-2.575989575770997603e-03
8.094376987558320191e-03
8.867644147523579337e-03
-4.150018427479990751e-03
1.934179764706329269e-02
8.459999863159782529e-03
-1.498364590650264234e-02
-1.758634218837038313e-02
1.738636701673026280e-02
1.966056134799133541e-03
-1.807501844753745890e-03
-1.329100264825639442e-03
3.885429978435711931e-03
-1.584749418970841581e-02
-7.424679405687088091e-03
-5.860335425144830301e-03
1.085065849642829474e-03
-6.514615940375096878e-03
3.418845106134579641e-03
-2.342671206746006415e-02
-2.153685507396326318e-02
1.169127561579645820e-02
1.653247425909813717e-02
9.582176620789359779e-04
-1.132656631139375945e-02
-4.412394463512396038e-03
4.852998849466340879e-03
6.670103759160345841e-03
3.308235382025541405e-02
-1.439869461306986578e-02
-9.090638106779938901e-03
1.941385606876066877e-03
3.528907076561697484e-03
-8.878862316724661641e-03
3.218451079460240248e-03
-2.070678919078909608e-03
-7.268891283053358944e-03
1.644847891706642615e-03
-5.678839386535749351e-03
-4.716640766695915331e-03
1.844858562140510444e-02
1.969816088554824166e-03
-3.119540383731631613e-03
1.184128146506770694e-03
-3.492151443601106998e-03
-1.545259166350993092e-02
3.837596213781293425e-03
6.248786835236281277e-03
-3.966677572626827949e-03
8.198610382670288308e-04
1.195227440501006252e-02
-1.556738895859739041e-02
1.361964237886743000e-02
-1.379501511682134100e-04
-1.654835732190044822e-03
2.879724276828204196e-03
-6.989198052309643881e-03
9.631813561548463465e-03
-1.097571440444185253e-02
1.396749759586789034e-02
9.036543388523604961e-03
-3.306766596402553691e-03
5.260719044723068637e-03
-7.992079320042156862e-03
6.862293756014158606e-03
-7.782949395295034496e-03
-1.388819413905990549e-03
5.655186459953655438e-03
-1.997192208724571545e-03
1.143276484470873069e-03
-9.314825540432466675e-03
5.063185428641950488e-03
-1.282950005680505608e-02
9.531086322936236158e-03
1.508792245107088391e-02
-9.767912309859915626e-03
4.931290731740481208e-03
2.377022641556200862e-03
-1.157680230721697644e-02
-6.529893280804652256e-04
-6.680151951011600690e-03
1.608733479392039298e-02
-4.453848418144698606e-04
-1.162918913292320658e-03
-1.724442199246867605e-02
7.437819734633978677e-03
2.000339327631076632e-03
9.892501738059658253e-03
-3.321302826598498785e-03
8.972304270217211844e-03
-7.189918703305919583e-03
1.954556222853234219e-03
-9.785722962905021513e-03
9.749488875908179919e-03
-1.730636068961545135e-02
9.129190233879607222e-03
7.832470754195349633e-03
-3.855201198382691725e-03
-9.459043988279835016e-03
9.936023084716612622e-03
-1.507637490456780610e-02
1.705044905547286119e-02
-6.388123379437389386e-03
-1.011725660320296916e-03
4.420041881524326179e-03
6.660202114595563556e-03
4.330962540899834304e-03
-5.116622654549955393e-03
1.047700920485417075e-02
-1.312866611210875521e-02
5.694364964928077914e-03
2.578583669510862400e-04
2.936389402922592613e-03
-4.428712102540766256e-03
1.540756184028196571e-02
-2.314115039915995431e-02
1.107548851385064224e-02
1.633275983775941574e-03
-4.136364614160900101e-03
2.408638127146902220e-03
-8.461356046724132982e-03
1.574793471703975212e-02
-5.189588163453374287e-03
-5.068049049530286808e-03
-2.568117789753805724e-03
1.492477854333580656e-02
-1.394084276637469130e-02
1.230447516027056813e-02
-7.228250134432974601e-03
-8.319385066347620428e-03
1.009387048667697954e-02
-4.048601904538939714e-04
-6.279845589204393654e-03
5.278113068069908292e-03
-7.687351709056323458e-03
9.648190521018432456e-03
-1.117965388438466046e-02
-2.633003129268440541e-04
1.024606262271174524e-02
7.478669418010026188e-03
-8.723607661857387882e-03
-1.508911215111246457e-02
1.056539139017504889e-02
-2.669837161001448710e-03
-6.763208244881230465e-03
1.051554184747865994e-02
-9.821729299667214183e-03
-4.546924162544366786e-03
1.025765007470382136e-02
-1.107937105753253708e-02
2.090151366912427686e-03
4.781250829630954665e-04
2.168014006361857447e-03
7.340530074013150268e-03
-8.143859044546319578e-03
1.806099656165049408e-03
9.289193009929931286e-03
-1.819324784799663391e-02
1.908410683727707752e-02
-1.236108304358296724e-02
1.804586191304742918e-02
-1.448662266553204028e-02
9.296512527171167661e-03
5.488690589001013823e-04
1.411229116776967392e-03
-8.014876579567015245e-04
-6.394849834694445049e-04
5.827152687215678183e-04
-5.386019063775198366e-03
-1.988956480664043997e-04
-2.496218662295570951e-03
1.734839530998403623e-03
4.505520958611780070e-03
-5.427900922540219823e-03
4.966320741129085815e-03
-3.351981831666378964e-03
5.594164949128669316e-03
-8.538202713211224398e-03
3.053234786601073496e-03
9.538840968559321107e-03
-6.024221667933346396e-03
-9.045885715819242459e-03
5.561198503188690204e-03
7.479936912122395372e-03
5.267475973285805227e-04
-6.078484197575827544e-03
-4.331281460193600434e-03
1.044126718990899885e-02
-2.166575518685470996e-04
-8.603819602119213556e-05
-4.599035653210709930e-04
-5.991632017429681170e-03
6.131141313295083994e-03
-4.310402938663579660e-03
-6.531149517296514634e-03
4.456183935372564839e-03
-4.735635901871390260e-03
1.377333378304364405e-04
4.404921390671101382e-03
-7.137061556655133546e-03
6.494654888084005519e-03
1.454993933603886168e-03
-5.904359400425649752e-03
-7.812750465203804548e-03
2.975413229474022352e-03
4.255703019485152644e-03
1.893333324701314529e-03
-7.111807603412227674e-04
-3.120577060370648397e-03
-3.877867792499600352e-03
2.634666967871786974e-03
6.553679916252929186e-03
-2.075461518952778986e-03
-1.570049494954154148e-02
1.914537096281237680e-02
-1.305108402388520730e-02
1.196804371446058730e-02
-7.311404094056764844e-04
1.395084681044896470e-03
-5.391443149934395732e-03
3.289144674756492356e-03
-3.563549681551672794e-03
4.857260858759472784e-03
-2.447452176294594942e-03
-1.380351437861593051e-04
1.523080700172115389e-03
-1.845383575386098061e-03
2.719858817384609561e-03
-2.621629822903638347e-03
-2.780707225073425926e-03
7.001124592739685522e-03
-1.057952311824101287e-02
6.846387953029654978e-03
-1.027925847975583347e-02
1.893076614415077456e-03
7.862130639252931999e-03
-7.835604066975794622e-04
-2.771905435041438492e-03
8.430815869411080812e-03
-4.905298340574095828e-04
-1.591192230336864466e-02
2.767009881148389458e-03
-1.402460400312713438e-03
-4.556822814394444546e-03
2.638292537918564707e-03
5.783503464162673309e-03
-2.071306543618737454e-03
7.367430701489904692e-03
-1.003719230022322162e-02
5.271242388099671959e-03
-1.167655300024244766e-02
1.443667879094505911e-02
3.358681658379226217e-04
1.648146357221426384e-02
-1.995200936262657085e-02
5.376619390785964368e-03
-5.563502070517581909e-03
-1.373204716782098838e-04
7.627143798300043548e-03
3.953632744287636190e-03
-9.580006156424366801e-03
5.063057272545778628e-03
1.157216766489592950e-02
-1.543105602146111269e-02
5.612924767429728311e-03
-1.076524482041153752e-02
9.134827489575090415e-03
-4.962044442724091418e-03
5.493107950227946353e-03
-6.240052502431358075e-03
-1.544416910580223698e-03
-1.267674606432922513e-02
2.708397882039160348e-02
5.285218208118187128e-03
-1.053190706578047142e-02
4.216241895361851413e-03
-4.396415964065474025e-03
5.312799598359495626e-03
-1.801193995107941773e-02
1.758927353660374310e-02
-3.651300726189582978e-03
3.768003927986147581e-04
3.777795191907103948e-03
-1.566293585162202183e-03
-2.559293796325259537e-02
1.436040677075422524e-02
1.006616134202880167e-02
-3.488563384927445468e-03
7.799620961078389779e-03
-1.663355520531755935e-02
1.395565232656286250e-02
-5.680852028466709149e-03
-6.101451310172105805e-03
8.997305661755329934e-03
-3.359953151741919969e-03
-2.652865731186658874e-03
9.675395519257555185e-03
-2.655650424561509064e-03
-1.037250850720837676e-02
1.996086903107084295e-02
-1.170665948323180820e-02
-6.671696643766359194e-03
9.502793722624755871e-03
-7.807024975262109000e-03
1.852950952344172356e-02
-4.313114713185284971e-03
-1.865607971835027629e-03
-2.562800910804113614e-03
-5.583639068410192925e-03
1.058863249408340326e-02
-1.074554308234624417e-02
1.616948483628279131e-03
6.170823029413304668e-04
-3.143834345609386894e-03
3.464988590890944256e-03
6.927159344214575687e-03
-4.368183142242828068e-03
-2.907881356775845159e-03
-3.656797339744553930e-03
7.668510217386122901e-03
-8.555333747502403760e-03
2.759740450248638829e-03
-1.312688642732016096e-02
1.954589294842258920e-02
-1.361362800087077395e-03
2.014098004689474693e-03
-9.855372167125680746e-03
6.037429969964429712e-04
-1.674658237241131780e-03
1.857961661140136765e-03
1.151904331240652217e-02
-1.126137748174523869e-02
6.911987093551461361e-03
-3.523592921890640085e-03
-4.509000897709712109e-03
1.426957406091350876e-02
-1.106046848196353370e-02
1.601799879986968165e-03
2.552379450534986968e-05
-2.005734428072999259e-02
-3.467541024423130818e-03
1.429670898716981116e-02
3.251815490877555531e-02
-1.044063364868991900e-02
1.661599436062442120e-02
-1.581815143125985326e-02
-6.030636524088740097e-03
2.970595049559550827e-03
1.067118772206488049e-02
2.606347846380103659e-04
-5.709188879571057071e-03
1.281884309693852135e-02
1.375162544663361482e-04
1.387423360835250696e-02
-1.797528501107344828e-02
-4.010690812879472850e-03
3.147555579178384910e-02
2.902426770762691569e-03
2.477339910166144552e-03
-2.048485151365665724e-03
1.055470021872734199e-02
-3.540436115118403629e-03
1.329568155014378486e-02
3.597569478391747511e-02
3.291189861099665798e-02
3.436765151104295354e-03
2.371071461273585503e-04
-9.482021974915448050e-04
3.178868789712460674e-02
3.190740897864943748e-02
1.018128323341022622e-02
-3.235358596709696222e-02
5.670125929965270234e-02
-1.523441691188756088e-02
-2.495848328126940279e-03
6.079856132634322424e-02
-1.329587926152704137e-02
8.332884294940679989e-03
2.895720485575416572e-02
-7.287124593554752082e-03
2.882550284484773628e-02
2.501132082889647931e-02
2.068457620859258210e-03
-2.544570670617552280e-03
-3.561943723996336981e-04
2.376980453617737882e-02
-1.252488340686804501e-02
1.940268855123640501e-02
-1.663812499664677012e-03
2.657355419639856678e-02
-1.322241444118336245e-02
2.018284372589494377e-03
5.511605586421991845e-03
3.609068514530721413e-03
1.742099998169223396e-02
-1.139490453462308449e-02
-3.500844733613511003e-03
7.667835743505663736e-03
2.923101644436637905e-02
3.911623155427532833e-02
1.883267785299496538e-02
6.368496391435013492e-04
-3.213936756932056233e-03
4.086822654934834514e-02
1.626066154691093932e-03
-4.564418264313134521e-03
2.170069297437613245e-02
2.922677764735661168e-02
-2.157667033400809814e-02
5.736561569992601473e-02
-2.230070711118521676e-02
3.006521040949824974e-02
1.401148908916321351e-02
-7.116758855771552518e-03
2.576790030313186319e-02
7.633616435686279775e-03
3.291867410787082705e-03
4.225858395453058886e-02
-2.503302663697657901e-02
2.657142850302727718e-02
-2.402788721531934346e-02
3.443397652627717270e-02
-5.859204291716738067e-02
-1.432944128135303294e-02
4.165012526552184374e-02
1.692952141114996076e-02
-7.598558515288672023e-03
-6.111167102052133052e-03
2.540408241756389462e-02
5.199450509093246631e-02
-1.970254899167347973e-02
1.779732052486504568e-02
4.241478124138264687e-03
2.958212161040231838e-02
1.487003001295702370e-02
2.759610457943487138e-02
-9.857498565609551511e-04
-2.702319580768871698e-03
5.694658582896817284e-02
-8.791778707538319693e-03
5.322960446838467113e-03
2.972798556015696092e-02
2.090956068127048859e-02
-2.115238469233599386e-02
-1.018935395923896599e-02
6.745176723180751691e-03
3.010007034096905728e-03
3.302950406841362492e-03
-1.443429924666475052e-02
-3.449477538395641363e-02
8.790263893433864634e-03
-1.976292236447252989e-04
2.342806321285523241e-02
-5.254526246714455971e-03
2.291067692558365967e-02
-8.801793086171440239e-03
3.219873847706906239e-02
-1.484564695408775378e-02
3.656284397926617274e-02
1.950306262578312350e-03
-1.119273594978655029e-02
9.187752858237266396e-02
-4.029275152699014068e-02
3.468859805939782104e-02
9.660540041126980740e-04
1.416995354375253334e-02
2.287479647815665942e-03
-3.546391159901661483e-02
5.472729704665206529e-02
-3.758222350264450728e-02
7.887780600388520635e-03
-2.646094045177280890e-02
7.789360895998309609e-02
-4.837981814457236601e-02
-3.558915484398000872e-02
5.363314990647387315e-02
-2.091904537228219882e-02
2.691579230098162245e-03
1.708026881146244152e-02
-4.425453800834695806e-02
-2.070604029520171571e-02
-2.637684429226841432e-02
-1.963384419417441365e-02
-2.234678353015732977e-02
5.459053365180745188e-03
-7.295260612687427815e-02
-6.746887052038712251e-02
-5.276009254310839308e-02
-3.937879535330797431e-02
-6.814737656887739914e-02
-9.254581434444665577e-03
-6.691605016077012413e-02
1.059655006575501573e-02
4.768980383452317562e-03
-3.402778323229148361e-02
-5.327141107119352792e-02
-3.415941573371046591e-02
-1.038510730484402608e-02
-2.710919087118179860e-03
2.370796090721917146e-02
-4.337959905130306382e-02
2.399263501593461995e-02
-1.447850912290731158e-02
-5.988652632093478811e-02
6.615733447732474737e-03
1.449660337830570647e-02
-3.017810057051196343e-02
-2.203762125758234811e-02
-3.295579004094454506e-02
-2.239918558720070674e-03
-5.141951578811766038e-02
-9.738195993025815927e-03
-4.191780840280799614e-02
-3.749208674177872264e-02
-5.969254334004756024e-02
-3.659868601391088466e-02
-2.628428586861655120e-03
-5.061004158654705543e-02
4.300137616280213376e-03
-2.566007437647809322e-02
-5.792199285691417704e-02
2.831176808679519014e-02
3.115733555762614099e-02
-2.408690184294842371e-02
-5.741284249244826832e-02
7.821577894989197033e-03
2.334274988397399414e-03
-1.531696399177593162e-02
-2.597637924053319836e-03
-8.808439807626576232e-03
1.261468942037040353e-03
-1.174733748924203063e-02
-3.164553183516625318e-02
4.240169518189797204e-02
1.287756584467765128e-02
-4.777039275635179896e-03
-3.031548229090665070e-02
-2.981998090119945474e-02
2.660089081476994799e-02
-1.974353463412482912e-02
-1.375475769901781352e-02
-3.602364496012897682e-02
-6.190044831975915693e-03
-1.940205983393386222e-02
-3.975440779614328179e-02
-2.330213783736367200e-02
1.588409099171659081e-02
-3.108310050169689129e-02
-5.883805204487718710e-02
-2.008487193270009491e-02
-2.519210432042704589e-02
-5.101328221039121147e-02
5.110921832224304268e-02
-3.159024095280976718e-02
-2.659267280000738448e-02
-7.005086993848197441e-02
1.403098239362674665e-02
-5.583870212812466066e-02
-2.438200198608837799e-02
-4.240012359977129996e-02
1.559382615441556180e-02
-6.021922131258740374e-02
-2.431940461856191282e-02
4.413716208214395198e-03
-3.037855958956574287e-02
-1.063178389491486672e-02
-1.455172629026111816e-02
2.005305285892262229e-02
-3.897854701870243077e-02
-1.018250868946463800e-02
2.073436228636669001e-02
2.032341919598949775e-02
-8.818138587127783562e-04
-4.204813397020074062e-02
9.426821547087979591e-02
-1.438782787762675659e-02
5.019402828495186583e-03
3.217933726853911686e-02
5.153985609542834079e-02
6.092754489782689631e-02
8.050307780962231985e-02
9.648850247949199155e-02
8.969269667099111221e-02
-3.407080994314720668e-03
1.421531451170368610e-01
9.614949172811992906e-02
4.770410854905794001e-02
4.418229018282945897e-02
1.204193580096394323e-01
4.642552437816620248e-02
6.556909353248385752e-02
7.879589417989088518e-02
1.093498852672072363e-01
-2.081443674435085045e-02
8.156009966903801645e-02
8.182387312584964156e-03
1.142371852931679810e-01
1.114177339184721678e-02
3.423219833496058545e-02
4.550460647753132304e-02
1.362816314926100503e-02
3.099374385707743401e-02
2.230015662948800492e-02
1.815282690760111270e-02
2.809982290486129700e-02
-8.526236307272037213e-03
2.615668949766796966e-02
-1.601230650854211512e-02
-2.412255304544104473e-02
5.396355851281930960e-02
-1.331086017377681660e-02
3.867174769055690270e-02
-7.342398298436970949e-02
1.231647396474876838e-01
-4.732714556965979258e-02
8.720027239212302730e-03
5.829011871519281483e-03
6.807497668255455339e-03
4.048052443833036196e-03
-1.644492893927109595e-02
3.336385883413174602e-02
2.584410495735421556e-03
4.943495922327310887e-02
8.968262503630291399e-03
-6.763200628944695397e-03
3.582887363331153235e-02
1.451878483908221676e-02
2.562957832953432699e-02
-3.824828160364254770e-02
2.078353041849021615e-02
6.887624691328734020e-03
-1.119336133708129927e-02
-2.146935490413510311e-02
3.623806875397221974e-03
2.095951751850974598e-02
3.482323696079207137e-02
1.619780789191988674e-02
3.600639111688305749e-02
-2.618058089661626231e-02
7.915528755609928246e-02
-2.478145217319895760e-02
2.742661507862963199e-02
1.026253988672145255e-02
-2.930671025573174104e-02
-1.014174813097562869e-02
1.756915440776848567e-02
1.402890657936316492e-04
-5.024828079697460717e-04
-7.782269767196173423e-03
-2.123725076351706820e-02
-9.146261535935187870e-03
-4.963386088582037031e-02
-4.314345035715241861e-02
-1.209193399728541174e-01
-1.366970240974933470e-01
-4.024371634348256066e-02
-1.124720210459025510e-01
-9.965449861294184419e-02
-1.713027365805076530e-01
-1.634558349097133267e-01
-1.524352752240722420e-01
-1.167147034827423491e-01
-1.002290169746418297e-01
-1.049966758288740365e-01
-1.220726939159280933e-01
-1.781720293274145495e-01
-2.603645560292147110e-01
4.118116853732594479e-02
-4.234134685290998762e-02
-9.682741213387306700e-02
5.724763824741857521e-02
-1.628716384192894356e-02
-1.849416723765134885e-02
-4.811430910345290690e-02
-4.971272305422545779e-02
-6.666568522135526975e-02
7.846953438709960982e-04
-3.617759336797868319e-02
-2.176481157577207434e-02
3.311195200750086803e-02
1.616616333915161120e-03
2.938377276143124255e-03
1.958455449968660861e-02
4.307811944817188654e-02
-5.774281183694163211e-03
-1.292214901943666665e-02
1.200922293065279783e-02
3.029657676547203166e-02
1.271666393468290357e-02
2.816639936792593793e-02
-2.744322725990224528e-03
4.329562126631481683e-02
-1.031774186631365629e-02
2.412189173413781598e-02
1.792989497325984255e-02
-1.350270657977052126e-02
3.849749044181819541e-02
-2.394837290712205705e-02
-2.096929020584810399e-02
5.066498131644137093e-02
1.455969680981175456e-02
-1.349593550843251194e-02
-4.308006962973592868e-02
-4.650315767348462553e-02
2.588524100748079704e-02
-1.233387897334077034e-02
-7.893200629201001586e-03
-4.852955011037617811e-03
-1.315993843399544845e-02
5.960975751922000659e-02
-7.393175071084782252e-04
-3.007542467411375778e-02
-2.290666166096818820e-02
1.557091381357195853e-02
2.805654448795342690e-02
-1.133618689329584858e-02
-1.656358600143865642e-02
5.781796770756804371e-02
1.355517005412310017e-03
-8.830785344258809677e-03
4.703062189575835106e-03
2.453708123496794666e-02
-3.022010061220060245e-02
3.795060810336415430e-03
4.394717812612740360e-03
-3.109795767151099510e-02
-2.695826179073855522e-02
1.846519957410325957e-02
-2.764419298108145712e-02
-3.023578428861020337e-03
6.363492280958352176e-03
1.109055215907467015e-02
-6.969402843935722930e-03
2.583537393493329920e-02
-1.442975211962048594e-02
3.208607673948075945e-02
-3.242516079749597352e-02
2.659745370506259865e-02
-3.605092318962763165e-02
8.059934347304228974e-02
-4.126754136153541752e-02
4.654703873927552166e-02
5.666908229141474039e-03
-7.435780245180634816e-03
-2.965305345922750538e-02
2.724657998883208559e-02
1.902587041845150984e-02
-3.494728017822840843e-02
-1.832806722362847335e-02
7.062236144732768686e-03
-3.853102181504842148e-03
4.608833571050753239e-03
-2.330763934936792500e-02
7.892864407114169936e-03
-1.006767434599317723e-02
8.277748984779088881e-02
-4.299723617091038425e-02
4.104692818133462429e-02
2.210812553473437067e-02
-1.000526773456402937e-04
4.033909945591783452e-02
-6.790421191572080725e-03
1.462717885461817247e-02
-4.297657085519265147e-02
-7.853365060076139548e-03
-1.222786482333194091e-01
-1.129014471961548444e-01
-1.181247188624108546e-01
-1.262355186535061846e-01
-1.300757688476456841e-01
-1.071586373067119624e-01
-9.727016552657619108e-02
-5.390516821575444539e-02
-8.383825047713379386e-02
-1.929823600067911635e-02
-7.315713425280120918e-02
-5.546853258936311482e-02
-8.453271131837301888e-02
6.586079784046443980e-03
-6.811206589786153454e-02
-6.002240714652511480e-03
-3.378402181143533300e-02
-1.576667568904076278e-02
-3.166404103825574967e-02
-1.364015268792587859e-02
1.224482621431662553e-02
9.093457416026773030e-03
-1.750491232604815470e-02
-4.469679883743926836e-03
6.407594264421240943e-03
-1.252120576781225181e-02
-1.309765318880253861e-02
4.712749325570511627e-02
3.291655921108240651e-02
-1.599455784902110642e-02
3.047818966877160682e-02
-4.815288894925633632e-03
3.156038588339345197e-02
-3.963828032277517434e-03
1.522025298600659590e-03
-1.921801168635149312e-02
3.884900452340494387e-02
-7.590707803266484935e-03
2.290557215456703877e-02
-1.587643936800160749e-02
-5.315137176282373060e-02
5.711332160821769310e-02
-1.223108882317095955e-02
-3.724577527193887599e-02
1.098732852474951054e-02
5.230814025648995724e-02
-3.614773570810085601e-02
-5.365637593716228665e-04
2.363112972250652755e-02
-4.228082588366612049e-02
1.245320573194545928e-02
-9.984141566788128780e-03
1.815616008621640659e-02
-2.122963272710402458e-02
5.013904687912782571e-02
-1.009689509896360624e-03
-6.475779057192044587e-03
3.132818567284471889e-02
1.379231853593800711e-02
-4.030402286251767502e-04
-1.635106426463342824e-02
2.179029955442499805e-02
-6.621702430592071691e-03
1.276044357751326963e-02
-3.112877062455577607e-03
6.267192166978242419e-03
-1.777237328100736771e-02
8.128744114634508730e-03
-5.363054469297331810e-03
-2.735064129223341821e-03
5.531764947392033525e-03
-9.865410666389500677e-03
3.865547971664639692e-04
1.124507411694353372e-02
9.449494157054368765e-03
-5.613183736286572398e-03
-9.576770987055385417e-03
7.244000406871234192e-03
-1.435909855740890098e-02
1.000378386218388378e-02
3.911717919730219387e-03
1.328778881455489579e-02
-1.076688020458105126e-02
-2.934441550029712621e-03
1.442282554678167052e-02
-5.341410874996674503e-03
-8.816886701713841021e-03
8.032216287932825161e-03
-4.364852173402702581e-03
-4.787216195274150536e-03
5.319051878553774856e-03
-9.107544336401970485e-04
-2.495665487592969248e-03
-6.695333110575588109e-03
-2.680453750417310065e-03
1.626945377865834409e-03
-4.199296306246461281e-03
2.117555939657882191e-02
-1.157168300271762748e-02
-3.193608595352737285e-03
1.412555759798230989e-02
-1.852257683758766482e-02
-7.002835148423978626e-03
6.555182713530483506e-03
1.073354428864127345e-02
5.886576912978914826e-03
-7.674640307772272879e-03
-1.094336537301036048e-02
1.392987199776822907e-02
-9.443443006717065422e-03
7.524324011065093055e-03
-1.009512942715939596e-02
1.610973159219774090e-02
-4.993649031316639564e-03
-4.416347966039543653e-03
-4.718039753330085205e-03
-7.691235585608783946e-03
6.021758509193099462e-03
1.136789734244258651e-02
-6.667263885004917970e-03
7.356099364886686462e-03
-2.004013161181313063e-02
1.083292723289313100e-02
6.869894304947437615e-03
-1.464408598853767993e-02
-2.857039119606050344e-03
6.636165734438612650e-03
1.219027030521202884e-02
-8.029879088507170526e-03
1.149380653857991728e-02
4.598763006265266587e-03
-1.713541549034466871e-02
2.414658734247527010e-03
-3.069102698676075096e-03
-1.500539676765001848e-03
-6.551489227135617356e-03
-9.850689547111779747e-05
1.261796241301274199e-02
-7.872039329434823984e-03
-2.675998636127645638e-04
2.631373513826667631e-03
1.792547517587974020e-03
1.879109759403894053e-03
1.748418224835434189e-03
-1.416169582908130900e-02
-3.493475756481027351e-03
9.324906165176720385e-03
-5.606998056539751803e-04
5.945671084855282985e-03
1.391507132915279421e-03
-9.135662677749087010e-03
4.986939840771725807e-03
-5.024782852484172870e-03
7.339083251505800279e-03
7.566756492135845100e-03
-1.504467794491100817e-02
1.292803754860019898e-03
-5.694894629448078553e-03
2.469191760510654199e-02
-2.497709085080300744e-03
-1.953460669343560303e-04
-2.842120291817248488e-04
1.403422751743580452e-03
5.924809203233004709e-03
4.678600269296403309e-04
-1.106927400777385495e-02
-7.340978293122874671e-03
2.901329593779906554e-03
3.017136975821395686e-02
-2.234175173932537346e-03
-4.346795789071512643e-03
-1.965637818458870756e-02
2.140712703691403582e-02
-1.332361295650517051e-02
1.414626531713698019e-03
4.769596858941908997e-03
-4.462809438263521701e-03
1.967210863644644567e-03
-1.493500865231372869e-02
1.146432699599902322e-02
-1.469544598985803724e-02
-8.306104025909496688e-03
1.501524143737246325e-02
7.316059133671465146e-03
-6.878253801259329690e-03
-8.178966986861734012e-04
-1.269459333887896710e-02
-1.007860798356845743e-02
2.280482526415128844e-02
-3.474609950065672866e-03
-5.619880899967568191e-03
1.100956325320614007e-02
-3.843519681357811853e-03
-2.047788020588924267e-03
1.551754863006331135e-02
-2.129771094604493778e-02
1.741167495061714601e-02
-1.061101255220872966e-02
-4.535922940198569564e-03
1.100093844658453111e-03
8.681699513013353339e-03
-3.551349126748984224e-03
1.178457932011224042e-02
-1.296649908102279897e-02
5.036371686771306047e-03
5.495350743498735209e-03
-2.909286564487874489e-03
-6.207787148302411351e-03
1.470848832458110204e-02
-1.861905192839398773e-02
3.697383745058631377e-03
2.814898257026873015e-03
1.014399331904924061e-02
-1.218081576034215491e-02
1.008302649156152773e-02
-5.089422782123445566e-03
4.420437401012868896e-03
-1.076017052302078239e-02
2.209143387393890622e-03
-2.499906587944490492e-03
5.474504114271382983e-03
-8.467345010058332025e-03
9.434361593759261642e-04
9.685174558136023029e-03
9.549961361557621231e-05
-3.364214465520053848e-03
4.675283646347321714e-03
-1.737971996489303392e-04
-1.069709312637366801e-02
9.843188964421961673e-03
1.544842139145982543e-03
-2.167649193877784711e-03
4.502044045706726783e-03
-1.930762958465915072e-02
2.435730158611662186e-02
-3.711211016586500686e-03
3.303509411239951860e-03
-4.643668081160956529e-03
7.677068070417227821e-04
2.805615561927710545e-03
-3.484308614985844889e-04
5.672524856016808621e-03
-1.391779111942291133e-02
-9.044643045052690525e-03
1.937718938472884553e-02
-9.755470408503002719e-03
-3.139542702966229872e-03
3.134791623304426355e-03
-1.093570354455822638e-02
-6.840563721969851983e-03
1.016436564524530843e-02
1.157077013726392697e-03
1.672600323485679691e-02
-2.225039206114939189e-02
9.786635333053407895e-03
-1.442616029418837369e-02
1.530725532826335278e-02
-7.869350238906523687e-03
1.377861120856187227e-02
-4.858555579781998965e-03
8.332271137267475633e-03
-9.582349742031518250e-03
-2.877440068502584020e-03
9.137589665879065209e-03
-3.994719226747062840e-03
-1.641574767988815582e-03
5.179720446505814164e-04
-3.162675571818873276e-03
1.434821143930151404e-04
7.016470171322005539e-03
2.436428354691697485e-03
8.890172699781663176e-03
-1.549049562710184957e-02
1.318902691984349951e-02
-8.188307079807305433e-03
-5.411385148615336374e-05
-1.269168389309788432e-02
1.911483340031599684e-02
-1.735271044911861765e-02
-3.013046768755028946e-03
1.175542217633992331e-02
5.759212710723557796e-03
-7.621307324730154133e-03
4.477722264243489021e-03
-2.576708967859634922e-03
-4.513069058397636314e-03
4.462883626332237764e-03
7.587331955667565159e-03
-1.686382996309037860e-02
-1.145939280842774195e-02
7.979408433458101343e-03
1.288908533684971977e-02
1.769679322641711308e-02
-2.071857308498900596e-02
-1.187227898653695629e-02
1.198644435626948328e-02
3.841590855165975555e-03
-1.220613077009197536e-02
1.524130104128888774e-02
-1.520205918606572920e-02
1.022813526206375889e-02
-2.464971046541051224e-03
2.152453517958898780e-03
-4.238148901495591568e-04
-1.725892345055510561e-03
-2.967873067179151343e-03
1.251070748553483568e-02
-1.032951760078925502e-02
-5.338527847529004472e-03
1.178155688642229700e-02
-3.447774118028878142e-03
-8.833669077175318810e-03
1.971473386843696982e-02
-1.292326431370953823e-03
1.065619872359465769e-03
-2.809669006597944815e-02
2.142406531289087201e-02
-3.540763930342201438e-03
-3.739708792370009024e-03
7.767686731660131995e-03
1.990244844928568959e-04
-1.359128133001341436e-02
7.688303159879710013e-04
4.370567266430058252e-03
7.328363322430781791e-03
1.400661358969364050e-02
-2.127757705992047027e-02
6.334170707725073936e-03
2.637523465303272165e-03
-2.288365576290378803e-02
-2.075401375049150746e-02
5.612335134668776544e-03
3.385171492227652401e-02
8.934643846452178240e-03
-4.821208354862018680e-04
-3.749794550325498150e-03
8.359584996991602322e-04
-5.809286204390477076e-03
3.624236856469403856e-02
-2.934779319955852991e-02
5.374556277729352488e-03
1.540113632442038222e-02
1.075397164568799632e-03
5.958357956807427622e-03
3.842113713676533621e-02
2.593204010806709689e-02
-3.634205771636467991e-02
2.897364038544612830e-02
3.225855476408300698e-02
-1.829705105669164611e-02
1.960060524813452346e-02
-3.843433191077600189e-03
4.121387423834981661e-03
1.525252540451971575e-02
4.069297116012392940e-02
1.530227938847934094e-02
-1.902173806442204046e-02
1.753951026685471662e-02
3.393296986169743595e-03
1.733158960495187820e-02
3.781052680801570308e-04
3.165486431376022397e-02
-1.611231087946235008e-03
3.011809550813103128e-02
9.199973247103634608e-03
-2.718670332963985664e-03
2.079989535298273212e-02
1.724277639602682377e-02
2.602827652466529681e-02
-8.920887360389912965e-03
3.586781564786306609e-02
1.728649360896441015e-02
-9.224537320571315688e-03
2.040812102850775300e-02
3.342210787419058748e-02
8.288149029322084554e-03
2.014048717922082427e-02
3.785637520022798463e-02
-6.970499169652061289e-03
1.337619706857446321e-02
4.199815699138936126e-02
9.645634917327199596e-04
2.123686352244317371e-02
5.302922825536070771e-03
1.551618518581344974e-02
1.323561473891940281e-02
-8.577640322630142311e-03
-7.087629856676775329e-03
2.331381528517349061e-02
1.807055676211086551e-02
7.296890082477528600e-03
-3.699876471173985625e-03
2.044718919714182126e-02
-1.529757492674895837e-02
4.426360763186073383e-02
-1.140233588749196142e-02
5.144385692633670487e-03
-9.585019378090666592e-03
2.695879445371297811e-02
5.280624892788091801e-02
-1.393174292171587766e-02
-2.055913982457908615e-02
2.377561476516879338e-02
2.093542585065414491e-02
1.841578900397307372e-02
-5.897789159582398147e-03
-3.319306201785292287e-02
2.038319513742770095e-02
1.117861076290592101e-02
2.695647894262613933e-02
-2.528082655861262074e-03
3.093122781946033503e-02
5.928675591961208788e-03
-4.296501376778037729e-02
2.163636920287915349e-02
2.432527115069544037e-03
1.731124282349965834e-02
-4.119665548084494242e-03
3.493044124856294844e-03
4.285473292886590561e-03
5.612784519886891352e-03
2.655171537917750280e-03
2.204770515571218958e-03
-7.936589439026702983e-03
1.103867434382212361e-02
1.295689591625911498e-03
6.196884663054646504e-03
2.279990043250281623e-02
-1.884237902224582956e-02
8.172373994381771506e-03
8.918410543319345990e-03
1.990393958301791243e-03
8.431870372739158279e-03
-3.269011419992376433e-03
-4.500539307693065053e-03
-2.378579312176160379e-02
3.227447925470133816e-02
8.708177104416020206e-03
-2.485361452581436037e-03
2.410003093220374154e-04
4.751717151017170911e-03
6.967262161181862236e-04
-2.292802218145923668e-03
-2.129583292700725633e-03
-6.361925418493646900e-03
8.689977906913304642e-03
-8.534673188308637345e-03
9.396532580355146727e-03
-7.377391121894756945e-03
3.728555187570090253e-03
-2.910209667025586756e-04
3.485707232534433764e-03
-1.470036183043794617e-02
3.187874889791803435e-03
1.220633540198283289e-02
1.377420618213212426e-02
-1.170871536310388351e-02
-9.330221446859797083e-03
-3.449718257103939756e-03
-1.348287545184846583e-03
3.632921445002538184e-03
-4.673769815815883091e-03
4.892310469885059222e-03
9.906125563756602598e-04
-6.990323008812048856e-03
1.518765582666521674e-02
-1.281530438232257423e-02
-5.496184998351054049e-03
9.522073502165748909e-03
2.073322049613176687e-03
-2.296176989430794707e-03
-1.047867817348424949e-02
2.040558260705568894e-02
-1.267826712041912086e-02
3.466785824671988255e-03
-2.281037394715756256e-03
-7.910095076096440581e-03
-1.670242507676346355e-02
1.215118360912719603e-02
1.596150649171264660e-03
3.075909713693670069e-03
2.562164080354452020e-02
-7.640323373596099449e-03
-8.697890186768404350e-03
9.599249579464006962e-03
-2.778598319541085177e-03
-5.481986653784716793e-03
4.021634733572298365e-02
1.828765726202747147e-02
4.499513855054295547e-02
3.096126125268459928e-02
3.323767952537415304e-03
9.125878013645119524e-02
1.051731973964279560e-01
6.050340496126520307e-02
6.684238816277138229e-02
8.828109820706257771e-02
1.297699818216357104e-01
1.761016302639646924e-01
7.391759931237368297e-02
1.481561033034688446e-01
1.505669221833541571e-01
1.038978315028953048e-01
1.014887082879137176e-01
9.257635818345708034e-02
1.527174901847506150e-01
8.447473127964877371e-02
9.313108897262614705e-02
1.040459239868357227e-01
7.892701830371354199e-02
1.021680414441798052e-01
8.853612863217666384e-02
2.341757107568859589e-02
9.619365504217310126e-02
7.133256229250561908e-02
9.963263949893959304e-02
2.925019899602246398e-02
-1.327779291852749718e-03
5.836386799585379509e-02
2.630649872988641280e-02
5.367007257213234073e-02
-7.974341117362703998e-03
3.067095069800294255e-02
1.643718982781228535e-02
1.511836404701033185e-02
2.370978084730971172e-02
-8.710214193232278246e-03
4.660817993526097935e-02
4.992395408667794215e-03
-5.127765868381921333e-03
1.613204474394546589e-02
-1.415873742163141144e-02
5.109318310365048611e-03
7.909699319550875241e-02
-2.393861690015944288e-02
6.145210170615374862e-02
-9.044836488930666461e-04
-1.939582171641066749e-02
1.486381313367965244e-02
2.755780597606016964e-03
2.297337925135576470e-02
1.196503729514860823e-02
3.362917821541550750e-02
-2.008569862262774355e-02
5.209313201758761225e-02
-3.381410516335594391e-02
5.094812615818850726e-02
-2.623884529945840621e-02
2.558284595196371435e-03
4.907645059761588102e-02
4.089699283983331234e-03
-6.096764697174301278e-02
4.568828151442419494e-02
6.763038506655669191e-02
1.688882227131285885e-02
-5.794184794043512332e-02
-1.644988558109212670e-02
6.567352461718123195e-03
-5.080716319015691346e-03
4.756840829963353279e-02
-6.453428118246344776e-03
2.995772016056729228e-02
3.337619741763374337e-02
-2.278208678869074119e-02
2.680922428626001872e-02
5.472292850204595743e-02
-1.504696138619130092e-03
4.411465059244955127e-03
1.546382436063489102e-02
5.752899365052490527e-02
1.275637340175680198e-03
1.255435803576597335e-02
1.077210381956180373e-02
4.061198751511289201e-02
-1.395887478600649906e-02
-1.030828165348842730e-02
2.047729367351809864e-03
-3.109582926630825514e-03
2.070521758990889055e-02
9.778850632656694783e-03
-6.920973516975790704e-04
2.063274857899938079e-04
3.054598133704189769e-02
2.063685031068254305e-03
3.955128221213802080e-03
-2.668721403112857271e-02
2.561000761223818784e-02
1.646834009684503691e-02
6.824052711187075099e-03
-1.029170531447518716e-02
-4.041299259490827717e-02
-1.088279222181962654e-03
6.187568344739678705e-02
-4.427849354968826229e-02
4.522496185700265736e-02
-3.758308426394556950e-02
-1.924454065046483919e-02
2.220267971074631891e-02
-8.734371946049503815e-03
2.822468112405238615e-03
2.364362613286477652e-03
-1.371862499958162278e-03
4.998823852458632658e-03
2.757751013421153377e-02
4.785585706987077748e-02
-3.743756779949785479e-02
7.460877998035020386e-02
2.783328246538108348e-03
-6.689242511593839965e-03
1.142078078409513794e-02
-4.348753555144111577e-02
3.327512047085318808e-02
1.191895583477129740e-02
7.395743190838698772e-03
3.431174900494638868e-03
4.333804993266374139e-02
-3.438615047175694328e-02
5.022023953126493467e-02
-2.773205785487134478e-04
1.559432677442477815e-02
-2.130588967041552317e-02
-2.804031984341396819e-02
4.063364663752995487e-02
-4.484273074683111510e-02
-6.741726206589056247e-02
2.441986733495327827e-02
1.696052177272459535e-02
4.758697869486049059e-02
-1.098344480328961037e-01
1.167093715272501386e-01
2.672015875814255995e-03
3.139310674754077629e-02
-6.646442628556903376e-02
4.375313334698439915e-02
2.805355512544124852e-02
1.478208918494285790e-02
2.275062547985641156e-02
3.535834224427668315e-02
4.179817136342096201e-02
-3.069563264593793209e-02
-2.216815621906059047e-02
-3.534052178230522728e-02
4.490110542318782871e-02
3.083834835004353042e-02
1.566217254676389309e-02
7.267431071063515380e-02
-9.398083322438884404e-03
2.154393760079571785e-02
-6.367227166530421006e-03
1.102297569761078073e-03
5.169154195612580410e-02
2.997397149758461443e-05
7.754707926706035093e-02
5.837898159123883907e-02
8.737784031068250579e-02
6.466701607650077177e-02
6.424813206726112669e-02
1.139841761009412480e-01
1.534040194977396299e-01
7.981048380566474476e-02
7.165222886551636527e-02
1.448903787748681837e-01
9.331686368750288785e-02
1.400148341368311899e-01
1.106969381955451026e-01
1.197789826505827881e-01
6.908644287096152303e-02
1.037154284968734019e-01
8.730481407121609694e-02
1.006188280781969979e-01
8.130389027051911077e-02
8.912997738566100225e-02
6.861943820069701938e-02
7.524699521709107830e-02
4.896595968590769510e-02
4.743413803388442374e-02
6.658926930040719172e-02
2.847163019061563910e-02
-2.667594852335872235e-02
4.546383073575994971e-02
1.888322655375117981e-02
1.061914229842419316e-02
-5.897936614659257844e-03
2.765829645695868158e-02
-8.921261111343715272e-03
1.376919426744621297e-02
3.027605593297951272e-02
8.525977970839223805e-03
1.509163781982369697e-03
4.187526544902649833e-02
4.799860843747512807e-04
5.694704012690940398e-03
7.150158375355795265e-03
1.304173310998831686e-02
-3.747333230283622293e-03
1.585589567151437021e-02
1.052776675173216006e-02
3.294958837482044739e-02
-8.044577578532182902e-03
7.723094394007955221e-02
3.166747152727530414e-03
-1.872405192825088438e-02
5.090695623281563803e-02
3.855393438078447838e-02
4.623722122971209852e-02
2.387137158319790203e-02
2.395414304719312854e-02
4.097236737841519066e-02
5.422190214068350195e-02
-3.918804958593953558e-02
2.712766056804965034e-02
3.211080918155137520e-02
8.345923553924999502e-03
9.258010772677188402e-03
2.469662653329278770e-02
3.750154266151813770e-02
3.665832561691834482e-03
7.473127357191278186e-02
-2.782255355650531392e-02
2.219199759709833061e-03
-8.257605701204683013e-02
3.537177075161084677e-02
-2.865356503620572828e-02
-4.240120602087792817e-02
-5.554772040538347166e-02
-1.548678810018341290e-01
-1.514482476902761186e-02
-3.550246320137143141e-02
-1.286256964126493707e-01
2.055027190963374176e-02
-8.950271788839578302e-02
-5.019843737148940721e-02
-2.000692980557102624e-02
-5.963900454372231263e-02
4.572524532300992900e-02
-1.331352592824138967e-02
-2.144368371215836511e-03
7.973423746420509051e-02
3.555991705923066543e-02
-6.667087750157887904e-02
5.955663063162434934e-02
2.528170221830864858e-02
-3.549805568251869492e-02
7.780240709519956055e-02
9.329269396433202688e-02
4.949206009208780010e-02
2.410217777229592059e-02
3.318629660144584853e-02
6.427281699754369693e-02
6.613021541411770454e-02
1.188183919400020647e-02
2.265521040029189193e-02
4.300509561674545345e-02
2.813812241594208785e-02
-5.543428190124038979e-02
4.196749223970913656e-02
4.399449391478513216e-02
1.082564729105513386e-02
2.659422377664463072e-02
-5.166103843736034179e-02
3.271701362935613977e-02
7.743125395044340997e-02
-4.514904383235545868e-03
-7.145056743517566589e-02
5.362815291425745284e-02
-7.059382960352448069e-03
3.040401080958698640e-02
-3.435359513423508204e-02
-6.497709765618346883e-04
5.788132842936931366e-02
-5.953158357302459382e-03
1.141846489099687320e-02
-2.787783643640143541e-02
-2.149360355335979203e-02
1.921684887880642859e-02
3.179400139139015175e-02
-1.024111362431755559e-02
1.368990473798587871e-03
-1.383428974712429087e-02
1.517745475123038514e-02
7.504988763155035457e-03
3.189584532923438968e-03
3.492309814866552398e-02
-3.488050620455188013e-03
1.988707641393010466e-03
1.410557334782772988e-02
7.500505506565047220e-02
2.623573229683401776e-03
1.247018083770901759e-02
5.663712523808966948e-02
9.078632567396929809e-02
5.968682820209413042e-02
4.819555083639553983e-02
1.151407188907523083e-02
1.291956670461686107e-01
6.770069973267210661e-02
9.886848929231098482e-02
5.488669068373527860e-02
1.332327009738787094e-01
3.938267724364007821e-02
1.306754936717801907e-01
7.382133058431000761e-02
3.768567751878627858e-02
1.298988978100990288e-01
-2.575644279701849726e-02
1.380632153907861981e-01
3.991753792646199339e-03
7.908646801451987840e-02
7.791921080133565325e-02
6.236009558750375825e-02
4.649175003315160482e-02
6.690261668585394117e-02
2.001501139134707202e-02
-9.906867145767030147e-03
2.868956648498037498e-02
5.085323925614911728e-02
-9.003473825692171004e-04
2.001664949665901347e-02
7.524234148374377151e-02
-6.984809467474731304e-02
6.004818465677405626e-02
-5.339033354265497119e-03
3.535404682637535018e-02
-2.588391591562369878e-02
5.956815952320415608e-02
-3.193916287930895909e-02
5.513924745051379528e-02
7.539811421322342028e-03
1.088539363343575192e-02
2.561963646862154900e-02
-1.709719740087908488e-02
5.146350437306274755e-02
-1.632745016546130121e-02
5.961677014530331054e-02
4.873605821751858871e-03
-3.236188589556219380e-02
3.431025614771641280e-02
6.532608990684902681e-03
8.002619092096614761e-02
-1.138163947524963859e-01
4.365734912661804745e-02
-1.344642830384326117e-02
-4.837787930709364255e-03
1.461731318330710501e-03
4.120920708583485775e-02
-7.199729890327773163e-02
9.147721661286579986e-02
-1.054710649941893730e-02
5.007442463624053181e-02
-8.912265279092031547e-03
1.461213562619703699e-02
-2.936812037247598858e-02
-2.901069339122496274e-02
6.412369748439315786e-02
-7.285971878376189086e-03
3.576823506576416734e-02
6.216021182930597799e-02
-1.090758164060416993e-02
-5.018286348431271610e-02
1.830026241210423038e-02
1.479154674223829430e-03
-1.773934224501702919e-02
2.893034070734100405e-02
2.011040336198932632e-02
-8.793635582777934584e-03
5.057660465495586455e-02
-2.029626794968635017e-02
2.949071604348432740e-02
4.299724455995328903e-02
-5.857710701977696804e-02
2.338845683501759518e-02
1.534793450011032179e-02
2.049331536691241865e-02
7.331892086378591356e-03
7.122096348512367558e-02
-3.015502316433291141e-02
2.380328665943881247e-02
2.472831638453235059e-02
-2.656242362046651317e-02
7.285991549735500172e-02
1.761108880958297748e-02
-1.934918361574119311e-02
3.230997195100227676e-02
2.112987343699300816e-02
-6.015989263427767852e-02
1.793775425544561972e-02
-2.559425364809999118e-02
7.257228105416857478e-02
-4.375028294490507057e-03
-2.781831890366419369e-02
6.074152118728791752e-03
3.650748784800593449e-02
2.725892910506710898e-02
4.684678471634039221e-02
2.402294205641028815e-02
1.302779858970468108e-03
-4.693769205688991947e-02
-1.877458804966682451e-02
1.516161811956622321e-02
-6.320848893694974713e-02
-2.587162297556455659e-03
3.214120539264549159e-02
-4.683272868483073087e-02
2.719952448456745830e-02
-3.022328085272625586e-02
3.324776610492361298e-03
9.988542091110119009e-03
-5.684225390031853037e-02
3.169698431035053443e-02
-4.217737967592177090e-02
3.504152816753729194e-02
-1.481373687287174633e-02
3.825633135527351653e-02
2.809298738164156886e-02
-1.572188503910402352e-02
3.166871356236619639e-02
-6.196974291855240555e-03
9.804877172361119164e-02
-2.669085893125148351e-02
4.468668552427976920e-02
3.312191856446634886e-02
2.901256114960078236e-02
-9.992563533726701169e-03
4.867885559493301956e-02
-2.513836084539133875e-02
5.356104947082858392e-02
1.150374679077146786e-02
1.896057155264859601e-04
2.906349934451258124e-02
3.378482907755574194e-02
5.344972930985295717e-03
1.155262440467209190e-02
3.752973270611721646e-02
1.967666928050478339e-02
7.871996001499233925e-03
2.774740793425056404e-02
-6.378959937646248857e-02
3.263063281603983956e-02
-3.064021688879681876e-02
1.731486732943965032e-02
9.499966446187474434e-02
-3.712166075725842340e-02
-4.489878404350848042e-03
1.910014359120625407e-02
1.585685179040187062e-02
-5.154760629482883771e-02
4.131346614985726556e-02
-2.158629440444789077e-02
-4.520458874858081927e-02
6.416310091423969852e-02
3.767590987316146722e-02
-6.413013790045327123e-02
3.116943070924601059e-02
9.265685843758604545e-02
-2.840459233247853710e-02
3.348522511687510028e-02
-2.112702450104184115e-03
6.092685524260533017e-03
2.154244865955555477e-02
-1.483332661425954858e-02
1.383669022460860647e-02
-1.448294712479302956e-02
4.702757636106937034e-02
3.252812108356996357e-02
3.853108381222040968e-03
-2.209514044328584129e-02
-8.146628393116642219e-02
7.437846777855820768e-02
4.218108936118080549e-02
9.888678174188474113e-03
2.546998808177777449e-02
2.675804076060028444e-02
3.161924452332105090e-02
6.648909237926826400e-03
1.019097510013475399e-01
-3.798651315694666353e-02
1.080534054004635841e-01
1.300327730026883989e-02
1.042944121335977747e-01
-5.473568221672913542e-02
5.542250458942219599e-02
2.056901392024345493e-02
9.353494710693367395e-03
9.375475400747922128e-02
-3.419263791869400770e-02
2.618698069834169556e-02
-1.003090998044446278e-02
4.917503639854382824e-02
3.570500191155100145e-02
3.480700471515586758e-03
2.760020880808011084e-02
-2.330802924869221013e-03
7.325163850823848688e-02
2.455229830635942412e-02
3.632551684944504422e-02
5.098802307169164605e-02
-1.155252829237631094e-03
2.512956511868348966e-02
-1.408890065304854028e-02
4.899958556934751880e-02
-2.008104147272779874e-02
1.948629893786645376e-02
7.634095771198775443e-04
-1.084560877952359462e-02
5.328462783223540016e-04
2.968594292094696441e-02
-1.664998472084189968e-02
-9.167255485490464692e-03
2.456935058938598815e-02
-1.614193589310644605e-02
-1.353008431727086881e-02
2.797999006363635632e-02
-9.855419239498154627e-03
2.004492968425271998e-02
3.281746800601924308e-02
3.062408362506728599e-02
2.214049058392364086e-02
-1.950422547660856515e-02
-2.171977804295838546e-02
2.983004396702799293e-02
2.862615709551806498e-02
3.398816413087733107e-02
-1.501853475054817574e-02
2.883686999677500043e-02
-2.956147915099716431e-02
2.395753262070422773e-02
1.166966440740128952e-02
-1.642274062275778795e-02
2.442690973926504167e-02
9.057231902610809668e-03
4.309230481887754011e-02
-2.563670928323184828e-02
9.388128636715507500e-03
9.221747209108954735e-02
-2.980454894786860320e-02
1.416819256603092381e-01
9.939985742915849465e-02
8.068592036864824860e-03
1.056700865505683790e-01
8.041900106886261390e-02
1.064380373504304894e-01
5.109125734283742615e-02
8.987881312082940388e-02
-6.794502066718159650e-03
2.443569379245046358e-01
5.420200513557907329e-02
1.702290146599558796e-01
1.079162905505773318e-01
1.292624959110049987e-01
1.619220116342137694e-01
6.307505150111072934e-02
1.486705538175238372e-02
1.744119622842137951e-01
5.581821957501732073e-02
9.733918523116033561e-02
1.330274160493541968e-01
3.887246184463601095e-02
1.017117109068398778e-01
5.934707438897340870e-02
9.168426113206137873e-02
3.095446764243375143e-02
6.151397149817830479e-02
1.115050455300398424e-01
4.693347338730977092e-02
2.972653514773061431e-02
8.457416434450965026e-02
2.618074186941872494e-02
3.300298102051367477e-02
3.245084226290492757e-02
5.007897570984238059e-03
2.333317037482148665e-02
5.082044537363541309e-02
4.364887189307671556e-03
1.012475780243007016e-02
-1.748796746711300462e-02
-3.437026342183267108e-05
1.084740326704918337e-02
2.541713927915782972e-03
3.119639475321476021e-02
1.666833217298313921e-02
2.752771200483297709e-02
-6.613687243367301349e-02
3.033401724394964652e-02
1.652984094788512159e-02
-2.682129764526644793e-03
-3.218753204501168148e-03
4.924152068292347861e-02
-9.575183226304245787e-02
4.071097677898231904e-02
-3.759510900260645133e-02
1.061792947678884547e-01
-8.393609588965324220e-02
6.065258787278374197e-02
-1.940793964227274099e-02
5.290579975155861037e-02
3.371075957428188580e-02
-4.072147672942347252e-02
-3.563411595128942056e-03
1.493895974609960910e-02
-1.080200041952564596e-02
2.890886484465086947e-02
-1.950336119105846103e-02
5.199770663968067419e-02
-2.607657389041067447e-02
5.221253129922547032e-02
1.439095225034630297e-02
-3.094020170330560524e-02
3.489550721149628498e-02
-1.789371973019034112e-02
1.991197696566794628e-02
-5.461645903863869556e-02
3.884890263820601347e-02
-5.307839682412998639e-02
1.792276404967714162e-02
-3.953535142836810123e-02
-6.425448098755881521e-02
-5.229290874557822322e-02
-1.021517261535966406e-02
-3.728321709614174084e-02
-4.914528804494697201e-02
9.583380384392662515e-03
-2.643174958086433324e-02
-2.309971462859454136e-02
5.348333455268024922e-03
-4.556089414292724404e-02
-4.563304732680571740e-02
1.276220983077454990e-02
-3.871300110445083376e-02
-2.332048954908929120e-02
-4.989749615808949934e-02
-4.825191501897495294e-03
-8.478237785239806090e-02
1.423874071100252742e-02
-5.685489549949362953e-02
1.677837067213820699e-02
-4.428710487488619202e-02
-3.283249680773041908e-03
2.470527365816458862e-03
-1.219689841210132644e-02
2.566709963421712551e-03
-1.180044177656098398e-02
3.740030042852593439e-02
3.553515389092715832e-02
2.265568641034720193e-02
4.707289423253974321e-03
1.197033286346783736e-02
6.692177650061775784e-02
1.374420674719717753e-02
1.306587248467983541e-02
2.840956297528222235e-02
2.748391310294424211e-02
3.430242027918020686e-02
4.384285135416442908e-02
7.250546456899752135e-02
-3.378663800710706572e-03
5.317729489109853519e-02
5.412506968674346552e-03
4.462168345327587743e-02
3.044200434192712371e-02
3.541212232522819581e-02
6.291687158322274709e-02
6.740011099384289606e-02
4.262198888698753851e-02
5.097781991113747163e-02
2.261446263186128042e-02
-9.569863731826319664e-03
1.265565880579078151e-01
-4.316615554057101622e-02
9.358610939146222440e-02
5.635069184200677816e-02
5.185485532057161617e-02
2.927629646020581122e-02
6.236857930076153411e-03
2.974113665269707135e-02
5.222998158830638449e-02
7.955469621970152894e-02
3.234283586556765261e-02
5.612166739496601137e-02
9.813336243888269583e-03
-1.661863928463003584e-02
9.384020749732036037e-02
2.527604545344018169e-02
5.927561361014135888e-02
1.728843928966102006e-02
2.405786579367799258e-02
4.882713959433931938e-02
3.279925598059781067e-02
2.787591184625736601e-02
2.588001596125546686e-02
4.050052911466206496e-02
6.654673510309874751e-02
3.192052335525294438e-02
8.272978165239364134e-02
3.955815810654640663e-02
2.994330761846925384e-02
5.662224208811003634e-02
3.339270695635473268e-02
2.527853831453867606e-02
2.234099395058553039e-02
1.853646284044925541e-02
3.393272695847911191e-02
7.027895906873626863e-02
1.182395503660087568e-02
2.399634818383350465e-02
5.734664674508102578e-02
3.235285404847055429e-02
2.990926143867898152e-02
6.282306391473485574e-02
5.567596715620014292e-02
5.113797584890784204e-02
3.608038492139507142e-02
5.471355954842631319e-02
6.548839381264308368e-02
2.104474367273282895e-02
7.767925640626398287e-02
1.114972475983634116e-02
4.436017259105980853e-02
1.685569309468784235e-02
3.056620457947572395e-02
6.226686217090235051e-03
3.882898261715043986e-02
-4.713190279274012684e-04
5.100639012279786777e-02
2.623908065804449879e-02
-1.014239307362297705e-02
-4.179631714677010772e-03
-3.583573716942453635e-02
2.489026638064579383e-02
7.619522476328867075e-03
-2.237006489226690126e-03
-3.230846580022184167e-02
6.855785804449256865e-03
-1.749887960627708947e-02
-7.263388195870060238e-02
-4.262414770875129488e-02
-5.603145760542986575e-02
-3.837978295752034197e-02
-6.258575766593205136e-02
1.370946775281875821e-02
-5.885568914432277171e-02
-4.366128951764286503e-02
2.132408934978281476e-02
-6.056281186737468014e-02
-1.648072516055273593e-02
-1.161809805675300192e-02
-6.720102498156747817e-02
1.455193213415033673e-02
-3.600890179421398912e-02
6.091840833149454737e-02
-8.963678450396343755e-02
2.396210543088452341e-02
-5.266777286173787709e-02
1.640682858812048117e-02
-2.681251334285577465e-02
-5.097407055163141743e-02
2.368492968091149425e-02
-2.011009666233416759e-02
-4.578366282886478511e-02
1.059173913737626073e-02
-3.286227882546249868e-02
1.578861690150178826e-02
-4.442489915147791735e-02
4.695136714766509622e-02
-6.656765282312676613e-02
-6.986348528633047790e-03
1.276520791762741566e-02
-3.153085031201644656e-02
9.870884557392918535e-02
-3.142800242697663810e-02
1.418826871657030003e-02
-6.094747180904115658e-02
6.520637084980014653e-02
2.004102480792187974e-02
-3.892515672993290127e-02
4.497491226621772031e-02
-3.302661059772574181e-02
4.840560711778207903e-02
5.017938952293555382e-02
-5.701694074383224092e-02
-1.852267999782760549e-02
8.391614434046469617e-02
1.584332307646386375e-03
-2.716399637683805050e-03
-2.006637944281309052e-02
6.232760973204615890e-02
1.853530222860407797e-03
1.392661811181101356e-02
-1.294527844822478124e-02
1.373990999546274329e-02
-1.319239370245754543e-02
1.779560830372381788e-02
4.308892258840596456e-03
-2.827550729500784982e-02
1.120202480432809511e-02
-2.385873546466428866e-02
5.752326666495593405e-03
-2.992879440137495572e-02
2.229196400479430129e-02
-2.290919885978036363e-02
2.678998302075500521e-02
-2.605845851308322483e-02
4.958876814958882578e-02
-5.027726709632756447e-02
8.784844022824731674e-03
-3.737411674704772466e-03
4.606982980905970776e-02
-5.539246439370888037e-03
5.518266875863301994e-03
5.092558599193725694e-02
1.131876799632699528e-02
-6.736119340139948286e-02
5.899498293482071526e-02
-3.503073470049858362e-02
1.013856045144465728e-02
1.746173457233854767e-02
3.831604664604530697e-02
-4.669998870859976871e-03
1.360275733050457861e-02
-4.739722457927799532e-02
5.030164069991145421e-04
1.530380649201864077e-02
-3.602112505798826629e-03
-3.267569043283432423e-02
-1.829000889209815225e-02
-3.380066214382805058e-03
-1.406294122396044843e-01
2.267100779238050492e-02
-7.357713085043397772e-02
1.972310197354071662e-02
3.237022312203808455e-02
2.414684242788467557e-04
-1.817742762542678969e-02
3.278548992764895864e-02
4.739240720213459823e-02
-3.121554967856286777e-02
2.128416923892929857e-02
2.534430100501158453e-02
1.257120239177949017e-01
9.550150945125092383e-02
4.397497283915902111e-02
1.549312825584980846e-02
-9.548654022269308095e-02
6.968452122914124171e-03
1.966993255371056112e-02
1.162093295353362060e-02
-6.733842110701663414e-03
1.810321294307172188e-02
-4.094861877332099664e-02
2.411779764017359540e-03
3.806944110754423467e-03
1.638057588695743250e-02
2.542788466151984020e-02
-9.390527356196462158e-03
-2.374054702584038612e-02
9.755618550449077567e-03
-3.016580400870214757e-02
-1.676636551773025979e-02
5.427438951232339825e-02
3.623519923268556792e-02
-3.523208457983492692e-02
-1.657279351551828664e-02
