-5.660023342233556215e-02
-5.539362177025625167e-02
-9.356017038037721389e-02
-1.123584785708977851e-01
-4.184808917964000924e-02
8.562726521675646796e-02
5.316033520198595180e-02
2.675482075558695619e-02
-3.022840469966798019e-02
-7.118283675290595913e-02
2.012653297082678955e-02
-1.650535108541511392e-02
1.053856580794280129e-01
5.653904910337319983e-02
7.569928326457679713e-02
3.853091500510207046e-02
1.183185081824729146e-01
2.988618438427681490e-02
-2.193840443861417439e-02
-1.696812460093397729e-02
-7.783335842934557824e-02
-1.096599029493359884e-01
-6.639114125172045078e-02
4.168667210193679334e-02
-3.667559402172832720e-03
1.785534195178531680e-01
4.351032908082902440e-02
1.611589514879711166e-02
-6.590424818476259272e-02
-1.852666879718168624e-01
6.025579888733903489e-02
2.100593106112641148e-02
-1.498976384620747671e-01
1.156768053419849757e-01
7.225673348516024885e-02
-9.166289453900956091e-03
1.296473245881079629e-02
-1.072820328512357618e-02
6.469232369082564271e-02
1.896921674029081878e-02
-9.089117896110486539e-02
-9.135279118284961308e-02
1.952711508071622954e-03
1.361032576444232700e-01
8.591532420366401746e-02
2.507528214623554880e-02
1.535980020906796972e-01
1.276862744956476226e-01
7.009612568867226723e-02
2.719151750649418386e-01
2.999060773668613469e-02
1.227274293516247144e-01
8.760459846586723942e-02
-1.039934573996449396e-01
-1.776395530100956521e-01
1.148091936311877725e-01
3.979172640486597357e-02
-1.167319250868660910e-02
-7.079411428159566866e-02
-1.010132172535716383e-01
-2.528369440291102985e-02
1.566643170378950733e-02
-1.127977383095433300e-01
-9.052780141466436337e-02
-8.986291120955090805e-02
2.389115441311153235e-02
-1.307262506810243086e-01
-8.778488317811134270e-03
-5.011565866460683527e-03
4.726202041378570889e-02
4.817810309862128465e-02
-1.271076704350157689e-02
1.136024694804849272e-01
3.226200953331571225e-02
-1.137904535727899021e-02
5.492487644625949211e-02
-1.573812319425985443e-02
8.439255668172548908e-02
1.233223716933347786e-01
3.521164366439953619e-02
-2.306399311476265909e-02
7.579908228771099765e-02
4.013788996387938901e-02
-2.073913412847614157e-01
-7.954880317269831524e-02
1.086270881313934622e-01
-4.698390511382626727e-02
-6.449256633331977573e-02
-5.072350802853573676e-02
-1.522030212878787035e-03
-4.933703748228859126e-02
-4.362194657301982081e-02
-1.201924288167882798e-01
1.904682656266783458e-01
5.897180879558796412e-02
-3.357926538483998469e-01
-1.134632156435405742e-01
-3.022076736937180999e-02
-3.597356685507211993e-01
3.448316812970987910e-01
2.557949617987888558e-01
-2.885678343345481900e-01
6.998261301902992948e-02
1.122393409057631797e-01
-9.371459804543591857e-03
9.177823432421279570e-02
4.998129780377816994e-02
-2.243759248732425382e-01
-1.054214546779752570e-01
-5.812870610134274890e-02
-5.696403229448082639e-02
1.958303152138263920e-02
2.908504004863508852e-02
-6.991357820173568945e-03
-1.057996841056092346e-01
-1.202920004137966736e-01
1.369291907619707149e-01
4.243215507138931725e-02
5.899688603694426547e-02
2.441215888429828507e-01
7.922712812387820366e-03
-5.309575958687683811e-02
1.696814131799707082e-01
1.132229680380229808e-01
-1.367839576835742366e-01
-3.302194211951636066e-02
1.231041449873386817e-01
6.236888562340981573e-02
-2.820667271796874903e-02
-2.837161832670496986e-02
3.744776602078751099e-02
2.151152706647195892e-02
2.340668431106580558e-02
-6.243012390786403104e-02
-1.770435430536714330e-02
-4.262851639694656414e-02
-2.453021859408080207e-01
-1.289269255767494862e-02
-5.027035871682875023e-02
5.256740538941450519e-02
3.724378876103673353e-02
-1.267125373886906214e-01
-4.484816080960715712e-02
-1.030351416515471880e-01
-4.937596999631494593e-02
-3.815077210229506771e-02
1.646522616987698435e-03
2.476919002316778709e-02
3.310834875565066282e-02
1.987060728164444928e-02
6.318545699559972861e-02
-1.786855305219968784e-02
-1.020679991973350853e-01
-8.858367085529098017e-02
8.913061285316589699e-02
-1.018837663032720608e-01
-1.500766488575555890e-01
1.630733363411873693e-01
2.234721351774117057e-02
-6.619450221023670533e-02
2.972038788675245360e-02
7.471130864219628631e-02
7.873616354890017321e-02
1.907349095071799241e-02
-8.219525234580586648e-02
-5.950068005201539223e-02
-5.992740704156741816e-02
2.810292886705086368e-01
2.080332151148205078e-01
-9.246212582401035218e-02
1.173930434583587701e-01
1.729552241145545233e-01
2.100805499418438582e-02
2.192940292703450533e-02
2.498605852424646157e-03
-8.828630484093286795e-03
-2.091586733173280144e-01
-7.086795379047168553e-02
1.164930707283338696e-01
2.777961619108061386e-01
-1.655636931467437817e-02
-1.221621969577427608e-01
6.993602856882613628e-02
-5.205659128906155869e-02
1.375183588593829054e-01
4.624161141354335425e-02
1.843068762418178033e-02
1.776223166061530190e-01
2.602212113735184740e-02
-1.341760531387830302e-01
9.209677299034561837e-02
-6.582327556078340636e-02
8.959850860168050435e-02
-1.088769752661498669e-01
-9.997837018905054995e-02
1.492073958109599030e-01
2.215752726777307502e-01
-3.685183805322186368e-01
-8.177545561200797453e-01
3.761483866027322542e-01
4.534263874751808254e-01
-2.717477914164313502e-01
6.650261035995798375e-02
1.076944812388515860e-01
-6.334732786386608472e-02
-1.142177814379568834e-01
1.373541668033703700e-01
6.703533613538197045e-02
-3.962244081836029802e-02
2.112843611542497904e-02
4.386251517338210504e-02
-5.526412521476728457e-02
-1.117685751306935621e-01
1.088613972799993765e-02
-1.058810066644758491e-01
-4.559904630733452313e-02
3.358250889711814763e-02
-1.770346486660476226e-02
7.261231806599839633e-02
2.420180514937727012e-01
-4.485413233303049418e-01
-5.450720701050925515e-02
2.443241280367668966e-01
-1.534643327368457877e-01
1.180079613568178198e-01
-3.897864338758094127e-01
1.789412609583230368e-02
1.320744221244024574e-01
-1.305974631619119530e-02
-2.413509593554462318e-01
2.888386647965946463e-01
-2.090293318355946339e-01
-6.502008328583137875e-02
2.048469303520900620e-01
-2.580990405706339377e-02
8.120389965977475866e-02
1.540602618249308775e-01
2.846012340595177603e-01
1.360398792227004439e-01
-2.301000954462027182e-01
1.498830455898859590e-02
-6.782004607296260312e-01
3.298018925261240741e-01
8.854226379173345263e-03
-3.652215560350053347e-01
1.765571232966204329e-01
1.800423786701283169e-01
-2.545223587096237527e-01
5.756574401044110140e-02
1.062637048469455558e-01
8.306432553950182651e-02
-5.058113101375794063e-02
-9.962975502009778495e-02
2.866295782950893933e-01
-1.738731337246483544e-01
1.658968358791981235e-01
1.697558964116362146e-01
-1.034474442163253044e-02
1.425943742432182054e-02
2.884401715304383759e-02
-7.557698482297094122e-02
-1.401216642940434631e-01
-1.433727523439635998e-01
-1.407691754373464332e-01
-6.907866760464519140e-02
-2.542784474617228452e-01
4.028399254318118516e-02
1.738858916745829319e-01
4.434053606084545351e-02
1.951390389785669366e-01
-9.651658486968071882e-02
1.119269718314534340e-01
3.080600218229390119e-01
-1.650392763366832494e-01
9.329522232454315334e-02
-3.524658076654779010e-02
-2.964545896789130830e-01
1.054312499307308165e-01
1.676927127858115346e-02
-6.159447102604924396e-02
-1.299741299112066872e-01
2.853757834785694003e-01
1.411594368498678420e-01
-4.901337880201249719e-01
-1.140184037840006881e-01
9.632539325192195079e-02
-1.227894518415186403e-01
-1.905942417533769695e-01
2.467201127957183437e-01
3.802743182993121862e-01
-1.690443608311313906e-01
-8.869083007267855590e-02
-1.206058719905906823e-01
8.178307539894566491e-02
6.353117960428074362e-02
-2.498806024358415645e-01
1.355262407280827808e-01
4.149992280161327041e-02
-5.770001069070115896e-02
-3.072183077248850577e-02
-2.078166930428178849e-01
1.878288810557145888e-02
1.650479081805302783e-01
-2.332903704033797709e-01
-7.433967138259942042e-02
2.761437949601103919e-02
-5.016191456609522814e-02
9.247975845776117143e-02
-1.292287130543644247e-01
9.315829910785679291e-02
-1.821423364045969828e-01
1.991855635708778272e-01
-6.240222624273929902e-02
-1.022732778796746067e-01
2.126542100646367506e-01
-4.459870396955022825e-02
3.010872909272794065e-02
4.536705464753708061e-01
-2.862616407084410119e-01
-2.733709619500843471e-02
-4.048826196082756096e-02
-2.205122116624033124e-01
-5.241653948105471361e-01
1.405353400657602725e+00
-1.073456807788084610e+00
1.693213340025022662e-01
1.304579612597604465e-01
-3.729007789174692555e-01
4.237487053691889605e-01
3.524249798881073925e-01
-4.277793250515081747e-01
3.949514626913028931e-02
-9.758976901698841744e-02
1.351049368122694549e-01
-1.545030195370820925e-01
2.216683140915260697e-01
-1.105960084733010988e-02
-1.634917836714336048e-01
-2.544133618239821093e-01
1.737435101791799108e-01
2.617147093932420225e-03
-1.673169108643724201e-01
1.197012764291580378e-01
5.666564760697956338e-02
8.731931620425913143e-02
1.972260325013274265e-02
-2.388479506458250357e-01
-9.085077371166838667e-02
1.747542396488831751e-01
5.428683836939487972e-02
2.502769887611270283e-01
2.310047353761083277e-01
8.985334036520831180e-02
4.649824444316904559e-01
-2.113040457255272548e-04
1.880959918569597433e-01
-2.938560255827112055e-02
-1.563630824215923865e-01
-2.559950078150768568e-02
-8.813152950504710842e-03
-2.322142505578583468e-02
-6.642449843578693280e-02
-2.863925224261646557e-02
1.882348098006775272e-01
4.630667016913869727e-02
-2.984560697884594549e-01
1.156735722398170713e-01
1.182075026328038153e-01
8.242750364226836268e-02
-9.116535399558500785e-02
-4.239909341307666613e-01
-5.048083275652798241e-02
1.438682462623260550e-01
-1.393660977654919142e-01
-2.051080656758531295e-01
2.888859309277466147e-01
1.808755613487219305e-01
-2.899233824962986206e-01
-5.083161679634756042e-02
4.463124692712194252e-01
-1.767551429668696716e-01
-2.914018967980154876e-02
3.946148247107390122e-02
-1.414008670603873474e-01
-1.939666466393388522e-01
1.335775415813827138e-01
-5.556345332221216543e-02
2.575013727335671021e-01
-1.495895545598164844e-01
2.639750607962227866e-02
-2.231704346719311505e-01
1.740551526908821478e-01
-2.375385941734384498e-01
2.226102148227256106e-01
4.258281270734991242e-02
-2.387740820132877306e-01
1.795086650911570103e-01
-1.003131484701611092e-01
-3.218427237177529793e-02
6.596965670282732563e-02
-1.011145391369558111e-01
1.338264130208179775e-02
-2.535067077932720569e-01
1.969068043655256839e-01
-2.695114321042785810e-01
-3.817702417649298380e-02
1.799122660898924142e-01
-3.884786906017318603e-02
5.911247009332701308e-02
-2.487676418889982199e-02
1.016512374183378142e-01
-1.496458180034839769e-01
-1.039943373545537258e-01
2.701052998156041607e-01
2.850460263537627492e-01
-4.760014295674418472e-01
-3.670966631029862204e-01
6.129630546585607132e-01
-1.465204338787693128e-01
3.567767923326731899e-02
1.064311814568618952e-01
-8.806734576331217215e-03
9.890942889881711511e-03
6.185197382710989900e-02
-1.768628906062779949e-01
2.971830672378699689e-01
-1.401340326940217207e-01
4.398013671322392043e-02
2.183780084103366104e-01
-3.707963000562005673e-01
1.150706014061956828e-01
-2.038745600097819077e-01
-4.010094010452117108e-01
6.253602591582518855e-01
3.579558611779624644e-01
-1.687033457084869958e-01
-2.229550915288581459e-01
6.291445618217048411e-03
1.399739570166839420e-01
-2.648850534663806933e-01
2.995962392936856178e-01
-3.314755737181813988e-02
-2.896797657511220314e-01
3.345771797041173778e-01
-2.768802981553230569e-01
-1.427715619453561596e-02
-1.689331580581290848e-01
-2.625859200059284596e-02
8.568231715814871030e-02
7.585756204325797523e-03
9.512238650898066639e-02
-2.173859099587274468e-01
-4.143966534043457273e-01
5.130916304518067239e-01
7.446268677045841944e-02
-1.317585896656747191e-01
3.985191015947494968e-03
1.219398027864122963e-01
3.788971015930734515e-02
-8.946535047309724098e-02
-5.903854606665921018e-02
-8.168011559304594327e-02
2.436617560742038724e-01
-1.027763395415002244e-02
1.590825032460382524e-02
9.550150896967439518e-02
-2.536804903755310314e-01
4.981716202135122451e-02
2.896649803475976892e-01
-3.318135492207224257e-01
2.568631710735165274e-01
1.867320533629682547e-02
-2.712356469500235966e-03
9.521405497168478060e-02
-9.678457742924426524e-03
-6.106108487345816016e-01
1.469368613601482743e+00
-7.248742727621432236e-01
-4.013095539365364450e-01
3.737060418102956527e-01
-4.283485851475606898e-01
4.666582163085025714e-01
1.482655061322064594e-01
-5.314396908624544613e-01
2.249930922288058063e-02
-3.284739878001344260e-01
3.478819722768725087e-01
-1.705101988797005572e-02
3.404186930638631869e-01
-2.124221048802543144e-01
-9.956921080708229510e-02
1.048343882319606873e-01
-2.844269090656112997e-01
1.174589434206407684e-01
2.410859382751794067e-02
1.220215168309568970e-01
2.032729519572136490e-01
-2.910662463049233928e-01
2.068930337252539442e-01
-2.164975286168603907e-01
2.687622969655063532e-01
-2.059123557093891221e-01
2.265568885490197582e-03
-4.862650139419066320e-01
1.070182777287217002e+00
-9.110080065320675935e-01
1.841940595190884877e-01
-9.856421763334759581e-05
-2.100554829466146911e-01
2.017132470041438641e-01
4.567373868359215355e-02
-8.226096579648192741e-02
1.328642023516682369e-01
1.998807057345646232e-01
-1.035174773561551159e-01
-4.079124833177544818e-01
3.334551262639035007e-01
-1.617726255687017556e-01
4.107710336417980806e-02
-1.914183409340856207e-02
-1.389965499963435880e-01
9.331908207712112657e-02
2.594572211536380971e-02
-1.011835653583201093e-02
-1.899875195628867031e-01
8.179131319221928653e-02
3.784280556570461251e-01
3.030554249144688517e-01
-2.071959092453126428e-01
-3.246118588721194631e-01
-6.435176702499036117e-02
-7.930837163747991858e-02
1.097907032510905129e-01
-2.759725666343877844e-03
-2.980339062130392402e-02
6.810970878853910004e-02
2.333340465290185406e-01
-2.142768139188526433e-02
-4.059841922824528049e-01
1.765322554133923472e-01
7.707961197524221264e-02
-2.604293090259785504e-01
1.594959122481473535e-01
-1.705220654984288264e-01
3.596439778544150423e-01
-3.293668498782070242e-01
-1.558250098996364907e-01
3.868089446942329923e-02
3.051935862616121931e-01
1.980906584482587385e-01
-5.466311495793583219e-01
2.774669266454743433e-01
1.286779201561691621e-01
-2.098896678011102912e-02
1.212967261908673433e-01
-2.401387006705891017e-02
-3.596817045129450663e-01
-7.621973663419438771e-02
3.590166909028880832e-02
2.903269617938462055e-01
-1.227485059911156001e-01
-2.880315659891262703e-01
3.685865653805234787e-01
-1.544461849306224266e-01
-1.726222773028804058e-01
-5.031018074225295234e-01
1.016627403340034874e+00
-3.446261895727889546e-01
-1.338490757046870427e-01
3.609788550881659064e-01
-1.200725501322408122e-02
-2.869928096600202760e-01
2.199322800527544336e-02
-2.342823371567786736e-02
-1.347351475971269308e-01
2.249085257702518603e-01
-3.651129324605174170e-02
-3.300943598360597808e-01
1.846193697002757039e-02
-3.703294014990751726e-01
3.922049309639518144e-01
2.195517993584855387e-01
3.047700013010833098e-02
6.596051458567525616e-01
2.126752531240624078e-01
-3.606719366809069127e-02
-1.495818093539806326e-01
-3.634073177883450079e-01
7.894051872821246096e-01
8.540526811356788928e-01
-2.689061489111010950e-01
-2.942752971005789808e-01
1.972117300942216600e-01
4.481298381013858190e-02
7.060659730950172297e-03
4.536923939923945964e-02
8.234973559582442482e-02
-4.446312402869891794e-02
5.343766543531690560e-01
-6.382171173887308813e-01
-3.391980910370436808e-01
8.651719577123373472e-01
-2.773358319465510924e-01
3.879166235761900561e-01
-2.065360017856088526e-01
-1.000694318229243956e-01
1.124570659159498387e-01
6.112439727476534634e-02
-1.070596328595818242e-01
-2.309460851403570270e-01
-1.667946344184219679e-02
-2.420904638928189287e-02
-7.207111157004959801e-02
6.662239431970949644e-02
7.582769319815900466e-02
9.338740233013953507e-02
-2.504425210954257588e-02
-1.856003512097074981e-01
-1.180193091968082669e-01
-8.016421114129725078e-02
8.291556510042433770e-01
-3.406898559945366056e-01
-3.981632677750978067e-01
-1.282275166190365856e-01
-2.175747643213150062e-01
9.918185696891250736e-01
1.634149385179544528e-02
-4.303531705202031654e-01
-3.591715107323544265e-01
-1.244076566359761035e-02
-3.105117825041577365e-02
4.046507506207949745e-01
-1.110234834669772824e-01
5.119654423123665143e-02
-3.908785824350712867e-01
-1.050047457539008029e-02
1.058578620659289538e-01
-1.651466056838929788e-02
1.704950422700163282e-01
4.544188089366957978e-02
-9.988835908626944593e-02
-6.831581826806897018e-02
-1.059977126022169786e-01
1.772840088605861716e-02
-2.122083493451029992e-02
-4.624378596762533655e-02
-3.619349404374459789e-02
-7.463740030398233194e-02
-2.368262581986960852e-02
-9.760850864507102792e-03
-8.621336884121082178e-02
-2.638953863632176322e-02
-9.065242938991438515e-02
-1.286046215526124026e-01
-4.624937380076218213e-02
3.863764262593673976e-02
7.371701057091564757e-02
-6.500936791662104142e-02
8.003977127217273835e-02
2.810707047500228539e-02
5.708439134897805300e-02
2.999086792623304465e-01
1.135505691364948194e-01
3.141326348866158025e-02
-1.925097856014150455e-01
-4.641963151745445715e-02
-3.538877534380004825e-02
-1.786662955116317675e-01
-1.044865325012937635e-01
5.726936444341696429e-03
2.468959269836963968e-02
-3.725897832858270781e-02
-2.929596581846209344e-02
3.381835211377417355e-02
-7.878070796300378972e-03
-1.021521131391429568e-02
7.755252545940947637e-03
1.517906653754262127e-02
9.330137373871834339e-02
-4.943828961864298044e-02
-2.095794881387266773e-01
-8.013388136859270205e-02
-9.484300567601935961e-02
1.117351087166799928e-01
1.178331260542055670e-01
-1.966864633110605443e-01
-3.980107252954752650e-01
1.558309541627621309e-01
1.501440744968512431e-01
2.992098321910707792e-02
-8.795001609654873320e-02
3.274829899578154402e-01
5.721995008279233685e-01
4.641977596995625066e-01
7.881086817189533744e-02
-1.560920603530963902e-01
-2.999288322539435669e-01
-3.410951660487298587e-01
2.489491000928833186e-01
-6.430564591324068428e-03
-1.570987695432476683e-01
-1.234571078439728742e-01
4.152589277829055181e-02
-4.867785731403379001e-02
2.820212832330565300e-02
1.473132138361858134e-01
-3.850446073276395098e-02
-3.894072346775911964e-02
1.643659620758689544e-01
-3.385138560484424186e-02
-3.748094582769898042e-02
1.477532097555123991e-01
-5.362598540202165309e-02
-1.257538039642454031e-01
-8.909113353837400107e-02
1.042629648804409143e-01
-4.499505093772516312e-02
-3.227782847524927889e-02
-5.923033055792335105e-02
-1.584480979324094929e-01
-2.410103786901596559e-02
-4.628697152339024401e-02
-1.898199556613706929e-01
1.205006641607824919e-01
-1.135888041852661373e-01
1.699758287633502257e-02
1.225738067105014602e-02
1.872482757803525244e-01
4.887370177180377223e-02
-5.689875634370132607e-02
4.166321917363590560e-02
-3.192596875397126638e-02
-9.515500176833639745e-02
7.726625288426200444e-02
2.678677206136141353e-01
2.080104501963568608e-02
2.079335149297563065e-02
-4.452730602246532388e-03
7.641992194776414671e-02
-2.869887956821063485e-02
3.508319895252760140e-02
7.688038969827191982e-02
1.017470729014299802e-01
2.636573581153280402e-02
1.929755824949328305e-02
9.781823094065892482e-03
-7.414987415107107682e-02
1.119630271612196692e-01
2.377404362252688585e-01
-1.461030908857469113e-01
-2.204591210998265993e-01
3.358768339816141368e-02
3.702997405166404132e-02
-2.252372512703336160e-01
-1.062910794855682628e-01
1.590740443708577867e-01
1.686899787319209310e-01
-1.043627539926149650e-01
-4.708140582307757810e-02
2.073696250936272467e-01
7.936981759943875780e-02
-1.274031677997749523e-01
-1.542115414994125189e-01
1.283992448730425229e-01
-1.845778681398216603e-01
-2.103147557476174601e-02
2.406482569514415137e-01
-1.087560720276459919e-01
1.610036561330119576e-01
4.242760924829023783e-01
-5.953317460753188017e-01
-5.788294794308422586e-02
3.027760386718586841e-02
-1.962542612984571611e-01
1.668996508245352769e-02
1.796551384638857274e-01
-5.095652049482263767e-03
-1.175311062698538855e-01
1.346830721270492193e-01
2.770755625471995817e-02
9.688409509648906667e-03
3.843483230854789572e-04
-6.428516806315673349e-02
-7.149200876100859914e-03
-3.331969152043959270e-02
-6.114618743095231318e-02
8.048117818576651372e-02
-8.071634261501059449e-02
3.238216340809257215e-02
-6.609588205082821133e-02
1.282755172994267702e-02
1.272143763529378496e-02
3.318407181120914401e-02
5.404800988575801657e-02
5.612773027359596600e-02
-1.897764613518246671e-02
-9.656721317668731652e-02
-3.674679605247117148e-02
1.176229915101492246e-01
-8.669304126292114165e-02
-3.413785797921606302e-02
-1.122817128461990610e-01
-4.692481441054577318e-02
1.790913852319265046e-02
2.659445465986055163e-02
-1.262019916540815245e-01
-9.588866665330986194e-02
4.406872991415759430e-03
-6.338391614672540808e-02
2.647826686605456725e-01
1.422911385208339707e-01
-9.002892441414592217e-02
1.109073330191847999e-02
-1.528149064255168547e-02
-3.725110780806117211e-02
-2.618052088670084210e-01
-6.831928459981916057e-02
3.041586588520213408e-02
1.443145417834200139e-01
1.597509342408106603e-01
2.869285793212595914e-01
-1.935597576330987668e-01
-3.271152873532955363e-01
6.306283137226949276e-02
4.512218935310823020e-02
-3.062641927627697200e-02
1.701236359879950699e-01
1.574280036467522736e-01
9.409112441442990526e-02
-1.312928198660544832e-01
-1.892667900415212767e-01
1.417306096637325485e-01
7.748451690252883273e-02
-1.574002291183035085e-01
2.540200084771629049e-02
2.999386540282529892e-02
-1.346943438985683146e-02
2.721755215717015092e-02
9.109436549207557132e-02
-9.116642539603450612e-02
-1.513170622247084762e-01
5.097792299778716523e-05
6.040078631060424863e-02
-9.144034727783670324e-02
-1.290995336154400208e-01
-1.225060321602645108e-01
-1.117863808987037411e-01
-4.940947023921177239e-02
-1.034334385946168201e-02
-6.923906712033679745e-02
7.911619394662712523e-02
3.290883272966233647e-02
9.247408164687724585e-02
7.933804352207034227e-02
5.015297041910365961e-02
-6.700296216516418712e-02
1.798695573035432801e-02
-5.842577446774138705e-02
5.196232113437109640e-02
4.985514860054713476e-02
3.539552736135483796e-02
-5.264661705793172164e-02
-5.727087136135821516e-02
1.054902001255081205e-02
1.764271905820960148e-02
4.704663932433138934e-03
4.765277903234877571e-02
2.961615126001296283e-02
5.160202069542743110e-04
4.588878984946709707e-04
5.160205561954152005e-04
5.158280116677159150e-04
4.877248589392940746e-04
4.871792613845586564e-04
5.160159279040285553e-04
5.161795214232759409e-04
4.585352921479062221e-04
5.160221093320081689e-04
5.161809381680192719e-04
4.873700729140993909e-04
4.871825346619354513e-04
5.163731913618618873e-04
5.158283441180426228e-04
4.587282896525738340e-04
5.161802533210200659e-04
5.160230012259295167e-04
4.872473164225418741e-04
4.875346393347489583e-04
5.160210803290030774e-04
5.158283862469736089e-04
4.877295557431325624e-04
4.871817627015841774e-04
5.160177183073749686e-04
4.875326099203328200e-04
4.873747247689215272e-04
5.158285219529101144e-04
5.163732655693472045e-04
4.871814258472510675e-04
4.871824998354347186e-04
5.163699460092859104e-04
4.871814879728845354e-04
4.873759717876189235e-04
5.161801389282819454e-04
5.160217674962606351e-04
4.871816429553650521e-04
4.877278986835511068e-04
5.158318289427139651e-04
4.872340201857418762e-04
5.163754818088579085e-04
4.871850583881900672e-04
5.160240430964209814e-04
4.875331057091907049e-04
4.873755302168527519e-04
5.158290956485389860e-04
4.877252773112953428e-04
5.158292162315651890e-04
4.874287122486640014e-04
5.161795369247471413e-04
4.871816541194313056e-04
4.873762123646915639e-04
5.161794314074750296e-04
4.873748266014191481e-04
5.158289449644914981e-04
4.877252403065057565e-04
5.158303541744727353e-04
4.873714283870356494e-04
5.161768466999150677e-04
4.873767965939542965e-04
4.871819330161541333e-04
5.161806314352632152e-04
4.873769752285473083e-04
5.158313288724823220e-04
4.877255172511507078e-04
5.158293030868589795e-04
4.873768159451202569e-04
4.875321778975488991e-04
5.160227589727971404e-04
4.871832099153126992e-04
5.161797036009571930e-04
4.873756899702620920e-04
5.158294427945406008e-04
4.877237041508111922e-04
4.871817589872945052e-04
5.160245556823440157e-04
5.161778483525675991e-04
4.873761069737135012e-04
4.871827791140272666e-04
5.164170437041383163e-04
4.871839837084664376e-04
4.871778044076334815e-04
5.163704505202573215e-04
5.158296605068220719e-04
4.873772681935536208e-04
4.875315670327908706e-04
5.160231768590485676e-04
4.871843114398543098e-04
5.163721963749143447e-04
4.871828544467892135e-04
5.160260299222393238e-04
4.875331085481627636e-04
4.871827366657822066e-04
5.160230570959274893e-04
5.161774457293161287e-04
4.873755670598147556e-04
4.871818253953824097e-04
5.163699999464259295e-04
4.871842102675845291e-04
4.873767023772047685e-04
5.161784797710136652e-04
5.158301799643096215e-04
4.873778910102359086e-04
4.875318681712349127e-04
5.160234690628419559e-04
5.158305724657354053e-04
4.590801107979993042e-04
5.158300842332268384e-04
5.160218956247532599e-04
4.875321666368099215e-04
4.873735269891001825e-04
5.158304072094272016e-04
5.161805646796241128e-04
4.587701073389057220e-04
5.158310578021288754e-04
5.163710053409113678e-04
4.871845970616809013e-04
4.873768627806625373e-04
5.161780863273598150e-04
5.160241117392543693e-04
4.871848804325763348e-04
4.877232066735698248e-04
5.158257222413301394e-04
5.158305740976748890e-04
4.590792222881787902e-04
5.158306362046757463e-04
5.160255046815950515e-04
5.161796906496764117e-04
4.587298884863293819e-04
5.158312228062539306e-04
5.164043353617919774e-04
4.585375490266221433e-04
5.160242405861831553e-04
5.161779657383878473e-04
5.158304749059104948e-04
4.587313438138729163e-04
5.161779884130009025e-04
5.160244897704254060e-04
4.585377982775671679e-04
5.163746711283118867e-04
5.158352693374476054e-04
5.160282644904308318e-04
4.588849418642061543e-04
5.158310518560183010e-04
5.160267734728615470e-04
5.161813374849403809e-04
4.587327772883259330e-04
5.158296006249826759e-04
5.163718580339830095e-04
4.585380751663870372e-04
5.160250464422965486e-04
5.162040353870478177e-04
5.160249422492784030e-04
4.585380531485409405e-04
5.161771199113958505e-04
5.160248176996254767e-04
4.585376454280782970e-04
5.163716679681305214e-04
5.158309602559908247e-04
5.160272214043750425e-04
4.588836653256025988e-04
5.160240594339660135e-04
5.158309851811542120e-04
4.877240218849903828e-04
4.871854331217080462e-04
5.158283830825671551e-04
5.163691350344932736e-04
4.585381196979358416e-04
5.160253300353054339e-04
5.161770300785965566e-04
4.873783273707454834e-04
4.871853587819146105e-04
5.163699777741186450e-04
5.158312205290581376e-04
4.587312311550163346e-04
5.161754535855437014e-04
5.158314114703841475e-04
4.873762077494028355e-04
4.875281783354785850e-04
5.160240251298671725e-04
5.158308188596854617e-04
4.877248305708152846e-04
4.871856497112494327e-04
5.160258856543848251e-04
4.875294888636341989e-04
4.871870641169412310e-04
5.160247251351061677e-04
5.161768982056248126e-04
4.873788768335420344e-04
4.871859041219331419e-04
5.160261888718031213e-04
5.161734730205600917e-04
4.873789358518680137e-04
4.871850912122530335e-04
5.163871949661335030e-04
4.871844619182786273e-04
4.871877325231867848e-04
5.163763174565402531e-04
5.158363127779005703e-04
4.873765849606954731e-04
4.875300590164479949e-04
5.160263039256838234e-04
4.871845986313393128e-04
5.163705580891688905e-04
4.871860610974248834e-04
5.160262143179625153e-04
4.875275007759132190e-04
4.871859733484101233e-04
5.160264750346981507e-04
4.875286784085376105e-04
5.160261827501091492e-04
4.871838160051394635e-04
5.163694081649326546e-04
4.871828581949274066e-04
4.873817122164701005e-04
5.161760404699306014e-04
4.873792508551123143e-04
5.158321359420376057e-04
4.875289505220140019e-04
5.160242186055431909e-04
4.871848989094070773e-04
5.163702993277456861e-04
4.871861619587611477e-04
4.873804719602845329e-04
5.161790531710855551e-04
5.444793763490451922e-04
6.015764763287359367e-04
6.305670380417223962e-04
6.017757797337718300e-04
6.015764029684348129e-04
6.015779271733574622e-04
6.019200780938003441e-04
6.015792175337177994e-04
6.017749407918956831e-04
6.015776721198404188e-04
6.015768156832799682e-04
6.019213395897426641e-04
6.015764918761754660e-04
6.017756703140673047e-04
6.015765038179372816e-04
6.019207721223245565e-04
6.302237860156686359e-04
6.017717775771614817e-04
6.015778333471629271e-04
6.019198407886978009e-04
6.015779996852726628e-04
6.015749778263525596e-04
6.017726283089065145e-04
6.019196923526149313e-04
6.015777548248570821e-04
6.015766279112014833e-04
6.015776040925013401e-04
6.307582740489881814e-04
6.015730551780550453e-04
6.015780099401474117e-04
6.015761670304553728e-04
6.019212497561954875e-04
6.017722742592432296e-04
6.015780954191381593e-04
6.015763917210142833e-04
6.019211784860380686e-04
6.017730486595553345e-04
6.015780821204444158e-04
6.015760881635926795e-04
6.019211122494908970e-04
6.302238978587756772e-04
6.017794254271794730e-04
6.015873903539768969e-04
6.019192367790733664e-04
6.015779769442989536e-04
6.015766521996193314e-04
6.017715670752120600e-04
6.015762642136620588e-04
6.019210984054230778e-04
6.015761402513222084e-04
6.017729622598643304e-04
6.015762615798602450e-04
6.019211025670918088e-04
6.302238256990776470e-04
6.015763959788244250e-04
6.017722650727928011e-04
6.019193833959161650e-04
6.015744258978864131e-04
6.015766389054856339e-04
6.015779503128547250e-04
6.021135694447394496e-04
6.015776286501974945e-04
6.015760818048186036e-04
6.015780956730735953e-04
6.307615113219917739e-04
6.015764514853934927e-04
6.015777033528878171e-04
6.015763106614255545e-04
6.019209094668898563e-04
6.017706894069538943e-04
6.015774284973763111e-04
6.015746503055021668e-04
6.019208856032744540e-04
6.015760323542959339e-04
6.017717619307535928e-04
6.302237763342075994e-04
5.732732908643937801e-04
6.302236522983534206e-04
6.017716432425788530e-04
6.015773924491020280e-04
6.019191241660411858e-04
6.015780053515723405e-04
6.015760437585169259e-04
6.017716565010921724e-04
6.019190244720461561e-04
6.015789734776116372e-04
6.015762227123430759e-04
6.015776634866355907e-04
6.017717899848351116e-04
6.019203991344243337e-04
6.302233212846850138e-04
6.015761764756011017e-04
6.017730994980927074e-04
6.019191414835896228e-04
6.015774237553328562e-04
6.015992105309100587e-04
6.015777944465169847e-04
6.021147904444269826e-04
6.015776134106152204e-04
6.015778778115651393e-04
6.015777849552266356e-04
6.019191345717770291e-04
6.017705382513915437e-04
6.302237321935644189e-04
6.015763805069994320e-04
6.019201086205510677e-04
6.017719848324848452e-04
6.015776608388869254e-04
6.015763007887244820e-04
6.019201064170719151e-04
6.015763775410271292e-04
6.017731751024689825e-04
7.370240437423077051e-02
2.151024284495308969e-01
1.193628992422383558e-02
1.333515963260365200e-01
1.144991680966744446e-01
2.902904883212276479e-02
9.065386757442681076e-02
-2.800877401855290938e-02
3.437885960148764908e-01
-2.021976059431892236e-01
-1.212917553889333866e-01
2.401071114692493458e-02
-6.032435217964422780e-02
1.621902321662218871e-01
1.880636669281752216e-01
-6.111692758838057661e-03
-3.980893821555075984e-01
-4.879797637600158389e-01
2.741743967255771963e-01
4.756113422158215753e-01
-3.480699727019117562e-01
-3.395256387445184654e-01
5.402364006370707905e-01
1.536769001082951280e-01
-6.466708321518600533e-01
8.438615819077706359e-02
2.415627037166411528e-01
-4.774632331822088460e-01
-3.366989208010365831e-01
-3.096151649368940606e-01
-2.191716179719057078e-01
2.047986558184786421e-01
1.866606298091483263e-01
-4.385304682326354175e-01
6.046564170664231463e-01
1.669389323504968381e-01
-1.892180449174776791e-01
-2.065015261904133703e-02
2.801131237107490901e-01
-4.580700162991958174e-02
1.061391403102106001e-01
7.415086337359248769e-02
-3.339452560939146775e-01
4.930297164505977325e-01
1.356741813179676293e-01
-2.127493754270499970e-01
7.141946521000377968e-02
3.002858274532506713e-02
-1.527308454814227390e-01
9.458385012885888246e-03
1.224917475670121020e-01
-3.232989829989998953e-01
-2.635438870447184140e-02
1.421275383541549531e-01
-7.839576487646723879e-02
2.779037332448211495e-01
-2.582441604129430690e-01
-1.167612927303289250e-01
2.611337617767305330e-01
-4.526979410146971250e-01
1.241234426611548735e-03
1.713400908620597574e-01
-3.121722837532040634e-02
1.592750431599190275e-01
3.708746381863944896e-02
-2.194491103862531989e-01
6.398739130723669899e-02
-1.049403901557478258e-01
-7.441865471353505124e-02
8.976648231585766455e-03
-1.590046350385089791e-01
2.420475747214087259e-01
2.006306812108972493e-01
-2.287943879323565410e-01
6.690395481786098886e-02
9.912019198382236718e-02
3.058561945175418684e-01
-2.260913008648396116e-01
-4.724277195849011651e-02
2.305757900025100504e-01
-1.790173269043365822e-01
-1.090561149772717037e-01
5.500048871342265444e-02
9.660002489645866386e-02
-2.499430565458478637e-01
-1.281836066020415610e-01
3.135688119928207174e-01
1.072539496903450046e-01
4.823666893607485018e-01
-5.139610696898866404e-01
3.303974260415521447e-01
2.580798450328941618e-01
-4.746290403065716035e-01
-3.639926886570927222e-01
3.331912445468805384e-01
-2.920726701390738977e-01
1.457888289402024251e-01
-2.461100287728249306e-02
-1.685604157051885654e-01
8.406733162424011307e-03
2.978062032747740839e-01
-1.514075924396125483e-01
6.978121810102713707e-02
1.526164227047776267e-01
-1.435209587528773201e-01
-7.240830826699712341e-02
-9.014062104997024732e-03
-1.484863848128079034e-01
1.977853989409108365e-03
4.163425084958703032e-02
8.587978626996606302e-02
1.362840336830796195e-01
-1.438987736291811592e-01
1.702682209224898047e-01
-4.173835115875738078e-01
-7.380338470890271396e-02
-1.585940048167482032e-03
2.142947395152125512e-01
-1.149355042463651999e-01
-3.887250774831526590e-01
3.103452734789055589e-01
-4.306287897816882260e-01
3.040969884450970273e-01
2.599828745963031484e-01
-1.715514030076535079e-01
4.384373543288523356e-01
2.452875692138636529e-02
-2.048992652388443025e-01
1.627084684096464506e-01
-3.680805093401719880e-02
3.290922306950313375e-02
3.519039826933997861e-02
-4.114460820754508585e-01
3.802682736004853736e-01
4.507225436001564556e-01
-8.301168739905167016e-01
7.009039410920946400e-01
2.751953795248353041e-01
-1.969035982032671731e-02
-9.566424678891203293e-01
7.171234404466168832e-02
4.259856110532075912e-01
3.668867532962488687e-01
-7.123071041984926355e-01
4.171371595961930745e-01
9.801122147899819781e-02
2.961434018509899804e-02
5.664329864675587967e-01
-2.865844979821542959e-01
-2.593525874463640038e-02
1.439506705842844292e-01
-6.478041461981177696e-01
1.034340176658636867e-01
1.942930802036267612e-01
-5.278327269064553295e-01
1.647470200702987400e-02
5.005393705444152047e-02
-5.742584053527313714e-02
-5.546892493024550147e-02
5.029561413357881011e-02
-2.931943926551370261e-01
1.426157628883812922e-01
6.068786006061712562e-02
1.790970207867364494e-01
-8.808248162126459252e-03
-1.343706393966956347e-01
3.761888603194762926e-01
3.055438298558765808e-01
-6.974423050072109387e-02
3.759516074112517203e-01
-6.549242740198588097e-02
1.160465445388439015e-01
4.498481609513079252e-03
-1.243518273363060089e-01
-2.909802621923943122e-02
1.168915786361620357e-01
-3.731297747922968644e-01
-9.038600030911248320e-03
1.085475374722814773e-01
-9.101410906088612807e-01
9.458401626113116523e-01
-1.291784887942805937e-01
-7.988212882438498752e-02
1.285504407211680855e-01
5.117668764633063333e-02
1.419816376540397433e-02
-1.102853883209039577e-02
-8.930005235377644346e-02
-1.348423330469026848e-01
-7.702173575328513655e-02
-5.894877115377801513e-02
7.214220491336738317e-02
8.063165900965081623e-02
7.517104475649019624e-02
-1.623089595988388978e-01
-1.961913941430598607e-01
2.940496556369627257e-01
-7.247363254999371340e-02
-2.339323799295819906e-01
-8.174648415779905974e-02
8.365188263561905424e-02
-1.484346927777086822e-01
-4.335219250165883720e-02
4.893140578971299365e-02
-1.813628700378792369e-01
1.870475079925161821e-01
5.688440799344216675e-02
6.346703278713083929e-02
2.167221970409982101e-01
4.934307070054093636e-01
-1.438568826424612979e-01
-1.330001754617799459e-01
-3.068823785374745761e-01
4.437260510980338066e-03
-1.214506634224216119e-01
-2.459641225384142094e-01
3.443716967286131192e-01
-2.107853407850141525e-01
-3.143878089873790999e-02
2.107107695018457239e-01
5.071547772935490472e-02
-3.421818018880171119e-01
2.867430214425141788e-01
-4.917858935058266184e-02
1.805373810994227168e-01
1.169612200262996476e-01
-6.425645228859885871e-02
3.984133674610045028e-02
-7.202029575490924429e-02
-2.511758491359687984e-01
-1.654630626874666055e-01
-6.944379525101408712e-02
-1.955886724450676961e-01
-1.167409273752090942e-02
3.289540149091150778e-01
6.975339301984637141e-02
1.918941920639298804e-01
-1.617297922527331511e-01
2.916525547214464109e-01
2.016036065687921638e-02
-9.670722801227638055e-02
9.590048781974884473e-02
-4.053046253471275784e-01
1.837434207595427804e-01
-4.972469004538995763e-02
-2.050540254528356587e-01
1.093905814459883441e-01
2.068122468177426565e-01
-3.217380927526444778e-01
-2.686881482149133249e-01
1.088104292113561133e-01
-2.845550644153654329e-01
7.340703187518671236e-02
4.090217263892259036e-01
-1.721184284425610750e-02
-9.724522748229620650e-02
-1.215163512209770369e-01
-2.054274114236469620e-02
1.006035732493062024e-01
-1.913437671101111404e-01
9.798239301540907775e-02
6.308394440350803545e-02
-6.692904022349573101e-02
-1.312299964573168942e-01
-1.444827915937315355e-01
6.596126454395866145e-02
1.412668842451062223e-01
-1.771083498834701564e-01
3.266618595274278780e-02
7.665502626373085597e-03
-5.761033199688324336e-02
1.996840402960987221e-02
-2.542087313100476198e-01
1.048879453558865804e-01
-3.905569889302769326e-02
8.429079178817197593e-02
1.223926245699673704e-01
-3.188533438456274405e-02
3.117212462487222724e-01
1.181861121415341137e-01
-2.646529537029758683e-01
-2.553253605249941605e-02
-1.803970532137658123e-01
-3.601749964964087725e-01
1.107589601788550482e+00
-1.052451031991064490e+00
4.456439576772051048e-01
-3.512108631849653051e-01
2.082663137896190730e-01
5.108331348487393786e-01
-6.302214250336516388e-01
-1.437375314298504902e-01
8.914814848972241190e-02
-2.048520104679792467e-02
1.910042575656690500e-01
2.082033551020423812e-01
-3.301938902484188310e-01
-9.407924419748241174e-02
-1.641203571316070600e-02
3.696610517061637569e-01
-2.861533371774886425e-01
-3.934618463135092226e-02
5.296448176056397367e-02
1.528082664984961037e-01
1.757776476652778974e-01
-2.720121511174197204e-01
-2.427976159489621810e-01
2.221524647801361996e-01
3.644429278755712681e-02
1.849357701049462177e-01
1.564381438299800309e-01
3.851531868045191542e-01
2.881120423306473000e-01
1.162425123878762546e-02
2.727127591756514091e-01
-1.936616048242148780e-01
-2.348026401502013027e-01
1.402274855036392265e-01
-1.290714530366299795e-01
1.197625570676276591e-01
-1.644852356758695067e-01
1.009653337825646841e-01
2.725809252409711059e-01
-3.855101772122175308e-01
-1.611681271095947998e-01
1.453151993774450812e-01
1.279280683599136048e-01
3.423088800366379247e-02
-4.416552372264583859e-01
-1.574361778374210388e-02
-1.193973114746162689e-01
-2.242006120677293018e-02
1.198773755525470719e-01
4.549380159069594393e-02
-8.048032006698205287e-02
-2.046171277296114366e-01
3.039012334116866776e-01
-1.014517368026377625e-02
-1.391819380325847733e-01
6.017032881599071459e-02
-1.349105984895613564e-01
-1.525135760667601925e-01
1.146900884067591220e-01
-5.929650990505781413e-03
9.780426291113827886e-02
-7.016141963207555426e-03
-7.008303505247376330e-02
1.168604827789214984e-01
-2.424686442643188000e-01
2.152002558603064442e-01
6.258989142765608582e-02
-2.724667904728353962e-01
2.711077198741624339e-01
-1.624253012015851316e-01
3.192955591674820175e-03
-1.410946198175608846e-01
-1.203071371503555524e-02
-1.105392839158620411e-01
5.931936288341352337e-02
-2.985440526324556476e-02
-1.584016588398917680e-01
1.635964634302056464e-01
2.424536643453259477e-02
1.212644013622058044e-02
5.289804845658348242e-02
8.082884055754528674e-02
1.340959846022689653e-02
-9.060207768670421047e-02
2.424582443687909039e-01
2.845691504914364955e-01
-5.720545605119815580e-01
-2.249589719293760837e-01
5.293373779327112949e-01
-2.370022049503546779e-01
4.703318402993161840e-02
4.610624177046367816e-02
1.576242116203860691e-02
1.263351393423804980e-01
-2.314567508547445696e-01
1.462494172159606309e-01
3.913455781200449873e-02
-1.057913950848088369e-01
4.500651289828218327e-02
-1.107246619529600878e-01
2.911437296587642692e-02
-1.023829197370073607e-01
-5.157199798533566026e-01
5.203507137811770322e-01
5.313953351100828559e-01
-2.527166628030833029e-01
-2.464703307704398660e-01
2.368850917186358582e-02
7.117057240037760746e-02
-2.000309791148396354e-01
3.267946322806576376e-01
-1.509764212993802007e-02
-2.841173118027334188e-01
3.616180238824541204e-01
-2.286605168947301592e-01
-5.836434105804153699e-02
-1.118183641743587392e-01
-9.495510667244287661e-02
2.649483440249915736e-02
1.038067373126654730e-02
1.024612174891009475e-01
-1.041924782190232490e-01
-3.014272404145680317e-01
-1.352087803930362292e-02
5.304915226659032701e-01
-2.575633137438311793e-01
1.288461103200944924e-01
-3.068839984160327741e-03
1.636917521908153594e-01
-1.941939632395251747e-01
-5.521549760548389446e-02
-1.542618292279453185e-01
8.091105779369976020e-03
2.111136415910825070e-01
1.856472107395452584e-02
-8.687530904110458974e-02
1.970691336313271647e-01
-1.612035958082868592e-01
-1.486460505118847863e-01
5.150644422916615672e-02
-1.427716776216994832e-01
1.903813710950351401e-01
9.793948162857706030e-02
-3.253535897163462032e-01
-4.280981767940044147e-01
-2.210664543822189465e-01
1.147866729535571700e-01
1.152912715358221707e+00
2.129909142633639452e-01
-2.994238708040442565e-01
-2.308088833456616862e-01
3.563698046367915206e-01
3.281130190711516459e-01
-6.536480434077097668e-01
6.632781298518054536e-01
2.513397072688229872e-01
-3.707220772362840866e-01
1.279080234267271007e-02
5.906641477045024985e-02
5.998346134623833842e-02
-7.559550993931905827e-02
-1.943405995609311376e-01
2.491030842234491158e-02
-6.080019151783633280e-02
-4.988835817980076526e-02
-3.281631129709008943e-02
3.163515395001738062e-01
-1.287550819623548282e-01
3.004611596705455967e-01
-7.212390849782591984e-02
9.143007418100562722e-02
-2.031280012251789335e-01
-6.505725124374855950e-02
1.120996598582214981e-01
-5.340262831237490015e-01
2.465060701407478794e-01
-1.592595318580486419e-01
-3.048531414270994055e-01
3.095615918859577209e-01
-5.256733756139456148e-02
-1.405554546682100114e-01
1.888746614880955521e+00
7.272332278357089841e-01
-4.122129816634971355e+00
-3.540973578835412972e-01
2.599988751459832770e+00
-2.427579206016238778e-01
-5.038190399832463973e-01
3.125077156373372578e-01
-2.114638699460491267e-01
-2.055035638751774030e-01
1.648920759122957380e-01
-2.408206053227839039e-01
1.029184675498285850e-01
3.883805394654211290e-02
1.358416894664189190e-01
1.392828637752647203e-01
3.380649606117769324e-02
-8.393190992398320838e-02
-1.167603019759034105e-01
1.460245434603716641e-01
-2.957587947249078544e-02
4.029377990407649601e-02
1.353639593797710816e-01
5.382996425464092738e-02
-8.363197705329354983e-05
-1.120701229382005295e-04
-8.405057282253049450e-05
-1.126954376406840997e-04
-8.341098049099280221e-05
-8.405044379813173124e-05
-1.126954196849974389e-04
-8.342885441596141840e-05
-8.362911580737427818e-05
-1.126970097521753944e-04
-1.120736064949057523e-04
-5.540943773048914836e-05
-1.126953287076306584e-04
-1.120742890293314993e-04
-8.404958759686550021e-05
-8.342603112210270836e-05
-1.126952061034429647e-04
-8.362601209665507338e-05
-1.120723037264618891e-04
-8.405760747500306521e-05
-8.405053896094695411e-05
-1.120671884315466209e-04
-8.405068608048003572e-05
-8.405022128180820833e-05
-1.120446132410494799e-04
-1.122756821329782000e-04
-5.540929917335978927e-05
-1.120696908601728894e-04
-1.126952903273492699e-04
-8.405034184643967463e-05
-8.342839951299649845e-05
-1.126952390345961169e-04
-8.342490408398442708e-05
-1.122759237933101365e-04
-8.405420009320664393e-05
-8.342454023259935714e-05
-1.126953049291133088e-04
-8.405434946428692725e-05
-8.342465390108630646e-05
-1.126948419534343692e-04
-1.126932090735379013e-04
-5.436857810056920404e-05
-1.126950881250157391e-04
-1.126982051688690876e-04
-8.342701591239150738e-05
-8.403666189667151191e-05
-1.126950346495780381e-04
-8.342806524623521465e-05
-1.126974539427749527e-04
-8.405392040908124301e-05
-8.300704153195459251e-05
-1.126949654677564304e-04
-5.478304105129622647e-05
-1.126939194946228030e-04
-1.126950273764779336e-04
-8.342462804525845174e-05
-8.405381210031180562e-05
-1.126948993006239206e-04
-8.300738369395588008e-05
-1.126952276989022451e-04
-8.405391175148599955e-05
-8.342227657595520103e-05
-1.126949734908850329e-04
-1.126956201759766449e-04
-5.478685032989739695e-05
-1.126949385523600187e-04
-1.122611243899432934e-04
-5.478389963339139673e-05
-1.126966610054766385e-04
-1.120692729982676421e-04
-8.405008934623498331e-05
-8.406314050295007922e-05
-1.120712822422596794e-04
-8.404593761937791693e-05
-1.126948062024690436e-04
-8.300897120202401045e-05
-8.404518514213636226e-05
-1.126948879777456167e-04
-1.120689226747663414e-04
-5.540886785089719330e-05
-1.126945635794229323e-04
-1.120690995522894947e-04
-5.540885623755376158e-05
-1.122808484473182371e-04
-1.120691297596259234e-04
-8.404999704939517533e-05
-8.342771435768678648e-05
-1.126731763523753673e-04
-8.404982437221191350e-05
-1.120686648774470151e-04
-8.405360329831705472e-05
-8.364165672867111324e-05
-1.120783376432963989e-04
-1.126947687691394955e-04
-5.541350460737918962e-05
-1.120609336808137970e-04
-1.126960587017801106e-04
-5.540869635757881368e-05
-1.120679342199991130e-04
-1.122828873195377987e-04
-8.404960477402805170e-05
-8.342666682307844114e-05
-1.126922578990918641e-04
-8.342727717906007188e-05
-1.126955769966158689e-04
-8.405353852957950808e-05
-8.342094884076668303e-05
-1.126944604056333792e-04
-1.122598272238792912e-04
-5.478267251799559572e-05
-1.126946655931024727e-04
-1.126943307116194415e-04
-5.478277919425347689e-05
-1.126945108494793924e-04
-1.126935689923157203e-04
-8.342351976384454427e-05
-8.364235179080042545e-05
-1.126921992452800897e-04
-8.342035432714829440e-05
-1.126945792785127875e-04
-5.478268860123762692e-05
-1.126942818363498873e-04
-1.126940561297561322e-04
-8.342452025239462414e-05
-8.364298471210738334e-05
-1.126981057616416836e-04
-8.342466974755628956e-05
-8.405005072577134467e-05
-1.126943111197899536e-04
-8.340014837893119286e-05
-1.126891555310511369e-04
-8.405321954313757895e-05
-8.301388976570082815e-05
-1.126943999306817133e-04
-1.126942924890824896e-04
-5.478229865475170467e-05
-1.126943178218305823e-04
-1.120682623914263205e-04
-8.404930782783922227e-05
-8.405327785005134661e-05
-1.120682907432952281e-04
-8.364074201073350178e-05
-8.405307921066559060e-05
-1.120683724111989503e-04
-8.404936001379073238e-05
-1.126970233320943898e-04
-8.342837743136414521e-05
-8.404941128678374517e-05
-1.126970294729238661e-04
-1.116625270007570551e-04
-5.538738171750439690e-05
-1.126943238376210550e-04
-1.120627982675174078e-04
-8.404387200580825420e-05
-8.342514772646248669e-05
-1.126973996716777336e-04
-8.404910012251091663e-05
-8.302013508434899502e-05
-1.126920680892209590e-04
-8.404923115224474618e-05
-1.120691341114053583e-04
-8.405545524054095039e-05
-8.404905625178119510e-05
-1.120679582564164465e-04
-1.126942041571696876e-04
-5.500162571587729549e-05
-1.120679126175089848e-04
-1.126945041979772488e-04
-8.405621264036421581e-05
-8.342376322604631844e-05
-1.126939887625098293e-04
-8.342311297809364070e-05
-8.402724897400027097e-05
-1.126977805482736616e-04
-8.301848115907868228e-05
-1.126941265583960758e-04
-8.405693562685046015e-05
-8.342494621003342765e-05
-1.126936427229748038e-04
-1.126939048732962198e-04
-5.478167040055798671e-05
-1.126864531688057694e-04
-1.122889252957372675e-04
-8.342030246750814992e-05
-8.405016486884966172e-05
-1.126938722674266638e-04
-8.342287735444857454e-05
-8.405290560922979229e-05
-1.120639261575499313e-04
-8.405121894863355498e-05
-1.122899523365859694e-04
-5.478150985554171358e-05
-1.126941228798315699e-04
-1.126666542802822509e-04
-8.342314112998168798e-05
-8.405281817910661957e-05
-1.126984967509234875e-04
-8.341808266162448670e-05
-1.122904715274303120e-04
-8.404841225164802628e-05
-8.341118347226216814e-05
-1.126859971224971967e-04
-1.126939034017151705e-04
-5.477911254516697100e-05
-1.126954755012766633e-04
-1.120673457048870222e-04
-5.540763924808296141e-05
-1.122911993989012528e-04
-1.120653132623133388e-04
-8.404670881703671002e-05
-8.405269949141497320e-05
-1.120689336959244757e-04
-8.404741001313103513e-05
-1.126936367324642531e-04
-8.342660228806823863e-05
-8.361881335763709903e-05
-1.126936315061739460e-04
-1.120676420040086265e-04
-5.540752149108257586e-05
-1.126947688620733755e-04
-1.120697864903073159e-04
-5.540751158395523839e-05
-2.253876149848576507e-04
-9.319727689752314598e-04
-9.608157411427393655e-04
-9.319747705464966362e-04
-9.315735621068295001e-04
-9.612114845684258677e-04
-9.319739563223845662e-04
-9.602226761255550080e-04
-9.325684890900715496e-04
-9.315549801818696083e-04
-9.612446803230168760e-04
-9.315787760601203183e-04
-9.319417526183894178e-04
-9.608500821257229610e-04
-9.319709892390431755e-04
-9.601931836317437359e-04
-4.757822399777174999e-04
1.150714514436852005e-03
1.179984080291427177e-03
1.178967776354127635e-03
1.180020855110937078e-03
1.150714055234344823e-03
1.179592963288771806e-03
1.179355856712104456e-03
1.179985339000455893e-03
1.150738242795100756e-03
1.208237858718664995e-03
1.150745134316726904e-03
1.179360771870189683e-03
1.179593331596597667e-03
1.179358642281114070e-03
1.151337656776515658e-03
1.150716399664228774e-03
1.208239894585144735e-03
1.179360733159387541e-03
1.151363530686480736e-03
1.178970232883133455e-03
1.179981810066200619e-03
1.208002490274559569e-03
3.913728295020366121e-02
1.056825696919842100e-01
1.365402806108552691e-01
9.575718663715274137e-02
-3.127526386888501101e-03
3.730125805784997167e-02
1.095852863575532896e-02
1.579502295544490398e-01
6.360725437768248447e-02
-3.322839252103213653e-02
1.236610272042543562e-01
-7.816120588602909480e-02
-7.477357676341713985e-03
1.308138660510739515e-01
-8.970503013146960414e-02
-3.258681720946021015e-02
3.448833529173201545e-02
6.098486546986866402e-02
6.500610322118378914e-02
5.505516152659266360e-02
-3.657751458923887422e-01
-5.512662329866686861e-02
2.327252163065711421e-01
-3.687266486943043264e-01
-1.349347295120294499e-01
-3.504454360720871825e-02
3.597209983970902081e-01
-3.907308855558647848e-02
-3.822695668701574234e-02
6.450721557615917146e-01
-1.499828827444788404e+00
6.731745844624589248e-01
4.144457879986314652e-01
-2.877850852868510945e-01
-1.211541133493043293e-01
1.083564185271245067e-01
-5.714620725529960532e-02
9.999192766340307681e-03
-6.840248283666512663e-02
-1.216112944434032256e-01
-8.558790659931272971e-02
2.437266674730307128e-02
1.279354083244248763e-01
-2.686590634568249147e-02
-4.371592021247280163e-02
-3.136621351549649661e-02
8.441681358598827206e-03
-2.661057409418270403e-01
9.993620965994549910e-02
7.264747750407210547e-02
5.585111643042526414e-02
-2.196845641331810969e-02
4.526649440665127949e-02
4.183038883150242554e-02
-6.809053017671046204e-02
-1.887324380327047579e-01
2.300257906699676447e-01
-9.187807007901080403e-02
8.575437490913015437e-02
-2.225693663470521000e-02
-9.985788240766363399e-02
8.031871931551276544e-02
-1.904808289200166224e-03
5.880407757191292994e-02
-5.289418147130279385e-02
-2.139573357573899479e-02
3.274498161903100640e-02
3.402995309414589414e-02
2.963769066318867051e-01
-1.928529331969061900e-01
-2.917621602193936070e-01
2.048254331931428085e-01
-1.904298615933004979e-01
1.080281485671132635e-01
-1.426720360204652704e-01
-7.035284138845834812e-02
-6.743528981446307580e-02
-5.598574471830483623e-02
2.585244686587035226e-02
8.359909112414166954e-02
-8.385932353554195751e-02
2.591222802968923267e-01
1.499467321149727805e-01
-2.120197822028206391e-01
-1.999409138408176079e-01
-2.283368639666853370e-02
-1.974927798834371639e-01
-2.182261399750312289e-02
-5.283978272089275702e-02
1.251008719903078936e-01
2.445707584652398736e-01
4.157330486910075507e-02
-1.227550089018511620e-01
-1.683219748591777698e-01
-1.544570650081156238e-01
-3.701201788946049953e-02
2.039134988760708117e-02
8.006899321465424380e-02
2.775410052812973816e-02
2.132804896627294583e-02
-6.864038359437601988e-02
1.194751612649330719e-01
6.083836598260981832e-02
5.542529944382152546e-02
1.274949172568067279e-01
-3.965018179732224951e-02
-1.640971931659745975e-01
2.422393157961257384e-02
3.970751867463236107e-02
1.163530856405691205e-01
1.057880043664225500e-01
4.071355500934859678e-02
3.152260068172583335e-02
-5.452364889240331886e-02
1.331160214144062534e-02
7.087504419936631328e-02
3.583449715425228010e-03
3.554810652038474256e-03
3.583458674802952101e-03
3.583447343455527494e-03
3.554811415104792288e-03
3.583485377571192163e-03
3.554810800906967744e-03
3.612095651075643982e-03
3.669382979967914654e-03
3.439451470334125432e-03
3.554812766839827391e-03
3.583476505875029736e-03
3.554809732764546877e-03
3.583447834729183365e-03
3.583460349694967545e-03
3.583448422998121701e-03
3.612094363673262667e-03
3.526174845725727706e-03
3.554812349971843248e-03
3.612189720377481650e-03
3.554811931490406245e-03
3.554813117586129185e-03
3.583460107618655858e-03
3.583450014898303688e-03
3.554812533259356019e-03
3.583460019776816153e-03
3.554812435080188533e-03
3.583448748562979326e-03
3.583460096420038737e-03
3.554812202176099722e-03
3.554811565788771471e-03
3.612098620523363814e-03
3.554811803453297118e-03
4.906203933236815556e-02
1.066721315130070014e-01
1.366211846076745839e-01
7.358705613340003893e-02
4.628989386040061049e-02
3.814721801765342396e-02
4.012249660401252804e-02
6.385107730581668362e-02
-2.049210483489331130e-02
-1.471753713849883460e-01
-1.693519324286507644e-01
-3.276200426564016693e-02
8.012468727229495047e-02
-4.748698362596926598e-02
1.582075403057967011e-01
-9.349202178332520485e-02
-7.849681413439102418e-02
-1.013047621472374649e-01
-2.021041613488289979e-01
-2.824691938835221516e-01
1.229310635118415207e-01
1.500537116140113203e-01
-1.378651060567654962e-01
-1.057323710737539668e-01
-4.702178016869024840e-02
1.287905595037945779e-02
-1.978516992887439929e-01
-2.390940433223511241e-01
-3.882368045641684806e-02
1.966757980198513278e-01
2.231225872483545147e-01
5.341242695675328667e-02
-6.618789581119851606e-01
-1.208630206667540702e-01
6.615846970519394521e-01
1.785888704735232035e-01
-3.423921388184484327e-01
2.667747690075226719e-01
1.652733095228405835e-01
-2.042299791894318373e-01
-3.158326104317193961e-01
-3.615273649098794118e-01
1.261139504529533717e-01
2.713266065586031894e-01
-3.292351350252972070e-02
-2.433203502834436482e-01
2.553315050820061383e-01
1.553300005327788169e-01
-2.509328548325974184e-01
1.718654670420925734e-02
2.112347282086374511e-01
-9.223142587586555252e-02
-5.670054763422062438e-02
-2.058087041383258042e-02
-6.334005459094463331e-02
-1.044277127102905822e-01
2.024082078622281219e-02
-9.220242783550623711e-02
1.761155973999851410e-01
7.340023181126570546e-03
-5.073027462290324863e-03
9.041127527422705701e-02
-1.230074234372171074e-02
2.525707541435818354e-02
-5.959666181250212330e-02
-2.188321860514326131e-02
-2.051534592271593918e-02
-1.016795460943977630e-01
1.802387873448696443e-01
1.440248996855998387e-01
-1.537301732212459360e-01
-1.052846498883337478e-01
4.522549075501888227e-01
-3.073276927254211532e-01
1.648762197668161584e-03
-3.958305955700693046e-02
7.958473715424893569e-02
6.914090421033677880e-03
-1.088434803186542066e-01
-4.003112433575735721e-03
1.795502097428243182e-01
-2.514439188325569285e-02
-7.698927604732179464e-02
-1.185843444464772800e-01
5.560610439928581616e-02
-1.398253303518562363e-01
9.530398470792647569e-02
7.533988418082848693e-02
-7.662727632293701852e-02
-1.083951103594855796e-02
1.304893774511144411e-01
-2.269883648029915879e-01
-1.604605313518518150e-01
2.217109795520016968e-01
3.072971031423331612e-01
-1.331946069866792870e-01
4.003305866399523710e-02
8.498948015171159387e-02
-6.041934761662744180e-02
1.709517180653800095e-01
-4.512687807192509309e-02
-7.720181718808176441e-02
1.323902444752163288e-02
5.507934261304656132e-02
8.440879004626879178e-02
-8.098061718362453698e-02
-2.726329057993162261e-02
1.115257590357016243e-01
-1.060404157877194303e-01
1.135288304430597806e-01
5.955327135939485900e-02
-8.741484910692921828e-02
1.532874445430781052e-01
-1.709588354731032128e-02
-1.865134276976693761e-01
1.250341082153421692e-02
-2.563742722694672613e-02
-4.332109732529038637e-01
3.614131579469810340e-01
1.939745569092243271e-01
-3.143126882568980651e-01
2.167870387791090148e-01
-1.974054877881337156e-01
-2.965329113333621883e-02
6.782209190781526842e-02
-1.842613674869862384e-01
1.041332978799979353e-01
8.470460036778880430e-02
3.488354687817307818e-03
-4.190450718282121012e-02
1.524837204744003416e-01
-1.727004779814475810e-01
-3.501289187671783321e-01
1.020369720903916561e-01
1.311712409064463847e-01
-1.910704296436022964e-01
2.526636473881208600e-01
1.227359466075420014e-01
-2.288439666615964263e-01
1.020729996182563742e-01
1.539455302057599062e-01
3.309929529842998985e-02
-8.084945021804511300e-02
-1.264154557331157169e-01
-4.472175359373167791e-02
5.473341337508024623e-02
-6.138699885196403916e-02
-8.207704407768941571e-03
2.437747208013146261e-01
-3.605219918632081993e-02
-2.099031128456983752e-01
4.187365967628828983e-02
1.620555988272315284e-01
3.397654932321458876e-02
-2.327241641563655983e-01
-8.362569754038350067e-02
1.472846295363170258e-02
-2.840484236905487306e-02
1.235483519482736409e-01
-5.974957559115547795e-02
-1.096528872639806196e-01
-2.733904420225315157e-02
1.516502313224660226e-01
-1.005088653989731073e-01
-9.895533083082452830e-02
2.149021260609608810e-02
-9.519380551860924522e-02
-1.668327301027377335e-02
1.020110543867223385e-01
-5.622222223672711239e-02
-1.057123167852806328e-01
4.248257540873458249e-02
-1.468077746625385815e-01
-1.053044574595752014e-01
1.468146521081601652e-01
6.573056757840897713e-02
2.774510706330715615e-01
-1.617842864590403607e-01
-3.167606359464561483e-01
7.100314052789105483e-03
2.503713616834441630e-02
3.650684171324824340e-02
2.941918737427294261e-01
1.870483198907413880e-01
4.334481435865693566e-01
4.604128609471776490e-01
1.482671804893035128e-01
-8.951315941567346279e-02
-8.026921653622590136e-02
1.217719132145883565e-01
-3.378081301464169739e-02
-2.603351627332427601e-02
-3.826580626191091739e-01
-2.893118883367424288e-01
2.109433850394172930e-02
3.698091709223958468e-01
-1.325287073887122802e-01
-1.380118859166302447e-01
-1.513974556630993430e-02
-1.005922077077760629e-01
1.430348970984438306e-01
5.378273239322015065e-02
-2.385906657937622230e-02
1.287006347643109352e-02
-6.325912375962269851e-02
-2.092638670101558060e-02
5.280892327473216824e-02
-4.174965240344033490e-02
-1.330653196569855923e-02
-1.051401920751904723e-01
-1.165741792513813879e-01
-1.658712267809617225e-01
-1.105391539091841596e-01
-5.317513342086413464e-02
-2.544170797313136667e-01
7.810871748088456246e-02
2.635822340543652609e-01
9.580957851138605097e-02
7.934905788385880621e-02
-2.907895108987164356e-02
4.724127508008620774e-02
5.571597387832163961e-02
-3.328216620836759593e-02
3.407785557874278438e-03
-1.129104789754883514e-01
8.995365730314792974e-03
-9.852936348628094088e-02
-6.500628317503533149e-02
5.233962318272658565e-02
-1.708773139384724971e-01
-7.934829273680556183e-02
4.180710478312637396e-02
-7.119806601735934048e-02
-7.356992981066810822e-02
-2.193280152580901615e-02
-1.652592780220942248e-01
8.205243464791825772e-03
9.871493302321744656e-02
-7.564404732050993008e-02
-5.077981951177330810e-02
1.107666217328025574e-02
-3.713603159883659827e-02
-2.578555168312788443e-02
2.287100122722122986e-02
2.751554770612426593e-01
-7.466495055262255265e-02
1.854951040791624761e-01
-8.217002716627350156e-02
-2.238929567079472605e-01
-2.835966284464846998e-01
4.016607896896661756e-01
-3.246357255932192931e-01
3.218227438798664242e-01
3.838716804490922008e-01
-5.402055120170946578e-01
1.321409195366340106e-01
-3.264849646428230612e-01
-5.091817704929869626e-01
6.377313441700561969e-02
3.702630733008066555e-01
2.115627908762688497e-02
3.514502405624301828e-01
-1.666965056738664852e-01
-5.124303629552522388e-01
1.634920636803880722e-01
1.747538859731824490e-01
-4.340790149875001919e-02
-2.208168439879688583e-01
-6.466175401537573378e-03
-2.147315365950462542e-03
-1.122991582864842769e-02
1.838847442795334963e-01
-9.979748352002992817e-02
-3.355835412060755862e-01
-7.008513849684426533e-02
-1.287083341087980615e-01
-6.976516379380724719e-02
-1.110771653718524155e-01
2.912630521514699700e-01
-1.744885101009593653e-01
-1.027040687978884315e-01
1.089861817604141497e-01
-1.432311606356114486e-01
-6.477932233702539400e-02
3.098935295398270173e-01
1.493991238130881472e-01
7.038156499633480001e-02
4.179890167006329593e-02
-3.476280306257986674e-01
-2.817652351606853012e-01
5.682272886584870397e-01
3.324628876668718480e-02
-1.236451256415964234e-01
-3.269178389973225740e-01
2.415285044365993727e-01
8.293476295172200197e-02
-7.786097122198624987e-02
1.299831172644421995e-01
-1.264692676915062930e-01
-5.346476134550317248e-03
1.112907069476330585e-01
7.847599462381411872e-02
-1.633828773683744240e-01
2.025459974367815885e-01
5.136039833400866256e-02
-9.027853970980488640e-02
1.029194845463492491e-01
2.691758805816095723e-01
1.938706722450385112e-01
-5.045005556578863876e-02
1.558614996326100066e-01
2.207484651048824131e-01
1.241893797327281723e-01
1.431743264294123297e-02
9.426958254554486383e-02
1.004933117033004336e-02
1.278220082788548290e-02
4.185261492165776726e-02
1.432331004116927375e-01
5.180744404945747394e-02
2.310121367554694161e-01
-4.102179955858056143e-02
-3.661500819606806623e-01
-9.373176184547647727e-02
-8.421348177047890959e-02
1.914356033609974916e-01
-4.089074473346319266e-02
-1.965470755525163538e-01
-2.489870181823155282e-01
-4.934840927120762860e-02
7.856830048565972835e-02
-2.750648817200996854e-01
-6.080845077354606748e-02
-2.402710115709579819e-01
-1.267839587302136695e-01
-2.100314452399405785e-02
-7.906739981419234897e-02
-7.083878899493563364e-02
9.176642507973932494e-02
3.231641372577258309e-02
1.035503230887968862e-01
8.916975191063396602e-03
3.086205908231808015e-02
-5.233249904764154109e-02
-1.389418331562102815e-01
-3.473643582715311706e-01
6.306369745149978945e-01
-3.104040922750149201e-01
-3.219244663304406950e-01
2.578097728452997672e-01
2.300579080643662677e-01
-3.201413036463572892e-01
-4.064836497946278104e-02
1.165622109527730266e-01
-2.297858044259747101e-01
-1.311674688118424081e-01
3.196175606056748664e-01
-3.608717794635480924e-01
-8.548640960860841992e-03
4.831803110233025278e-02
-1.037418980999866985e-01
8.101901400632889605e-02
8.296643526694025272e-02
-5.813428707873463663e-02
-1.399114008398219255e-01
-1.377626307258254454e-02
8.897309673956850240e-01
-5.079827933737444123e-01
-8.560856162087483734e-02
3.245371588741171598e-01
-4.025275253261444974e-01
4.713495233829528286e-01
1.241440628940160412e-01
-7.214136423496294581e-01
7.740076068124566167e-01
-7.209122916429311356e-01
1.831920125471524219e-01
1.302354912933133546e-01
-2.719695563827041473e-01
1.420253295264850557e-01
1.202563508885735599e-01
5.701218973525967043e-02
6.339188775568879892e-03
-1.525295545994378721e-01
8.351601738162024724e-02
-7.973364970431706666e-02
3.849319404471923667e-02
1.317460828766131298e-01
-6.783372767398115899e-02
-6.489181082697624559e-02
-1.161138956746187306e-01
-9.752598287697375468e-02
1.701849352589477615e-01
3.788358429016038254e-01
-3.111249117233591543e-01
-1.601754068082200111e-01
2.988842516281962625e-01
-1.908732587719445817e-01
1.891596662572565769e-03
9.587533903049756667e-02
-9.212182633651133656e-02
1.146800645545788776e-02
4.425586431386165087e-02
8.797518422733831278e-02
-2.135633934907447962e-01
-3.642650426837973354e-02
-4.334281305668868933e-01
1.207896372405390523e-01
3.267712020757017610e-01
-2.017440521600403214e-01
2.390253059743598918e-01
6.260429654953318657e-02
8.027142722464827851e-02
1.514439602758635706e-01
-2.138559790869479782e-01
4.995715211318036558e-02
-9.734916860310818820e-02
-1.725561632569950210e-01
3.586736741220423741e-01
-2.310270725229144131e-02
-1.882642332714386801e-01
1.270385225205725166e-01
2.203881537921177636e-02
-1.651625137529997775e-02
-5.856980759796925895e-02
-1.242867631106703286e-01
-2.926703773470634446e-03
3.522230924042216715e-01
6.764597479097409979e-03
2.131502357271594997e-02
-6.399270600891862615e-02
-7.693407393703476094e-02
-1.716045834176139484e-01
1.370784255926603967e-01
1.421222276750337965e-01
-7.703296811491994189e-02
3.129851596523904322e-01
-2.372304641459434260e-01
-1.666687182887282084e-02
2.168080053070541857e-01
-2.853817401385536634e-01
-1.159671829290740142e-01
2.198697475364127241e-01
2.826302958392327702e-01
-3.982139601582476152e-01
2.376156133450766511e-02
-2.399002919094735467e-02
-4.170551939661890639e-01
3.191590729485583866e-01
3.072752907097162089e-02
-1.916724265160381913e-01
1.386555242234006891e-01
-2.828147845218539347e-01
6.156899619962040715e-01
-5.297417454022764760e-01
-1.221142478558741862e-01
-3.262477387990632693e-01
1.903435408026122877e+00
-1.160788232727722136e+00
-1.476525340812572251e-01
3.593339511744593762e-01
-3.792939089896962268e-01
2.221480683318785287e-01
-1.919394263581863103e-01
4.062953260564703406e-01
4.445245216920669373e-02
-5.963053611995170478e-01
1.051561852927900970e-01
1.829730117048363469e-01
-3.273861315943539432e-03
-3.361475716186654306e-01
4.305459173432494291e-01
2.966546596095711585e-01
-6.651371776541209480e-01
2.610860489582165767e-01
-6.212242568335408360e-02
-6.702611315739352704e-02
-4.096963035288335719e-01
7.219430796645145421e-01
-1.713281371023901434e-01
-2.553760826359853797e-01
8.228996171460775666e-02
3.305798178531109410e-02
-2.662191491001432153e-01
6.838605390718294208e-02
7.443502448882337308e-02
1.283473588753781536e-01
-1.153008982951468225e-01
5.372992825599254979e-02
-1.104218304562701175e-01
-6.157573161877869516e-01
1.521965092343679160e+00
-1.218016414711336148e+00
2.467279667781516472e-01
-1.359983865039269234e-02
8.585236634159323921e-02
4.745800033190340772e-02
-1.594470139240043161e-01
-2.716434062383794590e-01
8.248620465524433842e-02
3.567313284743800494e-01
-2.254910311664030109e-01
-1.055417837843207335e-01
1.419736526509751684e-01
-5.689684355372947450e-02
-5.034232105113983780e-01
4.200091335926666725e-01
-1.627414881146465042e-01
1.415070971360795626e-01
3.939591014568408212e-01
-7.180189038274195079e-01
1.436648371764223317e-02
-1.988229530948406321e-01
1.157276412191266535e-01
-3.682474222984356838e-02
-3.790610921080995576e-04
1.712580627398260502e-01
4.009676808447225071e-01
-4.812025088196407729e-01
-3.919534851698797118e-01
1.039406336304748990e+00
-6.074564232591166402e-01
2.514523909140889413e-01
3.507920233738334118e-03
-4.046631817142871124e-01
-1.008173979868652037e-01
6.748503438424316436e-02
-7.044071804944004866e-02
1.188671258232824601e-01
1.548073826684894516e-01
-3.202575911533141473e-01
8.842595097093196299e-03
-3.371875428417971388e-01
8.138134740288148483e-02
2.991174091199416685e-01
-1.288423412537090078e-02
-2.718346741182002813e-01
1.865885812181052872e-01
-3.383900009676348020e-02
-1.614845298602088711e-02
-1.352568116669941034e-01
4.371496325127910421e-02
2.002558247895707688e-01
-3.387859654399766884e-01
-5.850479424459270605e-02
1.925887625895848498e-01
-1.258016326133196416e-01
-5.077020358423138535e-02
8.474745400405643558e-02
6.410341838800004410e-02
4.473573748676087231e-02
3.486708333189442177e-01
2.654296934835471133e-01
-2.546489235970745835e-01
4.864794912478222211e-02
-9.984117076948463565e-02
-1.377178010233831018e-01
1.808220142750571746e-01
-2.741072289921279714e-01
4.939684390169231110e-01
1.197293587234558310e-01
-8.964276751010313848e-02
2.077096926536944610e-01
-6.196503044895701473e-01
-2.707828767543091764e-01
-1.792423716444418169e-01
-5.986226091278783017e-03
4.333891595177175732e-02
6.337395015619259886e-02
-7.816203327645824261e-01
-4.966005714498288315e-01
5.529935480063851161e-01
3.671301318062888397e-01
1.698703240558890604e-01
-1.107874397351756579e-01
1.882588629908939493e-01
-3.511898251410890959e-01
-1.964168028280317141e-02
2.091430964637753520e-01
-3.126337409666569700e-01
-1.801190243245592015e-01
-3.381224982548235447e-01
3.480897539567421317e-01
-2.151090131418744722e-01
-5.281005141669640190e-01
5.830293201485980958e-01
-1.435571529934880353e-01
-2.293713784272329026e-02
2.809403923966783401e-01
-2.754848484215516868e-01
3.164453531762613514e-02
2.719015236693009263e-01
2.887691610815378840e-01
-1.686526221320199803e-01
-2.944546610358069749e-01
4.219598945886691710e-01
-2.917255507777867241e-01
-1.332473092571758444e-01
1.279725094379118300e-01
1.767140119632367168e-01
-1.602655710507136858e-02
-3.691519876074248474e-01
2.103608677385416237e-01
-8.811009410247343243e-02
3.902887489569466239e-02
1.269162747474467945e-01
-2.223772289179567208e-01
1.039744239757973976e-01
1.953003720319897163e-01
-2.147888760413976528e-01
-3.997163639705638566e-02
8.101233945999175567e-02
-2.539166991007802410e-01
-1.978262423117846946e-01
3.630860821176953301e-01
-2.800531125954017764e-01
2.579091258828301869e-02
-1.410850869826113796e-01
1.440574641580219528e-01
-1.081742795542713076e-02
1.723822457981327716e-01
-6.153112473647029401e-02
1.008245162841483050e-01
1.932211150367525165e-01
2.828389789985057481e-02
1.451883110140814170e-02
2.005445401322046295e-01
-7.214411819808382031e-02
-4.836889866781280967e-01
-1.153568337121129578e-01
-2.000185477510006346e-02
-1.713073786722519101e-02
7.035425445876804240e-02
1.871048487166802610e-01
8.214519913521783900e-02
-9.123240422163376648e-03
2.564695434038140667e-02
2.065912621474592648e-01
-1.348717521128303676e-01
-4.071947139018610579e-02
7.980446291915693768e-02
-1.603091920711110022e-02
-4.557556450522476377e-02
3.787262953316596348e-01
-3.094951577698247178e-02
3.382070453838895846e-02
-5.879779462984725119e-02
-2.307649551530474297e-01
2.935851357168415832e-01
1.175940077545600121e-01
-4.173554871201095445e-02
2.581493824676773241e-01
-2.689608641907355047e-01
1.616024947898276054e-01
-6.773357928195468391e-02
2.827706592639265271e-01
1.876154232171202722e-03
-2.107341438635247366e-01
9.821294914114438168e-02
-3.272900460790507948e-02
1.161988306939831933e-01
-4.301383981780566163e-02
-7.261714591822894527e-02
2.046029339982199102e-01
1.425240215934232557e-01
-7.336041995556297213e-02
-1.143284172736508397e-02
-1.538903191620224209e-01
1.210464863976623284e-01
5.888808770610142601e-02
-2.163532705146254398e-01
3.793414503339326282e-02
5.658038923075816434e-02
-9.672843111823813123e-02
-1.160664234864728778e-01
-8.456764300602175044e-02
1.559075803122395576e-01
-5.479825163393137882e-02
3.946520568005564000e-02
-7.095294184942531335e-02
8.026856128175750144e-03
8.819025138034589095e-02
-9.218852739305179178e-03
5.172231145678159864e-02
1.583318005923783356e-01
-1.433996708069959214e-01
-7.481252248625294698e-02
7.207841947976514896e-02
-1.804099383047875760e-01
-6.307323843644520311e-02
-2.397108082213374528e-02
-6.490013323874509465e-01
7.524825301143051037e-02
1.615462176610723832e-01
1.079289683761235630e-01
3.161515700572623544e-01
-7.523829255174684094e-02
-1.093671653640228003e-01
5.474484564528978719e-02
1.180330324389226165e-01
-8.011456057080666715e-03
-5.518198740532516411e-02
-4.592459439949839878e-02
-9.334105964877931205e-02
-9.374028807730519497e-02
1.065573670841867271e-01
-4.673868673253500639e-02
-2.215342858607146914e-01
-5.996798565081797039e-02
3.590033528966236204e-02
-1.201471083154413144e-01
-1.630399228857944138e-01
1.195382818232634398e-01
6.072263824300149632e-02
-1.854797650344782445e-01
-1.819764020086356016e-01
7.071402918771982349e-02
1.662998773842513378e-01
-6.738396028148976313e-01
1.030134607839648664e-01
3.431597673325323394e-02
-1.826348409318959698e-01
1.124128258951250375e-01
-5.685027823330362357e-02
1.138828962696174577e-02
1.110581647661962462e-01
-8.603476060293211922e-03
-1.787596608809388088e-01
-3.532484132487677744e-03
-1.321146443611198595e-01
7.034480956631299076e-02
2.396477304983301790e-02
-1.127141383204198488e-01
1.051400705624608717e-01
1.484890723098588466e-02
-6.657453798205209550e-02
1.632342541680100179e-01
8.003034540825283011e-03
6.972962234233533695e-03
2.663868056292815201e-01
5.860771142889956153e-02
-2.572752274851200505e-01
-1.014687347595816247e-01
4.531778464897711078e-01
-1.103282370788431083e-01
-1.145520235532864195e-01
2.716271801507276207e-01
-5.105768236552609141e-01
2.521236280450402933e-01
1.363719251346387495e-01
-2.111684391029406693e-01
7.899899150290427829e-02
-1.025309544874471596e-01
-1.082748807264349300e-01
-1.198364858144601031e-01
4.121797512160477878e-02
-3.628783479249090282e-01
3.547653807128624964e-02
-1.603876525061138647e-01
5.062638131606653769e-01
-2.086347432912490363e-01
2.741469452900166873e-02
9.157386554265230239e-02
-2.458580715378712866e-01
-1.549719933713076536e-01
3.168570123756794810e-02
2.423126827213471501e-01
-1.900269046544244278e-01
-1.695464144884018323e-02
1.182192310487161988e-02
3.694261136204945450e-01
2.258843635429942098e-01
4.082435088101651899e-02
1.623024157798891309e-01
-1.316179915758690089e-01
-3.517608391966892123e-01
-4.434464876459930094e-02
1.374655447074382142e-01
-1.201170310127379348e-01
-3.923601845533435106e-02
1.047128026122556427e-01
1.178486569415858887e-01
8.929511399930739612e-02
2.512290138057329467e-02
1.400678160472528522e-01
-2.123362991853772475e-01
-1.803085452197484839e-01
5.352651721538041057e-02
-9.727762972875073078e-03
3.471215425295079426e-02
4.201519055514249534e-02
-3.790677698401767604e-02
7.130874617281833527e-02
8.667082416466218020e-02
-5.255604528716685542e-03
1.727139610210541854e-01
2.054326407347240313e-01
-1.393859905856933978e-01
-1.920763013888288628e-01
-2.707386147481595506e-02
-1.349972068743527931e-01
4.192259156942625131e-02
5.208673162614460561e-03
-8.748668092562708609e-02
9.023637469845394166e-02
1.338891449990403659e-01
-1.494180432013934856e-01
-2.461300644871636939e-02
3.207957431044620999e-03
6.989951408350561154e-03
8.285769627595136744e-02
1.223791224264469263e-01
1.315770773713515196e-01
-8.632061363655484099e-02
-3.530700430587176836e-02
1.546376874348576735e-01
1.511965170088054033e-01
-2.952982949349427719e-02
-1.301616446882720990e-01
-1.263590831894670363e-01
-1.430433328689347805e-01
1.044959552917409662e-01
4.407982657314326452e-02
-1.224855409373488552e-01
-1.013526491611508318e-01
6.373053553672274052e-02
-1.824067483190058847e-02
-1.428214455368833902e-01
1.735645896719330283e-02
5.840200089239669379e-02
-1.106573351339007194e-01
-1.197856428318879590e-01
4.485563691804144576e-02
-2.162311374974815181e-02
-5.962019795965548680e-02
-1.469435649694154911e-01
1.758393406250326751e-01
-2.117165407102731059e-02
5.526728084491910886e-02
8.157215994596592190e-02
5.160006742663571233e-02
3.568224741519733251e-03
-6.682117537915771566e-02
6.520135369197628539e-02
-1.053259029127360559e-02
3.837833349763342811e-02
1.685606354905096714e-03
9.764633817432198659e-02
6.978182839678702398e-02
3.248822638209120789e-02
1.307484797903204002e-02
9.836484153813862541e-02
5.835441387133152857e-02
-2.074133921771658881e-02
-2.318121643689653039e-02
-4.730513232989036476e-03
-4.352279666138645677e-03
1.474851634219309301e-02
-3.017138323118860599e-02
-5.335832277776865473e-02
-3.428628699789856848e-02
-3.419516737989442695e-02
-4.216220030669061425e-02
-3.307040142541322475e-02
-5.020895182890987990e-02
-9.802561072431559275e-02
-2.598718330938928553e-02
-5.038802006517626060e-03
9.967515078863842248e-03
-3.233548833512869120e-03
6.134395324422918516e-02
6.504961931300504152e-02
9.760760897926835586e-03
9.645793130740593427e-03
-3.665886567854850526e-03
-6.593091896173623734e-03
-5.846616633882990161e-03
-5.703614813407992951e-03
-3.552109723460619879e-03
-2.720746860696591704e-03
-1.367189578411382800e-03
-7.623972379555681717e-04
-2.665867647188763559e-04
-6.165816939105020272e-05
-8.072993570935650415e-04
-1.323236987247086585e-03
-4.492486349301053647e-04
3.990408392621840289e-04
