7.474881173111730739e-03
-4.996014523806834029e-02
2.361748472933529117e-02
2.254223573511552562e-03
6.825888283696635202e-03
-1.471261576392940244e-02
3.444671715525175759e-02
6.103382522948776895e-02
7.007875363180046668e-02
1.079831698844058302e-01
2.381044683108824445e-01
2.843484927444754340e-01
2.133736705602809480e-01
5.124803917502899209e-01
5.884213521215652110e-01
6.452606286295154980e-01
5.103851884760219892e-01
4.846349507621028341e-01
5.101632452592321787e-01
5.555213727018882830e-01
5.490548301739840431e-01
4.952925108221523098e-01
5.188706163745371303e-01
5.173068580360844493e-01
3.857710995300776546e-01
8.903774251939784723e-02
5.857381591843053431e-02
9.030170179450965062e-02
8.886812671070472291e-02
1.809836449223287125e-01
3.716632701838817887e-01
6.764269030551294248e-01
8.655185499897326551e-01
1.200921079867969254e+00
1.448854844398859587e+00
1.651815955192381002e+00
1.879465926207649407e+00
2.048085414874284194e+00
2.195394172823853296e+00
2.641971904910418889e+00
2.977925411360424324e+00
3.366867968635307573e+00
3.460832763973593629e+00
3.915234550417848958e+00
4.222503545842245742e+00
4.580947237922092796e+00
4.973315656766991388e+00
5.423774584329309256e+00
5.559880503763350745e+00
5.875337292110143217e+00
5.560078707787046604e+00
4.400595694271485669e+00
2.916508454779356274e+00
1.574526891584628219e+00
-5.248715501086422819e-01
-2.795253106185702219e+00
-4.182916723775481849e+00
-5.083302579612733574e+00
-5.689196174283416951e+00
-6.447124537716823589e+00
-6.633140353283190294e+00
-6.972554595430201729e+00
-6.687693129764429756e+00
-6.477858299436495493e+00
-5.718670457302740928e+00
-4.079105060294513585e+00
-3.346889159744229403e+00
-2.397213389137964779e+00
-1.289283201722001282e+00
-5.237790730510152315e-01
1.740576394388511361e-01
4.366120384840002089e-01
4.225841340007101543e-01
3.978239770035889578e-01
3.516058892265095936e-01
4.146397515395235378e-01
2.902036984817081278e-01
2.737916110457680463e-01
2.900639153450705887e-01
3.352731183223846556e-01
8.757048383694069349e-01
1.792461097256174085e+00
2.073029899880751703e+00
2.681876982112020524e+00
2.685979885643547949e+00
3.084865564583158193e+00
3.642723882970813953e+00
3.729128785956259851e+00
3.649533449422504905e+00
3.640509428374758549e+00
3.623820181507507510e+00
3.539518773545319075e+00
3.539492752774537010e+00
3.641782236812327156e+00
3.728078565586966153e+00
3.985597042050524674e+00
3.812761426187603497e+00
3.892964992360930410e+00
3.946094103544250942e+00
4.786378054776474045e+00
4.769687328351469802e+00
5.032553747702714908e+00
5.325806084686464104e+00
5.225137762693945476e+00
5.380709028952639805e+00
5.753169636526420661e+00
5.909063020692760126e+00
5.627459535534079293e+00
5.567600706906016050e+00
6.212725052249025381e+00
7.115436579520885374e+00
7.416150082744826122e+00
7.162673509606320543e+00
6.918496152445864134e+00
5.142803161971601256e+00
3.102801148154598732e+00
2.227722643993658380e+00
1.157729583121080763e+00
2.719072808317849616e-02
-3.664155172087487644e-01
-4.538488890435328216e-01
-4.241826971941868862e-01
-4.053807495925762505e-01
-6.028780526651028593e-01
-2.965379102066106332e-01
-6.096716737152426679e-01
-5.986794938650122910e-01
-6.588164329264541985e-01
-6.648191470142535975e-01
-6.096626929280437590e-01
-6.049930410630708355e-01
-4.824042586257611953e-01
-5.492636368621998111e-01
-5.108692242267900419e-01
-4.271415255775797837e-01
-2.818993965716928840e-01
-2.856090680120101921e-01
-3.701066967271873787e-01
-3.760913425917196129e-01
-2.447322592158892307e-01
-1.968596692560975470e-01
-4.117900696722563009e-02
3.050825683402247357e-01
3.505492119012531549e-01
3.064299641478548386e-01
2.995836385132081836e-01
3.973079625878429555e-01
2.738061677655577175e-01
3.924790907544700169e-01
3.869630089135465134e-01
-5.852571726543958491e-02
-3.732694573260695314e-01
-6.896232266366509878e-01
-8.158460553794775194e-01
-1.009351672917517817e+00
-1.158210785645981566e+00
-1.392480565482190125e+00
-1.388957234637881566e+00
-1.324510330681677006e+00
-1.539878910758889718e+00
-2.168098957530726789e+00
-2.281514322915474846e+00
-2.284881229340112618e+00
-2.591096963103482143e+00
-2.748905845624468380e+00
-2.836500948332262073e+00
-3.250599329705886387e+00
-3.856899190332518046e+00
-4.123020408930405445e+00
-4.305704878329562391e+00
-4.683859527654536059e+00
-3.862390799630971205e+00
-3.718139138948835853e+00
-4.041656431047784714e+00
-3.731537049168082820e+00
-3.433823334336373989e+00
-1.886926604881354441e+00
-1.162054586867165673e+00
-1.035688922968700743e+00
-8.985688685990478319e-01
-4.571192101871799918e-01
-1.907442999446131437e-01
-2.935063084715634416e-02
1.187151030454487166e-01
8.119437817688603953e-01
1.355433887868498610e+00
2.122529550573740931e+00
2.479748553756119023e+00
2.376306071329070679e+00
1.403964920399430882e+00
-2.738204626018442833e-01
-2.213262835903199388e+00
-3.848460740020756443e+00
-5.498899061681679967e+00
-6.319334763676106803e+00
-6.576055440301453281e+00
-7.104618472249184080e+00
-7.528193621725073115e+00
-7.122527750289330939e+00
-7.339509860027066956e+00
-7.535998457312722110e+00
-6.926452760581241819e+00
-5.182783970271384710e+00
-2.986437005392685862e+00
-1.179335854842748610e+00
-1.053761469563508246e+00
-9.400600797231057904e-01
-7.481507703558200051e-01
-7.777170015794981905e-01
-7.691160542910703279e-01
-8.539754268729128350e-01
-1.005354221409872961e+00
-1.500780660859138971e+00
-1.798040335687333569e+00
-2.122659761897633057e+00
-2.355816033079469740e+00
-2.882722964629030216e+00
-3.853093346928199381e+00
-4.793299293681434037e+00
-5.046534422591276936e+00
-3.646385705397158894e+00
-3.505571093479595834e+00
-3.315295631036723645e+00
-3.159735349400596416e+00
-3.224654961973632883e+00
-3.329087463232988764e+00
-2.865869147374255466e+00
-2.365691623813411137e+00
-2.386221918154270316e+00
-2.449177078333828472e+00
-2.405226499992259903e+00
-2.676511862976655109e+00
-2.773783732744405928e+00
-3.160816362131175783e+00
-3.543909272412373745e+00
-3.892601779662425709e+00
-4.038706359810636748e+00
-4.668989716821881686e+00
-4.853523435609963244e+00
-5.062326766120461841e+00
-5.186463908775847287e+00
-5.475017646558614004e+00
-5.510409604889773050e+00
-5.733262565558389312e+00
-5.671742282285642922e+00
-5.845226132211640113e+00
-6.259495891221012798e+00
-6.363462144572059387e+00
-5.728173264397901754e+00
-5.558262306909416139e+00
-5.637352277024872294e+00
-5.580177897203092208e+00
-5.283178601980428546e+00
-4.900561173111737112e+00
-4.559401560560377042e+00
-4.367153981315469835e+00
-4.262917402807611111e+00
-4.244199710213624854e+00
-3.760573074628887902e+00
-3.737641180076956893e+00
-3.664877084748876523e+00
-3.463139399903212734e+00
-3.196281826979817442e+00
-2.736926560615771997e+00
-2.700705596841565637e+00
-2.567020852557827748e+00
-1.948547794648289866e+00
-2.432066663020913677e-01
1.170872712515495850e+00
2.910249752152517022e+00
3.243584068283647870e+00
4.087000770708788089e+00
4.740125421980420306e+00
5.208788476182745875e+00
5.441504623715341715e+00
6.369401464174005767e+00
7.178800850851884796e+00
7.624259264449118056e+00
7.871405653639278910e+00
8.017824837689001782e+00
8.761716117239309654e+00
9.269224689207153034e+00
9.746541582799803649e+00
9.990425577948737867e+00
1.014238160919410170e+01
8.824911467274962007e+00
7.172239052401926607e+00
6.193017037958253646e+00
5.174084602385892850e+00
4.452373729996121909e+00
4.100129557840270778e+00
3.267335346801728768e+00
2.756766944769035277e+00
2.498116038130993921e+00
2.497727542677349533e+00
2.442533594384713957e+00
2.373940161620820888e+00
2.190872819257567272e+00
2.046798862403249597e+00
2.024761744298883226e+00
1.984639207010853834e+00
2.008250705722046892e+00
1.833789616896355668e+00
1.705853531388567879e+00
1.354124190130929994e+00
1.209334871644779152e+00
1.096201544991191268e+00
1.006517601414651075e+00
8.753041090549569248e-01
7.188001628720155356e-01
-9.044377995643304580e-02
-1.446713418653383931e-01
1.672735734256740603e-01
4.479628876738591114e-01
5.852303397025506726e-01
4.234282165393226660e-01
3.899272204116044915e-01
1.270197517579320923e-01
2.669772541844415148e-01
2.375650735303854733e-01
2.738866123556666921e-01
2.805596544683660043e-01
2.123533401741201365e-01
5.306550797436003775e-01
3.202254971978224507e-01
4.701255329261396221e-01
2.361260889353243020e-01
-6.848376680124772520e-01
-4.987118015484442446e-01
-1.219062296089327424e-01
2.389804706657774058e-01
2.859850860846744891e-01
1.749300730047604890e-01
1.688957798641338437e-01
6.476955621188844325e-02
6.696471620692330540e-02
-4.333712036231116005e-01
-2.934654378538230635e-01
-3.880583644927191322e-01
-2.563260722036447836e-01
-2.194096902905107449e-01
-2.308570323760704979e-01
-2.281698498630308769e-01
-1.946514277173895802e-01
-1.973784451046880495e-01
-1.203403175424157950e-01
-1.600471170725954184e-01
-3.291288030542933313e-02
-2.948957194569348239e-01
-5.175030650636239793e-01
-2.303621939662067852e+00
-3.943719295749030351e+00
-6.385719643822700853e+00
-8.389588385608314880e+00
-1.004502677442124003e+01
-1.166479927016953511e+01
-1.375284988629137217e+01
-1.482212132687078743e+01
-1.673484649242519851e+01
-1.876611155340999204e+01
-2.118933585189909863e+01
-2.328434974387805312e+01
-2.422163874503386793e+01
-2.533073217983962166e+01
-2.573714141764141061e+01
-2.254631318539244234e+01
-1.913354209172466724e+01
-1.450480067495248626e+01
-1.169761232216341540e+01
-1.072228655049867996e+01
-8.263447052061374976e+00
-6.731143242879470634e+00
-5.053004296436099274e+00
-4.357909141129820085e+00
-4.553410457209104756e+00
-4.434511645472806407e+00
-3.969087521818842390e+00
-4.004380254854106980e+00
-3.941052443594126320e+00
-4.057324051541481680e+00
-3.340208089666102165e+00
-2.777507580984198476e+00
-2.600491712773747022e+00
-2.623516282201052707e+00
-2.703029189399138943e+00
-2.463955744179684437e+00
-8.604196203647197505e-01
4.216316757484207534e-01
7.099987776891121261e-01
6.600587174896960230e-01
5.053804507439211280e-01
6.300595581354866415e-01
6.851869157650511966e-01
5.960736114634489491e-01
5.998129523555929543e-01
5.284300017467085109e-01
8.106647582898030002e-01
6.597330354058943414e-01
5.322161013381968564e-01
5.157472638884186278e-01
3.181975203082029746e-01
-7.711352524448186196e-01
-9.440654110997573900e-01
-9.367620437088319818e-01
-8.753049819699185718e-01
-9.662136786349471151e-01
-1.243329435921176396e+00
-1.605664974555791380e+00
-1.801534694122906677e+00
-2.250678661934422120e+00
-2.666382579554861021e+00
-2.965022384688016377e+00
-2.928265605560493867e+00
-2.818866519851190855e+00
-2.449056620692659614e+00
-2.509306616671245660e+00
-2.228002281787882843e+00
-2.466908083818898589e+00
-2.613414669517301725e+00
-2.882648207916603589e+00
-3.289539096433792054e+00
-3.626601277803371826e+00
-3.663969603949037257e+00
-3.905035108285398238e+00
-3.931068636217459833e+00
-4.051239051891925236e+00
-3.914625864974289993e+00
-3.199964662956963135e+00
-2.821818771621181998e+00
-2.280722098094614125e+00
-2.317063742092360101e+00
-2.339195710771993841e+00
-2.455877220330563659e+00
-2.583248162195644237e+00
-2.989200631367878280e+00
-2.798535717487211638e+00
-2.765564917036090975e+00
-2.656639837367766876e+00
-2.046766169767843202e+00
-9.192509179713677092e-01
5.699170060761742790e-03
5.401068039212096605e-02
9.009332731644502379e-02
-8.071688454801059917e-04
-9.274255055700598993e-02
-2.493070797099325997e-01
-5.388864328418920824e-01
-5.139680452922993359e-01
-5.359675638361389716e-01
-5.774810836895730715e-01
-4.904635025685019079e-01
-4.270208780013142191e-01
-1.465087111905174766e-01
4.969032741972549405e-01
5.800760209453397209e-01
6.368577865137302618e-01
6.541712018457991329e-01
6.646110798867049807e-01
4.269249063276966960e-01
-1.120109328178876124e-01
-3.733875522690768833e-01
-7.274812254512575960e-01
-1.282975409493292362e+00
-1.279530284750214797e+00
-1.312037448831362640e+00
-1.697592841871810032e+00
-1.949835477256608662e+00
-2.356682646636387268e+00
-2.399028926615934143e+00
-2.462684214740475053e+00
-2.537397962885387770e+00
-2.369859167875626227e+00
-2.463530370195075037e+00
-2.378519873989617839e+00
-2.270304316279885715e+00
-2.242638272020387014e+00
-2.089649818971640816e+00
-1.795790777546623751e+00
-1.786181278399946670e+00
-1.718353862250104003e+00
-1.848805479433991206e+00
-1.869335419205439219e+00
-1.827048025375003437e+00
-1.870931406840861122e+00
-1.661870499122776179e+00
-8.542193748469075754e-01
3.307631944165707969e-03
-1.977408540771070089e-01
-1.133174585042389659e-01
-2.684242644700275959e-01
-1.418722543790343869e-02
7.096328790396206898e-01
1.811190326883433288e+00
2.554479585810768949e+00
2.803276556428902389e+00
2.733319378807657518e+00
2.432416715952706809e+00
2.602445790114794377e+00
3.184533750203716540e+00
3.210609314303280559e+00
3.261224236654975073e+00
3.106815886549916250e+00
3.126870155992535594e+00
2.882648478471927511e+00
2.603193421119577966e+00
2.060708704269250902e+00
2.152678785825266949e+00
1.473386428925461233e+00
8.090336342590154217e-01
1.239560470921004798e-01
-1.716814163135137183e-01
-1.067481148017884879e-01
-5.564352527282640654e-02
1.809428237405698581e-01
2.197505427975785519e-01
1.642271093916899127e-01
-2.426931291844937333e-01
-2.576737276257656806e-01
-1.359329681295541326e-01
-8.998734761913405877e-02
-2.867251061771954740e-02
3.724776089419437608e-02
1.301766683763318222e-01
4.166448314012069498e-01
3.913273410478335101e-01
3.832804680165957656e-01
2.832677582828773133e-01
3.458998423958931645e-01
3.456829559204310787e-01
3.537822690174329265e-01
3.963372805846239189e-01
2.229916259432707937e-01
3.122611208318044618e-01
2.552797822915101045e-01
1.955695289110602197e-01
-1.513276033296890970e-02
-1.852310193766287805e-01
-2.179644843615783090e-01
-6.010698504079291515e-01
-8.311232394105292354e-01
-6.198685217988734175e-01
-4.268544999475424873e-01
1.589780450511065757e-01
2.937221005861468948e-01
4.633821279382945302e-01
3.702970475148150142e-01
3.017434116955984846e-01
2.669338281102958677e-01
3.497008870859397711e-01
4.357423664003479691e-01
7.583688204183968162e-01
7.908837926172064270e-01
6.410745656736540621e-01
5.287715952236842210e-01
6.228407868474192810e-01
7.757520632696447427e-01
7.241400689742595320e-01
7.560102855600154825e-01
4.384520422615432733e-01
6.297781385234024754e-01
3.675331859924226285e-01
3.179848739711333416e-01
-5.073644076777078515e-01
-7.938116748293757574e-01
-8.619482990838791547e-01
-9.483050279732025967e-01
-1.087381247688145480e+00
-9.880339345675590579e-01
-1.132859101010292413e+00
-1.187948277824975696e+00
-1.212985238250559261e+00
-1.554503123910471851e+00
-1.926831855840343888e+00
-2.271466292167215073e+00
-3.361905001669120097e+00
-5.466629740336537147e+00
-7.707329805951300017e+00
-9.300334925916610374e+00
-1.154489402778621709e+01
-1.229645055469640091e+01
-1.423933355661039535e+01
-1.740104892713145190e+01
-1.847238937734880437e+01
-1.771126282669391472e+01
-1.801224778064815624e+01
-1.730107895503579130e+01
-1.673221382356480547e+01
-1.541563734678961239e+01
-1.261529647984098368e+01
-1.049464155370493224e+01
-1.009814717967937625e+01
-9.352056806483544094e+00
-9.030945145193689072e+00
-7.787072468499280475e+00
-5.348307956819719600e+00
-3.573592528962960202e+00
-2.494108619228739609e+00
-1.583718262540360966e+00
-8.678145825316860851e-01
-7.000184515677875252e-01
-4.188661130941950805e-01
1.441503440145380441e-02
2.868890649093275291e-01
8.341629587826348002e-01
1.026105093046305372e+00
9.945970386721494361e-01
9.494118920009690932e-01
1.048358101416667187e+00
6.537564474764606670e-01
2.703605755692350954e-02
-6.747199492874246252e-01
-1.189804432393622324e+00
-1.675096190470404700e+00
-2.762153333146213363e+00
-4.283688716766580029e+00
-4.726732351403704513e+00
-4.867619325187120261e+00
-4.894900361262130239e+00
-4.757677078458447895e+00
-4.238073428149307098e+00
-2.807699845001246253e+00
-1.522628620688686540e+00
2.165197363288653976e-01
2.244558793850805145e+00
3.099331852832198475e+00
4.994338566121758305e+00
6.107663181641966865e+00
6.571510213328530803e+00
7.064029415554299973e+00
7.712394976933278912e+00
7.609594850827261503e+00
7.949975161987928196e+00
8.492540042592304772e+00
8.513976616304743672e+00
7.304818612792355559e+00
4.854912686297057078e+00
2.116398232052583150e+00
-2.927364928976465275e-01
-2.010651419033255838e+00
-2.238238285269167793e+00
-2.371665006066884906e+00
-2.518381817767405995e+00
-2.482026269091945014e+00
-2.315206561512723749e+00
-2.099121458049544309e+00
-1.704175712633837048e+00
-1.640311002109664740e+00
-1.528485942858977209e+00
-1.127892087403933985e+00
-1.051498183178762202e+00
-1.014766347440115624e+00
-9.908584104510158586e-01
-7.566882191592875229e-01
-7.898069846667195026e-01
-7.497494272164880735e-01
-8.936735053175582921e-01
-7.744595151040021275e-01
-7.203445854882649657e-01
-7.935587136939330488e-01
-8.521026807058822428e-01
-7.777860815975294884e-01
-7.961099794922372741e-01
-6.872356522776936760e-01
-8.181465646942901460e-01
-6.845631225134133357e-01
-8.959671910605960798e-01
-9.589271886811626677e-01
-9.130436514465180009e-01
-9.439383844342233987e-01
-8.899697871264483640e-01
-9.201775683696651331e-01
-9.571324090708674959e-01
-1.149446736120949497e+00
-1.514663765474492996e+00
-2.019687493291220992e+00
-2.814152817637987525e+00
-4.267943467685001657e+00
-6.203124779303639258e+00
-7.163343949026858226e+00
-7.247081646511458253e+00
-8.269146390807451397e+00
-9.515327986294737528e+00
-9.708274344780168263e+00
-1.075046524147079730e+01
-1.224589161519605796e+01
-1.373842617818379530e+01
-1.503630138926488513e+01
-1.540566593007904572e+01
-1.614662299863710615e+01
-1.689521869734825188e+01
-1.694393893287766772e+01
-1.703126967679492410e+01
-1.671265086748656614e+01
-1.633874942812850861e+01
-1.626922188491051813e+01
-1.646890643248569575e+01
-1.597407339015612138e+01
-1.452309765108224404e+01
-1.321775213688952988e+01
-1.228840827227166876e+01
-1.124719602107719929e+01
-9.990171831609716335e+00
-8.011463796584248342e+00
-6.181265823524826786e+00
-4.303146320346271203e+00
-3.076741093076558631e+00
-2.285472503126222410e+00
-1.773946847249689540e+00
-1.634174927079839801e+00
-1.291930478443172214e+00
-8.657255620822701392e-01
-8.684288372147435098e-01
-7.181676696393288761e-01
-2.858860995093722157e-01
4.212658878238050852e-01
7.393604575912791077e-01
8.508774567178746251e-01
7.515740969862272358e-01
8.391323955265497236e-01
7.510008083165941040e-01
6.809981789404527808e-01
5.914808714547975521e-01
5.614015913169476679e-01
3.096122866617313507e-01
2.665880352186911217e-01
-2.826659799698829148e-02
5.355860768177708175e-01
8.404722517403502291e-01
1.279372876624307320e+00
1.104511869532521562e+00
6.972007132209191438e-01
6.017250787224986963e-01
5.558388049268750963e-01
6.030455405617777265e-01
1.786986904877520654e+00
4.238698554435571531e+00
6.443362697557928342e+00
6.974424022886236862e+00
7.375659552489719495e+00
6.513697649804107925e+00
4.000142166214009976e+00
1.286492768711225532e+00
-3.015072944998106186e-01
-8.971659569650760613e-01
-1.511724547958008813e+00
-2.089829138964372834e+00
-2.840773064128153891e+00
-3.626861582370643156e+00
-3.941053275666773548e+00
-4.077323705403848031e+00
-4.257383446678168148e+00
-4.436607557967138682e+00
-4.455590441163293391e+00
-3.964150857975198505e+00
-2.945693102609440395e+00
-1.945487263602806438e+00
-1.785136249601216418e+00
-1.510782549378207218e+00
-1.262512263719256511e+00
-1.110034184459098627e+00
-7.983372746752238625e-01
-3.873006393208306419e-01
4.316867502932634215e-01
7.411118020327378542e-01
8.207455791865320149e-01
6.567180303864299518e-01
7.569641128616961812e-01
6.118134450668994972e-01
3.630259764266524636e-01
3.366294895229263728e-01
4.801685843834729295e-01
4.808820406709706785e-01
7.040898308215960411e-01
6.931374648140220529e-01
6.548669908949314999e-01
2.936510488359963533e-01
2.877303789365759715e-02
-9.660435066110871494e-02
-1.369184857487689144e-01
-4.094085837552919882e-01
-1.064650915344313331e+00
-1.733211456720170629e+00
-1.917199960680778581e+00
-2.116306800702223878e+00
-2.035174540141902799e+00
-2.001794038854806335e+00
-2.013484834193421058e+00
-1.857305922327871173e+00
-1.603167660262823535e+00
-1.403792726854458550e+00
-1.147864006283962679e+00
-9.905802521006791261e-01
-9.409180909274090787e-01
-7.209525997863054370e-01
-7.773510185559422414e-01
-2.139818268279241043e-01
3.646866378600311931e-01
8.992702935433392053e-01
1.070128706803260998e+00
1.136723050309094596e+00
1.186438499566408122e+00
8.135716755219178919e-01
5.625004124822744478e-01
4.644036549648057899e-01
3.048255983761066767e-01
4.326434498134699158e-01
5.110262615149016030e-01
9.524202283425197146e-01
1.284571826650483972e+00
1.467266367051399678e+00
1.450657757275072512e+00
1.394918716140505222e+00
1.123064612849610011e+00
1.185499310119527028e+00
1.236414641492119770e+00
1.032725217006012608e+00
1.076205637337831034e+00
1.098873057695780808e+00
8.930002419430710381e-01
6.992876069019815510e-01
9.407555939281199153e-01
1.013898733500853133e+00
1.232031333880743817e+00
2.243754106942644544e+00
2.328196600093173529e+00
1.972245119558097004e+00
1.698873310333777198e+00
1.095476475727108046e+00
3.512291492183142738e-01
-5.303692635478557404e-01
-1.008289842570494921e+00
-1.557524733800238925e+00
-2.061069200692517978e+00
-2.401313273809356108e+00
-2.413795575901072521e+00
-2.246147574867707775e+00
-1.688863613759522320e+00
-1.345231416576176953e+00
-1.371182941894357299e+00
-1.282082452697405506e+00
-9.114380009858591425e-01
-7.040590291166090031e-01
-4.301411601771466531e-01
4.894882430185832911e-01
1.016267581754325633e+00
1.106154256211744569e+00
1.037450704986265126e+00
8.963515210879353656e-01
7.053369823891497692e-01
6.379502898241422582e-01
5.853418928346861838e-01
5.254665786263041927e-01
4.659139833852081192e-01
4.057195419303283868e-01
2.160011001229784067e-01
2.393279260432697730e-01
1.531637836060672220e-01
1.572733323012459883e-01
1.699131790698493738e-01
5.910033668335173268e-02
3.826653764554718840e-02
3.319240726431391120e-02
2.593754195620544545e-01
-9.971519455313115898e-02
1.208954651795993672e-02
6.303955374371929266e-02
-7.513192263576879207e-03
2.390822523180016583e-03
2.536862921701184246e-05
-2.066141470781415062e-04
2.536267608198010883e-05
2.535867792530715220e-05
-2.038037639481897695e-04
2.253575530033345690e-05
2.535078867516578311e-05
-2.038137376997945156e-04
2.252875534132962613e-05
2.534289966334790799e-05
-2.038216476476865913e-04
2.533696069684708248e-05
2.251817623496607052e-05
-2.038295561424965192e-04
2.532700953307021532e-05
2.251117612790299477e-05
-2.038395321651895577e-04
2.531912055169700487e-05
2.531512210807576396e-05
-2.066600372368019428e-04
2.531120633109415301e-05
2.530720820600399211e-05
-2.038553615012880435e-04
2.249000478391899169e-05
2.529931937753892774e-05
-2.038653347791713043e-04
2.248299282315032425e-05
2.528936850132752694e-05
-2.038732428809328725e-04
2.528342992526426164e-05
2.247242649788496315e-05
-2.038811547797298265e-04
2.527554146859382320e-05
2.246541438799223205e-05
-2.038911278233196270e-04
2.526765291036423263e-05
2.526365480958147448e-05
-2.067058913081488221e-04
2.525770213367942675e-05
2.680433186492510369e-05
-2.039069448164556046e-04
2.244427903131279597e-05
2.524787793692512825e-05
-2.039169036714496045e-04
2.243726743809468572e-05
2.523792747176786293e-05
-2.039248113085880411e-04
2.523197534245042641e-05
2.242670150743703808e-05
-2.039348130958322167e-04
2.522407601931372234e-05
2.241966734997449942e-05
-2.039427205693654399e-04
2.521618788370596242e-05
2.521217587334205883e-05
-2.067517652870924042e-04
2.520623752843487088e-05
2.520430175562414802e-05
-2.039603977916165331e-04
2.239851094641475353e-05
2.519432628196333085e-05
-2.039683050250899396e-04
2.239149946351277437e-05
2.518643853793379314e-05
-2.039762007053528908e-04
2.518048679994666923e-05
2.238093395126124392e-05
-2.039861742523147478e-04
2.517259918849007992e-05
2.237208972073329299e-05
-2.039940812522516840e-04
2.516472542861110053e-05
2.516071344239367020e-05
-2.067974074887866021e-04
2.515477549723627864e-05
2.515282580599442376e-05
-2.040119614663225280e-04
2.235278969213477901e-05
2.514288990182660333e-05
-2.040198682346321655e-04
2.234392308756251634e-05
2.513497744268560459e-05
-2.040278025749418518e-04
2.512902608842155312e-05
2.233519113252630526e-05
-2.040377616690235998e-04
2.512113873446668300e-05
2.232634727980674816e-05
-2.040456681925048284e-04
2.511120328653579543e-05
2.510925361804064104e-05
-2.068451121773302393e-04
2.510331637834015549e-05
2.510136640839978180e-05
-2.040635474570532835e-04
2.230704820759592675e-05
2.509143093697767889e-05
-2.040714562320517899e-04
2.229820447575731908e-05
2.508354403770854648e-05
-2.040814275273658313e-04
2.507759306445407030e-05
2.228947292348130692e-05
-2.040893210593684259e-04
2.506970613013904457e-05
2.506570815356473023e-05
-2.068820903814822486e-04
2.505975713781111454e-05
2.505782146299326743e-05
-2.068909559860252520e-04
2.505188461692210453e-05
2.504787237751599595e-05
-2.041151054457222423e-04
2.226133146023091472e-05
2.503996061930528798e-05
-2.041230388172286304e-04
2.225246584795476142e-05
2.503208811847057582e-05
-2.041330096318504442e-04
2.502613753308132922e-05
2.224190182756760227e-05
-2.041409026778641855e-04
2.501618872950058331e-05
2.501422807239111017e-05
-2.069277474234027978e-04
2.500827775966747490e-05
2.500634181840797051e-05
-2.041585746858379452e-04
2.222258255916670328e-05
2.499639317087925204e-05
-2.026130751587853162e-04
2.221373938802729455e-05
2.498850690394611364e-05
-2.041764543626651185e-04
2.498257079054362704e-05
2.220500859645437754e-05
-2.041843596215499822e-04
2.497468464245259588e-05
2.219616596015791443e-05
-2.041922661858061572e-04
2.496473626800523285e-05
2.496280065919242815e-05
-2.069754223909444897e-04
2.495685073230183117e-05
2.495491465780933643e-05
-2.042101273706792958e-04
2.217687002795774102e-05
2.494496659724167363e-05
-2.042180361691894853e-04
2.216802721605173743e-05
2.493708073636421746e-05
-2.042280061056952242e-04
2.493112008627645235e-05
2.215744178885986062e-05
-2.042359358472606193e-04
2.492323436960255736e-05
2.215043241857740224e-05
-2.042438419333786760e-04
2.491328672531478963e-05
2.491135085207928489e-05
-2.070212810389238990e-04
2.490540131946805753e-05
2.490140298395478703e-05
-2.042617021494719893e-04
2.212929201267335421e-05
2.489351765248615017e-05
-2.042696090769788807e-04
2.212229517785874457e-05
2.488563222381854121e-05
-2.042795799130725867e-04
2.487969690113507346e-05
2.211171988034294045e-05
-2.042874842185638364e-04
2.486974930754421985e-05
2.210472332910764996e-05
-2.042974535092167922e-04
2.486186438523321508e-05
2.485992854820895159e-05
-2.070671273699581827e-04
2.485397940217447778e-05
2.484998110069278881e-05
-2.043132515532882572e-04
2.208358401844361322e-05
2.484209619517949093e-05
-2.043232206065360925e-04
2.207657512064100156e-05
2.483421149038048903e-05
-2.043311259022447717e-04
2.482825143610046612e-05
2.206599060669390904e-05
2.482230361762651408e-05
-2.043428317914888661e-04
2.481636876812416518e-05
2.205542797173861582e-05
-2.043507379832844068e-04
2.480639688014760471e-05
2.204839738298013880e-05
-2.043586678611348823e-04
2.479851217570133105e-05
2.479657667919326719e-05
-2.071233657645334635e-04
2.479062771165035668e-05
2.478662975178739592e-05
-2.043765399834332214e-04
2.202727213044693811e-05
2.477874536444871936e-05
-2.043864944170384291e-04
2.202026369442321293e-05
2.477086088016017292e-05
-2.043944015903952918e-04
2.476491241573684210e-05
2.200970147989615526e-05
-2.044023048417748011e-04
2.475497978143554982e-05
2.200269358924466609e-05
-2.044122730660664293e-04
2.474709550518714164e-05
2.474308372288734699e-05
-2.071691939058910130e-04
2.473921176399552103e-05
2.473521354163027704e-05
-2.044280805725681640e-04
2.198156917927962067e-05
2.472732958184283423e-05
-2.044380485587582886e-04
2.472138127196816935e-05
3.021267280708940745e-05
-1.989485338928596977e-04
2.746639292600567438e-05
3.021070025510106039e-05
2.746442884642356542e-05
-1.989503175382847130e-04
2.746475549447836498e-05
3.021142003595495771e-05
2.746279174376489542e-05
3.020925953375972611e-05
-2.016982623540624850e-04
3.020961917134703509e-05
2.746344604262003264e-05
3.020745846359641605e-05
-2.016999016417187331e-04
3.020781856716810298e-05
3.020800719091395735e-05
2.745968915034349017e-05
-1.989555381589429002e-04
2.746001628394960310e-05
3.020620653538634977e-05
2.746034396954607457e-05
-1.989573409265557439e-04
2.745837956256579911e-05
3.020440614163277020e-05
2.745870691857465944e-05
-1.989566192171424023e-04
3.020243422222820479e-05
2.745691459927625364e-05
3.020279467380270386e-05
-2.017041459551079227e-04
3.020315463404902998e-05
2.745527773982590984e-05
3.020099412819099753e-05
-2.017057837185206031e-04
3.020135476165669100e-05
2.745364149082119969e-05
3.019919425607568914e-05
-2.017074238015631774e-04
3.019955442640830730e-05
3.019974304805974735e-05
2.745217629105233055e-05
-1.989638119828792350e-04
2.745250433179370110e-05
3.019794338573959222e-05
2.745283168459697879e-05
3.019578286522612794e-05
-2.017105270375373831e-04
3.019614326160266113e-05
2.745119520757285933e-05
3.019398310287402788e-05
-2.017121668327363966e-04
3.019434380842245895e-05
3.019453242297857505e-05
2.744973080349609194e-05
-1.989690273782335087e-04
2.744776717770597895e-05
3.019273286970487234e-05
2.744809484522542901e-05
-1.989683058553535729e-04
2.744613150267932532e-05
3.019093326680435629e-05
2.744645884282738191e-05
-1.989701065367441356e-04
3.018896266408565304e-05
2.744466720418861310e-05
3.018932253050078297e-05
-2.017164076906623486e-04
3.018968366039781961e-05
2.744303139212364651e-05
3.018752313702286797e-05
-2.017180470051558802e-04
3.018788473480323896e-05
2.744368726814002334e-05
3.018572400588822780e-05
-2.017196668116715507e-04
3.018608534692813859e-05
3.018627395960283189e-05
2.743993198660006635e-05
-1.989772954978257825e-04
2.744026057444408329e-05
3.018447524327299585e-05
2.744058772561291956e-05
-1.989790942954425008e-04
2.743862495796998822e-05
3.018267642796727861e-05
2.743895262486078398e-05
3.018303648356446614e-05
-2.017244242502328670e-04
3.018087756241468603e-05
3.018106596055302013e-05
2.743748855758570230e-05
-1.989825090749594333e-04
2.743552632439748412e-05
2.861854006921006594e-05
2.743585365970723769e-05
-1.989817855533478595e-04
2.743389119517561912e-05
3.017746891880437258e-05
2.743421866083342641e-05
-1.989835863090513195e-04
2.743454774155012666e-05
3.017567052547510788e-05
3.017585912196321839e-05
-2.017286616235968420e-04
3.017622121812573750e-05
2.743079312946046064e-05
3.017406083387461253e-05
-2.017302986972999482e-04
3.017442303487227517e-05
2.743144953870830290e-05
6.506137073293582519e-03
2.105961398287304470e-02
1.799450813273430552e-02
6.270152075577473116e-02
3.930400476009501126e-02
1.232357171891748510e-01
1.705920172292156312e-01
-3.883621101475192260e-03
1.368222015215781184e-01
1.957005052247224597e-01
1.325281292971941249e-01
2.898026766413443478e-01
1.950605029258423995e-01
1.144352860418837714e-01
-5.008159587315205163e-01
-4.962140785891888672e-01
-4.873901688521541931e-01
-5.735389921392104462e-01
-8.431186615261858641e-01
-7.537741398118370517e-01
-9.227987383626394813e-01
-9.378077671618491040e-01
-5.657841383622851383e-01
-4.420892731292694333e-02
2.201389632092624199e-02
2.257004639064672247e-01
-1.572155254759243642e-02
-1.237185084017157141e-02
1.695133440011597492e-01
1.150791371004587088e-01
2.422425201752888280e-01
5.032556230342548620e-01
1.887367861847615291e-01
5.663822788096148919e-01
4.983323683730241788e-02
4.396093384658974479e-01
1.853242544368902955e-01
3.624648875650478552e-01
2.607178687432391007e-01
2.405499914442753850e-01
2.883429919706604894e-01
2.958082908009312395e-01
3.288358909676137865e-01
1.613338945284183146e-01
-1.013736184349860459e-01
-1.470468320741483981e-01
-1.308986099539923009e-01
-1.840479050197175726e-01
-3.942032507459148349e-01
-2.178869115733916006e-01
-2.777181060817728309e-01
-3.446210230131737662e-01
-5.628092286260396593e-01
-3.984615632451717904e-01
-4.526491063727920983e-01
-3.496368214777915151e-01
-9.103123423025565389e-03
-1.757059622593536846e-02
3.901142959238705632e-02
4.967582014640987281e-02
4.111500495576637243e-02
1.389404193888237882e-01
2.139532485043346144e-01
2.096782507204590640e-01
2.135905581386200736e-01
1.741683576814636314e-01
1.875432380141786592e-01
1.204666618762638558e-01
8.808435148136593840e-02
1.486646865713801557e-01
5.005929804805230310e-01
1.359843233740153812e+00
1.351229275983965694e+00
1.044741125051078523e+00
5.999840141230967927e-02
-1.021394944992317422e+00
-1.049818689254109927e+00
-1.121627722471533417e+00
-1.202853621919285354e+00
-1.182534041808722902e+00
-1.185509301929842829e+00
-1.174927191632044732e+00
-1.127321022972281872e+00
-7.404611640157083841e-01
-4.236792374527156846e-01
-2.877837469360909894e-01
-2.724666873468482020e-01
2.234660711781918420e-03
5.076786281871533690e-01
1.038196302214148048e+00
1.026664839775378590e+00
9.301034491034646523e-01
8.436089873877845591e-01
3.649997398537077609e-01
3.409510453039920619e-01
2.608689944206168954e-01
3.079944170970499995e-01
3.055448911446784765e-01
2.953484408197069033e-01
4.278054931606818934e-01
6.652853453997085165e-01
6.443354233544780207e-01
7.214836102173249888e-01
4.880146524135012820e-01
4.356486721489428171e-01
-2.018341422258823070e-01
-3.740835397816855701e-01
-3.735581822376233818e-01
-3.723614091557714278e-01
-3.349127287352810511e-01
-3.556017277370055463e-01
-3.368775911404761070e-01
-2.561789179289353235e-01
-3.705333768041522147e-01
-1.123101389670292244e-01
2.555733160615700564e-03
4.127507977985772625e-01
3.343684468752490258e-01
3.365527723453187181e-01
2.846745343593503064e-01
2.615266523824353317e-01
2.403424873156750630e-01
1.147908544782494933e-01
1.463508345541899847e-01
-3.529610336039250562e-01
-1.038065675611621108e+00
-9.991078725261699489e-01
-1.136534419346130198e+00
-2.135115548413740960e+00
-2.556764576634247721e+00
-2.650938048963595861e+00
-2.800763837631727871e+00
-3.114999953796574683e+00
-3.248781082856317504e+00
-3.347621877338979424e+00
-3.367839349765931356e+00
-3.742864558286917109e+00
-4.253381463357252201e+00
-6.140747403432721185e+00
-7.668793539405336368e+00
-7.197447070467434038e+00
-7.868049425079448156e+00
-7.291454624852444333e+00
-8.009276459783917446e+00
-8.445854222600910788e+00
-8.852701837223136749e+00
-9.905334109606499737e+00
-9.778673456752660087e+00
-9.957569571609878878e+00
-1.010021839423602685e+01
-9.956822139359609025e+00
-9.950235851945294030e+00
-9.369096566491750266e+00
-7.432842235358664063e+00
-6.157320640415419710e+00
-4.714681068159823241e+00
-3.730044812492237405e+00
-3.308801399179548852e+00
-3.165007987888453389e+00
-2.797416851954678041e+00
-2.817651685856914501e+00
-2.800954528357584739e+00
-3.009313971430728873e+00
-3.741786522391824743e+00
-4.016479561995801362e+00
-5.223783808811052864e+00
-6.159244325836236378e+00
-6.172641622473476808e+00
-6.072449171755762265e+00
-6.051442285939160115e+00
-6.267382500407839174e+00
-6.293700136013387514e+00
-6.190139129720634514e+00
-6.394206059870668035e+00
-6.446252719471178949e+00
-5.911612140686623995e+00
-5.357696109774515492e+00
-5.337394223141093796e+00
-5.346732605292353391e+00
-5.012413842643917761e+00
-4.423198170317478528e+00
-3.968189452821465846e+00
-3.964911066543054918e+00
-4.085188430721638397e+00
-4.000296314657047603e+00
-3.798655043728285996e+00
-3.522007962620430366e+00
-3.565452589648320014e+00
-3.605300336986206666e+00
-3.670735934697841429e+00
-3.536867396374724581e+00
-3.746594054384655426e+00
-3.738241524304240393e+00
-3.810178994638846461e+00
-3.895002131034471571e+00
-3.802783825818442764e+00
-4.018972920937210702e+00
-4.517406613269508320e+00
-4.537471156051329224e+00
-4.679824032774625664e+00
-4.608173108913653948e+00
-4.670887561495637108e+00
-4.108131039674808527e+00
-3.834144580964456761e+00
-3.811316512271511581e+00
-3.908642161905369505e+00
-4.299243816607428492e+00
-4.958721904199828501e+00
-5.295520228938509710e+00
-5.422321621841674322e+00
-5.328037985496411721e+00
-5.585320671235689538e+00
-6.174926034956128795e+00
-6.071845260593465632e+00
-6.221127959628388382e+00
-6.170831986148495929e+00
-6.236221163081506980e+00
-6.299650371692692374e+00
-6.703204847098429120e+00
-6.791542807284567829e+00
-6.869257637659242910e+00
-6.829776875549268489e+00
-6.611146382844626856e+00
-6.496166359237658838e+00
-6.150084130318986375e+00
-5.362501786666015846e+00
-4.926789117101822768e+00
-4.913695835283313329e+00
-4.484034707833536082e+00
-3.689208005591517736e+00
-2.980690650073819281e+00
-2.713771302794448559e+00
-2.459776884515850970e+00
-1.087823572404394312e+00
-1.153813989211579377e-01
-3.317925347929187030e-01
9.515469356486958574e-01
3.484271652304432809e+00
5.636867521527204161e+00
6.473515193048215544e+00
6.956946597530977883e+00
7.923624297738995459e+00
8.569384748628198878e+00
9.469951375709317887e+00
1.004011980462495934e+01
1.032267378583066453e+01
1.050155062775804282e+01
1.084949602205622377e+01
1.098461745037258019e+01
1.105180199208666991e+01
9.940827655641417238e+00
8.028237799720287171e+00
7.185558878538669703e+00
6.694136668064269102e+00
5.243754568832300400e+00
5.207610583725008624e+00
4.511501028412634895e+00
3.483809465322146082e+00
3.178999020260826036e+00
2.671700492474436750e+00
2.034826980326860824e+00
1.261849576360109193e+00
1.142903376619307299e+00
1.067385697285772483e+00
1.162773408921905949e+00
1.257039312470293213e+00
1.120491535789871484e+00
1.256210019110290288e+00
1.129188804642801802e+00
9.302975717878734230e-01
6.471487554928861963e-01
2.608745025572634102e-01
1.917622227268118429e-01
2.709926902837617724e-01
5.416827290516598170e-01
8.277258888501629608e-01
7.457504981452000026e-01
7.309129990067514404e-01
4.651696283560181056e-01
5.559067592422709536e-01
3.529983544416523955e-01
-6.716338222243115053e-02
-4.109044518417306335e-01
-3.221572775001942945e-01
-2.946378498193026885e-01
-1.935682682706600932e-01
6.311862848903754264e-02
2.526577833969732567e-01
2.341077640720214958e-01
2.925875418739783962e-01
2.474574526590366808e-01
4.694007829049120506e-01
6.668551253371822751e-01
5.393902040388133257e-01
3.562283074508446612e-01
-7.388945416868231142e-01
-6.294296744167753310e-01
-1.853843084051672030e-01
8.979453674012283226e-02
2.112175549243525130e-01
1.704323971790101533e-01
1.177392733401738389e-01
1.727222194451225878e-01
6.784321538954977970e-02
1.838831404759353472e-01
5.885907107916125980e-02
2.571358898969954843e-01
-4.053930063109753568e-02
1.187583388914372901e-01
-5.850872189299203274e-01
-2.813955645447593135e+00
-6.227949207564004830e+00
-9.980841456487032914e+00
-1.246778233284540782e+01
-1.499520955653274612e+01
-1.613624683201985022e+01
-1.772635194831490679e+01
-2.021379869575939381e+01
-2.113187828030554982e+01
-2.200190872320423807e+01
-2.249177002045600560e+01
-2.194173802341028789e+01
-2.181610263856070731e+01
-2.173630933838232693e+01
-2.181314486350169801e+01
-2.119199768136967421e+01
-1.872988654326486113e+01
-1.421675553603639663e+01
-1.164839763360054370e+01
-7.409494136032296119e+00
-5.552991262530739824e+00
-6.083306665739159236e+00
-5.972196901937874003e+00
-6.294807752702695325e+00
-5.949100818407381475e+00
-4.831652867209833779e+00
-3.388691840852870563e+00
-2.283694353337265781e+00
-9.277384227938789696e-01
-7.706430687579852723e-01
-3.304374126749590190e-01
-2.720051715332499342e-01
-3.579418291990257295e-01
-6.136638125104098007e-01
-3.767945821044224597e-01
-1.922381899984499098e-01
1.054062192267034986e-01
-3.569431428357718039e-02
8.281515183135403080e-02
-3.152215376875876218e-02
-7.340333249437627772e-03
-1.596055666052199895e-01
-1.214812522978145522e-02
-1.257605600608833751e-01
1.601322167583837663e-01
2.795707796675840906e-01
2.168031681345075623e-01
1.907545568122180346e-01
1.282842393468906772e-01
-2.040337909155756080e-01
-8.530253535097463979e-01
-1.546389395694001134e+00
-1.907308614166938199e+00
-2.230322721610292547e+00
-2.592586020290911453e+00
-2.800668949367563165e+00
-2.854927679740916435e+00
-2.850890404621771790e+00
-2.877646920897066085e+00
-2.518137887607017067e+00
-2.682915509602258997e+00
-2.168012124865097423e+00
-2.638458659293911879e+00
-2.813931282928213484e+00
-3.310780083191409595e+00
-3.652623138015429038e+00
-3.684791483495483355e+00
-3.903671789538161185e+00
-4.031001105037335108e+00
-3.756544510891567601e+00
-3.203506223657055951e+00
-3.234113066691313154e+00
-3.286578141064109726e+00
-3.132679903655063214e+00
-2.839631403665614062e+00
-2.705023385581036166e+00
-2.696824960484923484e+00
-2.414724926564228102e+00
-2.188198964861065576e+00
-1.804227062556831074e+00
-1.761777423867653347e+00
-1.819561518843124448e+00
-1.834237778821489639e+00
-1.951121901142337522e+00
-1.817324220775694332e+00
-7.819149366402904366e-01
1.272618137161032337e-01
1.117047491806693188e-01
2.231237815828946997e-03
3.778747310618245370e-02
-9.030978947982395977e-02
-3.087046105942797269e-01
-2.753195159453098451e-01
-3.046189956247902231e-01
-2.840993032821525488e-01
-3.478762252859789461e-01
-3.198063605658055253e-01
-5.221361589325728136e-01
-3.777468762030818938e-01
-5.857230646553260867e-01
-3.481123378403949004e-02
-3.490721253768784560e-02
-1.038623469151218025e-02
-7.253939050778916708e-02
-2.734188400127283286e-02
1.663733294745012997e-02
5.574207762711108627e-02
-5.508199886329728096e-02
-5.202727815617787244e-02
-1.087700026109701679e-01
-8.185678189609851829e-01
-2.260414317129254780e+00
-4.356233700732921044e+00
-7.545140555689140882e+00
-1.086042423408043689e+01
-1.418226083405125770e+01
-1.515284987226329427e+01
-1.729181554159367096e+01
-1.778153467615059924e+01
-1.793299086066699033e+01
-1.713480784228800147e+01
-1.597865419462369196e+01
-1.542619570904096271e+01
-1.361960562859480994e+01
-1.272330730718358893e+01
-1.117703255116705918e+01
-1.012366990965438163e+01
-8.339750768814072401e+00
-7.084020200568729386e+00
-4.890161721185998012e+00
-4.601715524598619211e+00
-4.333472264792854745e+00
-4.018151148093922487e+00
-3.153497475234830816e+00
-2.163125354336555173e+00
-1.507865587596898260e+00
-1.720119556238557168e+00
-1.462846325911638656e+00
-1.013633484047915978e+00
-5.267643226099397724e-01
-5.414125421514806025e-01
-5.220484011236538047e-01
-5.758419325480771400e-01
-5.098090475341053862e-01
-3.999153586703194652e-01
2.863225195477730675e-02
9.941018338541347810e-02
2.010474889328832393e-01
1.866384852075038681e-01
1.331547481589633042e-01
2.959404529006655071e-01
4.811956790637546555e-01
3.007608588308037234e-01
2.106910802652556536e-01
1.074550800240714060e-01
-3.266113679316759444e-01
-3.403217632262487413e-01
-4.615323743255029254e-01
-2.628472597803679922e-01
-3.703401674818380673e-01
-4.600800754113519297e-01
-2.813237173802357050e-01
-1.005860420246937198e-01
-2.563972918899926762e-02
-7.402356226618536650e-02
1.256365422615904510e-02
-5.550286622428423494e-02
-1.507530338448880569e-01
7.676280713840383241e-02
-5.138373831030201844e-02
1.477454168613052087e-02
6.170273929607783536e-03
-4.573365353835559532e-02
-7.740713413328322023e-02
-2.566154750372184705e-03
-4.237084881754741433e-02
1.455327594871762449e-02
5.783400445560224305e-03
5.290373539396762623e-03
-2.358562889790358230e-04
-6.751328746140293156e-06
-3.374738245545595298e-06
-6.748082142302403938e-06
-6.746687940447652687e-06
-3.372419474372359300e-06
-6.743444747366948542e-06
-6.742050545573787598e-06
-2.324738522453169290e-04
-6.738813808036977090e-06
-6.737419555900616214e-06
-3.367783598877963812e-06
-6.734176270609056012e-06
-6.732782165536921201e-06
-3.365464903850216163e-06
-6.729535701590009610e-06
-6.727693347982015785e-06
-2.324668556336133523e-04
-6.724904597649761759e-06
-6.723052231915330159e-06
-3.360834068463066552e-06
-6.720273928538220118e-06
-6.718421561141998815e-06
-3.358518732424083019e-06
-6.715643108362426564e-06
-2.358176615012915508e-04
-3.356194809653281214e-06
-6.711005419327047108e-06
-6.709153147986372879e-06
-3.353879470439661818e-06
-6.706364728955170069e-06
-6.704522320221673184e-06
-3.351564055901638165e-06
-2.358050921134126647e-04
-6.699874619560050931e-06
-3.349245210769953312e-06
-6.696638146633425281e-06
-6.695243932009886131e-06
-3.346929842142794220e-06
-6.692007309884834955e-06
-6.690613093993679660e-06
-2.324486001097125548e-04
-6.687376302748599596e-06
-6.685982084618149228e-06
-3.342293984069147481e-06
-6.682735443642265608e-06
-6.681344652789724887e-06
-3.339975219447949770e-06
-6.678098060710813758e-06
-6.676703938597760100e-06
-2.324418410018913974e-04
-6.673467133199574333e-06
-3.336036385200464398e-06
-6.670230401095251984e-06
-6.668836275631812019e-06
-3.333717696125981940e-06
-6.665583107688684369e-06
-6.664198897632410251e-06
-2.324355245869425359e-04
-6.660951922100871595e-06
-6.659557697451004296e-06
-3.329086793384756114e-06
-6.656321201233587386e-06
-6.654926975279168223e-06
-3.326766425101348477e-06
-6.651690476016606035e-06
-2.357545829106967009e-04
-3.324447498567876322e-06
-6.647052622808214846e-06
-6.645658491106198501e-06
-3.321903053522647569e-06
-6.642411878086866851e-06
-6.641027758404712901e-06
-3.319587613901731594e-06
-6.637781093589620612e-06
-2.357408664141325124e-04
-3.317272075491448954e-06
-6.633143383681416407e-06
-6.631749152133536402e-06
-3.314948430179301989e-06
-6.628512497100758016e-06
-6.627118264298055451e-06
-3.312632985435340166e-06
-2.357283012933946017e-04
-6.622487172565492076e-06
-3.310317438288450541e-06
-6.619240640656647168e-06
-6.617398208466333791e-06
-3.307998680633258565e-06
-6.614603125492729611e-06
-6.612750823504749943e-06
-2.324102718207984603e-04
-6.609972113938957393e-06
-6.608119714085494883e-06
-3.303362667905325114e-06
-6.605341206767811511e-06
-6.603488805392451023e-06
-3.301047332624252263e-06
-6.600703841324267111e-06
-2.357033791036967885e-04
-3.298728471688749923e-06
-6.596062557744742558e-06
-6.594220169819235133e-06
-3.296413013731556932e-06
-6.590973622849565900e-06
-6.589579474340362674e-06
-3.294097625785637991e-06
-6.586342845309651778e-06
-2.356896623434596733e-04
-3.291773682527617680e-06
-6.581705068952646291e-06
-6.580310823614910662e-06
-3.289458291519116017e-06
-6.577074285332390013e-06
-6.575680038667788284e-06
-3.287142873731916754e-06
-2.356773148832046346e-04
-6.571048736394421774e-06
-3.284827293322482901e-06
-6.567802174260418248e-06
-3.283200682618045111e-06
-6.564559064518714884e-06
-6.563164671411135782e-06
-3.280885260379495857e-06
-2.356647379983727118e-04
-6.558533497806102448e-06
-3.278569672367204383e-06
-6.555286929260710033e-06
-6.553902787150993041e-06
-3.276254197889852636e-06
-6.550649428765209307e-06
-6.549255269341235237e-06
-2.323789193372662975e-04
-6.546018333574069800e-06
-6.544624078374825081e-06
-3.271614914116275008e-06
-6.541387377194234832e-06
-6.539993120753519334e-06
-3.269070399601898278e-06
-6.536746541841327946e-06
-6.535362301916705298e-06
-2.323719316626081063e-04
-6.532108801370334401e-06
-6.530724418381689413e-06
-3.264436047245373621e-06
-6.527477835125237140e-06
-6.526083668240449487e-06
-3.262120634134294282e-06
-6.522847007523579429e-06
-2.356265632810217170e-04
-3.259799940886440203e-06
-6.518209212942749867e-06
-6.516814951017082683e-06
-3.257481265256192586e-06
-6.513568360383140304e-06
-6.511725952158611965e-06
-3.255165893314171325e-06
-2.356142088556404215e-04
-6.507094569862197398e-06
-3.252850201059969405e-06
-6.504306135814537848e-06
-6.502453704775088283e-06
-3.250534777528251986e-06
-6.499675287482998973e-06
-6.497822804974423308e-06
-2.323534193384272934e-04
-6.495037393366297787e-06
-6.493185052141852107e-06
-3.245895394351493834e-06
-6.490396611067114899e-06
-6.488554196322122697e-06
-3.243579894945225954e-06
-6.485307445886321074e-06
-6.483916711354651036e-06
-2.323466575825735181e-04
-6.480669689155718648e-06
-6.479275417030058690e-06
-3.238945631226790592e-06
-6.476038683038446137e-06
-6.474644501130337389e-06
-3.236625116592387007e-06
-6.471407814419857465e-06
-2.355755746165265005e-04
-3.234309470945497078e-06
-6.466766500098828938e-06
-6.465382194190587032e-06
-3.231993961437704851e-06
-6.462129110797190422e-06
-6.460744855189451211e-06
-3.229446209326360698e-06
-2.355629948043641889e-04
-3.228051766934145420e-06
-6.454261060305614536e-06
-6.452866780600752047e-06
-3.225733027780766108e-06
-6.449613701902232058e-06
-6.448229443864238431e-06
-3.223417630328385065e-06
-2.355506437124130778e-04
-6.443587960291123498e-06
-3.221101898468431945e-06
-6.440351348422699413e-06
-6.438957155855960890e-06
-3.218781439241974979e-06
-6.435720450675935175e-06
-6.434326256670803418e-06
-3.216236835547589978e-06
-2.355369284731970375e-04
-6.429694773845188984e-06
-3.213917950423903936e-06
-6.426441705053623098e-06
-6.425057441421031064e-06
-3.211602497274737615e-06
-6.421810656840817188e-06
-6.420416369244318136e-06
-2.323150640559101538e-04
-6.417172883434660190e-06
-6.415778595031069182e-06
-3.206963117965192663e-06
-6.412541969881599623e-06
-6.411147629732953909e-06
-3.204647589674238155e-06
-1.281582179916141924e-05
1.323394953528582354e-03
1.091185123426214286e-03
1.323578453803610742e-03
1.094565200598089606e-03
1.320586062858277506e-03
1.323856206950530922e-03
1.091674388765838258e-03
1.324043345961656683e-03
1.100026944118209652e-03
1.321075899914269736e-03
1.095209067577775823e-03
1.324410250211459882e-03
1.092262304119713447e-03
1.324593727460242863e-03
1.092456904094908426e-03
1.120605539225938202e-03
6.223350586448910373e-05
6.530873624933968479e-05
2.912671665107720775e-04
6.523127500987096789e-05
6.208573102441886787e-05
2.942614054159430385e-04
6.201185770552499800e-05
6.507617516170889334e-05
6.692975167171290578e-05
2.941062953806359453e-04
6.186424349798660136e-05
6.492100869907646348e-05
2.909028079591954256e-04
6.484354441625090671e-05
6.172110800029283239e-05
6.168187759285496182e-05
2.938377317477788245e-04
6.468844132005896247e-05
6.157338905667102287e-05
2.906421790451538386e-04
6.457452748238384419e-05
6.453333499342682445e-05
-2.484475013677015995e-03
-5.076539477602707087e-03
6.425544562002880912e-04
-1.599118443706772086e-02
2.848802895306925403e-02
-3.665022962874037171e-02
-3.261385045143702643e-02
-7.788612679330042532e-02
-6.900495992726336791e-02
-8.452842036355104338e-02
-1.347455335434188661e-01
-2.177327254615598132e-02
-1.024489684702085124e-01
-3.119872973723908025e-02
-6.881995810581596762e-02
-7.145558481488653406e-03
-1.442381531744304501e-01
3.566394761553053766e-02
3.833898327484280832e-02
-9.837392776549545859e-02
-7.936026904448888197e-02
-1.371173028936850113e-01
-1.200596857116649069e-01
-2.072963731368982765e-01
-1.018955239852284284e-01
-1.821232804617370360e-01
-5.625783936672289209e-02
-1.276847395598350032e-01
-8.380312739219594742e-02
-5.968941659864211713e-02
-5.402285763178490269e-02
-1.004738125853364000e-01
-2.002481233708490738e-01
-1.551604502407896158e-01
-9.552283666859937017e-02
-2.021718518029595457e-01
-1.878386527634282044e-02
-2.231007079741001431e-02
-2.687229424273664471e-02
2.073344515025015156e-01
2.254226502339026217e-01
9.114363925180694881e-02
-2.235299854309313883e-01
-4.504223407985813998e-01
-3.923498487701835291e-01
9.299609713711881609e-02
1.392439490360178889e-01
7.476313471134164723e-02
9.563518646308492854e-02
1.362885877182589967e-01
7.832783803121401434e-01
8.733954345341630177e-01
9.121690391956939203e-01
5.245439387265562470e-01
1.054198567255508756e-01
-1.306775043735062813e-01
-3.398920396502143337e-02
-1.304091086509679143e-01
-1.266125054258284699e-01
-8.187788058106758304e-02
-1.171514851214714020e-01
-1.466566549142997999e-01
-1.307737954543521375e-01
-1.477636693347140207e-01
-1.658278420390781605e-01
-1.535394029028149809e-01
-1.580284320484739713e-01
-1.738267563738215560e-01
-1.669703201480587096e-01
-5.014977846137802509e-01
-2.247008264760848861e-01
-4.452238915650048590e-01
-4.661545050423309688e-01
-1.222398751503693953e-01
-2.495921039462782771e-03
1.604818134054104839e-02
1.232970412096817681e-01
2.205702179710699318e-01
2.405913532492692797e-01
1.991721745188247128e-01
2.746258817558161480e-01
2.496188152187869547e-01
2.233969570109659020e-01
2.936871852184500531e-01
2.823889162674267372e-01
1.887236097747700403e-01
3.455342987978690106e-01
1.775284207708999473e-01
-1.007176314420142604e-02
-1.940377646276994772e-01
-7.915552370184743280e-02
-6.875451633289823838e-02
-6.188840795127644595e-02
-6.639134854348714698e-02
3.199869935943067123e-02
-1.467896388514769619e-02
2.616926993670054200e-02
-2.661156821209488196e-02
1.397821905505792529e-02
-1.016133043970384314e-01
2.211083496410845214e-02
-5.055749622687129990e-02
-2.875680121461263866e-02
-3.769119653046723584e-02
-1.891417987330178824e-02
4.659878887370515893e-02
-9.500965946450508348e-02
-1.044952891099507203e-01
-4.396240496958090521e-02
1.736536596447044722e-01
-1.735176703237383544e-01
-2.352425474977201322e-02
5.095903066270871667e-02
-2.950102825971504666e-02
-1.014844198393361104e-02
4.622742824433434539e-02
4.648446987802747564e-05
4.645233844085847681e-05
4.716852149380853094e-05
4.638729073579426668e-05
4.635515930400945650e-05
5.338791648010959222e-05
4.629010991381208001e-05
4.700367446331191190e-05
4.771659381086511205e-05
4.470358785114912875e-05
4.617460243453287792e-05
4.688630246527159716e-05
4.610950194304373778e-05
4.607697437410482869e-05
4.678749669293616112e-05
4.601230957071060441e-05
4.672178944932534430e-05
4.594803641294575961e-05
4.591511519967039014e-05
-1.824721513715583650e-04
4.585044499009816493e-05
4.581791542126617295e-05
4.652386059010665223e-05
4.575285618447834130e-05
4.572071723314152667e-05
4.642509231528717950e-05
4.565565459805545742e-05
4.562312275746059593e-05
4.632632079189193450e-05
4.555845107677175976e-05
4.552591818209363852e-05
4.622714918730420317e-05
4.546124312830778717e-05
-5.800084518181597079e-03
2.494578142260852824e-02
1.592743659533737630e-02
-2.955726986694165448e-02
-5.281870603229998906e-02
-1.757399416435350553e-02
3.295318602159742760e-02
-1.052145956334454152e-01
4.118200909292492329e-02
-9.468656477293663221e-02
1.072217947683967582e-01
4.383016941306693282e-01
1.258459849377803419e+00
2.417953691146319084e+00
3.474791392511349830e+00
4.126280351791328904e+00
4.723212986626548648e+00
6.111268386937773300e+00
7.692988738946846539e+00
8.829466961635972666e+00
1.002113559769220430e+01
1.176722108199358807e+01
1.353193169817400054e+01
1.466487213382245436e+01
1.510163017118134299e+01
1.575459940605083808e+01
1.619798666278527577e+01
1.659844878806433144e+01
1.654260116715003548e+01
1.683573100276885270e+01
1.666579278494874217e+01
1.549214199640235634e+01
1.386206676425305062e+01
1.367871082566243679e+01
1.355154161651481637e+01
1.217744435619280630e+01
1.161326870395052779e+01
1.179260847218906605e+01
1.176852317230411238e+01
9.890854386381413121e+00
9.355194586736976348e+00
8.579580575708940060e+00
7.898947437098693847e+00
7.034843342153457080e+00
4.436018679065749204e+00
2.971664788266133339e+00
2.449539276652406450e+00
1.746065965178730028e+00
1.492121728906721012e+00
1.170108914029063918e+00
1.076519593722198298e+00
1.110182493982320828e+00
8.001736064068160070e-01
5.876655459583729479e-01
6.479843437144787721e-01
6.338745327430080900e-01
3.214630434208435861e-01
-3.216230887675475270e-01
-4.442653137899729709e-01
-3.537610698297682377e-01
-3.432611568229593790e-01
-4.413653286318913183e-01
-4.098906524367015303e-01
-7.214530094303303054e-01
-9.211246089332857379e-01
-9.100487121971034821e-01
-1.003147844061146987e+00
-9.624815003696337579e-01
-9.138179808768249757e-01
-8.552628915226778705e-01
-7.534837531515838904e-01
-6.689102711897515485e-01
-5.587585553970996211e-01
3.626506367839847922e-01
1.565033016620727066e-02
3.953289045413484470e-01
1.763032948849372894e-01
2.764157650673574884e-01
7.877021900969305435e-02
-4.833622619435092860e-01
-5.966024987757794218e-01
-6.336282396697339170e-01
-6.665435836559208127e-01
-5.995628128239466337e-01
-5.033830496772112584e-01
-2.412038806482431075e-01
1.166051139453125884e-01
3.864188401057518374e-01
6.619229302107426660e-01
7.197871735994098019e-01
6.266886506403755996e-01
6.310951521468276537e-01
3.653113159890367667e-01
2.909050494728896985e-01
4.436288175567565384e-01
9.293643741064065988e-01
1.028686372281691686e+00
1.119882402137670319e+00
9.706486167406521703e-01
1.199168572315280956e+00
8.283656987974459263e-01
7.840082525933341762e-01
6.825513411794628116e-01
-6.795494457992322379e-02
-5.414210071378494638e-01
-6.082780767016624512e-01
-6.837831635491846693e-01
-7.002011221377002492e-01
-8.359985680271911912e-01
-8.443942068916197030e-01
-6.446404223469650585e-01
-5.238186344785179527e-01
-5.481984334883007737e-01
-4.201830004751803127e-01
-2.232118608585898778e-01
2.340857459979993338e-01
4.544805896716103133e-01
7.314513566597747873e-01
6.993780330401105916e-01
7.676130729180836720e-01
6.672216750753232617e-01
5.742164934457728576e-01
5.937768665135741974e-01
5.212984026253745240e-01
5.047733935530087646e-01
1.804220257881528622e-01
-2.102174281579724802e-01
-2.039356433387226886e-01
6.557393710747094762e-02
2.479807351265884419e-01
1.877472725089916195e-01
2.109946967662145179e-01
1.401313449878718309e-01
1.997644849457218819e-01
-3.161433915103967207e-01
-2.936851917648956034e-01
-1.165729502430348785e-01
4.597360131942595518e-01
5.591684061660168181e-01
6.775905682274205866e-01
6.029006960697318451e-01
5.228124203848785179e-01
-5.973375738037582650e-02
-1.555452293909248107e+00
-2.620531801128409111e+00
-3.424402684742439806e+00
-4.015810855556001258e+00
-3.974983083333663458e+00
-3.830850875079987006e+00
-3.353712970813146566e+00
-2.788367232000702689e+00
-2.654310517826638183e+00
-1.608708999871400369e+00
1.625198880861170592e+00
3.782383655569165004e+00
4.747843222482956982e+00
4.907634656023823538e+00
4.043134855257574323e+00
2.651222200794858708e+00
1.999027545848264253e+00
1.843125734660332249e+00
1.857687628155760828e+00
1.744131024445629397e+00
1.512120953789154898e+00
1.458187476401350269e+00
1.461039329666310893e+00
1.363566076578050179e+00
1.253266952415347246e+00
1.237373414570952734e+00
1.015022385872913269e+00
1.144991752310567712e+00
1.060500165999630040e+00
1.041837647186070859e+00
8.467928177682135793e-01
1.264976973378030278e+00
1.683504281481350562e+00
2.864044061787846651e+00
4.239854669686913269e+00
6.653769295599863298e+00
8.624776048847428100e+00
1.120198947266827361e+01
1.329044609788473963e+01
1.428646654414492012e+01
1.463011434435063585e+01
1.507842657328580671e+01
1.544138927838865172e+01
1.607187329445039126e+01
1.617661575464140711e+01
1.643374954309525648e+01
1.667561424608566512e+01
1.676620338745474470e+01
1.677444708650928007e+01
1.641904432133878444e+01
1.629342342429442780e+01
1.417842094111764162e+01
1.188181937774771946e+01
1.020398022893587076e+01
9.581806771337376460e+00
9.810078791721712932e+00
9.090735846215793003e+00
7.814822168226783994e+00
6.212436118365973314e+00
5.022860362971379722e+00
3.268148049658709642e+00
2.144396750983985189e+00
1.844040813047695737e+00
1.662725022081631421e+00
1.509040308824681320e+00
6.834668453455454706e-01
6.446771227368848223e-01
6.804337904125435932e-01
6.075534233264271444e-01
7.161222262639356240e-01
7.828047112165825716e-01
8.047490183367886907e-01
7.672185242099982538e-01
8.264898547271636309e-01
5.502663990317138154e-01
7.093028348555777685e-01
7.835380189593671441e-01
7.737805473795995592e-01
9.315257140323147667e-01
1.151959051966845449e+00
1.202861967605467930e+00
1.354629100733376612e+00
1.697352367801279405e+00
2.150508740126350737e+00
2.386054191165642102e+00
3.235175378651929723e+00
3.366279514395916994e+00
3.139128862452757129e+00
3.311876199091545736e+00
3.101325681477403506e+00
3.219236353491842006e+00
2.781229532729509124e+00
1.849676576816959850e+00
1.389844172775701825e+00
1.408150861242779550e+00
1.407308369000677573e+00
1.600106491484053484e+00
1.874374001753728258e+00
1.747415365731443515e+00
1.585858666233565639e+00
3.751265873411955276e-01
-1.448523677161646983e+00
-2.205698281444053332e+00
-2.738427613807905114e+00
-3.554309089538132849e+00
-4.691954702112336228e+00
-6.603419555347208814e+00
-1.012624057385504273e+01
-1.040943454380509969e+01
-1.153202943777665013e+01
-1.216879886925689647e+01
-1.077038091098676631e+01
-1.128890044878241028e+01
-1.045352670491076807e+01
-9.310709643038434180e+00
-7.411627632475815908e+00
-5.319928077288594181e+00
-2.731996642779836559e+00
-1.609619359114143444e+00
-4.537309437976377313e-01
-2.804765989013646155e-01
6.725794762928001269e-01
2.139325865237952762e+00
3.361761373736215752e+00
4.575459405661089107e+00
4.636386680497821544e+00
4.671830898201230653e+00
4.937987429155625385e+00
6.100352146211120541e+00
6.858990528185135993e+00
6.811363245418881718e+00
6.872091958485658125e+00
5.644679444736721230e+00
4.366918462142721502e+00
3.378913141402716480e+00
2.412990006661825060e+00
1.779918798903731059e+00
1.383557755332678996e+00
1.050889839972796835e+00
4.289809419973225069e-01
2.340853163963575179e-01
-5.476443780650690207e-02
-1.055884042430306653e-02
5.184292964358296063e-02
-3.498175248430859807e-01
-4.320182841200342350e-01
-5.578386958980573462e-01
-6.339516210513206351e-01
-5.378928974977885691e-01
-3.973017240245088066e-01
-4.811306946569528509e-01
-3.436072069529385042e-01
-4.383904235635284197e-01
-2.813072951406477284e-01
-3.745284498363634085e-01
-2.831124218834437656e-01
-2.885753672430226291e-01
-2.854466594000795721e-01
-2.696372213401205808e-01
-2.748663090842610734e-01
-2.507795509678031887e-01
-2.601414003357019333e-01
-1.633286711905181099e-01
-1.770090762771179410e-02
2.515759336807299462e-01
1.740809472213376563e-01
2.638817710587185172e-01
4.061105461602053102e-01
6.235586794461389637e-01
1.424249901228486603e+00
2.861698729555677279e+00
4.532056447607383021e+00
5.991827377002676869e+00
7.475859491511372745e+00
8.188534679656585880e+00
9.026999067665382626e+00
9.827223905546235372e+00
1.027418543974387788e+01
1.095847113829897523e+01
1.175148895914532332e+01
1.248609617138441763e+01
1.306683467472931781e+01
1.401376953887949206e+01
1.419254088571347516e+01
1.367986358632307820e+01
1.438223283185006629e+01
1.454527519034464511e+01
1.478487071430848410e+01
1.439343536485996466e+01
1.338124554794988086e+01
1.168911280904159611e+01
9.159654960540567714e+00
7.596278234104305582e+00
5.541788322980587544e+00
4.504484508872407922e+00
3.963275149388588936e+00
2.991914385318195979e+00
1.711414418242073410e+00
1.367575946754780558e+00
1.074793719935207115e+00
3.592588698144634773e-01
-1.543848274416863287e-01
-3.472695357658124315e-01
-6.846834545517546111e-01
-3.423050350243692641e-01
-4.756448573021941906e-01
-3.931577181316013303e-01
-5.076289739117497701e-01
-4.166697419934796143e-01
-4.230923152188735270e-01
-4.237522598291489917e-01
-5.193143386786990279e-01
-4.958607495296779577e-01
-4.862737752454089901e-01
-4.272611036890217040e-01
-4.538439806285846645e-01
-4.854600057738719388e-01
-4.501384714585464075e-01
-4.568487453469530779e-01
-5.101887205821530324e-01
-4.919985923781778347e-01
-3.965180979746539824e-01
-3.381009552141457375e-01
-5.646433757302636858e-01
-4.232517136592565676e-01
-5.024492565055499460e-01
-4.464963292544698592e-01
-4.522210506387279727e-01
-4.470200958855253259e-01
-4.088763303913143243e-01
-2.376040097209749236e-01
-2.867682132949033735e-01
-3.904996679910176238e-02
-6.734406965355206609e-02
1.206501773277748740e-01
1.565578037457064087e-01
1.844656376561611966e-01
6.558735370947312016e-02
-2.296207419535337690e-01
-4.451411188806532748e-01
-7.900847478321930684e-01
-8.444174101439003710e-01
-8.178329746858085114e-01
-7.691869684290940645e-01
-7.044566574062877118e-01
-6.221710807160206747e-01
1.106002177242826068e-01
4.612781300152246078e-01
5.548925311588430720e-01
6.214477821539565738e-01
7.009782848966427116e-01
6.850471553812358394e-01
6.498662600468373407e-01
5.882921387820948533e-01
5.482877726993350409e-01
5.014118846993783629e-01
4.614861780811432834e-01
4.170618578995486936e-01
3.737841732592536714e-01
2.108714650807405888e-01
1.764192199717950771e-01
2.384035785195651458e-01
1.457528116281610053e-01
4.547426240071858472e-02
-4.127273102131747140e-01
-5.882493349347257539e-01
-2.524390626669713034e-01
-3.776461188127043234e-01
-3.927985049983605537e-01
-3.634683664128166014e-01
-3.821567695093722183e-01
-5.677059994319582081e-01
-9.843852017073997374e-01
-1.172047274524551153e+00
-1.450968151301072817e+00
-2.542275073554111753e+00
-2.686082520422485409e+00
-2.922710561801761475e+00
-2.897725710825453493e+00
-2.939835038441146686e+00
-3.007493075640328861e+00
-2.917197986047859626e+00
-3.010895513615456931e+00
-2.884304120024397289e+00
-2.826334445267384865e+00
-2.864359166635123355e+00
-2.813213005878262063e+00
-2.643689993925888437e+00
-2.403264520390117731e+00
-1.430993000678505211e+00
-9.537049569639323154e-01
-7.839522303915290591e-01
-4.955503632388775226e-01
-1.790101372864728313e-01
4.616935640980960320e-01
8.933862729948787162e-01
1.738743121751738396e+00
2.228684636296287547e+00
2.268078957043015542e+00
2.239011738215793468e+00
2.155479467336001154e+00
2.102856903597718041e+00
2.182209443941385718e+00
2.523765045769868376e+00
2.766891093051648820e+00
2.718957538760254256e+00
2.584674156266417722e+00
2.679914885161654770e+00
2.699657134537835290e+00
2.599568455490442354e+00
2.112054462499393548e+00
2.312368254273494017e+00
2.103625631894515013e+00
1.663199398078176294e+00
1.435366757777872593e+00
9.257848812795043125e-01
3.039695295730104885e-01
2.862553779649718022e-01
5.324340899083365164e-01
6.803035903220799874e-01
6.633887808254159690e-01
5.390480702760188647e-01
5.451211214134453753e-01
-1.711797179081377684e-01
-3.205514726679274395e-01
4.367449903376701692e-01
9.078272398930409270e-01
6.232764870628591802e-02
9.477956365924063153e-02
-1.305667005577071903e-02
4.104029988395194173e-02
6.198903318603735113e-02
-3.076045764384092822e-03
1.780066522453166086e-02
3.676864605801818259e-02
8.995721730993667953e-02
7.142533778206644479e-02
1.140048264498640940e-01
1.907263915080718575e-01
4.783647259532671780e-01
1.097784129211762050e+00
1.743855169624749735e+00
2.033294791555294356e+00
1.630639835414535721e+00
6.719187976801365147e-01
8.028839173176208210e-02
4.684127034836488290e-01
1.816434069182339517e+00
3.703948397166773709e+00
4.196853469501491851e+00
3.615679187297470065e+00
3.237543090214478170e+00
3.318706036745284305e+00
3.293365712957797786e+00
3.800452885942228409e+00
3.905789309301820111e+00
3.510305556112686798e+00
2.459003882047992917e+00
2.686802331613242334e+00
2.902804355776582135e+00
2.957983043949074187e+00
3.342371200982078960e+00
3.354872973276740833e+00
3.347097252735546924e+00
2.776682406889803723e+00
1.846147737115111154e+00
1.770293082375947069e+00
1.830943876679744342e+00
2.036044907646011204e+00
2.081884486394848022e+00
2.334128103491876161e+00
2.873202997813888881e+00
2.949049668335733898e+00
3.031567308656525572e+00
2.899183975977406735e+00
2.225220896322758879e+00
4.534925153856634306e-01
5.321576125964042614e-01
1.991803218856207092e-01
3.834050551583261801e-01
6.745830866058026565e-02
-1.639925604235203949e-01
-5.223390514446947241e-01
-6.918594876613988198e-01
-5.023884678221469668e-01
-1.829014045313242035e-02
1.553144170633361243e-01
1.188809578539096329e-01
2.429211839190964783e-01
2.630000466920842106e-01
7.773665524894469991e-02
1.900847181202630076e-01
1.243650532314187901e-01
-3.731457572215036711e-01
-2.689099138931502764e-01
-3.721109200292258001e-01
-2.131288897524286352e-01
-2.710850414402209974e-01
-4.186751615446760999e-01
-4.726386059008733653e-01
-4.758806363854050508e-02
-3.338008443007822179e-01
-3.278998051816203740e-02
-4.436524291317279767e-01
-4.723597972219529817e-01
-4.887805818985314077e-01
-3.861829760202539208e-01
-5.144220798405755302e-01
-6.088259972707624756e-01
-7.578566534039020697e-01
-5.224118634094642166e-01
-4.115427378949861326e-01
1.705787336488051031e-01
1.118310550201780496e+00
2.320391469287029107e+00
3.786670121057772231e+00
5.365684952448274814e+00
7.372825074647692212e+00
8.659936822244539201e+00
9.337472636626900524e+00
9.548422864955862011e+00
9.862290464505298004e+00
1.040274994627278105e+01
1.193849080749303404e+01
1.315969271678028996e+01
1.373446661989427398e+01
1.409280221315348136e+01
1.443805994416285010e+01
1.540546824227269518e+01
1.636716044640850143e+01
1.629597586773111928e+01
1.713108951271386360e+01
1.702547388807663609e+01
1.627081718140793143e+01
1.630535922957982109e+01
1.526663541248136369e+01
1.350262901054243692e+01
1.316062149797031111e+01
1.284185917579672598e+01
1.006824409017579391e+01
8.173924462189635420e+00
6.859595689240212124e+00
6.105116942978202843e+00
6.105090489820238275e+00
6.473160777920586639e+00
6.558634473721792091e+00
6.737723545074627118e+00
6.076764127231470525e+00
3.484403543238537626e+00
2.523664826989710619e+00
1.385996672885277725e+00
6.887260304736597671e-01
6.481573765692648648e-01
6.049795816125922432e-01
-6.458001473101623868e-02
-3.164078230414882897e-01
-2.655376032919309348e-01
-6.359680753307063450e-02
4.513051485328287704e-01
4.216116429306021041e-01
3.346080152503165261e-01
1.980604666955239901e-01
5.767099255944033859e-02
-2.436343478413669494e-01
-3.331195177601833368e-01
-2.878929402683160776e-01
-3.308040709388124778e-01
-2.580167556753213964e-01
-1.399622321925977908e-01
3.841833758802280091e-02
-2.792915318918655007e-02
1.797887819793358155e-01
1.130027341394813506e-01
2.357181009209151634e-01
2.423413731150340644e-01
2.176030914041212072e-01
2.460083845044213346e-01
2.745955097906613851e-01
2.459294751600607787e-01
1.849867523747110443e-01
2.241738618810998063e-01
2.336693571928518676e-01
3.066463982377347630e-01
2.262415274471615834e-01
1.296966995992163418e-01
9.981395060416277387e-02
3.291679722024548616e-02
-2.278582518350636965e-01
-5.610882255167548571e-01
-6.951810259345437837e-01
-9.052018026522904437e-01
-1.521977651623876771e+00
-2.649845257243697905e+00
-3.772427585962012664e+00
-4.778364159365556141e+00
-5.335985692484242371e+00
-5.551744779318551259e+00
-5.931982839651833039e+00
-5.929560533618053242e+00
-5.866430651549963571e+00
-5.857390123970096063e+00
-5.762331596894841645e+00
-5.599269979667997887e+00
-5.540903831475735508e+00
-5.484212806237411364e+00
-5.532645620995251257e+00
-5.351162147030506411e+00
-5.250357998642805057e+00
-5.327183200377991312e+00
-5.055799854173010921e+00
-5.362146577814618453e+00
-5.154793035721594308e+00
-5.356502071202984716e+00
-5.370125865822380717e+00
-5.378525766258333007e+00
-5.121313604911347461e+00
-4.760166059653601067e+00
-3.848953707103457855e+00
-3.343229229752591625e+00
-2.991931363669798394e+00
-1.396356155559898449e+00
-1.039613569905882273e-01
4.880220971888189485e-01
5.569090621278668385e-01
7.340625681229783206e-01
7.710919008850062317e-01
7.913367276173056686e-01
1.350106497172969044e+00
2.423697601983398897e+00
2.503866541884143704e+00
1.979278862710219133e+00
1.525690358267294489e+00
1.136833398060720146e+00
9.749465423882643922e-01
1.067118987944780883e+00
1.179941801280502078e+00
1.547582806139914613e+00
2.266959497762894404e+00
2.834718962509337636e+00
3.283348757008514696e+00
4.584767922730134337e+00
5.488414811916814351e+00
5.683318340889417897e+00
5.384658925083341430e+00
4.919055825142583771e+00
4.708138724836550715e+00
4.756366602097354956e+00
4.461039012500715550e+00
4.283586753574800454e+00
3.880915168619838429e+00
4.194827966823672760e+00
4.248142451549966836e+00
4.242216290789953881e+00
4.160724238038358003e+00
4.242601393824958045e+00
4.096906473006315608e+00
4.036640126994322841e+00
3.833611219080836019e+00
3.500314109151249742e+00
3.495169305465272824e+00
3.696079986258407057e+00
3.688724251881740468e+00
3.959904566840618312e+00
3.395464888152295746e+00
3.271645015746415197e+00
3.357329279744702077e+00
3.820987000215707141e+00
4.037630703268750842e+00
4.749765903623863750e+00
5.218523569858148470e+00
5.135885800740913609e+00
5.122247459238882250e+00
5.238877924839082212e+00
4.492460174917899174e+00
4.176710359537423756e+00
4.254496288759054501e+00
4.267215503989039149e+00
4.117921639306189263e+00
3.449435229754504562e+00
2.949331469029797148e+00
2.918557442872179664e+00
2.936488310653628808e+00
2.764218575724003646e+00
2.679134742192104124e+00
3.055188781361193762e+00
3.461520354014069323e+00
4.024766636358188876e+00
4.390426051416815412e+00
4.818479479503873009e+00
5.077664480618181209e+00
5.576835660468799638e+00
5.951163573199657719e+00
6.183727179986581390e+00
6.263077055113154046e+00
6.056793100341073988e+00
5.291436264128443590e+00
4.911215129061544893e+00
4.931652151091393321e+00
4.991422312914746584e+00
4.698817641356607844e+00
4.252970665397657335e+00
3.800796805307760984e+00
3.183288038874493076e+00
2.438986395840668120e+00
1.932810309166703489e+00
9.612447101978265351e-01
4.632993502821481369e-01
1.936996441353459053e-01
-1.119805471147416326e-01
-2.811148721129392292e-01
-7.472511283954621497e-01
-1.264509364936696745e+00
-1.790941934769437749e+00
-2.661543184844535226e+00
-3.195968127717071727e+00
-3.793732590378507741e+00
-5.123959483502982692e+00
-6.236480729671373346e+00
-6.242952616176072667e+00
-5.818262245876466565e+00
-5.696122607385640357e+00
-5.621519831527262312e+00
-5.550451075875751705e+00
-5.157782432997937150e+00
-4.661319435303804326e+00
-4.800330067975307813e+00
-4.642901613259043714e+00
-4.741130692754204290e+00
-4.604305447647792704e+00
-4.519500132167937778e+00
-4.444847732714792166e+00
-4.371939693225241896e+00
-4.142644936487031693e+00
-3.369516936194399737e+00
-2.426718959484816196e+00
-2.282626833591570925e+00
-2.128340180098459378e+00
-1.913015072518481796e+00
-2.039931819949609260e+00
-2.156257477432785841e+00
-2.588622092167990552e+00
-3.266887643923670481e+00
-4.204318641062736006e+00
-4.889404642576196558e+00
-5.060209930475639162e+00
-4.799405012823689809e+00
-3.893229947963608772e+00
-2.718143217062036321e+00
-2.259887621598466456e+00
-1.779038111145899270e+00
-1.087382597615577762e+00
-9.616613825944757554e-01
-1.012824696578233263e+00
-1.348806400953925788e+00
-1.936898874788786307e+00
-2.154084331631764826e+00
-1.227428427251684440e+00
2.435735689977499285e-01
9.480246266953169521e-01
1.493867721707167417e+00
1.442195176818405811e+00
1.753668784632737010e+00
1.540821048590155007e+00
1.009044566278753052e+00
9.786150557101903624e-01
8.309793808052420294e-01
7.035641178651600436e-01
5.022743810019053567e-01
2.457458430893506851e-01
2.941962179688809575e-01
2.523827309929106422e-01
-1.552092798868793255e-01
-7.541793066659905342e-01
-1.014655566791340613e+00
-1.259461718362274274e+00
-1.481055180885432199e+00
-1.503126005482813277e+00
-1.594110844920706871e+00
-1.575511883832604987e+00
-1.541739890932019241e+00
-1.587661507221375556e+00
-1.498985017972739531e+00
-1.483719293183152432e+00
-1.247947042971310649e+00
-5.227272258771372693e-01
2.439086820829694802e-01
9.146362658454818551e-01
1.380818869055235876e+00
1.254877005683920688e+00
1.244456119652987747e+00
1.190085095918093305e+00
9.490745068588904987e-01
8.958880436991797369e-01
7.947423360235053025e-01
6.627272918349649267e-01
5.969844553732183146e-01
5.369983817145971283e-01
4.115557119515839135e-01
4.399243464408245652e-01
2.070435543995045591e-01
-3.360347735092918953e-01
-5.830719476055623574e-01
-4.210077257758215175e-01
-4.124829994689294121e-01
-9.331981918152847388e-01
-2.450804173867644931e+00
-3.988873438991447085e+00
-5.929957448822674948e+00
-7.369456617583356461e+00
-8.414154741336762555e+00
-7.290981735399083341e+00
-5.403249057922726806e+00
-3.022422877690675858e+00
-5.463658543368138387e-01
1.197141958636435577e+00
2.604768752952690836e+00
4.216598834580072896e+00
5.807256390617730801e+00
6.563000383775126956e+00
6.496162818730693012e+00
6.379327906339147702e+00
5.242127372924114681e+00
2.806624354327492910e+00
1.060237288721001647e+00
8.560700632600734550e-02
-1.705393793740180575e-01
-9.888316450622047782e-02
-1.223246151809558729e-03
3.011698851273380065e-03
-4.374168266212900683e-04
-6.739215435504935289e-04
3.574687273895832233e-03
4.418563784865050907e-03
7.649609474842059692e-03
8.565930071824186601e-03
8.394278498519711432e-03
8.181991379692976282e-03
4.090357545056692683e-03
2.277577029299816726e-03
-1.157324440210646954e-03
-2.980116672135487126e-03
-2.486136775783301541e-04
1.572132305322399481e-03
2.509475904217267628e-03
2.763786880562292634e-03
