1.532437257428666433e+00
1.701617586627337753e+00
1.839168521534703782e+00
1.900581739172457096e+00
1.957554343359430904e+00
2.004020418206291509e+00
2.058229124938245391e+00
2.110016497691374227e+00
2.148686389953426978e+00
2.152803646174811014e+00
2.148745592525009407e+00
2.144943362370424378e+00
2.147806294998638066e+00
2.158722614485113489e+00
2.163516933518140561e+00
2.149179890921136149e+00
2.128521682949530813e+00
2.129487151660560684e+00
2.067483452808144939e+00
2.060951604626777733e+00
2.051489015731680077e+00
2.017916096988343178e+00
1.976500156260251773e+00
1.934297214712232371e+00
1.900876572765907380e+00
1.891036344630275812e+00
1.865622087158401943e+00
1.862515215216738795e+00
1.851431449155293896e+00
1.712526020951971706e+00
1.553007056648115114e+00
1.442200091318562194e+00
1.324499621936084059e+00
1.202185041691346434e+00
1.189860416964072076e+00
1.193319001897923393e+00
1.197858699739317023e+00
1.220187272093876230e+00
1.258339853426445165e+00
1.320835109696873566e+00
1.452116908455588495e+00
1.604453534289134176e+00
1.756444364543725767e+00
1.940633974888851698e+00
2.133593616738687970e+00
2.351559196507252203e+00
2.548198256138112683e+00
2.750321869219675808e+00
2.922687973036575126e+00
3.097898528756280356e+00
3.290902252380432547e+00
3.448349799767843837e+00
3.611782761052240165e+00
3.710602167361936932e+00
3.863217714410731141e+00
3.977089568941909903e+00
4.099243615193683965e+00
4.277888334650974400e+00
4.278842841575015044e+00
4.408853774731364972e+00
4.525707978380228091e+00
4.677279587631646862e+00
4.721191486776501023e+00
4.917384425150110872e+00
5.043359334404432737e+00
5.160293384308596742e+00
5.284043412733150369e+00
5.458870364730584512e+00
5.599940154634674983e+00
5.713502872821909051e+00
5.739554711688829691e+00
5.762171858845935191e+00
5.804067893747945739e+00
5.817825056732370825e+00
5.856649937926372118e+00
5.919833861590115376e+00
5.980398508755124354e+00
6.027715985185822412e+00
6.053537971179882682e+00
6.110769733018713623e+00
6.152141839109604327e+00
6.180383685345391953e+00
6.213941911240707938e+00
6.426832286417746509e+00
5.885378824100856221e+00
6.074964410059167541e+00
6.038281268522213807e+00
6.098713195335545123e+00
5.856314374608022177e+00
5.913396123956673023e+00
5.843071793516005918e+00
5.800890173513332471e+00
5.666408551425430318e+00
5.602648611239884779e+00
5.509397392119340431e+00
5.488242462095081819e+00
5.303119837181868412e+00
5.262102492186145675e+00
5.210514522969877049e+00
5.139698402242685482e+00
5.046945524039021969e+00
4.958103597999818923e+00
4.922478353720814326e+00
4.819194392998336518e+00
4.715634007253828308e+00
4.621251448841991127e+00
4.531614410991399389e+00
4.489093285956783141e+00
4.439196851581598935e+00
4.361220499710498189e+00
4.325587222558746170e+00
4.293092438748248973e+00
4.265280955429442855e+00
4.240168894624362750e+00
4.223036387623197108e+00
4.146838762385335997e+00
3.908035507295057442e+00
3.487537599641910013e+00
3.041095954375980792e+00
2.645852789457088239e+00
2.357989317220108294e+00
2.081615268748061354e+00
1.898620448427146723e+00
1.811677944552068986e+00
1.774445415921730662e+00
1.748284080138223784e+00
1.763741579866063169e+00
1.842811247743283865e+00
1.914825344401094753e+00
1.975017329460401427e+00
2.065062317591429331e+00
2.195320887864835147e+00
2.325086351465728285e+00
2.485226885225630067e+00
2.633842964018212385e+00
2.858902268618550568e+00
3.038775824235861123e+00
3.160903785283330159e+00
3.223188944231606179e+00
3.256597489394060130e+00
3.329568691102836375e+00
3.393702891695666857e+00
3.465841913005077046e+00
3.546231619560998194e+00
3.643915482418252694e+00
3.757186358914054392e+00
3.917023071343114005e+00
4.032552266157986232e+00
4.156565142510296518e+00
4.274833657128572106e+00
4.387551409585975115e+00
4.466994195793031253e+00
4.585467814048546309e+00
4.651581075338468096e+00
4.680155022800526865e+00
4.746287662119983430e+00
4.763421803639325880e+00
4.847959848137913141e+00
4.991194390979768691e+00
5.131543398223673336e+00
5.241052495363547337e+00
5.302529768731041315e+00
5.340563443340471395e+00
5.370450746553407484e+00
5.394535684103013651e+00
5.437562169508693977e+00
5.435510615457242345e+00
5.383134449252565901e+00
5.293008614035958459e+00
5.226345281930649733e+00
5.137505311563772992e+00
5.004159445169301890e+00
4.864494068204270327e+00
4.707680705344975181e+00
4.606924489080320484e+00
4.389617230823056104e+00
4.076183469524184311e+00
3.698722395405499963e+00
3.271586870794502833e+00
2.958267799585045044e+00
2.752047632345202555e+00
2.574149990378173936e+00
2.435397555792370827e+00
2.336164475747930069e+00
2.245006835826046210e+00
2.201452788492442636e+00
2.148593188169492407e+00
2.175631414252659379e+00
2.307095216409581706e+00
2.467734488161979378e+00
2.630625463826762989e+00
2.832564317994249237e+00
3.046584603399903113e+00
3.273031758449426842e+00
3.524958020369421074e+00
3.752998737003743202e+00
4.035142055181825782e+00
4.247074324027842351e+00
4.470505217292428668e+00
4.738847927862792631e+00
4.930936287426151310e+00
5.174462311362067801e+00
5.369237714978170928e+00
5.540043105400120460e+00
5.687094045570806777e+00
5.801121328336823701e+00
5.934587120298990826e+00
5.994492443760907285e+00
6.130970600481532529e+00
6.286129943767448935e+00
6.424832130406968211e+00
6.572459150238459280e+00
6.716497882248257945e+00
6.849016968764676250e+00
7.009561461672168647e+00
7.166370384002485494e+00
7.306443959243572372e+00
7.410159918569173776e+00
7.466020175743595111e+00
7.577839659796229199e+00
7.633464558742010908e+00
7.819776227250185840e+00
7.841729497935273407e+00
7.921781907436856507e+00
8.009573695970896523e+00
8.084397798958049108e+00
8.197112457771963179e+00
8.232588283570022369e+00
8.330380085479596630e+00
8.317198713410869360e+00
8.255841967780778390e+00
8.272111625821111147e+00
8.264162260143164573e+00
8.249126266132163821e+00
8.275606949068237128e+00
8.257520423427687106e+00
8.279191021055147814e+00
8.273296746268993473e+00
8.280417944393953178e+00
8.305934021339211881e+00
8.304452161231601792e+00
8.217305291912900600e+00
8.265584625515350226e+00
8.256809625117842444e+00
8.277156595959683116e+00
8.295510497515788728e+00
8.322254932581490294e+00
8.340252336100924424e+00
8.338097336152248573e+00
8.334311926275074001e+00
8.362396158422132686e+00
8.336550840205891433e+00
8.365531562425735146e+00
8.360247253976080373e+00
8.407271623907139002e+00
8.418947726084432759e+00
8.402858190924701987e+00
8.440820121874402560e+00
8.406713074732257596e+00
8.407558804499711158e+00
8.453020224839931984e+00
8.406175269062606148e+00
8.479712534808300006e+00
8.418770003530049451e+00
8.485623151949059917e+00
8.527028468550405194e+00
8.484882661554443928e+00
8.434796259458073209e+00
8.391359757448826784e+00
8.338695393646780474e+00
8.314299652118814166e+00
8.291037499448762560e+00
8.301024191997875334e+00
8.314441600436261126e+00
8.257779444220757270e+00
8.265569141784277818e+00
8.246028497785086842e+00
8.277943313827444527e+00
8.340842966007270931e+00
8.427398356763916354e+00
8.500205983681595967e+00
8.573936178233619643e+00
8.608246716851958524e+00
8.676405078237603874e+00
8.742515172653211764e+00
8.802065408939030888e+00
8.903819344259668256e+00
8.986755439946650270e+00
9.058670634142476530e+00
9.114206226571928582e+00
9.214928610250243679e+00
9.276633322964077166e+00
9.298419031511006239e+00
9.365772977612500938e+00
9.472916808552881207e+00
9.531652580023445509e+00
9.566003806483013960e+00
9.611657422763716596e+00
9.691505129743726243e+00
9.713986615324500917e+00
9.766609296167020560e+00
9.801262558110705569e+00
9.833483501195578569e+00
9.869933960393716177e+00
9.891118422924682463e+00
9.674228437129396951e+00
9.743794095067830341e+00
9.639592561286370653e+00
9.595625215607608283e+00
9.609115029713153788e+00
9.665343413018922192e+00
9.667860081436336017e+00
9.782077169941967298e+00
9.788360614168155394e+00
9.810197439523124174e+00
9.796733812290652210e+00
9.801155995121391129e+00
9.794602816193256345e+00
9.737134527508855442e+00
9.661083814050083873e+00
9.631360439817035157e+00
9.684960817589471915e+00
9.576747834385825442e+00
9.532475629999472844e+00
9.446941727523132215e+00
9.467114266391394750e+00
9.389607724304267933e+00
9.390302160316862157e+00
9.248445704094722331e+00
9.185609423599956358e+00
9.160014532066380610e+00
9.049567351565043438e+00
8.990890557348956591e+00
8.915142299002644322e+00
8.826647517818679844e+00
8.757123832471563674e+00
8.701819910210366160e+00
8.638551035729241434e+00
8.546904835281090129e+00
8.468635669570545588e+00
8.210197757778619376e+00
8.000748122472305823e+00
7.660709843166301880e+00
7.425174760528448381e+00
7.195396634138486291e+00
6.984547903956245030e+00
6.698279598920114708e+00
6.457949797988906226e+00
6.207671292796251628e+00
5.933129159768808059e+00
5.660626471503243273e+00
5.466749756021505036e+00
5.280653120412838852e+00
5.089211801807601354e+00
5.016299507956865966e+00
4.919750140728528898e+00
4.841534609995940208e+00
4.777504420409953489e+00
4.770579789920152081e+00
4.737005217414046676e+00
4.725466955191292229e+00
4.720642662408056189e+00
4.763624279060500122e+00
4.826946044297821814e+00
4.887911849630460992e+00
5.009967460150968499e+00
5.158082963351603212e+00
5.348219443962630493e+00
5.546139725434541035e+00
5.655199315748052236e+00
5.833266911277575240e+00
6.031087211708448415e+00
6.210182372223812308e+00
6.401181729696572731e+00
6.609521608244913971e+00
6.827998383327672727e+00
6.976872629361235312e+00
7.178458795286292826e+00
7.393254772222254800e+00
7.558611511389542237e+00
7.741768510645258061e+00
7.942641608480915494e+00
8.083279679379486993e+00
8.345135708020524845e+00
8.487702585669719468e+00
8.659655801082307036e+00
8.862463329209996132e+00
9.010914373444517622e+00
9.201628523197442178e+00
9.328648016805278331e+00
9.477966880690368967e+00
9.537467265078083400e+00
9.625827257062413267e+00
9.717190869820356625e+00
9.815461987602272842e+00
9.905614294246179341e+00
9.961330792650642252e+00
1.003959895402035940e+01
1.012784149254324007e+01
1.016332667288371283e+01
1.023314524728088770e+01
1.029834362416065474e+01
1.036734538634210168e+01
1.039309222275049294e+01
1.041675476242058984e+01
1.042923864838243375e+01
1.046929177960123880e+01
1.052100318352038855e+01
1.051883373461931548e+01
1.056377420003718370e+01
1.060173249336668277e+01
1.057372820055346452e+01
1.050882429456709666e+01
1.043976004161163829e+01
1.044348665827191525e+01
1.039780383708415634e+01
1.041298247106994346e+01
1.063492746364096142e+01
1.035938063744205984e+01
1.059165744742590221e+01
1.064769906972082936e+01
1.072555603099355714e+01
1.075113336633877914e+01
1.077492490210396348e+01
1.085561058193348316e+01
1.090058131928587670e+01
1.098476310785351906e+01
1.098135529703992219e+01
1.111948556103427066e+01
1.109139580161190786e+01
1.100698015952172781e+01
1.093811106182919879e+01
1.095413120718716193e+01
1.098441495521753275e+01
1.099106697953110512e+01
1.100076552760979531e+01
1.112089616939042891e+01
1.118849744026931781e+01
1.118045775155197319e+01
1.130710933570817112e+01
1.128148437191672038e+01
1.132641808061619848e+01
1.132947469630536652e+01
1.133500253447897066e+01
1.135658630337893094e+01
1.138361208873608454e+01
1.142732722331943762e+01
1.147148298701747215e+01
1.143349180094576134e+01
1.144673403844750403e+01
1.140365960511170584e+01
1.142082824158691956e+01
1.137771271674236928e+01
1.133201790408101850e+01
1.124199163970741999e+01
1.115559527541750029e+01
1.108574025898765569e+01
1.102373036598659439e+01
1.096897971288057505e+01
1.086646697181735277e+01
1.079484744423607090e+01
1.073822280585590860e+01
1.075560724672137347e+01
1.078884679031200378e+01
1.074823158204937279e+01
1.075542104954808131e+01
1.072086620540821222e+01
1.075212193838519603e+01
1.079249588602549359e+01
1.082031135495691032e+01
1.090042285752484119e+01
1.089987652017731001e+01
1.097992651275771792e+01
1.102814897163221453e+01
1.104239636029875271e+01
1.112709921364494647e+01
1.114662544268996136e+01
1.119974379092865391e+01
1.118412234822816487e+01
1.118162134586865086e+01
1.126054709769688777e+01
1.119980297643997957e+01
1.119096281222429212e+01
1.110841531037072016e+01
1.102609361987707892e+01
1.103188497118946110e+01
1.101604059508424172e+01
1.099687419411709044e+01
1.095978215532590916e+01
1.089953462532846373e+01
1.090679818818401259e+01
1.084024430690413965e+01
1.083348466317125158e+01
1.085260741051611788e+01
1.084797525041528310e+01
1.086308761081176755e+01
1.082735202181631884e+01
1.086477572872542297e+01
1.091482597896644791e+01
1.101995222942984398e+01
1.106469558440747214e+01
1.109930820916676097e+01
1.116270877940572426e+01
1.120147780101512147e+01
1.127099687872815181e+01
1.133989299638461112e+01
1.132756566704095569e+01
1.136809487965164500e+01
1.143118476871042866e+01
1.139611970268453156e+01
1.134280330668130432e+01
1.129368545468834562e+01
1.127815434645774673e+01
1.130863135404744035e+01
1.133551165772864344e+01
1.135891698881440526e+01
1.139385561240566425e+01
1.143809522493405595e+01
1.148255614003632452e+01
1.158137496450574488e+01
1.158516983985536086e+01
1.164477885672736335e+01
1.169548153613173014e+01
1.173001028476979002e+01
1.177451560452741219e+01
1.174649035762164218e+01
1.216754557786852153e+01
1.157378939258562944e+01
1.189664049305012661e+01
1.191287749754274472e+01
1.223764658115147341e+01
1.171262315087833095e+01
1.195514756754363361e+01
1.198281885710522943e+01
1.200635598391449044e+01
1.193786039042588243e+01
1.186206744138862135e+01
1.187380422614025655e+01
1.178908454967641894e+01
1.175179846385301197e+01
1.170090805994381178e+01
1.168138214429630040e+01
1.159270198986038203e+01
1.158655602352995651e+01
1.155355596021518139e+01
1.151575827766809113e+01
1.145039636511712544e+01
1.139028206872290916e+01
1.133475627615254844e+01
1.125019137583307582e+01
1.121386208859374989e+01
1.107143064114110587e+01
1.103705538659361629e+01
1.096178692651896114e+01
1.086059259208477457e+01
1.079590325238910964e+01
1.062739441499462600e+01
1.062076783811328440e+01
1.054281149314782162e+01
1.050099421448442172e+01
1.043322103228476116e+01
1.032593382981539953e+01
1.024203312553762402e+01
1.010934379016482687e+01
9.914962203168954602e+00
9.668615740061873964e+00
9.501656283915551171e+00
9.331426916230261881e+00
9.245239827688383372e+00
9.222194956390428189e+00
9.040757198564701724e+00
8.908580848867641677e+00
8.583139317421260017e+00
8.342912196370855682e+00
8.049605112444913502e+00
7.732279339417578612e+00
7.336301587659026069e+00
6.954898418829612794e+00
6.563643226464177083e+00
6.203143227355321976e+00
5.869144591378608666e+00
5.777500339829919618e+00
5.751790953425108377e+00
5.664089558943835812e+00
5.642992052264271585e+00
5.664210449217643273e+00
5.657641837526449002e+00
5.634231492504408578e+00
5.622973495575127600e+00
5.584287403015890661e+00
5.573275413729544603e+00
5.595239788424510863e+00
5.584279515043281350e+00
5.641425998605952508e+00
5.677723855930342900e+00
5.731979449138331795e+00
5.795747178886205830e+00
5.870068516799070046e+00
5.965951899407855308e+00
5.992820073639347989e+00
6.169837942159546174e+00
6.229562518781365910e+00
6.378183265988710104e+00
6.373224454295978170e+00
6.432646209173513263e+00
6.520847421761727603e+00
6.512781525775285907e+00
6.612580799152867783e+00
6.630816013295763867e+00
6.659897374299253769e+00
6.654769043645379689e+00
6.648173642683131490e+00
6.559667728702165412e+00
6.484632545695488304e+00
6.431833662057969470e+00
6.337400077807144427e+00
6.255232891114873794e+00
6.195564455075023069e+00
6.115585693063789741e+00
6.063759081973066678e+00
6.063857150832133058e+00
5.953108332479315479e+00
6.006520024287764770e+00
5.940982076253560784e+00
5.899201877581819353e+00
5.942454383402992590e+00
5.935920039344149579e+00
5.946909814777829872e+00
5.908666183951834405e+00
5.968739302262526358e+00
5.984885327801012345e+00
6.030688076232125994e+00
6.056896191356043069e+00
6.146378833563598043e+00
6.172736981749671337e+00
6.248799974324627193e+00
6.342568488329832554e+00
6.469649475157327245e+00
6.521302556710881326e+00
6.581508794657289663e+00
6.612183653952055096e+00
6.681385344303888196e+00
6.734482274339037566e+00
6.771506996061410710e+00
6.810174469047341361e+00
6.840703968633897070e+00
6.845317940701047377e+00
6.865712273671366717e+00
6.831158455862514245e+00
6.832643182224963141e+00
6.828249029899994049e+00
6.800039536728765377e+00
6.778435036958920357e+00
6.784138193716270138e+00
6.786369064396126305e+00
6.802291433413927280e+00
6.799798996108735061e+00
6.766080570167718022e+00
6.737509876460274327e+00
6.683533502520423220e+00
6.624783717109574255e+00
6.599547818901962515e+00
6.442509583765461123e+00
6.483741617364173315e+00
6.249963532230975893e+00
6.254645966061322504e+00
6.171247208387400818e+00
6.117961497171329199e+00
6.038884933616864181e+00
6.010875948469137420e+00
5.973522085293653916e+00
5.981774815240644472e+00
5.883033811535546498e+00
5.858055977505144618e+00
5.819202373110345938e+00
5.770856824863703771e+00
5.694041250942372123e+00
5.659446184231469168e+00
5.608328581165098470e+00
5.524700196306598698e+00
5.357487694310677284e+00
5.178665698141256435e+00
4.978866649767557107e+00
4.820753275186120845e+00
4.667183118067136149e+00
4.541438381819742354e+00
4.521538757785992679e+00
4.473796422429001218e+00
4.456880663164110246e+00
4.430117687908787794e+00
4.406899448922060536e+00
4.386448063433531885e+00
4.383716661119067659e+00
4.354494610441316027e+00
4.360423152099135891e+00
4.399112973491800638e+00
4.427108400001981359e+00
4.504979404365069051e+00
4.546661066525246042e+00
4.627644664051358880e+00
4.700530635550766334e+00
4.760078370751394949e+00
4.828624263969016894e+00
4.920100836327089944e+00
5.009267572566119320e+00
5.109177710150509810e+00
5.171538253681755570e+00
5.274105355846407939e+00
5.361878137879084072e+00
5.446732800974452005e+00
5.567468394031808820e+00
5.669275678109421790e+00
5.782665560774910674e+00
5.867288649853178661e+00
5.853546776211946856e+00
5.874853590351650112e+00
5.828489015109900251e+00
5.728138297993805139e+00
5.668583636190462904e+00
5.607030242138773879e+00
5.520330968269046679e+00
5.372484448684128999e+00
5.127623915147828448e+00
4.876814386749837915e+00
4.543554640268306244e+00
4.227918240812191364e+00
3.922818813829403339e+00
3.576761588299945060e+00
3.354020295930663753e+00
3.044003028675746236e+00
2.831683929561410462e+00
2.613353020527345194e+00
2.385762413593770948e+00
2.116674848500237349e+00
2.019734561088749825e+00
2.018461593965273249e+00
2.069954330353922956e+00
2.197263022246319863e+00
2.342095312025848752e+00
2.530924474228068988e+00
2.731502226311537385e+00
2.927770862475445934e+00
3.138394425759117201e+00
3.370838362572286417e+00
3.594292043931285985e+00
3.859067320543802637e+00
4.102403971105142766e+00
4.330573989452070727e+00
4.528373584565215992e+00
4.722555745503733249e+00
4.906495516804596058e+00
5.094912831529535779e+00
5.285672842580660280e+00
5.465820535840603789e+00
5.661656429783162636e+00
5.835181522307537172e+00
5.994335841014581057e+00
6.160191155655042827e+00
6.356855934074111758e+00
6.484530929779264596e+00
6.676622969428970933e+00
6.764287494583488325e+00
6.932117703579605994e+00
6.989313319953353698e+00
7.040629731315779516e+00
7.050729174524429155e+00
7.073303133744764715e+00
7.105995635604940297e+00
7.095893315266443402e+00
7.149791903180059194e+00
7.112476764847356137e+00
7.134669394840239320e+00
7.112641388719007196e+00
7.057406134553266597e+00
6.946032266826265733e+00
6.883761548502032035e+00
6.793778831755584946e+00
6.696643264177307486e+00
6.639222476468661149e+00
6.576580317063359438e+00
6.614940994973829369e+00
6.608419891347943498e+00
6.651583974379970066e+00
6.647290304234049430e+00
6.721885493035431480e+00
6.726829146984319330e+00
6.750181317666124059e+00
6.800338973468255332e+00
6.796835888490887712e+00
6.848984032042592318e+00
6.898628761490073202e+00
6.891347420776681609e+00
6.936764715688199523e+00
6.972023531387341322e+00
6.990614068292261507e+00
6.999947708358314813e+00
6.999271318669734399e+00
6.915140371129202990e+00
6.842933039346211999e+00
6.772454158828459470e+00
6.691365336263810804e+00
6.582963508994139623e+00
6.545616488673915434e+00
6.290198453937979828e+00
6.205136211286463421e+00
6.166325612095289621e+00
5.984367766200870520e+00
5.836672615139949727e+00
5.627534842608071131e+00
5.481108906521166446e+00
5.405462681275633230e+00
5.335709828874943383e+00
5.251445199792918572e+00
5.172307753792082963e+00
5.115919650001933050e+00
5.041190426952573134e+00
4.990838974170991982e+00
4.989310003797832849e+00
4.953776298376291187e+00
4.961564446033213116e+00
4.965225716313086401e+00
5.014547447540624425e+00
5.067484066315235403e+00
5.091385128420128581e+00
5.157936941677407461e+00
5.244347215719570521e+00
5.324450123612947117e+00
5.403502831232876780e+00
5.476117460378070234e+00
5.780900572089288758e+00
5.345163702058223443e+00
5.695281343387200046e+00
5.718275890859652932e+00
5.802609792301409719e+00
5.862447268737286166e+00
5.905198499604513707e+00
5.962860462422300500e+00
6.020113570659143321e+00
6.056640018986430896e+00
6.009356728948724857e+00
5.925911476239778430e+00
5.875884143169802343e+00
5.808853047317819041e+00
5.699747578072307697e+00
5.545942258736644703e+00
5.324308944896992024e+00
5.085601563297473149e+00
4.844863048615193790e+00
4.607093365629972403e+00
4.339031801523963061e+00
4.091832325463792941e+00
3.834034106713351431e+00
3.585982922974756182e+00
3.345741620966897312e+00
3.089259426643033546e+00
2.839121881802146419e+00
2.504881182439391285e+00
2.160049288601363582e+00
1.799116083678357070e+00
1.471332006777150703e+00
1.178117493064959165e+00
9.864743439680940806e-01
8.081420003224862869e-01
5.999599032645320795e-01
3.939492747570319531e-01
1.877747769066144545e-01
7.603954092545025904e-03
5.199978826108793417e-03
1.999979538117575723e-05
1.599998337541259447e-05
2.000002942794416991e-05
1.599975202020035433e-05
2.000026424539242821e-05
1.599975278553576426e-05
1.600002610356949037e-05
1.999999326037194366e-05
1.599979452304159380e-05
1.999999473022605540e-05
1.600002866532988145e-05
1.999999619780386097e-05
1.600002943173831272e-05
1.599999002904065531e-05
1.999980562901124216e-05
1.599999124837278569e-05
2.000003976626023265e-05
1.599975989474153933e-05
1.600026579012258317e-05
1.999976900244393709e-05
1.600003375722008507e-05
2.000000281934817724e-05
1.599980206726314146e-05
2.000023708985043943e-05
1.599980306185089509e-05
1.599999668278390586e-05
2.000004607165060250e-05
1.599976487292790358e-05
2.000004717986021964e-05
1.599999866830805736e-05
2.000004864970546803e-05
1.599999978156945693e-05
1.600003996054497700e-05
1.999977765291146268e-05
1.600004107377992542e-05
2.000001192497142524e-05
1.599980926559990658e-05
1.600023545600070431e-05
1.999982091307690496e-05
1.600000364656629405e-05
2.000003481177863092e-05
1.599975614871887883e-05
2.000026885786356933e-05
1.599975657872242205e-05
1.600003002005363176e-05
1.999999808469602665e-05
1.599979787730293406e-05
1.999999955277963624e-05
1.600003167241897619e-05
1.599999248285477119e-05
1.999980831740903891e-05
1.600022605051774717e-05
1.999980897085814905e-05
1.599999424190529429e-05
2.000004324279403822e-05
1.599976255142196376e-05
1.600026811845884083e-05
1.999977246345533536e-05
1.600003620075665214e-05
2.000000627930753687e-05
1.599980439305715509e-05
2.000024018995910679e-05
1.599980516116162414e-05
1.599999899295831006e-05
2.000004873254792624e-05
1.599976672851893231e-05
2.000004997476236031e-05
1.600000087245141255e-05
1.600004083802237547e-05
1.999977873650807099e-05
1.600027452778671273e-05
1.999977975185247202e-05
1.600004203647383588e-05
2.000001320697529638e-05
1.599981045736596294e-05
1.600023640534467757e-05
1.999982243565725235e-05
1.600000459530311408e-05
2.000005602786983168e-05
1.599977267898190420e-05
1.600004590729031789e-05
2.000001758783275568e-05
1.600004611217717949e-05
2.000001860168642616e-05
1.599981430340884544e-05
2.000001948210130439e-05
1.600004764734169548e-05
1.600000798421337720e-05
1.999982803453250100e-05
1.600024200858465650e-05
1.999982882326054858e-05
1.599977683422410812e-05
2.000029521708352812e-05
1.599977759980069543e-05
1.600028352838972696e-05
1.999979093655963433e-05
1.600005103910859754e-05
2.000002462091306752e-05
1.599981923195176401e-05
1.600001259503399330e-05
2.000006575223899926e-05
1.600001313364606613e-05
2.000006676876157568e-05
1.599978121809551393e-05
2.000006755870391615e-05
1.600001478508817515e-05
1.600005488644645789e-05
1.999979653066191669e-05
1.600028822886113690e-05
1.999979718368383424e-05
1.599982316662274971e-05
2.000026312225076540e-05
1.599982405203935750e-05
1.600001706136800370e-05
2.000007168740535910e-05
1.600001794910131436e-05
2.000007247545024073e-05
1.599978568447864207e-05
1.600005859378483909e-05
2.000003356347567659e-05
1.600005913390136440e-05
1.999980186997817592e-05
1.600029247711875959e-05
1.999980242923327177e-05
1.600006010508723417e-05
1.600002076260105611e-05
1.999984334604403029e-05
1.600025399694856459e-05
1.999984390754269280e-05
1.599978915761807830e-05
2.000031016475837717e-05
1.599977332578283570e-05
1.600004624233585359e-05
2.000001866443648697e-05
1.600004700908780754e-05
2.000001899789309728e-05
1.599981441241021200e-05
1.600000763906039725e-05
2.000006014707276914e-05
1.600000852639438270e-05
1.999982745274498706e-05
1.600024163985223086e-05
1.999982833231199887e-05
1.600000960499115880e-05
1.600004926745062260e-05
1.999978895553232314e-05
1.600028260954430322e-05
1.999978997344008981e-05
1.599981721019499891e-05
2.000025591052639044e-05
1.599981797815705801e-05
1.600001131952466936e-05
2.000006403693629469e-05
1.600001163014703662e-05
2.000006423594151536e-05
1.599977914060241220e-05
1.600005183833501203e-05
2.000002553783102036e-05
1.600005237895172386e-05
1.999979306825691884e-05
1.600028561225865236e-05
1.999979362995076484e-05
1.599982009437728197e-05
1.600024623274962302e-05
1.999983410763058690e-05
1.600024677306264304e-05
1.999983430584609503e-05
1.599978147957761373e-05
1.600028721237991262e-05
1.999979514906062512e-05
1.600005449525160957e-05
2.000002851120405333e-05
1.600005492821730154e-05
2.000002861820006261e-05
1.599982243808397567e-05
1.600001554345703046e-05
2.000006933021320971e-05
1.600001608266212800e-05
1.999983695236591541e-05
1.600024919771587771e-05
1.999983728978628076e-05
1.599978379649860826e-05
1.600028941430619634e-05
1.999979812494354547e-05
1.600005636329941992e-05
2.000003125975573120e-05
1.599982410252657675e-05
1.600028992232560752e-05
1.999979923163268088e-05
1.600001751197025656e-05
2.000007171955872301e-05
1.600001817151548315e-05
1.999983948020550331e-05
1.600001780128781058e-05
1.600005793949955157e-05
2.000003265830256402e-05
1.600005825284791819e-05
1.999980028309728406e-05
1.600029091370072442e-05
1.999980061601367708e-05
1.599982574179606676e-05
1.600025174649385241e-05
1.999984042923923550e-05
1.600001914734315445e-05
2.000007379322533646e-05
1.599978643100196862e-05
1.600029172266283735e-05
1.999980113437380540e-05
1.600005923615528683e-05
2.000003436376292530e-05
1.600005909403281445e-05
1.999980189365752745e-05
1.600005952580276696e-05
1.600005962429219714e-05
2.000003479002851890e-05
1.600001989821748936e-05
1.999984182217923875e-05
1.600025278558146448e-05
1.999984201956696192e-05
1.599978726498613277e-05
1.600029279247638662e-05
1.999980261300034600e-05
1.600006030408484848e-05
2.000003529508068557e-05
1.600005982637223549e-05
4.000011049066246684e-05
8.399977074660079917e-05
8.800021221075946063e-05
8.400000442516197374e-05
8.799998030943263804e-05
8.400000473632958289e-05
8.799974735719775696e-05
8.400023773784099192e-05
8.799998060696534777e-05
8.400000547472708521e-05
8.399977305777646408e-05
8.799998128720962014e-05
8.400023909102811266e-05
8.799998150596298030e-05
8.400000591766046778e-05
8.799978804784584644e-05
8.399996617264375532e-05
8.400023884490734837e-05
8.799998149704230035e-05
8.399977309610437968e-05
8.799998148965834145e-05
8.400000632544604880e-05
8.800002128918303352e-05
8.399996555535403447e-05
8.800002060150793762e-05
8.399996552618930773e-05
8.400000539802241070e-05
8.799998020033301905e-05
8.400000514407929037e-05
8.800001991082750106e-05
8.399996482546750565e-05
8.800001884994003919e-05
8.399973131407416501e-05
8.800025119130576337e-05
8.400000323752658874e-05
8.399996344265166031e-05
8.800001785628583785e-05
8.399972993051133148e-05
8.800024959892358565e-05
8.399996213394351357e-05
8.800001565425454237e-05
8.399976766270063919e-05
8.399995998448213212e-05
8.800024731670233935e-05
8.399995927491860710e-05
8.800001359904021303e-05
8.399976559851293767e-05
8.799997281049415615e-05
8.400022946689448286e-05
8.799997098476944476e-05
8.399976269999405616e-05
8.399995502594307317e-05
8.800000889286858983e-05
8.400022684484512246e-05
8.799996801865793037e-05
8.399975972519744540e-05
8.799996673235372378e-05
8.399999090848050661e-05
8.799996467893124181e-05
8.399998940173254670e-05
8.800000312199136485e-05
8.399994805673882030e-05
8.399998703315176489e-05
8.799996057639141432e-05
8.399998529747806702e-05
8.799995897855172877e-05
8.399998321826699613e-05
8.799999674233154360e-05
8.399970895356977997e-05
8.800022749200274528e-05
8.399993968168629707e-05
8.399997866008586595e-05
8.799999173141112693e-05
8.399970450914872537e-05
8.800022202714285742e-05
8.399993443877973786e-05
8.799998680111064211e-05
8.399969956392407567e-05
8.799998452071460951e-05
8.400020315803765638e-05
8.399992919202304122e-05
8.799974845139634124e-05
8.399992711774172918e-05
8.799997792020520452e-05
8.400015659300103974e-05
8.399996265603188112e-05
8.799974185827405288e-05
8.399992027750932851e-05
8.799997178064654867e-05
8.400015089153243207e-05
8.799973624441875212e-05
8.399995461183507560e-05
8.799992619530116794e-05
8.399995173924881928e-05
8.799992323269864678e-05
8.399994898550339965e-05
8.399999148585216675e-05
8.800004665305312249e-05
8.400002892180224502e-05
8.799977069389712406e-05
8.400025816944999262e-05
8.800000016284327444e-05
8.400002238449318017e-05
8.399978792388150160e-05
8.799999507590127129e-05
8.400025019271955109e-05
8.799999188525566116e-05
8.400001463748180087e-05
8.799975529453180165e-05
8.400001062878704398e-05
8.800021702748768080e-05
8.400000719112289595e-05
3.572799499551035374e-02
1.990598808629789052e-01
4.241241706540539447e-01
6.874025431019251675e-01
1.029358797382787127e+00
1.393619133558386070e+00
1.785618210137215778e+00
2.204963284395562439e+00
2.603622161738814889e+00
3.017277598379327408e+00
3.421673973102250521e+00
3.824481054425896254e+00
4.192834881395877566e+00
4.508833651566655831e+00
4.881662098551196038e+00
5.187286309270358942e+00
5.463174495117390173e+00
5.764510501101793416e+00
6.123109064867780837e+00
6.412968509909025450e+00
6.614225857158975153e+00
6.733894404723163696e+00
6.651775064556621153e+00
6.612957768410757886e+00
6.606375475963279342e+00
6.722999006152395651e+00
6.783495853470718373e+00
6.879572478102189415e+00
7.002370258185144358e+00
7.135301824115530600e+00
7.263068321960744811e+00
7.449584508571665431e+00
7.592433568590444715e+00
7.734459135553939824e+00
7.895376489621216187e+00
8.018912389217254244e+00
8.160246117539056598e+00
8.242418253807080930e+00
8.426803380682695632e+00
8.520499467235765678e+00
8.648414116482936009e+00
8.746149356641330641e+00
8.860749274629601047e+00
8.962226542256463091e+00
9.030305291136961898e+00
9.203630114667472384e+00
9.240517826545501023e+00
9.358226931522768410e+00
9.393651883036469030e+00
9.539968606431566300e+00
9.610328468658739354e+00
9.721409723543734671e+00
9.788952488430359367e+00
9.903176207886430049e+00
9.984760014070046097e+00
1.011480977773212153e+01
1.017301265658319842e+01
1.010344781924511004e+01
1.002573970127177283e+01
9.993254110409727886e+00
9.846573590415410138e+00
9.795294530215784334e+00
9.869610331352825838e+00
9.818157427742653098e+00
9.817784714968077253e+00
9.887438055703281492e+00
9.792589107226818967e+00
9.808445852022119382e+00
9.730815227132127987e+00
9.645416354830844696e+00
9.558214515352192464e+00
9.499310613720084007e+00
9.401834328672277863e+00
9.398514248073473354e+00
9.336606446829000205e+00
9.343506635311237929e+00
9.293863963007060747e+00
9.353047599850178528e+00
9.390494359666814006e+00
9.460603833939659424e+00
9.572964524786280904e+00
9.575230480561540247e+00
9.573888891809273716e+00
9.632338991200523282e+00
9.732973128422585773e+00
9.746968376680559487e+00
9.884846956966104159e+00
9.919506813473693896e+00
9.988957490019146235e+00
1.007375449080655372e+01
1.013355487231241447e+01
1.020645889506475790e+01
1.027734598084735218e+01
1.036525721748389373e+01
1.042845168829671643e+01
1.054419405890760508e+01
1.057180486287698074e+01
1.062679036280633049e+01
1.062033790713842052e+01
1.075420933245145250e+01
1.077906523481912693e+01
1.088772258482507205e+01
1.084077004339453687e+01
1.089950428954347927e+01
1.093890134470001563e+01
1.095961194753001777e+01
1.096240039848396997e+01
1.098126962813442553e+01
1.093594761547126915e+01
1.090284630399380461e+01
1.081151537873166468e+01
1.074124660566756972e+01
1.064947900747730358e+01
1.057505945226617250e+01
1.048349216680294838e+01
1.038780120414702779e+01
1.033395896913654077e+01
1.026635333284917984e+01
1.018714011050962931e+01
1.010570164528883730e+01
1.001863797987127924e+01
9.947062495764782852e+00
9.864455224277946854e+00
9.714209350919809083e+00
9.609482830154204791e+00
9.442032832157677191e+00
9.242770730234227017e+00
9.057977782679749623e+00
8.926366970026814229e+00
8.853971343228481672e+00
8.703742400194791173e+00
8.624713938533492552e+00
8.465650770762875865e+00
8.327330900750258280e+00
8.261573198263992168e+00
8.156441311905775038e+00
8.122683211875884268e+00
8.127169373135469499e+00
8.135420788980075812e+00
8.117827973622818050e+00
8.239677327248314143e+00
8.141707754836238209e+00
8.263241361308104160e+00
8.303910639086028667e+00
8.333852538760524453e+00
8.430733606804258429e+00
8.508410252994837109e+00
8.547689706368643670e+00
8.584599458564827756e+00
8.676222010480342917e+00
8.674307317925547878e+00
8.823190391230241403e+00
8.915623566612829620e+00
8.964186903353247970e+00
9.067782824700454825e+00
9.143976104682710826e+00
9.118846242441435379e+00
9.112668268070605038e+00
9.029928907098220492e+00
9.021307335531188798e+00
8.887268629040752543e+00
8.868979391326300643e+00
8.869524532552018670e+00
8.851046443680042231e+00
8.832853240939078532e+00
8.816312330000702246e+00
8.805238536105848723e+00
8.809127020860993085e+00
8.799311024720397612e+00
8.732916547913356808e+00
8.721732563072649214e+00
8.773111656654528190e+00
8.623640578366396525e+00
8.643415474049247038e+00
8.656383036722564484e+00
8.628582714951017252e+00
8.663313125589887420e+00
8.673049974946037466e+00
8.662018115137927410e+00
8.699516461535182543e+00
8.683778373065585754e+00
8.752634802087012389e+00
8.752874961070364890e+00
8.793264667201018625e+00
8.814076374603821762e+00
8.900122993168851693e+00
8.945617380910668714e+00
8.972476442528016349e+00
9.028920354503791046e+00
9.102749220872325964e+00
9.120138659682238469e+00
9.220851307871418712e+00
9.170205926205486691e+00
9.276194838102425066e+00
9.258250732452790288e+00
9.355775066254643946e+00
9.313012964611960598e+00
9.498598502550743561e+00
9.428160829263148912e+00
9.620706082093722245e+00
9.554647133869734077e+00
9.624593572135406561e+00
9.586973158184985522e+00
9.536004628524445081e+00
9.474640014969750723e+00
9.471080381046329322e+00
9.445059621946258588e+00
9.513866451091756105e+00
9.460636661617304100e+00
9.586952917764797633e+00
9.662089074467528960e+00
9.745332356916231120e+00
9.782633213667262240e+00
9.952891165935625395e+00
1.003382126544082276e+01
1.010011561449556439e+01
1.020515332940963482e+01
1.024865980696916523e+01
1.023228406082624353e+01
1.024548173243171334e+01
1.030243366913926728e+01
1.025765612093824330e+01
1.019084406219453243e+01
1.015970903558235250e+01
1.006690109897614960e+01
1.000858081594859250e+01
9.908988719862785288e+00
9.806202892469494614e+00
9.730894164909564381e+00
9.690756590576487639e+00
9.574348294839797546e+00
9.554832542180271560e+00
9.453101821829269724e+00
9.426122862609970454e+00
9.479408263700394244e+00
9.467996069980781471e+00
9.434093138817651436e+00
9.503905017900709851e+00
9.445486045693456845e+00
9.433888154518960789e+00
9.432898325331636968e+00
9.394054285337936960e+00
9.444595194275056116e+00
9.511193026036943721e+00
9.565447003033904494e+00
9.616160035032947917e+00
9.739902326535997190e+00
9.768091005941336391e+00
9.802551633962647060e+00
9.881006063816791141e+00
9.911352072093118082e+00
1.002345652152904165e+01
1.006761800437991106e+01
1.019021439267651985e+01
1.029588698213366804e+01
1.034527074420973491e+01
1.041805874967243817e+01
1.059201547072610161e+01
1.051370164454981548e+01
1.066031933866563008e+01
1.075615700761452231e+01
1.080559755365124630e+01
1.088668140665775397e+01
1.093799967027273645e+01
1.127873633428002442e+01
1.076622461347457893e+01
1.107588103448867400e+01
1.110915486236611827e+01
1.112488961391969333e+01
1.128113169269180638e+01
1.107767171023026087e+01
1.121882175260692982e+01
1.125768073960873394e+01
1.125042334047723180e+01
1.121697796830801863e+01
1.117454146105341373e+01
1.107840033755124409e+01
1.101743686492898888e+01
1.095656510277345852e+01
1.087953220230017592e+01
1.077987277600672478e+01
1.072743278912000697e+01
1.085910262141566207e+01
1.063504708467546678e+01
1.066028363521416544e+01
1.062728816964897050e+01
1.066001394039878569e+01
1.054474285464370809e+01
1.043641197380292773e+01
1.036616380004205951e+01
1.029639013958616900e+01
9.995229884341052085e+00
9.631354877919472202e+00
9.394519111151273805e+00
9.218171598582722837e+00
9.075347616225917236e+00
8.902269226031462424e+00
8.706589650120870161e+00
8.515720867608182587e+00
8.330184521162014022e+00
8.101968078488507530e+00
7.869746187465366027e+00
7.644729190009569741e+00
7.386723934399200608e+00
7.220961523607064336e+00
7.056829214830742103e+00
6.815745204103594190e+00
6.564830431335394678e+00
6.300671759344494305e+00
6.051660188067077506e+00
5.781499576996917078e+00
5.560346114746483437e+00
5.458793105685538549e+00
5.319415453295043505e+00
5.261188299023407566e+00
5.152654359730049372e+00
5.126246179145487858e+00
5.097813313038677130e+00
5.102074457406232000e+00
5.121724310622481902e+00
5.214654350509005276e+00
5.271404092444981870e+00
5.396094528366698562e+00
5.483192757595982236e+00
5.665343333346081423e+00
5.801558060280870954e+00
5.988118586358288198e+00
6.189641313050005422e+00
6.353192541055948439e+00
6.569567417707443013e+00
6.765718550357697758e+00
6.996732878202943873e+00
7.210038917114051316e+00
7.483320843670098199e+00
7.715820799191471124e+00
7.913405456088558942e+00
8.222224723935804391e+00
8.416313040346706131e+00
8.667196770609857381e+00
8.884310040590017721e+00
9.129016383871217499e+00
9.311666128960736089e+00
9.517403653469196811e+00
9.760550882481433987e+00
9.888246468991258809e+00
1.000941907171648282e+01
1.020245217032136331e+01
1.035729769966962444e+01
1.048591288655329734e+01
1.063219442355962485e+01
1.077614609556127867e+01
1.086197810495360017e+01
1.093821671782889027e+01
1.103870593398834288e+01
1.109252374197017765e+01
1.111290630550778324e+01
1.107315149527938480e+01
1.100733544648822004e+01
1.095988865600254947e+01
1.094005124956392727e+01
1.094719392689988169e+01
1.088253333727920413e+01
1.088974060040074576e+01
1.090086173412585779e+01
1.086355166045514409e+01
1.089683574848622172e+01
1.088096700175625919e+01
1.087206843134073075e+01
1.088491654778695761e+01
1.090968688597715541e+01
1.131075064867576785e+01
1.065065118051228410e+01
1.109066536683129378e+01
1.115942010896247538e+01
1.118940462216295728e+01
1.120514334869451467e+01
1.126582450608507813e+01
1.128333686663297719e+01
1.135606688984371715e+01
1.138388085288205787e+01
1.144683766845612105e+01
1.146936130009724764e+01
1.145567189519150197e+01
1.138047574285996255e+01
1.129087309001429773e+01
1.121633085600613811e+01
1.121780844982256831e+01
1.119246942695595948e+01
1.121254123579764972e+01
1.125534963597985971e+01
1.121880674200228789e+01
1.122409252886306064e+01
1.124493855976681012e+01
1.122297562359270806e+01
1.124319526953877890e+01
1.125184370420540780e+01
1.127271944411478088e+01
1.121293558907585997e+01
1.124980924913553437e+01
1.122881387949405330e+01
1.122852686065501793e+01
1.119101921072383021e+01
1.115173025284839348e+01
1.106424574569911634e+01
1.100451841899275962e+01
1.095169118365137528e+01
1.085272660460368677e+01
1.080212952317917896e+01
1.074361713582660549e+01
1.067770987482306744e+01
1.059745157149156292e+01
1.054000183880124020e+01
1.046098682850124284e+01
1.030259553522322413e+01
1.002960324141809600e+01
9.752381161238840690e+00
9.469201976096375262e+00
9.157765381920681236e+00
8.861540058774446393e+00
8.576368963258456546e+00
8.236914988572076268e+00
7.910820922066382543e+00
7.605744857661423275e+00
7.265189574067507650e+00
6.936639256022383293e+00
6.646165437158757072e+00
6.419841942017065151e+00
6.382206673744740932e+00
6.326827565491497829e+00
6.330418571693653185e+00
6.417588417617676733e+00
6.464702227979138627e+00
6.532758585549139241e+00
6.654897563130382387e+00
6.726124354345857981e+00
6.880465696301022227e+00
7.000601133126862052e+00
7.137061723881675590e+00
7.256903313584365911e+00
7.447286361139693334e+00
7.601726247919684099e+00
7.720440679642835313e+00
7.864208697362168543e+00
8.036314706933158192e+00
8.140964850639182515e+00
8.299567050916660804e+00
8.416226147842495564e+00
8.537877418509927097e+00
8.643675872758519674e+00
8.752280253456143910e+00
8.853949878412747054e+00
8.936814084987531714e+00
9.062500505507447457e+00
9.103619783325163084e+00
9.119100987709636286e+00
9.157367398254082858e+00
9.056757154548533251e+00
8.971800662517646074e+00
8.878911698056233703e+00
8.688179430280547066e+00
8.294302572349154801e+00
7.882568727558806998e+00
7.403311810796212811e+00
6.918623547490615699e+00
6.359187744813639576e+00
5.913918010346138843e+00
5.614590919206990272e+00
5.219523813369728593e+00
5.314192930158779582e+00
5.304709694807455911e+00
5.133361431709794864e+00
5.171518489243946526e+00
4.941508463075299673e+00
4.706594281286367476e+00
4.359100422669611952e+00
3.921802220466017452e+00
3.506915330881528181e+00
3.070731576958050102e+00
2.660934178262852168e+00
2.277312915970027163e+00
1.991232903910685970e+00
1.701221460615562231e+00
1.382038272959104530e+00
1.039626567768902277e+00
7.069366439688414827e-01
3.797593033644454108e-01
1.199473785789457042e-01
1.200656555581743924e-02
2.273736754432320595e-13
3.599858188649697721e-05
3.600231131297757214e-05
3.599858203868726286e-05
3.600044313783540761e-05
3.600044823272661169e-05
3.599858095670828081e-05
3.600230564066114156e-05
3.599858607670285805e-05
3.600044300485205482e-05
3.600044312725417039e-05
3.600044732306793111e-05
3.599858003689680584e-05
3.600044226266415460e-05
3.600044714044959280e-05
3.599857962198249389e-05
3.600230407852167891e-05
3.599858011634606361e-05
3.599858408513416423e-05
3.600230334130064436e-05
3.599857891464215253e-05
3.600044601345614252e-05
3.600044117015654624e-05
3.600044119498453204e-05
3.199853480301432721e-05
3.600044031550037022e-05
3.600043988568954733e-05
3.600044001314578652e-05
3.599858311076503962e-05
3.600230203637241265e-05
3.599857784706447886e-05
3.600044493618524742e-05
3.600043896096824926e-05
3.599857677006081249e-05
3.600230605484982410e-05
3.599857689263522134e-05
3.599857690753432759e-05
3.600230622228636399e-05
3.599857694229896532e-05
3.600043805119195308e-05
3.600044291491812158e-05
3.600043808595495773e-05
3.599857589013051503e-05
3.600043799611121656e-05
3.600044265761047796e-05
3.599857559287658756e-05
3.600229913480053979e-05
3.599857957765789673e-05
3.600043673648904924e-05
3.600043674642187935e-05
3.599857477796548780e-05
3.600230409292384109e-05
3.599857445592266679e-05
3.600043580197834068e-05
3.600044066625094030e-05
3.599857383356745851e-05
3.600043583674507905e-05
3.600044070102797182e-05
3.600043564419246051e-05
3.200038710649896751e-05
3.599857241967362198e-05
3.600043952460216663e-05
3.600043446254371464e-05
3.599857247927986580e-05
3.600230180452573239e-05
3.599857229666526798e-05
3.599857230659968374e-05
3.600230049525934351e-05
3.599857132255616894e-05
3.600043355296271715e-05
3.600043865503847502e-05
3.600043359766761178e-05
3.600043360760205464e-05
3.599857626713275712e-05
3.600043229335785641e-05
3.600043252067726754e-05
3.600043232316128665e-05
3.599857531319630336e-05
3.600043199127649166e-05
3.600043201611388970e-05
3.599857512563056080e-05
3.600229358442587932e-05
3.599856916341026677e-05
3.600043604150670852e-05
3.600043118631617912e-05
3.599856909370272137e-05
3.600043111159987040e-05
3.600043552233691836e-05
3.600043000977714257e-05
3.599856802665777044e-05
3.600043513229814803e-05
3.600042960978376322e-05
3.600043030664529058e-05
3.600043529016169774e-05
3.200038160251109060e-05
3.599856666263406255e-05
3.599856666760234446e-05
3.600229600352045350e-05
3.599856648499749769e-05
3.600229600848971120e-05
3.599856650487066602e-05
3.600042862572801726e-05
3.600042749906762711e-05
3.599857038222376227e-05
3.600042777110160259e-05
3.600042777606989806e-05
3.600043267182560103e-05
3.599856515083594991e-05
3.600042715869968874e-05
3.600042626929540231e-05
3.599856902850601944e-05
3.600228861747184619e-05
3.599856397945047865e-05
3.600043130315491453e-05
3.600042622949579745e-05
3.599856380181930770e-05
3.600229267353484034e-05
3.599856292732363461e-05
3.600042528046268190e-05
3.600042992956158425e-05
3.599856309008876069e-05
3.600042508792509989e-05
3.600042972709374033e-05
3.600042397617239475e-05
3.599856178083252943e-05
3.600228600883109866e-05
3.599856678082773896e-05
3.599856148900315003e-05
3.600228593926750820e-05
3.599856661315817014e-05
3.600042262720772648e-05
3.200037588338959125e-05
3.600042774614946209e-05
3.599856046173221001e-05
3.600042256766857444e-05
3.600042258754599148e-05
3.600042747942725055e-05
3.599855949296131588e-05
3.600042127829283664e-05
3.600042639750988506e-05
3.600042154039785803e-05
3.600042133792543336e-05
3.599856399509771150e-05
3.600228344386152674e-05
3.599855834661185494e-05
3.599855791185267912e-05
3.600228768859275476e-05
3.599855794664191469e-05
3.600041995924559569e-05
3.600042505389120087e-05
3.599855777399150753e-05
3.600041921287141470e-05
3.600042385810008121e-05
3.600041878805210275e-05
3.599855635564407340e-05
3.600228590524989254e-05
3.599855639043522665e-05
3.600041864025138578e-05
3.600041774091382877e-05
3.599856050231382956e-05
3.600227988163124982e-05
3.599855567397179835e-05
3.599856010236599348e-05
3.600227993133050142e-05
3.599855504171806819e-05
3.600042169976180124e-05
3.600041637724144303e-05
3.200037014907898189e-05
3.599855384083895036e-05
3.600042117607756264e-05
3.600041586821969033e-05
3.600041612039124464e-05
3.599855809687366366e-05
3.600227746088309792e-05
3.599855304091692531e-05
3.599855792424834223e-05
3.600227739159067320e-05
3.599855297668143637e-05
3.600041475681361818e-05
3.600041894823976856e-05
3.599855165750412504e-05
3.600228098531192071e-05
3.599855146498162021e-05
3.600041348734134538e-05
3.600041382803896253e-05
3.600041871163177381e-05
3.599855073374730611e-05
3.600041229645535964e-05
3.600041737755066705e-05
3.599855031390728752e-05
3.600227455110441771e-05
3.599855034870599630e-05
3.599855488170035784e-05
3.600227355771285078e-05
3.599854914299360005e-05
3.600041601931303444e-05
3.600041116029556275e-05
3.600041096280374601e-05
3.600041584172096931e-05
3.599854854555120285e-05
3.600040952977326679e-05
3.600041463128625597e-05
3.600040955463077678e-05
3.599854734982756122e-05
3.600041469096201748e-05
3.600040915467878685e-05
3.599854718216949172e-05
3.200036309751073602e-05
3.600227584348680398e-05
3.599854643118544572e-05
3.599854598151884917e-05
3.600227530009557136e-05
3.599854601135101754e-05
3.600040780124172363e-05
3.600041221612001731e-05
3.600040738140564204e-05
3.599854494933511805e-05
3.600040727757845756e-05
3.600041193494538404e-05
3.599854442074453258e-05
3.600226887495262872e-05
3.599854863369240102e-05
3.599854378850964720e-05
6.000254341521216720e-05
2.519991300173553186e-04
2.520010139052032304e-04
2.519991729349274298e-04
2.519992000790964495e-04
2.519992212419668422e-04
2.520011046684008066e-04
2.480010833768478244e-04
2.519992941029387096e-04
2.519993100557138890e-04
2.519990842382040155e-04
2.519991042027767080e-04
2.520009864664861333e-04
2.480009668283143049e-04
2.519991697200519068e-04
2.520010564539114394e-04
1.999986049468997350e-04
0.000000000000000000e+00
0.000000000000000000e+00
2.273736754432320595e-13
0.000000000000000000e+00
5.084229945850415345e-13
2.273736754432320595e-13
0.000000000000000000e+00
2.273736754432320595e-13
0.000000000000000000e+00
5.084229945850415345e-13
0.000000000000000000e+00
2.273736754432320595e-13
2.273736754432320595e-13
2.273736754432320595e-13
5.084229945850415345e-13
2.273736754432320595e-13
2.273736754432320595e-13
0.000000000000000000e+00
3.215549355384371541e-13
3.215549355384371541e-13
3.215549355384371541e-13
3.215549355384371541e-13
7.794264180976072202e-03
8.006797291868136823e-02
2.431464923191478944e-01
4.987093705781926456e-01
7.986360559262446479e-01
1.153464055153603729e+00
1.529136334892325255e+00
1.928140064075198445e+00
2.330584063150550111e+00
2.737474050080012766e+00
3.155433939284550959e+00
3.536154997168780234e+00
3.934087626291087769e+00
4.262117757328820922e+00
4.596736895064820416e+00
4.901102514407735811e+00
5.246305754925165488e+00
5.498885882965920402e+00
5.799270199126448588e+00
6.096228806206925199e+00
6.325180206907822900e+00
6.597430204763432116e+00
6.827641286775000928e+00
7.141730238920552587e+00
7.368005166823254903e+00
7.600948117449624952e+00
7.904920121451295856e+00
8.083211688767912406e+00
8.329778408835263548e+00
8.568490057510448565e+00
8.714012523616467831e+00
8.917267886212236760e+00
9.125428056653598574e+00
9.308667229785639208e+00
9.429451165668378820e+00
9.676080852868294002e+00
9.835714681867919751e+00
1.001999760414735086e+01
1.015855620858909170e+01
1.022735344388870260e+01
1.016600087357938165e+01
1.016897320578792652e+01
1.004271690725431654e+01
1.007309184110497213e+01
1.005924790232556632e+01
1.008944895697795552e+01
1.006516903988683076e+01
1.009412419815836159e+01
1.012608446236066584e+01
1.012476625916945316e+01
1.016077139248507955e+01
1.019910062782546234e+01
1.023007141104623940e+01
1.018342752121278671e+01
1.016930187873382785e+01
1.009744503943760563e+01
1.002897154730464102e+01
9.965342093332225204e+00
9.910464220425646786e+00
9.943341372318855065e+00
9.940399369103394278e+00
9.871657459572942273e+00
9.889255824823917962e+00
9.889060561496199497e+00
9.864483251750607806e+00
9.846741944946582947e+00
9.822026266510263781e+00
9.844958664886704014e+00
9.808134271685597483e+00
9.755782152214196756e+00
9.704425024431060365e+00
9.560244686473458486e+00
9.521508886526911297e+00
9.433270660152663467e+00
9.342212823377002096e+00
9.290676885867174661e+00
9.193457214048480708e+00
9.120201202182936839e+00
9.043355918109057257e+00
8.983783619679561738e+00
8.859408913240894634e+00
8.872105016982750669e+00
8.731488516362784225e+00
8.567939275036710711e+00
8.305876313874525962e+00
8.149376293297445173e+00
7.923249536542439131e+00
7.705711821352834612e+00
7.498874224915240028e+00
7.304461134927389132e+00
7.042219258061484410e+00
6.818488435362241695e+00
6.572026317850550470e+00
6.236090287748730532e+00
5.833948179200953099e+00
5.411019914351182791e+00
4.991601938005548966e+00
4.581181979359403300e+00
4.220124898685253534e+00
3.871830528395940441e+00
3.540211376363043616e+00
3.221259119450279318e+00
2.878831375220970656e+00
2.597802849658655155e+00
2.386256557260109989e+00
2.202398006124171470e+00
1.993429580779669363e+00
1.700341788208326044e+00
1.403545054299792483e+00
1.098926375987284487e+00
8.511826101717496762e-01
6.687688108162531675e-01
5.176878553495020130e-01
3.249717746745313107e-01
7.959478729305285993e-02
1.125107779196119449e-02
1.199976201245706004e-04
1.159994557131401824e-04
1.160013350402115196e-04
1.159994892822179300e-04
1.159995027780721580e-04
1.200014369867282614e-04
1.159994197187465324e-04
1.159994325904385395e-04
1.240013963004197206e-04
1.119975430365463992e-04
1.160013305108690559e-04
1.160013445767593676e-04
1.159994855940119259e-04
1.159994927835519862e-04
1.199995409607397729e-04
1.159995046687547419e-04
1.200014267591058964e-04
1.159995162193137538e-04
1.159995188662666011e-04
1.160013829841183123e-04
1.159995216839604875e-04
1.199995644761341437e-04
1.159995241618326566e-04
1.159995227207486152e-04
1.159995196980599078e-04
1.200014259698290765e-04
1.159995117144867546e-04
1.159995064189390087e-04
1.160013625880536195e-04
1.199976809782444799e-04
1.160013506364064551e-04
1.159994795640123874e-04
1.159994696122315872e-04
7.384199943650478215e-03
9.436300136050003451e-02
2.788747169258879999e-01
5.182544639130175490e-01
7.921904945902413786e-01
1.076778147831996657e+00
1.365309038372087169e+00
1.653093070993975511e+00
1.970357838771688685e+00
2.274961294947362322e+00
2.601865241828960951e+00
2.903109274005247542e+00
3.235035770429611546e+00
3.487078944942407333e+00
3.749215758084750494e+00
3.980575246831529412e+00
4.197107120020437954e+00
4.407389388169402622e+00
4.596491729176090502e+00
4.749113609730351904e+00
4.866989739840963836e+00
4.950135464579583200e+00
5.014745058805069711e+00
5.091124474485604345e+00
5.111903411642019890e+00
5.147780441313691391e+00
5.140500543782015264e+00
5.224225799619087951e+00
5.224892739974778877e+00
5.300926910207945042e+00
5.336392196086302775e+00
5.323357316549292229e+00
5.442467843870075761e+00
5.504886413650191379e+00
5.562396503096340261e+00
5.636311589037417136e+00
5.737633663746416701e+00
5.829596494184397848e+00
5.859657722241311539e+00
5.965832115899712740e+00
5.991978291098260634e+00
6.138152573521534983e+00
6.242324603429058705e+00
6.372191568456659461e+00
6.525378363635683243e+00
6.634184258135484846e+00
6.724129066514444197e+00
6.874659613447883899e+00
6.944643914058632461e+00
7.052522021105648520e+00
7.164134859216845008e+00
7.230975803562945892e+00
7.412646200176870259e+00
7.469163565431093943e+00
7.558002694594405213e+00
7.666959898300223841e+00
7.676811647406420747e+00
7.737209403630196825e+00
7.705924757198145514e+00
7.719824467413518576e+00
7.700137056728320495e+00
7.700878296006033352e+00
7.705664919718842043e+00
7.722709596981370161e+00
7.730692922750656670e+00
7.728764624225617830e+00
7.733011676779450561e+00
7.770847207255960676e+00
7.769250130662473275e+00
7.804640784619874871e+00
7.807011307341257478e+00
7.818641421890938581e+00
7.838836237508337135e+00
7.835583296780106011e+00
7.861649068113056416e+00
7.868334021393925681e+00
7.862646510631163821e+00
7.877509682785316159e+00
7.861704108568405402e+00
7.887862867340142969e+00
7.897225710996071513e+00
7.932813450291204660e+00
7.860563942490465195e+00
7.842348883766236511e+00
7.779010349072015273e+00
7.699293672289044821e+00
7.681909423533077153e+00
7.573808608036634915e+00
7.546105728936143286e+00
7.473888508067497050e+00
7.426005033951275536e+00
7.221155958290166765e+00
6.965779954698437137e+00
6.687854165437044252e+00
6.591358232918119953e+00
6.537519021195212332e+00
6.445535475530420833e+00
6.392164092824733856e+00
6.346750407118419979e+00
6.380656549111790810e+00
6.443220998798245169e+00
6.491574182492431788e+00
6.534562660624600561e+00
6.624172214278738480e+00
6.692211782975824974e+00
6.768072883020684216e+00
6.817294178966193385e+00
6.898213677739283511e+00
6.990643894397273073e+00
7.053346675943482857e+00
7.096244518781056776e+00
7.191818969027455211e+00
7.246256385774309194e+00
7.294176533227248349e+00
7.336196197732143709e+00
7.435459117494996661e+00
7.462579810258664459e+00
7.523911114724359805e+00
7.601302194078948915e+00
7.648886936798136027e+00
7.700314811339498355e+00
7.568445391364017283e+00
7.578720151441545205e+00
7.542609868590672839e+00
7.439874945659928684e+00
7.398380298657272647e+00
7.346935483859269311e+00
7.281951685293142518e+00
7.302268174809621648e+00
7.093585150848451093e+00
7.087393401999400488e+00
6.964623744005102424e+00
6.723201772932442033e+00
6.476853696149074580e+00
6.277159916454435162e+00
6.230550344732710855e+00
6.164717237473209543e+00
6.048875239457598418e+00
5.951446509512220651e+00
5.888677035767153178e+00
5.838397619712668352e+00
5.741442235734361077e+00
5.679696752836880691e+00
5.645030706618586080e+00
5.590880065932462450e+00
5.531270622209042642e+00
5.494687975471631347e+00
5.478600411583851582e+00
5.474488415653008921e+00
5.458118752606223367e+00
5.465791757679108187e+00
5.486189977981315025e+00
5.507880022086426131e+00
5.506069134702726409e+00
5.554719771766764680e+00
5.597599413181713501e+00
5.642130661164518557e+00
5.720143609441485921e+00
5.765900049444885767e+00
5.796723161592572282e+00
5.819006265525959343e+00
5.803445749549748456e+00
5.738431347188762466e+00
5.634584386825148172e+00
5.609264391595445431e+00
5.498788510247446304e+00
5.294251751867045996e+00
5.118124314846137501e+00
4.945286974266368318e+00
4.742326293757214373e+00
4.508633640424649869e+00
4.288408818451314275e+00
4.057033447374496227e+00
3.790192502595991719e+00
3.534702590779378983e+00
3.303264342369844453e+00
3.183661177118581431e+00
3.154797806557266160e+00
3.146806001407401077e+00
3.089147788553739726e+00
3.115499979911310557e+00
3.176370443714672032e+00
3.211399310989144773e+00
3.272520625036553721e+00
3.332112404093936053e+00
3.384797937551641489e+00
3.486498898687345971e+00
3.557022855425429952e+00
3.632311722700564349e+00
3.738118888949560237e+00
3.855068565340661557e+00
3.986163901082297567e+00
4.136786737836286143e+00
4.302854683616629039e+00
4.476632005116260693e+00
4.656152791053724371e+00
4.843931268167579240e+00
5.007371418141707942e+00
5.119327902831813937e+00
5.273160935101874003e+00
5.412356598121189855e+00
5.562469037139994299e+00
5.709471035914944537e+00
5.801732951670873994e+00
5.954994292572426851e+00
6.067453025546534207e+00
6.207634268071186234e+00
6.322941907782896998e+00
6.423975697271107066e+00
6.527842998063118074e+00
6.613142133955072666e+00
6.711564899611904167e+00
6.838654193270663484e+00
6.907443529028263640e+00
6.974710732727825935e+00
6.996386153529434715e+00
7.029386614161433400e+00
7.020572437889519790e+00
7.019050701905010570e+00
7.035375041255631956e+00
6.924258394034165320e+00
6.850526174864684847e+00
6.779304122172701064e+00
6.679734632645619286e+00
6.602064172594920066e+00
6.506453139367655680e+00
6.425149452251432081e+00
6.354210744831193303e+00
6.258043879709108026e+00
6.195492576588902622e+00
6.133955340528531863e+00
6.054161514825477042e+00
5.988636848212018471e+00
5.896775493522244282e+00
5.743511734221406151e+00
5.555177803323715580e+00
5.353583542691836783e+00
5.289743563577221863e+00
5.226341536056683168e+00
5.181749233977566149e+00
5.086447622168652316e+00
4.957363778370232232e+00
4.770754007351539094e+00
4.576783073857069617e+00
4.389147402706132794e+00
4.340323909119320867e+00
4.275648278330276497e+00
4.227662289171865595e+00
4.174674273565300631e+00
4.205754036203173563e+00
4.189875515256925809e+00
4.232032590168217645e+00
4.288305979168921311e+00
4.297477003531685824e+00
4.390886941100207608e+00
4.504864934571467749e+00
4.583752644874702575e+00
4.687774603424071707e+00
4.845496457547037394e+00
4.947355688576677402e+00
5.070997538481477385e+00
5.148265875353596144e+00
5.238917630869043940e+00
5.347860288765801329e+00
5.473602604161123431e+00
5.597449423766836851e+00
5.705634400536234274e+00
5.811799268695986953e+00
5.910517426510996764e+00
6.060609477937345169e+00
6.093242915276697147e+00
6.224423615833422296e+00
6.317742738410597525e+00
6.412523691651728974e+00
6.440789539622484128e+00
6.431704673616515322e+00
6.446072195135539751e+00
6.427706803802203162e+00
6.418737407955869223e+00
6.294451388223426314e+00
6.259337859881468624e+00
6.067560448983524424e+00
5.877074530757341542e+00
5.583368274070818593e+00
5.320201874827239052e+00
5.031280204929948319e+00
4.777924374170758881e+00
4.612594836870297144e+00
4.480649502592189748e+00
4.354566399465611859e+00
4.232088238959899051e+00
4.061042296687265463e+00
3.877276740963903734e+00
3.632910406623660382e+00
3.416746048983198669e+00
3.179077533848481796e+00
2.954811209251845927e+00
2.711933489763964200e+00
2.513211931801820676e+00
2.285036384234439222e+00
2.061670193654696615e+00
1.964427966277575655e+00
1.955179891569546635e+00
1.938010168456388405e+00
1.922593697707807969e+00
1.905101122907123967e+00
1.891071216126958721e+00
1.882203717573440294e+00
1.835247043066352557e+00
1.764271772176308817e+00
1.717971976643022147e+00
1.709228971021288901e+00
1.780262464746197093e+00
1.901716470086224131e+00
2.074350622757909157e+00
2.234970417513088226e+00
2.452294843925332923e+00
2.645078440610664661e+00
2.828615845120932892e+00
3.059509393072468608e+00
3.260033132440654402e+00
3.487387094691976497e+00
3.725064115159082423e+00
3.947490028664421224e+00
4.196013096251085983e+00
4.440590077436822547e+00
4.647412574781511374e+00
4.903327716345399878e+00
5.146435218669978440e+00
5.419248149457990493e+00
5.678904714973760370e+00
6.016537041581708323e+00
6.069222572736717503e+00
6.426267542802335697e+00
6.645504596996492985e+00
6.904188435596979367e+00
7.152405621786998680e+00
7.346357454539013787e+00
7.549458008099396267e+00
7.831222410689022695e+00
8.014793272703052196e+00
8.222067510102467836e+00
8.424491425255181909e+00
8.594392869087243980e+00
8.709306768059446924e+00
8.836199582680386300e+00
8.973725763155389501e+00
9.076578871547461347e+00
9.211159571598770412e+00
9.360419333138183973e+00
9.508654698444621189e+00
9.584194701071016453e+00
9.722662075368837975e+00
9.876715057528510755e+00
9.956333315194001443e+00
9.897168069048875694e+00
9.863779354006261713e+00
9.760212992243850749e+00
9.640054469907028079e+00
9.575106197746176662e+00
9.533544896470363739e+00
9.435436597247075952e+00
9.375945603928508731e+00
9.284229985944142172e+00
9.217111125677307726e+00
9.142398783217860370e+00
9.073640515864317635e+00
9.043848029593156923e+00
9.000665958151973456e+00
9.035773316224872787e+00
9.044058049337721172e+00
9.089562348788449597e+00
9.060087394254447091e+00
9.133245858340320211e+00
9.219755495875133988e+00
9.278112424523277113e+00
9.308065317472813405e+00
9.421910879792095628e+00
9.676996946358022100e+00
9.355207243458545818e+00
9.632691745821407636e+00
9.691351818893338077e+00
9.728317291289956259e+00
9.792894268004976865e+00
9.843190624485322004e+00
9.865997162734204906e+00
9.892168089257118879e+00
9.942253456283163260e+00
9.978692735447570072e+00
9.979381452216841808e+00
1.003818994623821759e+01
1.011601977521105411e+01
1.000543331297359018e+01
1.005291557996485530e+01
1.014544219779137180e+01
1.011984615888408534e+01
1.012715360326077985e+01
1.016578091745543944e+01
1.019621132366057026e+01
1.022170368313566691e+01
1.026058941243354639e+01
1.026337765358954357e+01
1.033433499147357360e+01
1.032232111342153758e+01
1.037013427612432359e+01
1.039326910552807703e+01
1.040089252351062754e+01
1.034943192730639083e+01
1.027686751957645228e+01
1.023664998931498538e+01
1.021567972328524121e+01
1.021164126176224940e+01
1.025842562144750758e+01
1.026388578904933446e+01
1.025214452880438110e+01
1.025117598145566333e+01
1.026543912408176418e+01
1.027644177563283634e+01
1.029798142884678747e+01
1.027013573051731399e+01
1.027543324525710133e+01
1.028270719108978781e+01
1.028570671205768150e+01
1.027323033877186020e+01
1.026047395495129066e+01
1.028082128035241460e+01
1.021042329591990772e+01
1.012881679869754059e+01
1.003741701874285752e+01
1.003259898900681613e+01
9.976345566642612184e+00
9.960260213398141715e+00
9.986431530877236895e+00
9.959099923672168231e+00
1.000704865735180249e+01
1.004049747602308251e+01
1.007687757646385052e+01
1.007859988537422247e+01
1.011363189268474194e+01
1.014402729620573673e+01
1.019203311330462114e+01
1.020048040197035633e+01
1.025826471682758800e+01
1.028995336414531181e+01
1.030071207317386417e+01
1.041627400960741312e+01
1.034624138324518938e+01
1.038116978750461428e+01
1.044468737045259488e+01
1.044600042016140051e+01
1.036200095139369992e+01
1.032601949370508088e+01
1.033252532740593921e+01
1.034072710617776458e+01
1.045039091037882173e+01
1.046713988539192286e+01
1.055015099041285964e+01
1.059008106778607150e+01
1.068650659502269740e+01
1.074593772556136706e+01
1.081636170464794944e+01
1.088589933544739807e+01
1.092910275342374504e+01
1.099771130791189044e+01
1.110429209410300011e+01
1.108378731065984901e+01
1.120721258710844381e+01
1.123674413398950911e+01
1.135429555253640110e+01
1.140136084299307839e+01
1.147137700944593419e+01
1.147630060082352799e+01
1.155529723680131404e+01
1.163122506899732045e+01
1.164427451900305144e+01
1.169693305969878772e+01
1.162343394782256567e+01
1.153053477844394337e+01
1.146006774089667246e+01
1.135432831298377288e+01
1.133652358956417849e+01
1.117966050684680290e+01
1.117384914650494210e+01
1.112199321032060162e+01
1.106817439763188560e+01
1.104978289096341371e+01
1.100674080382282405e+01
1.098931905755660488e+01
1.096454920842601588e+01
1.093021272380158493e+01
1.090493690439907404e+01
1.089381500876589648e+01
1.095055398106845246e+01
1.088707480920546899e+01
1.096645548375520818e+01
1.096206802713486184e+01
1.101061909775800274e+01
1.103834613248564622e+01
1.104932585853793192e+01
1.115591166025140524e+01
1.120021165607007774e+01
1.123746672958464465e+01
1.129973274358054347e+01
1.133028837591122695e+01
1.139883249213550975e+01
1.138130476605396346e+01
1.150183456826959016e+01
1.136668621328336393e+01
1.152574206428337966e+01
1.156249111727937695e+01
1.153688711468882566e+01
1.150440981360041803e+01
1.148786935208909377e+01
1.153845858566343807e+01
1.152748097124606907e+01
1.152447795744918224e+01
1.162725389472476856e+01
1.155945013081739248e+01
1.155915573650457695e+01
1.248190057497788352e+01
1.072367280878703966e+01
1.175354189348087885e+01
1.178316745745636140e+01
1.177783287988356342e+01
1.172281724521277191e+01
1.165513938432966867e+01
1.157285323877941074e+01
1.146530959356321056e+01
1.143136930436280529e+01
1.137162768850566330e+01
1.123208886224687220e+01
1.102225268447680939e+01
1.080030572433543945e+01
1.046339239064472970e+01
1.041792938633236076e+01
9.684600231940256876e+00
9.550912982052004452e+00
9.180850010467569433e+00
8.762141640899869799e+00
8.370533347162986360e+00
7.937361634989924752e+00
7.544996233262838636e+00
7.074069478037767311e+00
6.526953383402310571e+00
5.973812839172143896e+00
5.435592339544494500e+00
5.009014888241555497e+00
4.573726224300134646e+00
4.116522130346573327e+00
3.642315810041053759e+00
3.211884021280740242e+00
2.897320680728294739e+00
2.810354339468176033e+00
2.764628128409706509e+00
2.728542106280674950e+00
2.687159744788460980e+00
2.692106173231080479e+00
2.682718129516814098e+00
2.738977221793359007e+00
2.812637330359926136e+00
2.883081101943048896e+00
2.969230980590617186e+00
3.035530999377004324e+00
3.169085731947514528e+00
3.232213474595699410e+00
3.343740210154944048e+00
3.475530646776615384e+00
3.607386230595634125e+00
3.736577596632428389e+00
3.902223929002819780e+00
4.065639227041712545e+00
4.282069276504929078e+00
4.470856798916376107e+00
4.627844221401745450e+00
4.814418573386648248e+00
4.938711959249030059e+00
5.144603720800599689e+00
5.303327832671499209e+00
5.451107951948402253e+00
5.675596371592183331e+00
5.844134250883312731e+00
6.054541810640921895e+00
6.260595727914634701e+00
6.451407889914896110e+00
6.673324026860768754e+00
6.894263200989055207e+00
7.093016935213356078e+00
7.318557450458371250e+00
7.494684357291234278e+00
7.646537415673840599e+00
7.833415173852226410e+00
8.024197944057803511e+00
8.207317666786620336e+00
8.333655636054501770e+00
8.507538113821265569e+00
8.659407497866489223e+00
8.735966139166903233e+00
8.761003760459965761e+00
8.863670323994512046e+00
8.941594253886171018e+00
9.111499414603299485e+00
8.960167051638197933e+00
9.142392397664586667e+00
9.205034569754353413e+00
9.388524960822159926e+00
9.138107273528321528e+00
9.355054405014039176e+00
9.372280416789322999e+00
9.414637195231575717e+00
9.482775741169509942e+00
9.527435620780629222e+00
9.567450745125023914e+00
9.608545380588209284e+00
9.683311036033350305e+00
9.700284581732347533e+00
9.702390623987229290e+00
9.659473537655857811e+00
9.677938650736487958e+00
9.573293314931024867e+00
9.522415848668096316e+00
9.491061772058960955e+00
9.526360700080422461e+00
9.524804299432567234e+00
9.669195434023677649e+00
9.588353948385842429e+00
9.619925981806227711e+00
9.651937300507594131e+00
9.683583642743121445e+00
9.634283246575591875e+00
9.617909728084864440e+00
9.607996509337516144e+00
9.567948394862392902e+00
9.480016754254895872e+00
9.412655804031997420e+00
9.317268475137453265e+00
9.216771041390162011e+00
9.130207930604306910e+00
9.047391280033520999e+00
8.942657457661445264e+00
8.867180771190334099e+00
8.753637898730614708e+00
8.689551957422033013e+00
8.610318968628343228e+00
8.514077608017752041e+00
8.416115457485918938e+00
8.340272689312806520e+00
8.245016869068498622e+00
8.152037106252814525e+00
8.144046816625380103e+00
8.085612206070697638e+00
8.114431152786472978e+00
8.111614024105392673e+00
8.124216286660590924e+00
8.218543919848187329e+00
8.288392541047612028e+00
8.353292256801013949e+00
8.431492795458256140e+00
8.573269094966603276e+00
8.600101642844348859e+00
8.704963573006271105e+00
8.802763501048950445e+00
8.906360626833897953e+00
9.014816409622074644e+00
9.092376889262981265e+00
9.215007956136023637e+00
9.293214675114958467e+00
9.411969427668456234e+00
9.449687788538263078e+00
9.533472610326493069e+00
9.551740320848448818e+00
9.604488383066493995e+00
9.572333371830948678e+00
9.606714457757355774e+00
9.611336517203241669e+00
9.626133449004440124e+00
9.552173668797957262e+00
9.546111817283888357e+00
9.513414982478844095e+00
9.499827681434714677e+00
9.457714678449550050e+00
9.375904300807091474e+00
9.302747232288268719e+00
9.245525259606996116e+00
9.177827448361076890e+00
9.139016689365327295e+00
9.072593097682485563e+00
8.995290105583322315e+00
8.956613254043476857e+00
8.861044311995270206e+00
8.986127272901089924e+00
8.662675979996285136e+00
8.747217187997337717e+00
8.706389978472268254e+00
8.647300440810802513e+00
8.615816187175663998e+00
8.598890152619528493e+00
8.598497840122854896e+00
8.580383745332628820e+00
8.608006786320395065e+00
8.622255843370821182e+00
8.653117819798012533e+00
8.751181711872201063e+00
8.755974926377939838e+00
8.827054568740948071e+00
8.773920036010919077e+00
8.822949462569757983e+00
8.863928643563088627e+00
8.885609433221219433e+00
8.838564966862021421e+00
8.856111550482804518e+00
8.884221191266314932e+00
8.887922635165997676e+00
8.968662355097290373e+00
8.978914856657235433e+00
9.037505112687716391e+00
9.040236977911762395e+00
9.087633491890469983e+00
9.105329523538078007e+00
9.119756762064151090e+00
9.029343215537608103e+00
8.965967777106241599e+00
8.918632516633548946e+00
8.870300375340590904e+00
8.808664526083710200e+00
8.754648115272555486e+00
8.690106372812284263e+00
8.653345630157939894e+00
8.573422945545308593e+00
8.591553634283313201e+00
8.585697070078371240e+00
8.635132003335472817e+00
8.737914714692079698e+00
8.742087524606262150e+00
8.877330087601935205e+00
8.903881522171392504e+00
9.011141467306240216e+00
9.095379390655949692e+00
9.185438158836602085e+00
9.251518781258216251e+00
9.290117345671548676e+00
9.361809698189265561e+00
9.339363468622186915e+00
9.241162982078835242e+00
9.280435979967002424e+00
9.189204258417035476e+00
9.175290414311575660e+00
9.100740171756951824e+00
9.027772648859466287e+00
8.990272200986535012e+00
8.891269416732180630e+00
8.831962262998079183e+00
8.806413233908010341e+00
8.681852699327549772e+00
8.553439404636110410e+00
8.447497305763338460e+00
8.283644447936264754e+00
8.088844507204399292e+00
7.962035690694942325e+00
7.693964427014156726e+00
7.653044271096684170e+00
7.576646128554232362e+00
7.465647400469149098e+00
7.427633143219876111e+00
7.300864152168131227e+00
7.255709198855896602e+00
7.185387960057545875e+00
7.093484481489779725e+00
7.035829896684549389e+00
6.943189397932187923e+00
6.878822247181163974e+00
6.813872114400133739e+00
6.717809610505915074e+00
6.623645897804497196e+00
6.546747527323690363e+00
6.448793528046980583e+00
6.384893380428067644e+00
6.329467652338516714e+00
6.312344366692361319e+00
6.280453472638294343e+00
6.203479450043305476e+00
6.183768951649901702e+00
6.192192276974920695e+00
6.173177407033942465e+00
6.161391308658235033e+00
6.151916756179693024e+00
6.086679508895327828e+00
6.021911083053250735e+00
5.977500141439045400e+00
5.944941904639494012e+00
5.906247693883600824e+00
5.837199300506628497e+00
5.799993805765057964e+00
5.746818143167458537e+00
5.657606191388440564e+00
5.549981835118845019e+00
5.455922680709282879e+00
5.327032445898390201e+00
5.143227588425856922e+00
4.983426111480899756e+00
4.889949603614333284e+00
4.826878187750778260e+00
4.770455401981292809e+00
4.745755119417756518e+00
4.722231266833690988e+00
4.713895257909734404e+00
4.724509808951198764e+00
4.777286683209903906e+00
4.807150077106053132e+00
4.881569116484241633e+00
4.993705967865393447e+00
5.063279566070544746e+00
5.176811449165080958e+00
5.299113158142550795e+00
5.370327018572751854e+00
5.520260129238353741e+00
5.617977583517986595e+00
5.725512137035706495e+00
5.835515643854741974e+00
5.925001625763753665e+00
6.016708568397922896e+00
5.999545759718884597e+00
5.938932033737375882e+00
5.913805202899290236e+00
5.815007579470217181e+00
5.775073151521756820e+00
5.731795233611410190e+00
5.633618860652696902e+00
5.485793497065747815e+00
5.251663134196604688e+00
5.021276942654297137e+00
4.778213182489893462e+00
4.509951981896016093e+00
4.239414912070190944e+00
3.898841921846087910e+00
3.525636723380283222e+00
3.094817617066050630e+00
2.674678345379869704e+00
2.350390628393554060e+00
2.061916428607156959e+00
1.837420261890203799e+00
1.705669815391903876e+00
1.624169260118808022e+00
1.544818471135287030e+00
1.408451087072354335e+00
1.263497061988825276e+00
1.129944170180310126e+00
1.017287983256482953e+00
9.446207393040363387e-01
9.635566130141554053e-01
1.005081188216477406e+00
1.037421822324858800e+00
1.073584735572797211e+00
1.118874897489995801e+00
1.165669681479905240e+00
1.215787739150725022e+00
1.268485303685715326e+00
1.308442913138120112e+00
1.334777822722356566e+00
1.375760960229937435e+00
1.411550049703361731e+00
1.419919009635024487e+00
1.446330094730127858e+00
1.458702386089181458e+00
1.447211438270491923e+00
1.422177791603630448e+00
1.293840463755716153e+00
1.087487747357211321e+00
8.423447833879397217e-01
5.730593086082065302e-01
2.935905353379286709e-01
4.477324898019430927e-02
1.239989530493037454e-03
1.495994870938338432e-03
1.479992764827744393e-03
2.680004273180751936e-04
7.105427357601001859e-15
0.000000000000000000e+00
0.000000000000000000e+00
1.421085471520200372e-14
7.105427357601001859e-15
7.105427357601001859e-15
7.105427357601001859e-15
7.105427357601001859e-15
7.105427357601001859e-15
0.000000000000000000e+00
1.004859173557616107e-14
0.000000000000000000e+00
1.004859173557616107e-14
