-1.730495744521473936e-02
-2.081203127686426929e-02
-3.957559721283870208e-02
1.661213011565681671e-02
5.010614845671462585e-03
-1.333490097034445952e-02
6.678528827810027713e-02
-1.455459208088905922e-02
-1.788094605471359519e-03
2.461217162876580544e-02
5.082068644482266515e-03
-3.091979411598983624e-02
4.105425285823951359e-02
1.808934366509162145e-02
-1.724555751565945080e-02
-5.781021073046991969e-03
-1.973092047069217522e-02
4.357818771237845917e-02
1.475971991030501553e-03
-1.420896732523868611e-02
2.177803947018176756e-02
2.698642637236361302e-02
2.616757765955781551e-02
-6.049127578264056060e-03
2.760536445900510592e-03
1.337016232920302736e-02
-3.619707356611696208e-02
-1.997775755535866060e-02
1.207791001569716131e-02
1.135692715089691232e-02
-1.101467273766025545e-02
-9.060412309469537129e-03
2.347384587327151426e-02
-1.121993542377433539e-02
-5.629713219978413688e-03
-2.019401789983963150e-02
5.041242967825979027e-02
-4.410528645347474436e-02
3.126610447037644902e-02
-3.442594844485151288e-03
-2.927095467466463152e-02
3.152135860175354909e-02
4.708268524044972869e-02
-6.705038289850695499e-03
1.741704201160752460e-02
2.521946170657324987e-02
-2.582161444143645391e-03
-1.001772386111919296e-03
1.239675987315260429e-02
-1.188977262401384218e-02
2.692873573828021005e-02
-4.522218612069374422e-02
5.139021219561563242e-02
2.747077517623724291e-02
4.186764326683407866e-02
-4.406173227159654315e-02
4.403377736891838506e-02
-6.143989891081164112e-02
3.496907200814423217e-02
7.744582932871064973e-03
3.118027880012497199e-02
3.545733936942600893e-04
-2.992629550153985424e-03
5.110407645344968580e-02
-2.691965327148330284e-02
-9.131809762407820663e-02
5.993966478449028884e-02
1.105069631955951232e-01
-1.161629221521240235e-01
-9.040335347632862204e-04
8.369466523849330986e-02
3.053367587418732987e-03
-5.076118076287824965e-02
2.188832864273738965e-02
-5.845759952131749509e-02
-1.110585669189952107e-02
1.740905958438361892e-02
5.844325369245153418e-02
3.266139207944188799e-02
-1.688505642678970672e-02
4.338450164778456103e-02
4.846288016876798381e-03
1.788369113067944313e-02
1.118482352287133996e-02
5.756842103928000616e-03
3.977379809114043457e-02
1.319067807630283987e-02
-2.149961335280207303e-02
5.124506438713274936e-02
4.891587185717244293e-04
-1.970808236674873037e-02
1.431621586331310869e-02
3.093148270742625619e-02
2.357780979512609509e-02
4.659187690761567441e-02
-3.374230160932871481e-02
3.481242870689689461e-02
5.319534517131191062e-03
-5.520542431085170149e-02
7.716814147643658375e-03
4.112361615384817204e-02
-5.590240944630146813e-02
-1.622290274884100048e-03
1.238761456356800641e-02
-2.282613991541581830e-02
-2.077536876116320430e-02
9.776212599210068119e-03
-5.186044667717012308e-02
-5.085420350578228471e-02
-4.895644857340469835e-02
2.717148036404054001e-01
-1.423587267361385578e-01
1.265654716244557845e-02
5.500914539164900030e-02
-4.596921195280667671e-02
5.755264134836290957e-02
3.592620967389033998e-02
-1.171751946634745807e-02
3.014968359485629620e-02
1.985944447701509449e-02
-2.793369300313796808e-02
4.577924760724677578e-02
-3.523214872192092367e-02
2.416941472314657405e-02
-2.443761312683034523e-02
1.260753074318953816e-02
5.957756027914965641e-02
-1.097662116061232790e-02
-2.013661222259038874e-02
5.670605542691217749e-02
-9.928046415487834508e-03
1.077955346217070003e-02
1.931471270080461003e-02
2.632012082094050548e-02
3.553810029010984889e-02
3.785434588356150105e-03
-7.881568476235342735e-02
7.511596382267897443e-02
3.325372344853522871e-02
2.970818691985820797e-02
3.349296370826303215e-02
-7.707350058965562432e-03
1.655452116158311060e-02
-4.099496130164154845e-03
5.998629486194219373e-02
-9.030545351214483776e-03
2.265547588538285168e-02
2.801297777067358191e-02
-4.410948165200000853e-03
8.160281489313986336e-02
-1.226226836678362755e-02
-1.659985424558496972e-02
-1.081633371688406689e-02
1.228292374767084305e-02
2.024802920490942348e-02
-6.089050354862630098e-03
2.161456976357231663e-02
5.080041924305328874e-03
1.590934094246259853e-02
2.404194045430859544e-02
2.691462293810938620e-03
5.679114102019489942e-03
-1.633627495536498983e-02
8.796283555478015548e-02
2.167848622540234638e-02
-3.397771429770006513e-02
3.223196290726344782e-02
-2.546079580953992082e-03
2.654026866303109758e-02
-3.494147402006336778e-02
1.695337817027520524e-02
5.682180589126574477e-02
7.572491733494092492e-03
-3.370503716426513641e-02
3.837259529052798601e-02
3.065491195430345567e-02
-9.494551541409738601e-03
-1.920263262529335255e-03
9.360122353886068253e-03
5.177053750200574789e-02
-2.324101422854023963e-02
6.854830797519882724e-02
-4.780283283123357846e-03
-2.793842952347053155e-03
-2.456771909182416808e-03
4.353110246248891729e-02
1.212027730171506487e-02
-2.128878425414933509e-02
6.460105849413379231e-02
1.383706393900154680e-02
3.724540541710111979e-02
2.088726516641086633e-02
-3.107202605020880932e-03
7.560109460845834684e-02
-2.498448543849805456e-02
1.573173403252968450e-02
8.476649119475453131e-03
-4.951084573033785047e-02
5.911212038853692202e-02
-3.133545125823983951e-02
5.527015831850150968e-02
1.916292890882539610e-02
3.508481537779663956e-02
-2.951501334211691085e-02
2.453088175829849782e-02
6.349213840634752859e-02
-9.218045781751409498e-03
-1.745896143704988093e-02
-1.415632052378864268e-03
8.095162083618311424e-03
-1.613017375889593680e-02
1.223296666247310031e-02
3.761691386943410986e-02
-7.801250118632610531e-02
7.177112706885083182e-02
8.200218339471630064e-03
4.807977938747747676e-02
1.344601838796437819e-02
5.841154805314470802e-03
2.355013735769297470e-02
8.870606468446642218e-03
-1.995514598791112149e-02
2.460986712680160449e-02
-2.950207852361198813e-02
4.728824132382390688e-02
4.284843683787360746e-02
-4.362200629213602854e-02
9.861110912710613352e-02
-2.462220988650767189e-02
1.858789589946566179e-02
-3.828735153225476529e-02
4.281856511426958278e-02
-2.393846391130997550e-02
8.798658069332172815e-02
-4.972268315924251170e-02
5.414226099710505585e-02
-1.076089449390352226e-02
3.814022826629871743e-02
1.045824478874025042e-02
9.524064133583720962e-03
7.837437462509283526e-03
-4.814254191885936757e-02
1.659996474572435904e-02
4.761226300793225397e-02
-7.981146464025842824e-02
4.490963215851651036e-02
5.768963035793366750e-02
-1.367970792352033241e-02
1.728461890296322315e-02
1.695293367792266928e-02
3.664324098481680503e-02
9.423915175235914043e-03
5.979046293987828886e-04
-1.363332614595300432e-02
-2.973305811944595284e-02
7.642002387517402018e-04
-4.974186934875332589e-02
-9.600672335591142748e-02
-1.249301854606847673e-01
-1.700983620097740734e-01
-1.203529853320473575e-01
-1.986825571002850954e-01
-1.494726723549537339e-01
-1.222816377405397947e-01
-2.136566518444848739e-01
-1.586414993691674102e-01
-2.018227744383001565e-01
-1.553678507183294810e-01
-2.213173806942624056e-01
-2.164544491585490837e-01
-2.062124360384475774e-01
-2.435424533669268976e-01
-1.412498550781355888e-01
3.502857666514818530e-02
1.373053565065546489e-01
-6.391292097748940693e-02
-7.303180212811079264e-02
-2.884544342668398514e-02
-3.706158879935448919e-03
-3.250599149583669606e-02
3.129149266098356363e-02
-1.543193848702894937e-02
-5.905717188037278020e-03
4.720308319281427134e-02
-3.924621493694758351e-02
-1.849542259239344774e-02
2.292695550098529031e-02
1.694091948923122717e-02
-4.834078340481435393e-02
6.259624161794577479e-02
1.201865683419668998e-02
-3.679909859831492769e-02
5.052723719038666739e-02
-6.911388453045511082e-02
-3.463273667513768611e-02
6.204121756186685259e-03
-2.061909953738902401e-02
-1.243960822527276355e-02
2.067926629758803231e-02
-1.340151422910426313e-02
7.235930936937853830e-02
-4.882485077595456746e-02
4.967565349139439757e-03
2.867034271872675663e-02
-5.058114954442732153e-03
-9.238428132168696044e-03
3.522466911348972468e-02
6.322148583335534047e-03
-4.159756010349138777e-02
3.738419301046323751e-02
-3.716271428547114619e-03
3.824688126162655542e-03
-4.712619905338420734e-02
1.526910235538004711e-03
1.946327445563326708e-01
-4.690371927834632859e-02
-9.234225024317696540e-02
6.455572233514191016e-02
-2.796670878646979191e-02
3.595701569626790634e-02
2.765300480493754903e-02
1.491232054297745614e-02
-5.504331894223865422e-03
3.069994292752221618e-02
-3.818101100003060827e-02
1.957041339185614653e-02
-2.119991196618627172e-02
-9.189393701492567720e-03
2.878493437341312494e-02
-3.561222239153045976e-02
2.848545606732948501e-02
-6.099740971622224367e-02
1.011279693001390367e-01
-7.483513943165383264e-02
7.942799813103680606e-02
9.702417565572027391e-02
-5.304956502589786710e-02
8.701053147837155971e-03
-1.269101658054961126e-02
2.669163360020866682e-02
5.712503220283369522e-03
-2.158048449599765661e-02
-5.157658121477735891e-02
7.381081832439312373e-02
7.350269173441832671e-02
-1.054442470277210525e-01
1.139852351683182108e-02
-5.444453252822521044e-02
1.746097769071670337e-03
-3.250195858796224579e-02
-2.172106355826267793e-02
-1.383107336064039357e-02
-1.283935557349760032e-02
-7.935729613710623687e-02
-7.765481897603784822e-02
-7.776540082719626823e-02
-1.227865618346418719e-01
-3.528342984626275242e-02
-1.911892135399662074e-03
-9.056910142114635298e-02
-1.247856102269831458e-01
-9.946596135072002798e-02
-1.710327836206122082e-02
-1.247919666918739512e-01
-9.372094487901493076e-02
-6.932051210387019102e-02
-7.648050412825882494e-02
-1.220503234049294949e-01
-7.547377540366859150e-02
-4.182348759613938732e-02
-8.762487067017685205e-02
-1.027434817070010664e-01
-6.613527176332886781e-02
-4.110045042249638181e-02
2.552042712933339993e-02
-8.233976978156001825e-02
-4.153136340787615816e-02
-3.418833779512765736e-02
6.309900247116091709e-02
3.415149495486919512e-02
-4.021940659866711509e-02
5.538629286608939828e-02
8.094661679214662335e-04
1.627272570888441128e-02
5.733413875002950355e-02
4.180682314207328359e-02
-3.097366483723456958e-03
4.661074749720889310e-02
3.159406400482152669e-03
1.928880617484494270e-02
4.923464843336881891e-02
-9.169615907467947025e-03
1.912898718960999098e-02
2.288388718047641018e-02
-9.335747059185815679e-04
4.180104506637113797e-03
5.347586735127513036e-02
3.436717973902821827e-02
1.133314662283729790e-02
-1.560734239037734478e-02
2.712085897327744938e-02
3.841983539030995737e-02
-3.248974889724108583e-02
4.424637540097160759e-02
4.053802269474370001e-02
4.018650839680684705e-02
1.259592899218981051e-02
5.932521880038353623e-02
1.056085480268744228e-02
1.698493406396436867e-02
2.875202127739729524e-02
4.347850570640459517e-02
5.586436046202129108e-02
5.698399165795546562e-02
2.181904486296749532e-02
-4.956942009370631647e-03
4.171307229401651634e-02
5.655007637267128739e-02
-7.382935717842261519e-03
6.020833416660453796e-02
-1.657341792230377503e-02
6.517015470838696811e-02
1.390566286290349091e-02
5.903242527099632556e-03
3.195760535767835225e-03
1.154312640993576840e-02
1.333779364654664318e-04
1.036812675469817313e-01
-4.156993960018341011e-02
-2.073158896045249056e-02
5.682035030742643711e-02
6.016260694883075050e-02
-8.905862251539106017e-03
1.898929898162124430e-02
2.812398975446870480e-02
1.968373416631798503e-02
3.680990459387595282e-02
1.881339678341427749e-02
-1.878104325623172755e-03
5.941376370647175054e-02
3.369160820927036282e-02
1.620696071694310847e-02
6.751305951857689003e-03
6.014930233006358928e-02
-6.443725968351295824e-03
5.451295645348597230e-02
2.411385556329184374e-02
2.948185154131917687e-02
7.441236419080030084e-02
2.151467012551600694e-02
3.158877756229454270e-02
-4.679037857720749760e-02
5.620973446826337677e-02
1.192780065159577269e-02
3.327268733329322159e-02
1.397835369571248654e-01
-4.575782456877565754e-03
7.790239904042700614e-02
1.247535765526667784e-01
-1.405827001650400421e-01
-1.623069989229959653e-02
5.816352222440410169e-02
2.049620005473760942e-02
3.159704786797438297e-02
-3.401885884174477709e-02
9.690650308887550912e-02
3.016677330816492503e-02
8.390161836542051055e-02
1.494058163205612931e-02
3.655461834602469900e-02
-2.658568350276571679e-02
2.507676213767229961e-02
2.515398428091810117e-03
5.504535939949456447e-03
7.163151496945084629e-02
5.262830478261936590e-02
-7.371160571115874076e-03
-4.557164689772728178e-02
6.441267692143729136e-03
8.778141425686851462e-02
-4.427126118328984783e-02
-2.775314707537187425e-02
1.745823784187366251e-02
1.128746334143438806e-01
5.216799976330030453e-02
5.065028278617050156e-02
-1.730009883188234759e-02
3.652601282897387225e-02
-3.590768673400339395e-02
-6.709961899494230886e-02
2.147875755857639457e-02
3.106348836515487877e-02
8.835642435737305067e-04
1.069447496894774113e-01
-1.944293765625095677e-02
-2.387592522392653627e-02
1.600205585176558629e-02
4.382125868292580106e-02
6.275226945500141096e-02
7.931177816912494960e-02
1.319988863893778799e-03
1.266855982578764597e-02
4.630494834316394720e-02
6.961592460626361833e-02
-7.627410750070683088e-02
1.169476480357105677e-02
1.075713063461605778e-01
5.473686521601460464e-02
9.149458977042601582e-02
7.980678762039880580e-03
-3.675095558574455190e-02
5.890773685768486978e-02
2.774891471825362277e-02
1.311501205137740877e-01
-2.397131854058090483e-02
-8.254401281169021498e-02
1.201120133163836173e-01
9.168308816403186734e-02
4.007463740969339355e-02
-3.272616316918265655e-02
8.996374674227101964e-02
-1.370597085693459616e-01
9.938776564259456381e-02
3.576211847664041016e-02
1.272803928165757055e-02
-2.651402434028448871e-02
1.118848910940072605e-01
-2.293252610017874893e-02
-3.484014140053819097e-02
-3.045973265148819997e-02
-1.280743873559539621e-02
3.901455470829594263e-02
-5.666668496145037259e-02
2.815073540293767940e-02
-7.848839493309109350e-02
-5.542962484262359962e-02
-3.244659838935408380e-02
-1.397663182531288725e-02
-6.156857831735738223e-02
-2.323512172323857414e-02
-8.572077572017954006e-02
-9.566409043523818601e-02
-4.614787658871506021e-02
-8.205989087466156184e-02
-7.914430237905320520e-02
-1.997485425833036427e-02
-1.801840938718190371e-02
-1.099519031204612834e-01
-8.468925205236652043e-02
-8.221022500283552137e-02
-1.032386786718871158e-01
-3.854200881472198692e-02
-1.097636834872350309e-01
2.656218226622469175e-02
-1.257170806836394872e-01
-1.232957130156949604e-02
-5.909404415254055493e-02
-1.059603202073549633e-01
2.028478695871473864e-02
-9.193238995145146253e-02
1.644230937172613816e-03
1.065814968707804594e-02
-3.934797797496180499e-02
-9.633959558379093929e-03
-4.329307113436609705e-02
-1.371426493940202003e-02
-1.517557767486734212e-03
5.156175599013240046e-02
1.338678648210356531e-03
-3.219468534614129684e-02
2.626205714929849555e-02
1.317269585922146644e-02
-6.863157545721944308e-02
3.048076570640163505e-02
3.460399428361926599e-02
-1.606405726096054101e-02
4.057656864040398714e-02
8.611985519012035559e-03
-2.002170974983095292e-02
1.128497760943010693e-02
7.353321460327780570e-03
-9.450344765130527357e-04
6.436396732863761128e-02
-3.844504409801410144e-02
9.807018680652281745e-03
2.311652122221865419e-02
-2.747367945767555109e-03
1.861007773182437805e-02
1.116211064603069708e-02
-2.879347400140007916e-03
2.639325348150649633e-02
4.004166956652294856e-02
-5.132616972456530667e-03
2.260949702317823200e-03
-1.710424705221299732e-02
1.843130601778227018e-02
-2.005823862104529412e-02
7.288314453917642266e-02
-3.084905248991362189e-02
-1.600792907047611166e-02
3.777423334650529402e-02
1.552410528446414653e-02
8.599181353006036740e-03
1.442114629501685223e-02
4.392652119493901247e-02
-3.125225305473396803e-02
-1.172158127551984480e-02
4.360605834331264530e-02
1.607671042704905684e-02
7.238968751560283764e-03
2.250912477995972716e-02
3.625709273228633345e-02
-1.379826017226897655e-02
-8.150779938848507974e-03
5.912694263045478044e-02
-5.742230007804473985e-02
-6.324305750908441881e-03
4.915183179413937925e-02
-9.219249034599294457e-02
1.185358591443285564e-01
-2.991838128052305007e-03
-7.073061949422156623e-03
3.392696247534057047e-02
4.181975303245394349e-02
-2.719074183692473182e-02
8.505025993002378326e-02
-1.011569512606202703e-01
9.358224683194325821e-02
-3.471967260645037606e-02
-9.866851830492899544e-03
6.778356086372991363e-02
5.980175399138604186e-02
6.153252058949343350e-02
1.199843878886099890e-01
8.915267892897064950e-02
1.218438752159229088e-01
1.526073555252581149e-01
8.954603399319970014e-02
8.432716723767380573e-02
1.917267185017476061e-01
1.138387628088393527e-01
1.668952288277776308e-01
1.690147914061669032e-01
1.296097829008828750e-01
1.276819135024238883e-01
1.707367510191505899e-01
4.238180896409222964e-02
8.652992894698469106e-02
1.314616125859129625e-01
1.120918622742781423e-01
1.877888624607032542e-02
3.169133548614260637e-02
5.591141061101023713e-02
2.290743045124292096e-02
2.588424539231783117e-02
3.771778888103249905e-02
-1.484282445360696895e-02
7.308650279233493141e-02
3.988197533181486037e-02
-2.704651828196201133e-02
1.470190848603792483e-02
-3.026819131069092769e-02
7.125277804124405256e-02
1.420022085632437550e-02
1.946663486121467945e-02
2.945551849185296112e-02
-2.260000693227538077e-02
-1.211721623980900608e-03
1.345857382401957972e-02
-3.929564727308248323e-02
2.988210967525460962e-02
3.352676789513810846e-02
-2.936535967602627376e-02
-8.880491886118346140e-04
6.596962678914734812e-02
1.292587963059708273e-02
-2.971886136147492558e-02
-9.602978014462238560e-03
5.480771513569016734e-02
-1.036867396945689856e-02
3.120830363801474841e-02
-4.872510827671183709e-02
-3.200203471559162627e-02
-2.682493456415664147e-03
1.027316379112831052e-02
-2.607038813902287644e-02
-6.671689077839978999e-02
1.644247300064706485e-02
3.244343437066512376e-02
-1.274848778281845174e-02
-5.639442037244105782e-02
-5.385831490732889866e-03
2.332533269385134861e-02
-2.789294505710886510e-02
2.133477676453745739e-02
-2.568460576112079410e-02
3.169553216474545188e-02
-9.085188111076721723e-03
2.722173717604922574e-03
-2.068538338785198133e-02
-2.148406558629042604e-02
-1.458900089972541697e-02
3.806850605164462109e-02
-2.810713295391301103e-02
2.702902380559092568e-03
3.457974577287719481e-02
-2.534884338967186707e-02
6.280360197591262905e-02
7.970661077068237621e-02
8.185651625257856293e-04
-5.227080189432394691e-02
6.903136859071429265e-02
2.731444819423033132e-02
-3.492468122979455053e-02
3.591326806315262715e-02
-1.790924264548719377e-02
5.711030221042734216e-03
1.237005790191103745e-02
4.848326951271191010e-02
-4.834423489290635284e-02
4.774102446796081589e-02
-6.772946579786847179e-03
3.886591424493819613e-02
8.101029357988859085e-04
-1.526687204479087144e-02
6.901971953101343309e-03
-3.971281995057182601e-03
1.581832144512296603e-02
1.070309756839148488e-02
2.040499287793325761e-02
-7.321306040276621963e-03
-4.008807489344777542e-02
1.165023392330032798e-01
-7.796824336399358832e-04
-1.123927051941281396e-02
2.632349294310763754e-02
2.947448104619326825e-02
3.121946973926726515e-02
-2.207781594897295294e-03
2.954402964787099586e-02
-1.750790446774118034e-02
2.564476287136867316e-02
3.154474868852762126e-02
2.784269142567901562e-02
-5.210245444632365802e-02
-8.901084852237994838e-02
-7.894024778754676896e-02
-1.047817376681217660e-01
-2.131842741314040612e-01
-1.604385555267274222e-01
-1.256267416433072270e-01
-1.829084790142458394e-01
-3.254694476376444184e-02
-8.366149647584565641e-02
-1.639330104568152147e-01
-5.334660168987439416e-02
2.933439250025826617e-02
-9.607287685414769851e-02
3.669438935019274373e-02
-6.267761487081260907e-02
-5.457706836204024442e-02
9.011743437994855499e-02
-6.104558297379560072e-02
-1.662936667649028352e-02
-1.108610153880641019e-02
-1.799371469569859688e-02
-5.411294021045390257e-02
5.354146909169255064e-02
-1.102380617661237461e-02
2.638920060951573110e-02
-2.678507277285466573e-02
4.010708453639107857e-02
-2.796058512836265691e-02
1.310026937679041950e-02
-1.632324083312209143e-02
3.405749978503979682e-03
2.715207042416018304e-02
1.496143363862568673e-03
1.801182020637344047e-02
5.667374665950020846e-02
4.887551186448063634e-02
-7.268310087548772100e-03
3.478617426004255997e-02
2.239303052968304522e-02
-2.320427754580224947e-02
6.656854660361349874e-02
5.100615388025195318e-02
-5.374577065054401276e-02
5.852125512357524845e-02
2.596995337587779118e-02
-1.535546279405284285e-02
1.891055351860470440e-02
-2.358288415896668544e-02
-4.091600716345271394e-02
8.778487731388608106e-02
-1.442389223768322792e-02
1.094399665538355187e-01
-3.682775736153752477e-02
3.642088286453340484e-02
-2.075603083700799413e-03
-3.450280567284476352e-02
3.100960870108761258e-02
7.732550462601042035e-03
-2.657575335413417394e-02
-1.429130268299909357e-02
-5.175642535746774464e-02
-1.348680244052406774e-01
-3.390383539173237593e-02
7.318536388508234403e-02
-1.269478267990643006e-01
4.755610091258838379e-02
-5.368136955554769774e-02
1.018719000895802473e-01
6.986855223599583442e-04
3.953975875564005871e-02
9.408427831875629255e-02
-1.029011573648091690e-02
-1.862425798025525020e-02
1.048529187872237166e-02
7.099365135510718461e-02
7.753209546994080381e-02
1.513654839941060842e-02
-9.598758754283831518e-02
1.354608086657161370e-01
8.094289676578514739e-03
3.763981240102096115e-02
-2.499512622824794084e-02
-4.331854178299804348e-02
6.303749767158660366e-03
6.691445844197371762e-02
-9.862662620582695813e-03
-5.161238376801752237e-02
1.538535746985231212e-03
-6.157673407622892003e-02
1.132148321143958483e-02
-9.020825399281517942e-02
-5.827611147901329280e-02
5.414370829324138129e-02
3.260667530318464569e-02
-1.161302367285070025e-01
1.325119849387107474e-02
-8.986512189923148708e-02
-8.290625923761077432e-03
-7.784222168938552400e-02
-8.063108220244771807e-02
-6.944680161961740150e-02
2.925489142891974856e-02
-4.023375378894210319e-02
-1.017342517418123871e-01
3.746814369707728021e-02
-2.938910024311060590e-02
-1.377713196341107636e-02
-1.123977564592312101e-01
-7.887409298962591575e-02
1.732350735999462280e-02
-6.863606294081010806e-02
-4.146107250022536966e-03
-1.992785719459900032e-02
-2.477272450855091956e-02
-6.677808313373694016e-02
-2.835625440986135060e-02
-1.281901369660615742e-01
-8.504563045823655687e-02
7.359461386544700195e-03
-4.982729291646900704e-02
-8.436789921912700441e-02
-5.903293923001775440e-02
-6.581670662718628641e-03
-2.518212675546133844e-02
-1.776823425521631417e-02
-3.949435209471411495e-02
-9.800101629416496651e-04
6.029767834975213736e-02
-1.886605049033299175e-02
-1.017369702519417898e-02
3.641505845871164521e-03
-1.585195205328557982e-02
-2.389762673169627816e-02
-6.007081514257675559e-03
2.419636211063230097e-02
-4.110353131178964836e-02
-1.867738234107254452e-02
3.347541019807770413e-02
1.224815249044540130e-02
-4.560425135688199461e-02
2.258355186324879221e-02
-6.367554134344979855e-02
-4.060129244433294260e-02
-4.217476885132649678e-02
1.871591017383105598e-02
-3.119865606353267040e-02
9.808560015614337102e-03
-2.298235411077145102e-02
-1.233431770910824524e-02
-7.176713628003639905e-04
-8.623338121198729361e-03
5.360077542821921510e-03
4.650107389208701404e-03
-2.692291337464805187e-02
-2.623825989797589145e-02
5.882158768085649775e-02
-1.740827865266716262e-03
4.600953236370541183e-02
-9.628812552126511659e-03
-7.923461153359850559e-03
-8.906512754736022053e-02
5.358326321018171828e-02
-6.612714621530089987e-02
7.908497331740160091e-03
5.804490289837978267e-02
7.874182718725090263e-03
-6.722921640592890991e-02
-1.448164597952422694e-01
-7.667353132383469827e-02
7.525121200905884877e-03
-3.367623832157377178e-02
-2.289293574558783767e-02
-3.244993330723913369e-03
-9.381877631328924827e-02
5.318240610387542366e-02
-1.639971251093492316e-02
-1.024446780600488105e-02
-3.108894890082869455e-02
-1.684449948359442450e-01
5.058631736519420691e-02
-4.538095152451412234e-02
1.591670353433785601e-02
-4.063761751343525352e-02
-9.993712171909617525e-02
3.269362565300613921e-02
-9.366189340275679620e-03
7.225005655877667077e-02
-4.817674388428933030e-02
-1.003699856695738218e-01
1.029121996584311458e-02
-1.114545101416267170e-01
-3.788909792587817627e-02
3.837593189584897341e-02
8.840381658137395904e-02
-6.218873973327147808e-02
7.190626991325729800e-02
-1.445995056899576081e-01
-3.117967374861058821e-02
-4.515485021658345588e-02
-7.042237335377249385e-02
-2.295820598525809969e-02
-1.203837479359906870e-01
-5.047494580941394582e-02
-5.785162802095933365e-02
-2.342483714238165551e-02
-5.513732140585898139e-02
-5.527357511052041761e-02
-1.824839361024969270e-02
9.621229398723485024e-04
-7.310973882757933195e-02
5.899431538002301856e-02
-5.482294876609278972e-02
2.061244865959795808e-02
-1.622362293636215452e-02
3.840301286479719245e-03
-1.470792657404881160e-02
-1.213193947677528028e-03
-9.117425747201837044e-03
4.122229020210369660e-02
5.619315459518895578e-02
1.273379940497859804e-02
9.211184712473249880e-02
5.871079146381312508e-02
1.344211205860197100e-01
4.438705969408015400e-02
1.413655637018907674e-01
1.053614194862779185e-01
1.856255102603136531e-01
1.343763359463084339e-01
2.100884731667572725e-01
1.580264950160705506e-01
1.196939363526983435e-01
1.657011225702161583e-01
1.719278078511152219e-01
1.086714463309623041e-01
1.798177018401901361e-01
9.791691745913355671e-02
1.023954739217699389e-01
1.746695180252759438e-02
1.172385341753132554e-01
5.063473553010271189e-02
4.465738096708565807e-02
3.478971136807604281e-03
3.137314903731139998e-02
6.533249601282030763e-03
3.726681405425245203e-02
-3.517520812489371290e-02
2.030325266197889611e-02
-6.589057241605759431e-03
3.637217050036894300e-02
-1.225164976175563587e-02
7.419549903309476807e-03
5.960891142983647771e-04
1.241339534486901770e-02
3.412372849756110937e-02
3.335612015445538030e-03
2.091543294189594435e-02
4.720752947951698669e-02
2.525394840379676514e-02
-1.668034718245505268e-03
7.185433550559239269e-02
9.018447423763467641e-02
-2.442009147966741830e-02
4.322681869398105337e-02
1.161540306856728572e-01
7.180015697808979358e-02
8.591549857252391009e-02
5.678990720388765734e-02
2.901097101567853137e-02
1.431546927060061425e-01
5.271630836268888926e-02
1.114505320676765776e-01
7.381249125681194068e-02
6.402197399683923207e-02
1.027833711016208906e-01
1.201147689834276833e-01
4.629254596582723508e-02
7.755892019127164083e-02
1.274315189858110098e-01
1.067301713361564208e-01
6.703841467923521424e-02
1.177965019312078032e-01
1.248421663530872583e-01
3.212567258190934805e-02
2.652721472735718178e-02
2.661633220964152238e-02
1.040225716580845533e-01
4.942176724691434153e-02
1.780327085621351280e-02
2.586719081087776595e-02
-7.635583813929112951e-03
3.553094056643141957e-02
-2.118613161721665666e-02
1.254016544333326315e-02
-7.879103135282639059e-02
3.058119485765109155e-02
7.509460083214430925e-04
-1.566776503563484246e-01
-1.736102765473198500e-02
6.698677145107143072e-02
-2.928633077848012342e-02
-2.854580623991657962e-02
-2.273767635995181322e-02
-4.797260135043796003e-02
-3.034214179467077319e-02
-4.993142258596762473e-02
-3.072442265792880295e-02
5.655408513642823376e-03
-7.012786686205597919e-02
-8.084901231441002367e-02
-1.864960817577665519e-02
-1.238513275755059873e-02
-6.431605617075362991e-02
5.062281050915495850e-03
-1.135092659510090612e-01
-1.134194975387687460e-02
-3.653053792028533586e-02
-3.803079011776681895e-02
-1.828516337893813098e-02
-1.288539638085127448e-01
-5.724551027334984221e-02
1.456712575294751566e-01
-1.140404321890254868e-01
-4.479392517011328290e-03
-7.001079445940069923e-02
-1.392698898293729705e-02
2.691942830743951007e-02
-3.139320736269191059e-02
-4.769198057740732521e-02
2.413592240724342364e-04
1.019373387202864717e-02
-5.757435576701887270e-02
-8.799626441170996238e-02
-7.904863063179284888e-02
-3.536780944707802049e-02
-3.770730745816130991e-02
-8.366654631443398715e-02
-8.705413672900003119e-02
-7.081710072166846892e-02
-2.646163433560115227e-02
-6.216888673281906197e-03
-3.476559621392798227e-02
9.378034991922981622e-03
-6.590949373283033763e-02
-2.417709498035985199e-02
-2.673043340134715479e-02
-1.840499328591193098e-02
-3.227524789602747440e-02
-3.148500430435011849e-02
-1.888000474119489250e-02
-1.967204567910096555e-02
9.927150732141808154e-03
4.938845251823505145e-02
8.473591756800348887e-03
6.296989769226296607e-03
5.076473408590240904e-02
3.882542452301141964e-04
4.855541029771111294e-02
-4.391484110770049742e-02
3.300079212114707949e-02
4.263712719733865619e-02
-3.000503890761053657e-02
5.283789079894481155e-02
4.662180123899260092e-02
1.493982814290746933e-02
7.157049402527321767e-03
-6.577509325277502462e-04
5.781226756435808856e-02
-7.647522535947498534e-03
5.525517184497363149e-02
8.270972954993710546e-02
-6.161550901497980445e-03
1.112905360495452731e-02
-5.061396982751180038e-03
5.917313802675291945e-02
-1.472398502718494546e-02
-3.262014637085464824e-02
6.059006771588318352e-02
-3.904514867490681967e-02
3.948083916816841343e-02
9.468272625118387409e-03
-2.679436323799945507e-02
4.346572058500098451e-02
3.499781295399197190e-02
-2.012958569914893457e-04
2.413994483627645779e-02
4.772737916336227543e-02
-8.150809018686325236e-02
7.313628288072995115e-03
2.531977401842983727e-02
-3.449899281865928535e-02
7.945734053587052634e-03
-5.936739310828889615e-02
6.265944817566931890e-02
4.157249126382271676e-02
-3.954522843578499314e-02
-2.385658142155622913e-02
1.010129857997947855e-01
-3.872364387132445213e-02
-2.482765413692255077e-02
2.319648234430926256e-02
-5.432871088249559277e-03
4.597335293575601466e-03
2.054763690246235938e-02
1.231434381965654246e-02
-2.277218888992780729e-02
-2.102380811615747747e-02
-4.973912977532134183e-02
1.219106292932889239e-02
-3.003643792759912515e-02
-5.769521325405266646e-03
2.884113503671235923e-02
3.196983965366100716e-02
-1.251453497409264412e-04
-2.006858899124083773e-02
5.095970481859676826e-02
-2.944873700114677278e-02
2.606797028657908966e-02
1.382148619994980898e-01
-6.034105203898323250e-02
-7.127827962137028850e-02
5.949370357819602079e-02
-3.340810987560188794e-02
-2.250082305087050538e-02
4.899659921898798925e-02
-1.092033459166587284e-02
1.452039352342920399e-02
5.623400906292168669e-03
-2.036125751204716922e-02
2.499374875426922660e-02
2.879602494377770522e-02
1.820663082731636268e-02
-3.966181027651202728e-02
-1.847155980885611948e-03
-5.206724173758767171e-02
1.789395896817642939e-02
2.575800246481553882e-02
5.180774634499355803e-03
-5.656915821738559697e-02
4.658335984767331128e-02
1.198655169613115599e-02
5.539554628222873381e-03
-8.960115967772833492e-03
-7.470627807027328815e-02
9.057243103203495294e-02
1.434143885448713358e-02
3.084983993939128394e-03
6.124029526230740511e-02
2.281218019754605031e-02
3.489613023649978940e-02
2.509768010368986987e-02
-4.949401567748794133e-03
7.955642646407743920e-03
2.141952827692255104e-02
1.304822864919984128e-03
-3.267287016372730224e-02
1.730394959433100011e-02
-3.245507341363220583e-02
3.637367393646250696e-02
3.884140540159720933e-02
-1.238360535898019345e-02
-5.041500243815773274e-02
6.097909998938250836e-02
-4.645385390826570204e-02
-2.649515749541637988e-02
-7.712847099013789287e-02
-3.412836637745394336e-02
-5.693788883467573031e-02
7.520327676566553043e-03
-5.533419310626680465e-02
-8.458820374231922068e-02
-7.033308198125959310e-02
-1.598742065953815197e-02
-3.857970257050029328e-02
-2.849971267059701885e-02
-4.516210764052561166e-02
2.234974123980607019e-02
-1.043035411888022790e-02
-6.094744989822492229e-03
-7.531581670272442797e-02
2.377041625948130357e-02
-5.564521187953593885e-03
1.334444540000168967e-02
1.077863266908864887e-02
8.748899423851175597e-03
3.965403302538060733e-03
1.204760597415731500e-02
1.803255193568735135e-02
1.246471807940149369e-02
-5.700974868181659522e-04
5.135266186011987893e-02
-2.300030060189106607e-02
3.283246960851306934e-02
2.191479085396769860e-02
2.200182718152349226e-02
-1.384034268991382079e-02
5.114140410103756168e-02
7.769075654585368140e-02
3.407623071518985081e-02
6.731311801232731096e-02
3.627290060056306137e-02
4.276664622052858689e-02
1.078398304740740971e-01
-2.050995527355980660e-02
1.975492793283738571e-02
9.355138337380580760e-02
1.865705868890780994e-02
5.178638458910636566e-02
3.886870243826365950e-03
7.705726505949848926e-02
3.927024371199886246e-03
-6.242867972751695721e-02
3.853246872810105195e-02
3.310833147828038531e-02
2.041874174215168106e-02
-4.616492968755280674e-02
-2.253469907033619699e-02
2.273904495506988074e-03
-5.350681153678374380e-02
-2.255952182045282972e-02
-1.162087913947225382e-01
-2.561541345775202039e-02
-4.144975184124585765e-02
-1.115843086062553308e-01
-7.144145709067922789e-02
-1.112648165095019154e-01
-1.177403428125845253e-01
-8.907522055311917208e-02
-1.545789110077737116e-01
-1.157512836713170679e-01
-1.191828679296344090e-01
-1.529169267832437007e-01
-1.212370750127751973e-01
-1.757061318293361984e-01
-1.534560414262728101e-01
-1.576865162735825998e-01
-3.172518811752802481e-01
-2.438790715619536947e-02
1.093528063182660215e-01
-6.459478835755802506e-02
-2.436782596236395509e-02
3.472476817930277709e-02
-6.081958754729163696e-02
6.378905849583783351e-03
-2.985997834164526299e-02
-1.525583916928385450e-02
1.751964964247675061e-02
6.686788164846469741e-03
-2.047222474970704018e-02
3.007048679502828323e-02
3.115261487264787618e-02
-9.780877545684411173e-03
-4.280168204473219599e-03
-6.414047401203597232e-03
4.312962274261936818e-02
-2.763169964437470552e-02
8.907266811518682603e-03
3.548346965884709853e-02
-2.465303527022661150e-04
-2.251752892877345938e-03
-2.125294773425258094e-03
3.391682909177171773e-02
-1.929230579105628909e-02
2.577341893318868017e-03
3.040328549782410003e-02
-4.161433758393102283e-02
6.800108714883215666e-02
6.305279009049482956e-03
-2.915290394501015084e-02
2.718204051758545473e-02
5.222056816681615310e-02
6.651351189491732860e-03
-1.193130419466353204e-02
3.962097966928583570e-03
4.283182871798310587e-02
1.053674012062905466e-02
-1.068581393851916403e-02
2.903409339739486048e-02
9.079970283827756145e-03
1.120345282749573949e-02
7.075089655931605589e-03
6.613997658892204617e-03
5.366559125012476845e-03
3.749108935157498268e-02
8.188590866953277328e-03
1.505986443936090623e-02
2.052259024653072320e-02
-3.545680439265337051e-03
2.944519930629694443e-02
-4.584811740273073144e-03
-1.343989259724324157e-03
-2.992103247934294399e-02
-1.532037761331009502e-03
4.922178839688933980e-03
-1.461543971103276482e-02
-5.617509008846666152e-03
-1.270038372187052775e-02
1.932625828796059875e-02
1.632570922583102824e-02
-1.879710549547108228e-02
2.878747253915797666e-02
1.897453166087907650e-03
5.275105180021598741e-03
-2.385474387605305419e-02
5.381653030569727436e-03
-9.480884166262918550e-03
1.735162964029109134e-02
9.289084985424750016e-03
-4.935665921127885269e-02
6.086729943031755213e-02
9.587855853460549790e-03
-5.921191079766638735e-03
3.920741002816892362e-02
-1.910904464730453500e-02
2.280236428609654434e-03
1.636680972661775507e-02
2.005573956209634467e-02
2.947127941863172951e-02
-3.505061937462078392e-02
4.205428084780787196e-02
-2.079440638364079413e-02
1.745897943090326740e-02
-3.260426341152129065e-02
3.336369847311012465e-02
5.871099552326308063e-02
2.781658314991488842e-02
2.204911312741640247e-02
-8.639265798756413147e-04
-8.853894941281966607e-03
5.292650515748396900e-02
-1.471096993332394066e-04
3.159277162132666239e-02
-6.173576394437442841e-04
-1.029481015557582174e-01
9.043800457385547942e-02
8.919732655229847471e-03
-5.882379698450940220e-02
5.522378773225945087e-02
-2.034314993299345814e-02
-1.415450126475679797e-02
1.192369842045729045e-02
4.811649817842680171e-03
7.512711327587239495e-03
5.823924708168268238e-02
3.787592014271567650e-03
1.121657088572845101e-02
-3.745091754563993625e-02
5.409681760005928541e-02
-3.089453998220843128e-02
4.848873704757329650e-02
2.345408603139700204e-02
-4.977782153555927042e-02
-3.209009510129982867e-02
7.163194888154358897e-02
-3.171752339146959032e-02
5.177361500161423158e-02
-3.686073426024645550e-02
8.612766695480228440e-02
-4.605310524783744891e-02
1.244421152334287094e-02
-2.154071533020305781e-02
1.703646386499195996e-03
-1.363255490827491347e-03
2.168452358428003129e-02
-2.664116624880717710e-02
7.372701163762417423e-03
-3.582475508658793800e-02
1.989873899427448481e-02
5.764173499009060675e-03
-6.934328600962988420e-02
-5.525079600244432732e-02
1.460665699538435669e-01
-9.396961448114943272e-02
4.390922890399646950e-02
3.548921109911194749e-02
-1.498431929345651198e-02
7.078169624040681063e-02
1.706314358277246507e-02
-1.162735671987048108e-02
5.875834294188225781e-02
-2.218776829261485256e-02
-3.490062386603429156e-02
4.096926242964733789e-02
-1.438452586943753282e-02
4.701841740002463133e-02
-9.586764524486851569e-02
7.704111872178190379e-02
1.134774580427575646e-03
4.466904447597132982e-02
-1.339593579291074865e-02
2.436777379869163596e-02
-2.249884213049682669e-03
3.749758516375703565e-02
4.477264881887106640e-02
-3.894652590412081561e-02
1.024303320144682658e-02
4.004085707983642134e-02
5.120537393348081889e-02
5.580913983329689049e-02
1.690926311277405475e-02
6.306648994657732682e-03
-5.553752041156729408e-03
2.131526233771748394e-02
2.886552505601719387e-02
4.611212451753131381e-02
1.838093502448279182e-02
2.886606678744612839e-02
8.740977781465071941e-03
-1.335476777329107356e-02
1.274702396641408907e-02
3.528124490877131841e-02
1.267623535736092828e-02
-2.134710673762051786e-02
-6.210612298700865161e-04
3.105175989572967962e-02
3.142547740821288044e-02
2.078762894260671734e-02
-2.130074550387096172e-02
2.020369660161077871e-03
3.077587251921895181e-02
3.694273805704121477e-02
-1.188036246703637680e-02
4.952511891364651947e-02
-1.335016826103770961e-02
-2.878537153700766807e-02
1.588492869638424149e-02
3.607846948304668788e-02
1.743216398687435359e-02
1.186139854799942231e-02
-1.586307779520924714e-03
-1.749461732759415716e-02
3.948450103257868105e-02
4.069773852611549558e-02
-3.458231641721774829e-02
6.354196136944478823e-02
-7.165047034646233274e-04
4.829782485466919961e-02
-7.431070845234716976e-03
1.471279727294293183e-02
2.390982325700167013e-02
1.359485970810048010e-02
5.119873403087275843e-02
2.124512322350042767e-02
3.821874118609925458e-02
1.550063568420886710e-02
4.099345438094181837e-02
4.416134191209343529e-02
-2.200151137862037948e-02
3.689907037225834043e-03
3.549603849582748383e-02
-1.893517148868603325e-02
5.077204185353889621e-02
-2.536228735360353259e-02
1.132197444592447783e-01
-1.378814494214732761e-02
4.659203483012501479e-02
-4.830912050956141096e-02
1.481051492295107873e-02
1.475215856003272291e-02
2.883343489287381461e-03
5.013675822596355691e-02
1.823304468712565879e-02
2.526768553471309131e-02
3.715098793526862980e-02
4.086499906161448342e-02
3.398141981540934303e-02
-8.056137725544125321e-04
-1.296016050776692408e-02
1.570124040360810352e-02
4.430267096385312464e-02
4.965576828435099010e-02
-3.578396210287987378e-02
9.744242617813302088e-02
-2.670405954059282966e-02
6.848071773270495224e-03
2.492913554737560475e-02
1.204546854534618676e-02
-8.070744232896337120e-03
3.334228336179131686e-03
5.268177410466897553e-02
-2.586408779012905682e-02
2.778976292226901026e-02
-4.477613140392866509e-02
1.325293579814520138e-02
8.053169138537293395e-03
-1.650993030004786755e-02
1.016485315102129763e-02
-4.010677849593628774e-02
4.468233216015642106e-02
1.586180986616274671e-02
-2.952024095547373453e-02
9.917179802410990008e-03
1.200460798985690525e-03
-2.810614247255840276e-02
3.834772950668567659e-02
-5.939735487166734190e-02
4.062502701689872653e-02
2.708627040688318249e-02
3.649119125323065094e-02
-1.001335500944081948e-02
1.281368274283135877e-03
-8.894481500442030786e-03
2.720365356736991619e-02
-3.109005479904548494e-02
1.429766182304243079e-02
-2.817459777126300052e-02
2.958213828586543984e-02
-8.437106897848903331e-02
-5.539699501006711824e-02
-1.004694234916135714e-01
-1.562121930394281266e-01
-2.211598783521464412e-02
-1.746536507891783274e-01
-1.119549995945302440e-01
-1.616960037946764128e-01
-1.343184106666985289e-01
-1.478009363510535135e-01
-1.388465555426057763e-01
-1.857668455072256364e-01
-2.009154909280176093e-01
-1.976294760988642485e-01
-2.039620485742156264e-01
-2.461077925402043731e-01
-2.036127129562642635e-01
-1.169098781993226088e-01
-8.211156496429478091e-04
9.899167245165310658e-02
1.002805025687352053e-01
-1.853849592523039436e-02
-5.707869065007246945e-02
-1.815760386925255321e-02
-5.382074778363642176e-02
4.989966496552141612e-02
9.355503210516317308e-03
4.161115136137272935e-02
-2.909060671368549761e-02
-9.862190237145747329e-03
3.685245362950354681e-02
-5.072170265483940364e-03
5.789983479606272687e-02
-4.107175417905485626e-02
5.398398951509811305e-02
-4.164429479523324568e-02
1.296510255070697920e-02
-2.814934350870794411e-02
2.101353877007164361e-02
-5.495194549198447256e-03
-8.276013563584972560e-04
-3.059364182187638420e-02
1.101855182992566781e-02
-1.289267566213649074e-02
3.663003946764289281e-02
2.200035912763283891e-02
3.667171042670087401e-03
-7.932633676121007837e-03
-2.427609614402988399e-03
3.670809578086239172e-02
4.153222330173548388e-02
-2.446034415208426724e-02
-6.466284104917550957e-02
5.469428706375636245e-02
1.217625454830968505e-02
-3.923741750753528476e-03
5.081502554400722793e-02
-3.948277607814422094e-03
-4.414201835839793621e-03
4.247702717611668774e-03
-2.756229025222626389e-02
-3.284829699114526214e-02
-5.802524880802028412e-02
1.359736203546315914e-01
1.003298717085318245e-02
-7.641838987859705945e-02
2.710531565382858984e-03
2.947986919961097241e-02
-8.191231681085747035e-03
-5.516960663407502116e-03
5.545084745967421985e-02
1.525164817577843827e-02
3.444814371931100971e-03
5.326830967490915614e-02
-1.791750200076679556e-03
3.923994277433613502e-03
-7.204404334566573420e-03
-1.309968559747085384e-02
1.571224706597297224e-02
3.847567963408592140e-02
-2.180277213313610435e-02
-3.577134641638244489e-02
1.033810835273072520e-01
2.932658802140017743e-02
-5.157605003440668412e-02
1.004491109473015925e-01
3.066736710433280721e-02
-2.207154253699326538e-02
-3.326267356773191658e-02
2.232083316852597962e-02
1.244486684875208658e-02
-4.636906264582982967e-02
-2.174791524041624208e-02
-8.075192424397692470e-03
-2.242717058185941456e-02
1.762596907715426736e-02
-2.353796026290337975e-03
-1.360911283891906749e-02
-1.646483298693998329e-02
-4.343821789809200126e-03
-9.016624094706243708e-02
6.606301121704782897e-02
-6.340604329643448334e-02
8.607225113042765718e-03
-7.697858493581713479e-02
4.330022111680102703e-02
1.254963312171878016e-02
-7.441315689203177597e-02
-5.411899020993442277e-02
-7.253528140520704853e-03
-9.174370723374193626e-02
-7.015535456161274552e-02
-8.769594136568362869e-03
-5.301181750729117709e-02
-7.969435314928198510e-03
6.533105431139023256e-02
-1.151510689540849175e-01
-9.497917095721947200e-02
2.210174147468654468e-02
2.731102235891377100e-02
-7.211593992438289358e-02
-1.658551205321624148e-03
-3.153334259846889837e-02
-8.484817492303706188e-02
-3.963802878790426837e-02
-2.099696914051897220e-02
-7.820987217779024059e-02
2.923548021804461827e-02
-4.137692670620904400e-02
-1.037143676586655822e-01
4.199578735307340355e-02
-4.589664299940283271e-02
-1.064450430468199538e-01
-1.908004970572614589e-02
-3.869550465195389227e-02
-1.310499884750320095e-02
-8.537260749593585107e-02
-7.213516245817915007e-02
-5.610876851270778926e-02
-5.511868355658355867e-02
-9.017876428244507581e-02
-6.655761474397098310e-02
-2.314570954256902485e-02
9.198730697349121604e-03
-2.702905689234977663e-02
-4.946290968711399005e-02
-5.417137077424120234e-02
-1.801891307200494466e-02
-3.557740670045536624e-02
6.189255804601845323e-02
4.782754155753177888e-02
-8.132982812398445449e-02
5.275539680754640082e-02
-1.750580231906946269e-02
-2.080621757760382773e-02
-4.343117203362109775e-04
5.514128082860645513e-02
9.751577103822169600e-04
2.055918622448805674e-02
2.162799230922762481e-02
1.274442299580915913e-02
-1.700192670677750512e-02
7.370899701862011419e-03
1.827077092344654360e-02
2.127079610641191901e-02
-4.549441545464752781e-03
9.486669384939042538e-04
-3.115566472415871781e-03
1.150389994679842064e-02
1.664777028648285057e-02
2.016160052677410872e-02
6.370641616723609485e-03
2.317803761901882434e-02
8.292609022511557987e-03
1.185462204088869390e-02
1.063184872728686718e-02
-1.088005200944312800e-02
-6.406736841220608478e-03
1.615807114775287545e-02
1.275032516174032932e-02
2.107808508934656821e-02
-2.378143517164267584e-02
4.091347692201083991e-02
4.180117046952308915e-03
2.004329676241997649e-02
-1.893788343729716633e-02
5.016543887577207261e-02
4.388840287420971153e-02
1.048690588673559243e-02
2.140796819731089276e-02
3.297284763071391817e-04
4.757450191162382325e-02
2.143196747029641608e-02
1.227557009373757974e-02
1.962717783966001078e-02
2.808480503728679259e-02
-1.958204044639344152e-02
2.006889725212194359e-02
1.619511598472651165e-02
5.903415909777724041e-03
3.917196655328615551e-02
-1.321939968997080071e-02
-3.094391491157725757e-02
5.879132304800850639e-02
3.461291769564853703e-03
1.518413888067024573e-03
-8.049153194202929643e-03
3.686146565830384497e-02
3.300608572341739988e-02
3.004584943414733908e-02
-5.657877849950977006e-02
-4.100601376884178972e-03
2.328789594028757293e-02
6.729290622259058441e-02
-2.067995628465793718e-03
3.300866603301290392e-03
4.842907875188151579e-03
2.162493083851384917e-02
2.699164970496856220e-02
-4.687196995608669536e-03
2.697628011317049559e-02
1.451031447383861923e-02
2.837337317790821281e-02
6.784535362215930385e-03
1.212463269926379594e-02
-5.538660976737623878e-04
5.405867889465390194e-03
2.713576759292604321e-02
-6.847548043338407692e-03
1.108038994017106552e-02
3.461966820150675500e-02
-2.255389653897189872e-02
5.933786175796841589e-02
-5.731156373231615156e-03
3.894888714493747323e-02
3.281740484642535483e-02
-3.065111956040553892e-02
4.290627868105007653e-02
9.736346608545776160e-03
5.467034946006549267e-02
3.800165055921603252e-02
-1.718126542893939554e-02
2.844741669039099405e-02
6.298870137493618737e-03
3.933712314807744082e-02
2.570166984287133166e-02
-2.307207346383443984e-03
-6.961221425012605914e-03
2.281177237558994209e-02
4.705792754637990599e-02
-1.694012537081560771e-02
7.205351503882866451e-03
3.914132343257122233e-03
1.740536900994190533e-02
1.079875144756823474e-02
-1.322474900995310176e-02
3.757136363747579783e-02
9.347771807182206003e-03
-2.120136545165142439e-02
-1.361150234075075502e-02
2.131938076220552675e-02
3.035057944258331974e-03
-2.086493709360779866e-02
5.293895991837419684e-02
1.524423031180302188e-02
-3.305798812347320037e-02
3.732056142636463320e-02
1.179227387627888521e-02
2.052008064951840391e-02
-8.782937278834683850e-03
3.052163391305573806e-02
1.348135671471268303e-02
4.643229922281310457e-02
-3.395270835345199495e-02
3.106968279583032302e-02
-1.264041778724694920e-02
5.225090318855550586e-02
-2.797544321572070433e-02
-1.377612424754362172e-03
-3.972912663221651181e-02
1.677118168103694171e-02
1.120775175331794465e-02
-3.449369217918579755e-03
2.171913558075355688e-02
-1.767763912505489546e-02
-1.317277549576251899e-02
2.461337229197461257e-02
2.963570679641145452e-03
3.024626006712446274e-02
2.201805106629608350e-02
4.428435034449409134e-03
3.841285198097735970e-02
5.833016157714630140e-02
6.258378751633502171e-03
-4.156247856527637424e-02
9.635823418897628001e-02
5.961032789301320273e-02
1.048441638178728222e-02
9.442406268907796441e-02
-4.369551490562294943e-02
-3.426894638284452843e-02
-8.485540528440655567e-04
1.441233861640288730e-02
4.173121069406582340e-02
-8.529013528026103963e-03
6.335517112308874932e-02
1.261607742049990905e-02
-4.765106524482797326e-03
-7.467150173855369166e-02
9.833949938286194736e-02
-6.751159583374811979e-02
7.455883569813022416e-02
3.230771957727957000e-02
1.371105860415358819e-03
6.699904959001872287e-03
1.070193934205898936e-02
-3.096537707985145410e-02
-1.881773266943277331e-02
-6.213976297465156895e-02
1.760895852718532065e-02
6.731561495639275250e-02
-3.878596051881618573e-02
-4.625234418455805019e-02
-4.141087429604890097e-02
2.222119694714524279e-02
3.562545451816955672e-02
1.326335473021634896e-02
4.202545181421897535e-02
-4.910225851140103542e-03
-6.221623592443628788e-03
2.430935630272139381e-02
3.695711936238652712e-02
-5.615304246672279606e-03
3.075550741861254964e-03
5.853466148613812453e-02
6.511590830985763100e-03
3.786819730607837026e-02
3.081855384957024602e-02
-2.739675203039080437e-02
3.085901622845765510e-02
-4.865213706359015899e-02
7.537059517629833560e-02
-2.858762908936506725e-02
1.665476997190813366e-02
4.305363178317127976e-02
-5.894327531407585891e-02
9.580853196931578275e-02
8.161124858113806210e-03
3.110283985581739977e-02
-5.604818634040264862e-04
-6.577103338473385546e-03
4.334721498816450358e-02
2.979060139188530881e-02
-2.950125394933771766e-02
8.038440109651215359e-02
-6.702819517621101675e-02
-7.944558452958687920e-04
1.277694632025376809e-01
-8.814800142512085879e-02
4.295174551713816513e-02
-2.055386941829642072e-02
2.351480913274470869e-02
-1.764362023479076197e-02
1.354669299330649515e-02
2.576286706974828186e-02
2.433068816491152850e-02
1.811217616117956689e-02
7.606164588065257581e-02
2.722104697237543239e-02
-5.456904657446335488e-02
-5.987651075060769490e-02
-3.969759980053854526e-02
9.034835064444329822e-02
2.019754921319476260e-02
-1.582857746557358655e-02
2.566851246809787393e-02
-1.746162067262181303e-02
2.799305526063199101e-02
-9.337769014050659178e-03
-1.203749850948366944e-02
5.259282284556739129e-02
-6.169181853316293290e-02
6.347692942395809224e-02
1.595910476225355715e-02
9.963592739803822651e-03
5.854565913492788300e-03
1.843354600190624804e-02
7.468622121683674009e-02
4.576978938487832882e-02
2.882110482868183166e-03
1.027641334871003814e-01
-9.319628520600881788e-03
1.058642706684668339e-02
-5.411951340001015104e-02
9.363384189756526754e-02
-4.930550657541291071e-03
2.414994799160012293e-02
7.505152180407048679e-02
3.517267651806555567e-02
-1.146598959877902918e-02
1.500636373865526230e-01
-7.638356086642594800e-02
3.677451241592841896e-02
9.005421027970614278e-02
4.687124687840426435e-02
-1.236802323052159543e-02
1.789875960603532629e-02
-2.069421433370717198e-02
-1.368310173406271299e-02
-2.985155532373292425e-02
8.603299352300050606e-02
-5.492529637098025885e-02
4.852536181578469970e-02
-7.748114241258323431e-02
-3.143837923335133372e-02
4.692756884056223377e-02
9.234832201417564335e-02
-4.946146770919878505e-02
4.049941836058945643e-03
4.433535127787496463e-03
4.068863126134233954e-06
-5.389894246402418543e-02
5.114904057213842670e-02
-8.466665100506286235e-02
-4.428254489464282517e-02
-5.369809703090153499e-03
-7.031846265992997003e-02
-4.336397737087841625e-02
6.158760888534901834e-02
-1.277960717107325950e-01
-4.240510911094709512e-02
1.677143430971503313e-02
3.157217999757135074e-02
-4.416828116535707893e-02
-4.525726373537287267e-02
-1.470990869974806922e-02
1.664399972861858867e-02
-3.183736507591805598e-02
-8.148700751648795329e-03
-1.072313975141778591e-01
-8.766427705714553709e-02
3.857112764502723667e-02
-1.016726981960913018e-02
-1.169977151979682967e-01
-3.352200906456635071e-02
-2.713261833612360535e-02
-4.628952746829351900e-02
2.495308737689897610e-02
-5.639220360139796107e-02
-5.814388078231150919e-03
-1.368791177079813071e-01
-2.004770645096346296e-02
-8.878576743713909036e-02
1.669227157018954646e-02
-1.389351556494031470e-01
-6.036426533222777335e-02
-3.712385803096628772e-02
-1.093575816256651262e-02
-6.734431725186962314e-02
-8.572227764556029916e-02
-3.011467818151410125e-02
-2.357650792819814337e-02
-3.931834387469766712e-02
-1.108690744703287601e-03
-1.871606654832833755e-02
-4.049563021840447280e-02
7.948057271093916104e-03
9.104409681360437628e-03
-3.383964257784505963e-02
7.316595952956958526e-02
-8.953281688659754656e-03
-2.603755727187820682e-02
8.957611438905173362e-03
2.031690519670239364e-02
-8.206680392506465749e-03
8.454517997608252886e-03
-2.045609867036796148e-02
-1.756876597475984930e-02
2.734640682759439251e-02
-6.324595860483214760e-03
1.540354590384254707e-02
6.943595283359438319e-02
-1.183418537799855313e-02
-8.290785142917011727e-03
-4.461955715486602345e-03
4.125459776925686356e-02
4.788079677343341778e-02
1.722706675541074359e-02
-1.261515822872468287e-02
6.797567320009949288e-02
-5.550926003079111049e-02
4.081876018313290028e-02
1.061130814567155627e-02
-3.074124814704374403e-03
2.906201069648542065e-02
-3.260016884797851261e-02
5.506585799613110399e-02
7.300887365121412967e-03
3.595901112318519374e-03
3.039592358574329939e-02
-4.545991632076753358e-02
1.122204971643170866e-02
1.138307586681028619e-02
-6.654173595969237708e-03
2.943592675799937622e-02
1.151171349307149490e-02
2.484383122243369671e-02
-5.357452022207922354e-02
8.158750500599996555e-03
-2.885521370214155605e-04
3.537460657941326331e-02
3.227509690789168856e-02
3.499952676886028315e-03
-3.589225421563092301e-03
3.055828708813360800e-02
-8.407805264380860052e-03
-5.405524135766209132e-03
1.322393403607222823e-02
-2.152926529068598105e-02
1.420645567026924093e-02
1.355373330752412432e-02
3.604814746416408738e-03
1.038921871923441549e-02
-2.551461654629216466e-02
-2.811014266765592389e-03
-2.617430290865523784e-02
9.471244490831955132e-03
6.466412968884572773e-03
4.401501942900602586e-03
-1.971615841933619523e-02
1.969686984252967329e-02
1.696579998580766829e-03
-1.440498799466814923e-02
2.683486973943255416e-02
6.707165390121969627e-03
-4.359578039747931399e-02
2.180728289652765148e-02
2.904796371337024438e-02
1.185760766248416219e-02
-1.558992987445885145e-02
2.676629458116453614e-02
-4.597995215667798410e-03
1.551872311154324849e-02
-4.030238746002202943e-03
-3.192416204575926342e-02
4.187657903420780731e-02
2.283491269815185465e-02
-1.088636778133638891e-02
-3.764991355756994174e-02
3.641400136469751664e-02
-1.444448474301947456e-02
-3.943634516554853152e-04
1.198811477488304078e-02
-5.421127950717878966e-03
4.389460991430430004e-02
-9.759510223555645236e-04
-1.075307771988130157e-01
4.245519893600246952e-02
8.796658968039419713e-02
-6.044101305244985872e-02
5.105289728593283977e-02
-5.530715466669541835e-02
9.162161468487623958e-03
1.335726671572851076e-02
7.188636851827957981e-03
5.302234600251140573e-02
-2.771105090016185921e-02
3.335876040716084096e-02
2.371743509351644658e-02
-1.575107364685818939e-02
1.274930739942420517e-02
1.850142201773420994e-02
-1.001500265880546706e-02
3.082918559038060405e-02
8.888144914158454396e-03
-4.674787319025439092e-02
-5.325120223469337246e-04
3.647785856240932240e-02
2.680186490993095166e-02
5.585812455962057936e-03
-1.963575302794114824e-02
-7.009234284072961285e-02
3.551046457833560016e-02
4.287514652720918196e-02
6.297138566070946408e-02
-2.966523707172893237e-02
3.460853941207116258e-02
-3.191245880597338991e-02
2.754889081435012502e-02
-2.760658875602503559e-02
4.294066371714997526e-02
1.756531502339325757e-02
3.473919955618304245e-02
-2.338099596176277349e-04
-1.548422249802889131e-02
-1.104034058571574939e-02
1.068951598195401198e-01
-6.653016145226106626e-02
1.375985838537923875e-02
3.923952215028883583e-02
4.075363816406749745e-02
-1.955415262343122504e-02
3.535040134371290194e-02
-1.817499850177746804e-02
6.343804393975484290e-02
-3.996056445766991289e-02
2.108457365418936816e-02
5.197763625342971539e-02
8.849748337245739310e-03
1.086983202585553240e-02
9.725968679140224726e-03
1.736758425994997315e-02
-4.659194786513424016e-03
2.622090556143908888e-02
2.490637954775963558e-02
5.052677861965707007e-02
-2.481989909193467458e-02
4.576316968979492888e-02
1.613201792719031955e-02
3.860438625576943089e-02
-4.092699658423502862e-02
-2.051867129818289726e-02
-5.670789982545684782e-02
4.521879719994620350e-02
2.904842192320360866e-02
1.245034176592126887e-03
4.864007337860115805e-03
3.819046831004416914e-02
-5.491720572683553986e-02
1.951952624131829839e-03
-1.055649281229730646e-02
8.981976250011670937e-02
-2.204623359828631127e-02
-1.173184927760686710e-02
3.662115813074251491e-02
3.381496613823101183e-02
-2.747005493762061032e-02
-6.273088242095404068e-03
1.392837605433582850e-02
1.200795127299734456e-02
1.424205230659982176e-02
8.646852597494848747e-02
-5.794942185211345020e-02
9.411000143886396815e-03
-9.140019189128406607e-03
3.632187677562374178e-02
5.733995387133424687e-02
7.982082759760021975e-03
-1.905432180319721960e-02
-1.537382356798644607e-02
-1.677580293651912378e-03
4.378375243087741925e-02
-3.516931535031734418e-02
-7.447966137291439637e-02
1.330321837219221870e-01
-8.797759648914667274e-02
1.355195271210713967e-02
3.411115703004449079e-02
-8.427307883232956764e-02
5.707691813945705434e-02
2.122780089663200975e-02
-5.398937604211059144e-02
-8.473721326427954142e-03
2.619915701770508809e-02
-1.888875849162865994e-02
1.264329137205141146e-03
-1.716647051087307613e-02
-1.163157201182211595e-02
-4.234194059733097093e-02
2.028371834487498193e-02
-3.166162894369299596e-02
-3.588371861980703403e-02
-5.678109560354418356e-02
7.147043073308256833e-02
-4.127936273012214330e-02
-3.807956061181411167e-02
-2.916633051655048714e-02
-1.500813442797374435e-02
-5.195819274058581516e-02
2.628042168117016367e-02
-5.365952988038718424e-02
-3.247151288243191325e-02
-1.286331908529118190e-03
8.146833211307956402e-03
-1.808943792203104167e-02
-1.292949915912947334e-01
-1.176175153761920868e-02
3.082597721434067115e-02
-6.669290740306096921e-02
-3.573135472037368421e-02
-1.042394898617778481e-01
-6.920999271806241304e-03
-5.054650598501721215e-02
-5.078335128893683714e-02
5.920035922648712173e-02
-1.117533002765134370e-02
-1.060782010603653486e-01
-1.613393214030865719e-02
-3.042546728931891722e-02
-6.960214167291013665e-02
-3.839997191557314310e-02
-1.036002488887806383e-03
-7.832819288189039886e-02
9.710841653052258715e-02
-3.856530749595063479e-02
-3.692138688669983904e-02
-5.850145785683835697e-02
7.098621954600562931e-03
-6.881697184579886606e-02
2.161798057774629370e-02
-9.677775571920160108e-04
-3.877423567708070118e-02
3.568849645191506798e-03
1.025329272167784661e-02
-8.389045910906194059e-02
2.383530290296374116e-02
-2.420981416879343373e-02
-9.092267190126726573e-02
-4.134417219800005927e-02
-3.489617788926162312e-02
-2.595732034193854246e-02
-5.783488663692843562e-02
-1.303357347939321058e-02
-3.748346746686671144e-02
-2.456606395595235803e-02
-7.219925451591124171e-03
-7.095948107802278748e-02
1.320918065422643957e-02
-8.219670795377435890e-03
-4.269779859416910489e-03
-2.718793354120532108e-02
-7.627585408223523655e-03
-4.184244060385697295e-02
-2.187441266162546555e-02
-4.093934430623423493e-02
-1.553323247164299127e-02
-2.832830042583935060e-02
-1.085171030790186252e-02
-4.033248305140302997e-02
-9.931509126871147092e-03
-3.898647513508258361e-02
-5.204478579069649752e-02
-1.813328231234004329e-02
2.814662969343329282e-02
-1.249539987718184184e-02
5.679611905796783794e-02
-5.519021994426789868e-02
-1.587163978982196466e-02
2.673573137277255457e-02
5.372168526195970559e-03
-1.005025149447155708e-02
2.316152651495575338e-02
2.292256654675192337e-02
-4.302427050767668876e-02
4.819761609848199901e-02
1.051097525526808150e-02
2.871987472556019466e-02
-1.096327061059902339e-02
2.521652689995805552e-02
2.548990049538619324e-02
-5.674419969468142907e-03
-2.599787621111636186e-03
3.079580516515578043e-02
-1.079466287850398311e-03
1.914799130428501694e-02
-7.913773424661133329e-03
4.326222435193789739e-02
-2.609032791797471704e-02
-1.040130285899294391e-02
2.508703539388981024e-02
1.629853820101078571e-02
4.321494021078262776e-02
-1.074225463540891094e-02
3.787333229795863954e-02
-3.648117915356195989e-03
4.475260918923738840e-02
-1.804234270215451623e-04
-6.658152915770189362e-03
2.727747206385136222e-02
-1.768331208145303493e-02
2.162156023172740610e-02
1.291930580420194707e-02
-3.758547176903260807e-03
3.218306088874158671e-02
1.725751634810903865e-02
-9.810262089754639633e-03
-1.194614450701072562e-02
2.266049443259731191e-02
-3.554586759254287076e-02
2.766303773092112714e-02
3.285723590078955952e-02
1.764596217989697693e-02
7.340394470625871692e-02
-4.059036539771690433e-02
5.470080617947276763e-02
-6.537585455891165021e-02
2.448810598843480582e-02
-1.644173694255290918e-02
-1.960726707113062683e-02
2.852176628896050878e-02
-1.398600376615010202e-02
8.017516029829884795e-04
-5.716726882957353165e-03
-1.819263885005631756e-02
4.350197783996383877e-02
-2.711343627562004879e-02
-2.439020736530164019e-02
7.409046770931763948e-02
-1.781447916837687606e-02
1.966098065803847939e-03
-8.714519457839427219e-02
8.469286891164273801e-04
-1.929324127032747485e-02
-1.249087275614827047e-01
-1.006855439961700793e-01
-2.462914706712756099e-02
-4.468770259324742616e-02
-1.366648904614805871e-01
-4.127527109088655749e-02
-8.761645490248176626e-02
-1.780373614334198884e-01
-1.237499269644987965e-01
-1.073407948884245178e-01
-1.533009472068944390e-01
-1.282005966150389642e-01
-1.525837164352336073e-01
-1.571462808948387302e-01
-9.875178490518257690e-02
-1.847302443355332835e-01
-1.532333775783836227e-01
6.020369176105667963e-02
-1.249062648046521812e-01
3.096993733234964727e-02
-3.755722350300476353e-02
-1.572781032003690849e-02
2.662325248421885948e-02
1.204351248491118548e-01
1.859140731239455543e-02
-1.222629450960590301e-02
5.807891888160154068e-04
2.280298202265341675e-03
3.797114146352041641e-02
-2.150286216084931409e-02
1.613676348678406980e-02
8.276128377096909905e-02
-6.206373432708647830e-03
-3.396268928495353723e-02
5.468503712641280962e-02
-7.102895156684492506e-02
4.566638149114205653e-02
5.034776853162595961e-02
-4.696902401627536111e-03
-1.380671188493177992e-02
2.642364532728428902e-02
4.314588196176998708e-02
4.193406152976206572e-03
-3.742220472288596694e-02
1.303939250227413929e-02
7.302251696679490367e-02
-3.864153419072770268e-02
-1.816151401042708641e-02
4.451642576811681851e-02
1.768002881888878185e-03
1.230931660797590296e-02
2.898587838759681193e-02
-1.863103648284650943e-02
1.640867827849498695e-02
2.437562280971710196e-02
3.300005923806997865e-02
4.172634426036830879e-02
-2.257934517908258623e-02
-4.680664623510560202e-03
1.317286989621172834e-02
1.611098277810220358e-02
-1.650973332087744133e-02
2.660989026637293822e-02
6.563560318056718690e-02
1.219592599622397813e-02
-2.726372291888953456e-03
-3.853270631365029487e-04
2.401127052430171438e-02
4.579567121140184355e-03
5.579371499186976113e-02
-3.342742081069646765e-02
4.240644436292793917e-02
-5.098457147076047857e-02
4.360137140877995421e-02
2.601943186547630432e-03
1.460114010226122930e-02
8.654457507110397893e-03
1.042738265067407605e-02
2.042007999202516411e-02
1.944261660636725786e-02
2.797756542168380184e-02
-3.553076592720488813e-02
2.481575104726634756e-02
5.473881112250947138e-03
6.546173467134021318e-02
-4.494761853347933878e-02
1.185680831616514608e-02
-1.952136769592188043e-02
-2.269336130643972646e-02
4.324764044599194862e-02
-1.059116584613390213e-02
8.523320750408066443e-03
7.921703888264942494e-04
2.063799797999764027e-02
9.686148790024440292e-03
-2.102409652658421974e-02
5.515542333075391934e-02
-2.324978244876863692e-02
2.295687615283505470e-02
5.470209101295848281e-02
-4.250192301641433044e-03
8.657550086623106225e-03
2.289341911311738864e-02
3.371345390380298818e-02
3.818233530122552843e-02
-4.874157931962930061e-03
4.969019603443032562e-02
-1.870611845435432574e-02
-1.071143080685491369e-02
-5.479722109845427264e-03
-3.009019178301429800e-02
2.626423484545833270e-03
-4.361311517664849535e-02
-6.226978406179381476e-02
-9.711016198095444307e-02
-1.186121821986784175e-01
-1.079320125173564987e-01
-9.995746734170705972e-02
-1.083798645098705687e-01
-1.295308311176149862e-01
-1.881395349287614538e-01
-1.537180906753502219e-01
-1.639403539257396347e-01
-1.679080613668366140e-01
-9.689132003568799723e-02
-1.155416569399772969e-01
-9.473501854568459890e-02
-5.380867805478236482e-02
-5.257405078797263570e-02
-5.201180925976796321e-02
-1.082725077381350987e-03
-1.109855860239024883e-01
-1.455945500971684084e-02
-4.166283873954230998e-02
9.758775486868303400e-04
-2.626635442192059439e-02
-3.095727911808408145e-02
-2.408739443934660232e-02
-1.333354423598287659e-02
4.175897155643060882e-02
1.280905241507996478e-02
-1.047596855787826485e-02
4.856455349306201125e-03
2.101202769649849686e-02
-4.169821404681892107e-02
7.294337185715793481e-02
3.413957840595439885e-02
3.658956911194691242e-02
4.194331855502203554e-02
2.924349124333102887e-02
1.792959945344101483e-02
5.056593654732584320e-02
7.092796316519978106e-02
2.001940463169186307e-02
3.216286548857990452e-02
7.669162536054516255e-02
1.031669173907740905e-01
3.173288111816963825e-02
4.139864823707686825e-02
9.911226570124796742e-02
1.078078576998444948e-01
9.390479662291121438e-03
1.266216808414764167e-02
-8.213163335152297295e-02
6.577631003443096258e-02
-9.742700231147201351e-02
-4.424893924583261917e-02
-6.029444640865013610e-02
-1.217602649927193026e-01
-4.591084193754426529e-02
-2.247740077706972608e-02
-6.853269071680964664e-02
-2.802704185583632795e-02
-1.750437146473549782e-02
-9.739738997777483420e-02
7.535129058271096414e-02
-8.863996944052118798e-02
2.017846353018789771e-02
-1.436832099164339974e-02
-2.579750352743145903e-02
-2.278197043122547061e-02
3.225084280503136280e-02
-3.601325575351792957e-02
1.388898254883984100e-02
3.297816290754477381e-02
-1.220435079114019121e-03
3.637021483946947450e-03
1.076904837893239222e-02
2.172404374194134014e-02
3.778665510213771034e-03
3.290119410852632934e-03
-2.293131089731401031e-03
5.030474113991164481e-02
4.732237905687691759e-02
-5.964636351887132176e-02
1.682742020704498798e-02
1.466346273151824219e-02
-1.073168192210400759e-02
5.891983994297459587e-02
-8.613706837745396111e-03
1.897286222079373752e-02
-2.210133915069025737e-03
8.252907650690534738e-03
1.927849537235321736e-02
1.259601146832333221e-02
-1.671385248204287216e-02
-4.152561013779474015e-03
3.408432172303424434e-02
-2.095810764321773961e-02
1.488265786832560639e-02
7.474698306073887522e-02
6.076731126927326435e-03
-1.102678138384382027e-03
2.440771481458696088e-02
-3.681753439871969513e-02
3.644756275722373789e-02
-1.204394319652529743e-02
3.925839047274426452e-02
1.012190415775777314e-02
1.483052122344426758e-02
2.504100789748911829e-02
8.694029838615802488e-03
-3.462414863311418650e-02
1.421782309691115367e-02
4.375661377329588542e-02
-2.101703316995928716e-02
-3.590144233026818649e-02
9.133115158722848043e-03
2.473691486254610272e-02
1.734287391602649595e-02
-2.595342505047943532e-02
3.105519742474619621e-02
-9.708332149147312629e-03
4.753433964373827373e-04
-6.572431720024490658e-03
4.163617823258183859e-02
-1.972220115661347389e-02
-8.384879367311975570e-03
1.895682178765496773e-02
1.046303263458998357e-02
-3.728724325769653541e-03
4.580270010008656578e-02
-9.060800777912362061e-03
5.485779990558607710e-02
-6.569008032863071084e-03
-2.513133987775708830e-02
3.089166746048888079e-02
4.266425670018396399e-02
-2.562640721658724849e-02
1.312438197051933944e-02
3.595865450121199514e-02
6.925642553633626006e-03
1.572363800168185416e-02
1.484241753002184770e-02
4.632078859089307221e-02
2.010746866787252972e-03
1.460424497448746875e-02
1.700776982157132036e-02
2.114934076692332257e-02
5.685811086298493688e-02
4.305359352289089142e-02
-7.956341565357374218e-03
1.681466471121821279e-02
4.612037788938815053e-02
4.859696503274146123e-02
-5.467554079738935410e-03
-5.665667978260395532e-03
5.366499484374552542e-02
3.510589326855093062e-02
6.448457534217801046e-02
-3.044167599419655285e-02
5.480347006666847626e-02
3.039376105102717385e-02
4.024373903784000256e-02
2.417421252598195291e-04
6.308690337330517817e-02
-2.640634706744941079e-02
1.831135970435544130e-02
2.548585084415242938e-02
4.945701621196778308e-02
2.359065686216489308e-02
6.395988368678275082e-02
1.836662225226638051e-02
5.056221846312470430e-02
3.915294164657830145e-02
4.955699834133364678e-02
-4.886916306543587218e-03
4.875756989416218240e-02
8.167791615611473544e-02
7.930700938120058274e-02
4.653643741238534803e-02
2.413153708582439425e-02
1.494763708204048802e-01
8.609140163540221491e-02
1.012360835089207989e-01
1.022594672091141632e-01
-1.944681328854702684e-02
1.958225570741295996e-01
1.640574628011123581e-01
-2.669664229485357865e-02
1.360313923432798222e-01
3.580397396649948050e-02
1.251012190475763175e-01
6.914809640878319397e-02
8.827271306257056249e-02
4.473077454371261752e-02
8.525075561199482732e-02
4.397918256176421015e-02
-1.080182772342592502e-03
3.095265320084367514e-02
3.116914370377530871e-03
-6.846515667191846108e-03
5.972250688958970211e-02
4.985969215787754670e-03
8.141906140947523587e-03
8.874005236808204036e-03
1.223839684204113508e-02
-8.541770772277081439e-03
-2.265237734899235716e-02
2.116515916169258577e-02
1.589418285029216282e-02
2.598901479529971276e-02
-3.461465178483118244e-02
-7.179901111969083996e-04
1.448863216878053771e-02
9.387630027364146645e-02
-3.314870484622085139e-02
1.401140274454631095e-02
4.449320788706208341e-02
1.694263923857958903e-02
1.203464371798723849e-02
3.866288073395138941e-02
1.915894133564475729e-02
8.610479233174023195e-02
-1.033844077836416908e-04
-1.337712254365578529e-04
-4.268135906451541589e-04
8.526461684251343542e-02
-5.948964883875525189e-02
5.507268378458921032e-02
1.865670848356815615e-03
-6.734653236424916270e-03
2.970728939996994736e-02
1.385505625920669878e-02
1.924875704922526798e-02
-4.772913922953436056e-02
8.940104462913597144e-03
7.610684659905450622e-02
2.218719744779512268e-02
2.339356439238501895e-02
4.132831988178721494e-02
4.122759335801274433e-02
-2.386670095453966023e-02
-2.896399508852515528e-02
1.608974850198434114e-01
-6.557567813216388583e-03
6.673455215741899704e-02
-5.645050850731147402e-02
9.419866436578779034e-02
6.403178265381423429e-02
1.609737434870148198e-02
-3.322289209612393213e-02
-4.425928309572995517e-02
6.689091771133288955e-02
5.285042964922873586e-03
3.169181752720702516e-02
1.435218733904325070e-02
6.976132161222384220e-02
5.579797797969825168e-02
1.727900907367337438e-02
1.006676421110320602e-01
3.918405983095733791e-02
1.332405337250477662e-01
1.400021224124036734e-01
-1.635858053613296892e-02
1.045456957896544747e-01
6.029958796548098854e-02
1.475757672844282831e-01
9.716878550228939815e-02
8.244691958526001452e-02
1.434719392912376379e-01
3.346636883346871399e-02
1.537949404186440550e-01
4.622529430786150029e-02
1.237738108488187494e-01
1.365815043401255036e-01
5.390488033109826910e-02
5.729038917038620227e-02
9.786521051641272617e-02
-2.008493944504824782e-02
1.242064911267446586e-01
8.640268974206698205e-02
1.233525406470979552e-01
-5.841239565521733762e-02
1.090007044161807742e-01
1.361710195741303552e-02
3.136235575091268074e-02
4.705227085982816720e-02
3.392353740448646182e-02
7.451198166459295502e-02
5.710017833680894328e-02
2.564311657103309286e-02
1.743532732850730169e-02
1.382167784490260024e-02
1.471234783048213923e-01
-5.249361225988225660e-02
7.988155659868750175e-04
4.543625922629922903e-03
-1.051322878916826145e-02
-2.473385014382439850e-02
-6.702852788287606833e-02
4.315684530552888615e-02
-4.721088751602187800e-02
-2.966215425120738870e-03
-1.927923464599284528e-02
1.015996509170301321e-01
-1.388639501634974793e-01
-1.753044100637769429e-02
1.078193507700118264e-02
-6.053280740839460383e-02
-2.703946747842407225e-02
-5.342277663442821650e-02
3.383096310760005943e-02
4.484133266698640818e-02
-6.517997901558492124e-02
-8.592986907984866488e-03
-7.163611755575589879e-02
4.097286293980213767e-04
3.209040582665195068e-02
5.629235327005429473e-03
-8.697588360049471334e-02
4.892596010652382893e-02
1.394201342818685539e-02
2.428493574303701268e-03
-1.803389232146625915e-02
6.275647730155528570e-02
-4.904990648658432220e-03
5.022447817863359698e-04
3.775587013253287744e-02
9.520837160222675455e-02
7.620114646014525261e-02
-1.756416858620347965e-02
6.429933940001608672e-02
-1.997434875346435629e-02
-1.830247474920735501e-02
-9.754825595029169294e-02
-6.743460625192704283e-02
-4.056274217618405925e-02
-6.728007888844922402e-03
-7.657730922119160288e-04
3.484998078840215868e-02
-5.159767009309368380e-02
5.655272297605039994e-02
-5.626603484448634146e-02
3.476864959796218540e-02
-6.653029567787207416e-03
2.288609027810012408e-02
-2.884250669233556774e-02
-2.210726224397624104e-02
2.950050867885621944e-03
-2.744293370172720681e-02
-2.015920880694915124e-02
-3.459118131385226919e-02
-6.918325520969331385e-03
5.957532490516654483e-02
-5.058353009150064195e-02
-4.270681547068983994e-04
2.531924412143430475e-02
-2.716198852715223308e-02
-1.701824785552219152e-02
5.049589401479026574e-02
-1.928081767546502984e-02
1.595402615837774457e-02
3.106323193762266371e-02
-5.109177669772820007e-03
4.939597216729126744e-02
9.640194984343555817e-02
-9.754282995726944877e-03
9.046927414125817413e-02
7.257440558895386640e-02
4.644748703443826038e-02
1.582212954335695393e-02
5.881744323728190643e-02
7.419849431716463856e-03
3.603893721743808148e-02
2.209787752392960644e-02
1.047654574836572212e-02
7.201575192447186649e-03
1.925564040719861258e-02
-2.725904056060391920e-03
7.212795728094105463e-02
1.105942970354028138e-01
8.562420331346504154e-02
3.202534720342216368e-02
2.659152088540032988e-02
1.780291198987752899e-01
1.065284736304056568e-01
5.311949541432398059e-02
1.138415346446340209e-01
1.710598858870970851e-01
1.575183347090979014e-01
1.286610849093367814e-01
1.954352699888381450e-01
1.123705048037384607e-01
7.202293733937444042e-02
6.442219117282434182e-02
2.062868129805093820e-01
-4.800384467238527630e-02
2.086362722615566212e-01
6.346053903834301957e-02
1.316987154969041229e-01
1.352282556229897070e-01
-1.085919811714075867e-01
1.353467001740988329e-01
-7.665015062537018642e-02
2.499005773704248909e-02
2.390890014130994667e-02
3.228127109696574820e-02
1.258947879638137564e-03
3.781463243984169165e-02
2.357369876434555270e-02
8.773447977439409115e-03
6.029026050722743890e-02
1.812376386892255303e-02
-3.389704616068434095e-02
-8.919784028649098764e-03
5.157624394775153082e-02
-2.699821223175999201e-03
1.438065306515436959e-01
2.375940691033097754e-02
5.008695915682262467e-02
5.552083031661815549e-02
8.814083498894786928e-02
4.258017159068416824e-02
7.869370020316339420e-02
1.180221082970572544e-01
6.599164470105337021e-02
1.192410993296129026e-02
4.902317747907242174e-02
2.937764798496718746e-02
7.139813914591144894e-02
4.126008234391431717e-02
-8.971305075376901500e-04
2.212024088136145539e-02
2.267776617060080283e-02
2.529686732844020278e-02
-2.366621458233086200e-03
3.887431769475394733e-02
3.873395846562131557e-03
5.702745327543592979e-02
-1.359257562640537979e-02
1.234325040134580560e-02
-3.701968935286524542e-02
3.412034959703210552e-02
-5.300584940751089380e-02
-1.410958342999103776e-02
3.648750253436812419e-02
2.397389989253053896e-02
2.559260518917768484e-02
1.572830808502701655e-02
2.564676055213718428e-02
9.243590344913450718e-02
-2.785428713229994024e-02
7.582155626856280917e-02
-1.366710378157897678e-02
2.481769430069890453e-02
2.628633283801048992e-02
9.987325075697630478e-03
-6.795391097708079059e-03
-1.700113021608656849e-02
-2.258382063571095361e-02
3.175160688709025014e-02
1.427232810786336833e-02
1.525844922235724752e-02
-2.549994222635181690e-02
-3.920986549651508772e-03
2.081863562860754649e-02
-5.467811195779172240e-02
4.013392625969627175e-02
1.304663574567043773e-02
-1.036403907681101265e-02
-1.514262973161490137e-03
1.309994182249597620e-02
-4.459486139100701796e-03
4.194253801913581936e-02
-4.228201550998686442e-02
-5.454057939086380709e-03
3.024981045187995557e-02
2.169744547398642573e-02
7.238657303615578763e-03
1.174889723282186021e-02
2.343888495605861780e-02
-1.624005909214939689e-02
2.004327031355796276e-02
-1.124813261971106988e-02
-7.972991050370876326e-03
1.396175006068597554e-02
9.823607615191751533e-03
4.440168697380402624e-02
-6.866956793785879143e-02
8.017116474330987508e-02
1.548167775872782807e-02
-2.968786485219302232e-02
-6.582505150632606862e-04
-1.282680546534305244e-02
2.075650990560821973e-02
5.324534504049389938e-02
5.235418981459469961e-02
-8.154933407034900550e-02
6.705492444394285656e-02
-8.479086262060911428e-03
1.634057506769306389e-01
6.310652519246817693e-02
-3.638263543923488108e-02
1.422737649354938183e-01
1.273375013658835896e-02
4.836976106494035588e-02
5.152155726322875384e-02
5.901399950810622130e-02
1.172242510653654091e-01
1.282232616301057226e-01
5.682201723043926733e-02
4.519850846932751270e-02
3.417700350847942270e-02
3.304496129546995176e-02
1.183520285920518500e-01
3.728769183981976709e-02
1.160953116012067299e-03
1.195058362355115034e-01
-4.630665158531090120e-03
3.966582776206339922e-02
1.182761499098580228e-02
3.693639918810066175e-02
1.120040177203718013e-01
-4.632088774595665565e-02
5.532758110594940271e-02
-7.061163365606385085e-03
8.533484680949728063e-02
-4.304640559426608365e-02
-7.640056260161967594e-03
1.463127194791759463e-02
2.233511980262933502e-02
1.269707058453298232e-01
-3.895569116853182801e-02
-6.716422455566806171e-02
2.736062593276498978e-02
-1.348221301243983025e-02
-3.677232200179135491e-02
7.592782112616298928e-02
-6.367081861619344751e-02
8.138000745647658296e-02
8.576936225773721181e-03
2.598642491922735498e-02
-1.515417008215792262e-02
-2.685033112715177681e-02
-8.422023640879791606e-02
-1.381579352034912472e-02
-1.629448449853242997e-01
-9.840852263866747829e-02
-1.308941712952069181e-01
-4.162962033663072242e-02
-2.319897181238872175e-01
-1.549604273305466573e-01
-1.064430850309534549e-01
-2.697065795448879144e-01
-8.505256173200742564e-02
-2.017132332742086476e-01
-1.586320169544099545e-01
-1.437996521057085531e-01
-2.543010243753631716e-01
-2.193139232416426720e-01
-2.076609131511505113e-01
-2.631136290832432056e-01
-1.129007756286327657e-01
-1.999969953938098843e-01
-3.670667490435011032e-02
5.941140405338794783e-02
2.416223505462786886e-02
-2.889201404530861855e-02
-5.492630736705841898e-02
1.933217770790023743e-02
-6.377202126790687542e-03
-4.947353958489152104e-02
1.012039263640707350e-02
-1.956731438207519325e-02
4.504692923385181236e-02
-5.116727124448133823e-03
-3.082915631467494921e-02
2.575773697666296908e-02
-3.555774029061500863e-03
3.656321062186745907e-02
2.496150713135336652e-02
1.254629108046014310e-02
-2.389158279217814748e-02
5.626937843319029797e-02
1.943209863794140291e-02
-1.911462541214808963e-02
-2.135615624911826188e-02
5.692327415242900979e-02
6.228609512644460271e-03
7.150213213330897100e-02
5.735564613996770034e-02
1.875249198681808172e-02
1.407354016623060255e-01
-1.146372731961209021e-02
4.941735496681393114e-02
1.570602626803375146e-01
4.518273007244132805e-02
1.429051618391539991e-01
3.155829999673050862e-02
1.027251302344424910e-01
1.692367588575806603e-01
8.364481866702574986e-02
1.112641988676346672e-01
1.000318540217093322e-01
9.962541779668350472e-02
1.908294011885325880e-01
8.627606399804360615e-02
1.340799259135006527e-01
1.012565669769890098e-01
1.410016252753493460e-01
2.368898929620036342e-02
1.346741000627809659e-01
9.595891653112967323e-02
1.001680878280460651e-01
4.214667313425056461e-02
5.320936013635818584e-02
1.131924655844943617e-01
-2.058393838176002244e-02
4.741527974038392546e-02
-3.668035049928984603e-03
4.148900239534679402e-02
-8.714606753051941726e-03
3.709144159337120911e-02
-1.003847177564047219e-02
9.106486277961119841e-04
4.637712084043814353e-02
-1.773279378036247966e-02
3.895180170439390549e-02
8.714484655204591743e-03
1.094198749902548784e-02
-3.057953146382739323e-02
-7.338327174152280445e-04
2.247048220593390530e-02
1.965752217740316179e-02
2.268329518619482607e-02
-2.868391790660009336e-02
2.771924987954825850e-02
-3.638814013278513469e-03
4.665015436898373169e-02
-2.324617921077737348e-02
4.891877481089768748e-02
-3.707211099983928615e-02
3.188034723887831368e-03
-1.602143871625366818e-03
6.630587599802463539e-02
-3.192663761066309031e-02
1.849448412183710838e-02
2.724292601184565704e-02
-3.697061577457248782e-02
6.893043557020159251e-02
-2.944426459141160843e-02
4.009060381748234814e-02
9.249397285273562933e-03
3.175091541048503940e-02
1.240884937131412832e-02
7.451944113940714431e-02
1.584974509921853805e-02
3.128675778861691320e-02
5.713967060975624207e-02
-2.447044160096717436e-02
5.119821175941318553e-02
1.386195433051782937e-02
-1.141577245098393534e-02
4.790278188688038008e-02
1.597780267392696213e-02
-1.818064276813929209e-02
2.861716009199871333e-02
-2.341956566984803104e-02
4.698729223383894121e-02
-5.258688123750973088e-03
4.226921858468699750e-02
-4.994457373758495050e-02
7.224899332022276244e-02
-1.592927472984107667e-02
1.641267723555271674e-02
-2.780206495655623659e-03
-4.390293432406422447e-02
5.973599345130110178e-02
-4.217027012533953317e-02
4.321685940719198482e-02
1.881697064813629347e-02
-4.911182564368871128e-02
6.610832213809619828e-02
-1.369045357670308806e-02
1.018218926324248458e-02
3.931690352093287523e-03
1.832535011619553997e-02
-6.038207553790561448e-03
9.811386861479235236e-03
4.637094514845494647e-02
-3.987420034181794748e-02
1.950380790805471623e-02
1.889792761707213484e-02
2.193272805242551735e-02
-2.348591603968653088e-02
-4.011681770833558890e-03
2.450841650147474529e-02
-1.932379153643176001e-02
3.993863739268149055e-02
-1.001291221752130707e-02
1.286745665535885506e-02
1.983274399442765904e-03
7.855420193789671920e-03
-1.528245585221401151e-02
1.256960032928773965e-02
1.022520916560706178e-02
4.607630420489892270e-02
-1.265285334587861431e-03
7.244697244126884969e-03
3.653629559435760815e-02
-5.765297127676195527e-04
-4.633988427408244209e-02
-2.039127602217177121e-02
1.474107492473267569e-02
7.794978050273311532e-02
6.487102817485713470e-03
-6.719504875765917873e-02
7.526354999805570656e-02
5.074395259296453353e-02
-2.518777492980129804e-02
2.326076169779493774e-02
-2.820540657284242164e-02
-1.063924388568585344e-01
-9.778662098812532233e-02
-1.128390912196079593e-01
-1.117137322598437121e-01
-1.475811924827901966e-01
-1.359717477516110828e-01
-1.106156518784955634e-01
-2.325448570495106115e-01
-2.058825404764110800e-01
-1.459880253980850306e-01
-2.267105464963870276e-01
-1.603914046766459212e-01
-2.075544776404179004e-01
-1.973171661433396340e-01
1.706919624695917362e-02
-1.056504663812243977e-01
3.411185384972939549e-03
-4.981446807466970161e-02
-6.785097688556385176e-02
-2.574642036668246120e-02
7.974892668634324389e-02
-4.207276888363266354e-02
1.677500391330966414e-02
-3.486190279003412162e-02
7.245709930857420489e-02
-4.305665255854053408e-02
6.056880834492961441e-04
2.069950607556497735e-02
2.791557706275240441e-02
-4.761131423667450818e-02
5.085839103562154323e-02
-2.360150841495792240e-02
2.027541314548132398e-02
2.608500311256650023e-02
-2.002872988157230680e-02
-9.667398678849244836e-03
-2.607640498492976543e-03
-9.106959770158260924e-04
-2.201070923824351502e-02
5.472660317209955549e-02
1.394315766745666445e-03
-8.955546557676792108e-04
1.692733303326276074e-03
4.968156705880900220e-03
8.842800200159203067e-03
7.786733004388665669e-02
-2.508545103283853564e-02
-1.317673046268246287e-02
2.092090838667661976e-02
8.624906463148377181e-03
7.890417429664396687e-02
3.688246312989322540e-02
9.008802015909384703e-03
1.541752136736467341e-02
-9.262677015546041948e-02
4.127164086374816854e-02
-4.775397880080906043e-02
-4.729270135743317283e-02
3.177187859045759594e-02
-1.840706625797830162e-02
2.207613880675972709e-02
6.831028293264661266e-02
-3.213914755202257334e-02
-4.530799062970577995e-02
-9.804655526727709680e-02
-1.089762893650227799e-03
-3.231052877049471472e-02
-7.731639034988838088e-02
-2.499443407198730441e-02
-2.641147039505523098e-02
-1.709185542505901878e-02
-6.097866580950111332e-02
-4.676204805985807039e-02
-4.239994747497414368e-02
-2.807378284161255247e-02
-1.651373058528791266e-02
-2.730128130919529453e-02
-6.017442327695125825e-03
-1.396841711441548957e-02
-1.483436904117213691e-02
-9.138587232224573004e-03
2.160314283719196992e-03
-1.857958019844328096e-02
-2.411076258788643831e-02
5.253813746532883661e-03
4.153679529929989872e-02
6.736283723294569925e-02
7.358092031961582791e-05
1.735556536105864120e-02
-2.063991092606630093e-02
5.315701966520755550e-02
-3.257021468478814991e-02
2.361726400408147020e-02
1.374543154663505906e-02
1.093701274315293272e-02
-9.463894426622194642e-03
4.125596936653407737e-02
5.420401825156625358e-03
4.608687781054110477e-02
-2.123330271485507695e-02
7.166199626616727436e-02
6.030410865031404777e-02
2.864878329832774503e-02
2.442928010198247568e-02
9.087687742928528267e-02
1.203344454595902530e-02
4.999769745978495383e-02
3.838556277479569095e-02
4.873669543004089527e-02
1.686970227319321836e-02
8.086530392160684588e-02
8.299448304717946256e-03
2.721807324424508484e-02
-1.941734469446839903e-02
3.475235971699091458e-02
9.945642685894678925e-02
-8.086533433949254224e-02
4.913639689160242269e-02
4.957280202674392566e-02
2.023167431797256131e-03
-3.305197980686062215e-02
-8.760526391587041689e-03
-9.909375612462825028e-03
2.367572823193449943e-02
-1.095592998895796172e-01
1.789433335409856135e-04
-2.438077990579180440e-02
-3.340759351429599400e-02
-5.440578778109750324e-02
-6.702823639506216846e-02
-4.213289216447330121e-02
-1.068633437510504158e-01
-7.343830039119490782e-02
-1.002381931187731889e-01
-1.251707158963087929e-01
-1.226894531318726278e-01
-1.308738701109663227e-01
-1.615569128787606445e-01
-1.084553850524794527e-01
-1.183830819054914330e-01
-1.283902696925244280e-01
-1.644361267801693338e-01
-1.363325926393865739e-01
-6.486381542164772196e-02
-1.586286168924525009e-01
-1.212446650810714427e-01
3.566479787318603545e-03
-4.369248016343685315e-02
-2.819871682623564454e-02
2.443895163393134534e-02
-4.062742656218987225e-02
-1.028046611016216957e-02
-3.927338560086284652e-02
-2.803505961870194491e-02
1.561955706970998177e-02
2.242444526098785751e-05
1.833406360635368021e-02
3.571094972024521641e-02
2.976121228572484873e-02
-3.129795046217994509e-02
6.358305949120331146e-02
-2.546170238719518922e-04
1.704560163735154487e-03
2.945208631864170215e-02
3.172106699605398844e-03
-4.793238514611681406e-03
1.886003481710845503e-02
-1.568462431478481051e-02
-3.186106537237363978e-02
5.213763166306414898e-02
1.323230910070948702e-02
9.373495806683236620e-03
-3.016204702354285949e-02
2.004714757476078191e-02
1.307600692286894385e-02
9.313809685287471885e-03
7.959140898538703476e-03
7.865898575077955382e-03
-3.581103149685892911e-02
2.673634067167909856e-02
2.517002268813907373e-02
2.209116094412414202e-03
-5.771608316255500207e-03
1.572223395059615253e-02
3.715757768436151603e-02
-6.780794860686442833e-03
1.647444527657839636e-02
-1.882170308227431449e-02
2.965240086253005669e-03
3.597039036849148524e-03
6.211946593965519958e-02
-2.498426188480151050e-02
5.518189399459733253e-03
1.657314884043934941e-02
2.049047237752623599e-03
3.373923082142223778e-02
-1.706593578630546948e-02
3.624910059776629678e-03
4.797406023466758290e-02
-2.768998734988275916e-03
-1.637756348995549407e-02
3.426911898597605199e-02
1.917515190810099163e-02
-3.643330128279546453e-03
2.397503631100131316e-02
-1.853151229152330895e-02
2.811381941444872357e-02
9.852158360443695473e-03
3.577944829006286798e-02
-1.804391180153213509e-02
-3.509652087827415390e-02
-9.196438322563123269e-03
1.530540384432021138e-02
6.795574127734272350e-03
-1.445753123910716378e-02
1.933648505454006045e-02
1.453886998850568296e-02
-2.784548974487154396e-02
1.616020700165236509e-02
-3.417354575025076391e-02
3.830893708512030787e-02
2.396915532421034674e-03
2.380533806684184336e-02
-1.283191214204323569e-02
-2.194985507826385102e-04
1.117267717406296608e-02
5.362887968797844934e-02
-2.697092543438114193e-02
-1.775924754254128851e-02
-4.012186876299315280e-03
5.036114201546808278e-02
-1.955441060013311111e-02
-2.367519450852106216e-02
1.372646568549464562e-02
-1.882675602919633290e-02
-5.956706290294381395e-03
4.115025886385591941e-02
-2.681193411700169560e-02
-1.074525253398932352e-02
2.776725184036890268e-02
2.980802658976973961e-03
3.043558408951291608e-02
1.947750435762995655e-02
-3.112704427947186187e-02
1.541998382892942679e-02
-2.966031564216275312e-03
3.736147232409847002e-02
-9.411172350299149697e-03
3.720332534271115349e-02
2.490204886830154826e-02
-1.003238923339401859e-02
2.340876921046413164e-02
3.248457086108769154e-02
-2.767176865785085649e-03
-8.574694379012128215e-04
4.613736987634570706e-03
5.594996130429666370e-02
-2.518035996487349298e-02
3.357364949857625375e-02
-2.700214889038818691e-02
-8.140478721695581371e-03
5.031892916151903261e-02
2.299358945287586706e-02
2.281097527805242553e-02
-4.312092621087509209e-02
-6.197304595007790962e-02
7.875691790098902911e-02
-9.589097803490803651e-02
1.385553069385019390e-02
8.707870600514482085e-02
-3.807253337902804374e-02
-9.670932124445820108e-03
6.564794560735791665e-03
-1.032130372262606843e-01
5.462223805490267620e-02
-2.305313934274959980e-02
3.004575585320471212e-02
-1.014731189848794811e-02
-1.310226238099852780e-02
3.345372176102966860e-02
1.724546089720246922e-02
-4.817312783860382835e-02
5.066316689024971676e-02
-6.330635443711209523e-03
5.027352425352439591e-03
1.552519798518593036e-02
-4.601467210452443810e-04
3.976435697237311676e-03
-9.613656992135148627e-02
1.042756364059361923e-01
2.073074614176292907e-02
9.681485921191989100e-03
3.816063223923941202e-03
1.767027800812123435e-04
5.137654011912556190e-02
2.214520942951078968e-03
8.172823821551757073e-02
-3.325710194195787006e-02
-6.520806068277482277e-03
7.580831976230276159e-02
-6.666103337640010007e-02
1.633983023110376423e-02
1.088707747414006076e-03
2.027174617043354596e-02
-2.335637501900091062e-02
2.399138295918265464e-03
1.948071080148293735e-02
-9.263702592963248342e-03
6.046097797806379397e-05
-1.445516624101407868e-02
4.027442207396871032e-02
-2.647441673810577156e-02
1.762803367040408423e-02
-1.092881159654204154e-02
-7.316215051041194753e-03
3.588865788709580396e-02
-3.972583164762517882e-02
1.678267550422621671e-02
-2.392912383014589306e-02
2.779613038458333962e-02
-6.048574733566044418e-04
-3.173729076222424339e-02
1.529533487836315028e-02
-6.030452339743967716e-02
-1.280982522412332097e-02
-3.726514309050574236e-02
3.528500648385338168e-02
5.660886935552805754e-02
-2.425732333357112636e-03
9.344052340821331487e-03
-3.058107417744502631e-03
9.590855505764776801e-02
-5.652631344629358012e-02
-1.414980978638524269e-02
-9.936026233428443821e-03
-1.397155558675919297e-03
2.143646559457010325e-02
-2.476107468057638095e-02
2.578319331811866622e-02
-7.659640276091370797e-03
-1.611406538464366101e-02
1.981754317289767878e-02
1.291739605663507623e-02
7.333973447427265084e-03
-2.536629237772415960e-02
3.817684951185301712e-02
-4.710840421042442050e-02
2.945958220184451831e-02
-4.641789292780174785e-04
3.520139229931228825e-03
8.963427094505441173e-03
-2.787596305703027647e-02
7.657603127373949735e-03
-3.398017873537818173e-03
-4.243014458734640473e-04
1.045153706950197221e-02
-4.343261321627418445e-03
