3.905678125968767844e-01
1.440488971418041331e-01
-9.303304748168008675e-01
-7.142922259045941802e-01
1.216364684288284703e+00
9.020486210764655510e-02
-2.290184969210538046e-01
-2.100500545764183435e-02
-9.753007094822141454e-02
3.135392728629526893e-02
8.253275590109887538e-01
-5.931554081958623215e-02
-3.755810767809140138e-01
2.048204639075937195e+00
-1.597344728645023526e+00
3.791749444260661406e-02
1.258009607737055280e+00
5.746813370381409491e-01
-4.696213998956975111e-01
-2.537025510512380677e-01
2.708955187892727601e-01
1.100165247852533668e-01
5.381107144218164606e-01
-8.642943440295800528e-01
-3.601067718137374030e-01
1.721183280732812904e+00
-1.079536894037538275e-01
9.495580040561524271e-02
-2.382392411488298833e-01
5.936787114244461705e-01
-6.874721663955885020e-01
-1.311521879097043985e+00
-3.671915157091802939e-01
-2.598357967410791503e-01
4.798737361081699682e-01
2.102800768733636971e-01
-2.216085929536530941e-01
-2.071639457564593556e-01
-2.046290731834356169e+00
-1.867129473471003553e+00
1.580196905139252816e-02
-1.546229680651989291e-02
3.192100306723394398e-01
-3.383230872524606303e-01
6.289571802410338641e-01
6.483308386112882626e-01
-2.571649662439934314e-02
-1.596208266250659369e-02
-6.103425203431311896e-01
-1.813117997977907514e+00
-9.655909172328689394e-01
1.984991115853911303e-01
-1.978960235829960723e-01
4.675776980434545038e-01
-3.214325847689942783e-01
2.885516190656312041e-01
8.907358913378082832e-02
1.969890063472320429e+00
1.265833286046072814e+00
1.115917930277464665e-01
-3.921483869916209120e-02
-1.928707325874521317e-01
-4.838659977512427268e-02
-3.029521346859128661e-01
-1.101249209710226662e-01
-1.749592176182995784e-02
-8.955915182553566556e-01
8.966038772713939009e-01
-1.018507185189470449e-01
4.238132602322909337e-01
-6.445180319690446691e-01
4.315626754989919656e-01
2.000654846969333045e-01
-8.304528728954871930e-01
-8.036167823957601763e-02
-4.749862151768344254e-01
-1.544510293933380352e+00
-1.868482321874277208e+00
-1.153264980607063173e+00
2.177313080284370983e-02
6.261933363692371302e-01
-5.338972655375648912e-01
-3.149109316701892425e-02
7.295152424022388615e-01
3.630647550966843440e-01
7.814589737635473377e-01
1.464926471782534989e+00
-4.244507962556487435e-01
1.050279309563945329e+00
1.408694529097872294e+00
5.682358425721938389e-01
5.448459171184136807e-01
-2.726856998555854394e-01
2.103244444979290861e-02
6.128670486620909630e-01
4.665200302926750808e-01
3.310857232371733350e-01
2.575175386601391558e-01
1.909629477459383828e+00
3.094333939878040063e+00
4.778715218320401803e-01
-1.540950786192327726e-01
-3.064659761669368265e-01
-3.156755314126343137e+00
-3.201151371057651129e+00
-9.524096266004455913e-01
-1.442147128002754242e-01
-1.708560691402416731e+00
-6.454388899463165963e-01
-8.032659198025360325e-01
-1.519321799630535708e+00
8.568889043719383203e-01
2.586972008731524220e+00
2.089127671829043020e-01
-3.210886685218625747e-01
-8.575552143740741151e-01
1.810916039816650169e-01
1.513652972716708067e-01
2.609197133126324175e-01
4.486918778542703379e-02
-1.458590123931484683e-01
-5.761584103564865167e-02
-1.236000717498514589e+00
-1.469352021058405455e+00
6.050856382147458135e-01
1.805161749947741257e+00
4.474401039495823351e-01
5.090048960429951475e-01
-9.835946809910511845e-02
-1.086421752250399386e-01
3.455779845011017759e-01
-5.536976006172693587e-01
5.763229345191839270e-01
-1.208340633582511980e+00
2.426141770951811605e+00
-1.376479984561300052e+00
-2.986277384726816475e-01
6.741759297714015053e-01
-2.471795100275905543e+00
-2.495056844259840201e+00
-3.074900798708908312e-01
-1.922388953454507998e-01
3.374434118746254541e-01
-3.426278827493689505e-02
2.696941718609098260e-01
1.590489251220894573e-02
3.115745509985190509e-01
5.969442541548373171e-01
2.983184942142995233e+00
1.802745601214045479e+00
-1.894395145934520408e-01
-2.766030501839322198e-01
1.018414242273501635e+00
1.471850005670913397e+00
2.389726810275547564e-01
-4.901108142483514563e-01
-1.572365735721846569e+00
-5.379783548652599112e-01
-8.975025316365495276e-02
2.250151692118772528e-01
-3.399386225232894354e-01
-9.457272448249296470e-01
1.271916018238481438e+00
-1.742412014640710272e+00
6.128403560785971038e-01
5.021532118366556219e-02
-1.035966202999654140e-01
3.693683639115485917e-01
-5.431922459963611782e-01
-1.913137830760696101e-01
-1.105902867949981161e+00
-4.992721436337483887e-01
-1.239689303110775853e-01
1.219210863845114901e-01
-2.938258229621348860e-02
1.203964598042661649e-02
3.242614215414865164e-01
-2.611805442123591448e-01
-5.421970964297173623e-02
-4.809867647923824485e-01
-1.339124812027167710e+00
-2.358305244275240575e+00
1.506685641707067091e+00
3.978863264143903677e-01
4.592580299370503383e-01
2.068842639365726654e-01
1.578211577922179032e+00
1.591271059918553776e+00
1.068430841260025188e+00
-3.205784438424444938e-01
-7.513911279582374814e-02
-1.274807900876324673e-01
-2.710043177884049470e-01
-1.762228102900938342e+00
5.767959325567235673e-01
-1.082040992995305206e+00
5.612537434561337690e-01
7.304050743409349344e-01
-1.043109686393610680e+00
1.366892852824734383e+00
1.289483024870713423e+00
-1.167269303928782920e-01
2.703295688796742535e+00
1.634730101865142782e-01
2.776760672553415521e-01
1.678173160218314308e+00
-7.352148203815258576e-01
4.897578524515981968e-01
-1.725560351806600279e+00
-2.914223003124493783e+00
-9.146050245624546271e-01
-5.335948033130544221e-01
3.997020689991392928e-01
1.925035027166217549e-01
-1.195524372181097084e+00
-1.321300172639712223e+00
5.654104443434424532e-01
2.150051107063832845e-01
-6.497986808306026596e-01
-1.253219590358642499e+00
-5.143019670136173005e-01
-1.015702359853459136e+00
-3.608360784068533889e-01
-2.426197387268080874e+00
-1.067880352444079861e+00
1.581584122764406075e+00
1.387659073808393373e+00
2.216997539750140689e-01
1.792016133478568918e-02
-1.091451178341618089e-02
2.830617396019716736e-01
3.968116723341275076e-02
8.959456501826688068e-01
1.966415797360557605e+00
1.277538820754646309e+00
-1.080345771021411494e-01
1.058726165170366329e+00
-1.515960892113905611e+00
4.279239044549076887e-01
-4.477489859353420698e-01
-3.333102730358952215e-01
1.059461605664005379e+00
-1.255483529406029586e+00
3.586654717784036883e-01
2.262619118250204231e-01
5.988344023370117952e-01
-5.806292066709031197e-01
3.277116380644855553e-01
1.456816353783185303e+00
7.935094190804601322e-01
9.789962221943412368e-01
1.435188824470502000e+00
4.644104980198296317e+00
1.172203470248887136e+01
1.235125290558677946e+01
1.328328493683983069e+01
1.410352374737602332e+01
1.384686673784023725e+01
1.389278705140340264e+01
6.558354785338963211e+00
8.975391733827194685e+00
2.143274723351026978e+00
7.304779430145487140e-01
6.569223999467652675e+00
3.397951734565452853e+00
2.949618617929104403e+00
2.064617475236332211e+00
2.114197158088259698e+00
-3.185055535833356544e+00
-1.433193787864688318e+01
-3.192115093409594806e+01
-2.749347790832152327e+01
-1.417426789504670026e+01
-5.718693831396322480e+00
-4.645748477545431854e+00
-4.320323868882971041e+00
-4.847540088074605791e+00
-2.139171406791821717e+00
-2.945114897043526803e+00
-2.861350847201203251e+00
-2.133531368312436616e+00
-1.244400336620408165e+00
7.069545576303194467e-01
3.948963405586535247e-01
-4.503764312154114879e-01
5.395092771143362720e-01
4.241611330665202573e-01
-2.529547472005830300e-01
-2.027334641497804846e+00
-1.001500708039617882e+00
-1.509305780473351621e+00
1.140404585002086080e-01
2.658623632488054334e+00
4.952241606159653031e+00
7.004107051289945041e-01
-1.793938953993072793e-01
-1.811796132880618693e-01
-2.615167121609949241e-01
-9.382550096823618624e-01
-2.894421504330326744e+00
-3.467882467086888632e+00
-3.296427558573653549e-01
2.161929139609660933e+00
5.807863087872136010e-01
1.698409441031466516e+00
1.390855029911344465e+00
8.909180847519546642e-01
-1.252264163310016887e+00
-4.554436383854449932e-01
-1.199814069675047445e+00
1.905436588813460119e+00
-2.027786728825715201e+00
-6.453162389245362673e-01
-2.614709279220057692e-01
-5.424402864541384428e-01
2.759470086423563284e-01
8.296978469135410927e-01
1.200603470998561351e-01
1.086636725590672814e-02
8.626720935281734226e-01
-2.752540128555773791e-01
2.446689525839598645e+00
8.667159966852278075e-01
-2.139410910908434715e-02
-8.856413634390447598e-02
-1.531481368050202407e+00
-2.230083151660910090e+00
3.075205299017429450e-01
9.130037619381536906e-01
1.076854732343073828e-01
7.621540127635200168e-01
-5.593718692553033556e-01
-1.587537343794459321e+00
-2.442408135894186483e+00
2.381709588202414629e+00
3.056002392670013057e-01
6.581581183772222676e-02
2.103503072331959212e-01
-5.710373008119429272e-02
-1.573196092419646419e-01
4.736876914679750694e-01
7.787732258988316891e-01
1.864380872938697253e+00
-5.082320841473020323e-02
1.020906016239034209e+00
5.528538778326730352e-01
-1.797167154428573888e-01
7.553528851662156818e-01
1.729410387235351898e+00
2.990407684195108828e+00
7.512581550885339965e+00
9.837470965552395086e+00
1.026983160175667464e+01
5.715807425976286993e+00
3.704404121857741927e+00
1.752317670834031560e+00
2.082548175687797709e+00
8.715187463502473975e-01
3.007938341507284008e+00
-1.503130369842082814e+00
1.256398232962716577e+00
3.276094414513707420e+00
-3.429048472761238031e-01
1.889196867020018544e+00
2.651725722232640692e-01
-7.659068980049497100e-01
-6.581063616799553984e-03
-2.250959806461459323e+00
3.781268613957990965e-01
-4.879536170583527621e+00
-5.281026533697882996e+00
-5.371446117770986461e+00
-1.151205716428388826e+01
-8.619962632545121295e+00
-7.218727604326206304e+00
-7.548517970296201973e+00
-2.963435328439111061e+00
1.137463503607285098e+00
-1.668073200304380777e+00
-2.555784833137271228e+00
4.030572191177282937e-01
-1.295330090758085584e-01
3.006231762619587244e-01
-4.925102043442624589e-01
-2.855017923288311277e+00
1.933424049135719081e-01
-2.013043452152363244e-03
4.284917014862177354e-01
2.561685279227736700e-01
6.530185712243756768e-01
-8.432910667496074097e-03
-5.910772171129266006e-01
3.655949296128726544e-01
1.397392583169316804e-01
-1.692488717015894206e-01
-2.635195883501131320e-01
-7.742461252147516682e-01
6.133858710736195263e-02
-1.184376789469946623e+00
-2.000948456466049574e+00
-1.732105919245441328e-04
-4.172153434884897649e-01
-4.549078347838957370e-01
-2.281852733853518167e+00
-1.191232713943342958e+00
-1.215978185679684742e+00
3.409216859589641047e-01
-5.907879743788679860e-01
-5.331746655290388048e-01
1.601125374673314283e+00
2.084869277288117217e-01
1.248764023313420068e-01
1.630015357235569340e+00
1.266742030766355498e+00
-9.123805259168022985e-01
-1.384033339912141614e+00
-1.083674624154221888e+00
4.510500092465896671e-02
-6.181420770543724075e-01
1.429822479978959393e-01
-1.121853661008032077e-04
1.227045862087905448e-02
1.167971926274416816e+00
1.231803579695167628e+00
1.174331408063905791e+00
8.047449016793413179e-01
-2.389601920715964667e-01
-1.563291443269587688e-02
-3.571011578280023357e-01
-1.966061473500463563e+00
5.529340491343468500e-01
-1.554994598354184632e-01
-1.545841151083937604e-01
-7.984187527509867266e-02
-2.179696589946900076e-02
-2.626379863727610342e-01
-2.431277622328202881e-01
5.049372162201617442e-01
-8.349461121897459037e-01
5.606705373502798295e-01
-2.779108899875915029e-01
4.375406042209206703e-03
-3.365287354662811481e-01
-6.299418312394724495e-01
4.545069890009116875e-01
1.752531223691349282e-01
-1.011124970772279141e-01
1.625129948069192309e+00
2.664696210203905125e+00
2.096884394713471877e-01
-3.119051165822019911e-01
-1.427397089828708943e+00
-1.887357224773282383e+00
4.302646364082072239e-01
-2.654658685054121392e+00
6.988115875305194180e-01
1.146869504927559902e+00
-3.474954249766977199e-01
-3.354371520292271924e-01
-5.919704619914689658e-02
8.342121933948618562e-01
-1.002353595795058894e+00
6.349674541339460632e-01
1.453065658935328130e+00
1.517278034500368911e+00
1.256794845977024622e+00
6.050119024405224977e-01
8.992031702707397045e-01
9.785945934108757349e-01
1.516019893153931486e+00
1.366032596703399271e-01
-1.659142761700938218e+00
-2.612585855184899053e-01
-2.032150804506516195e-01
7.260917641438755510e-01
1.254520262667725428e+00
-2.914212927955832644e-01
-1.511012043334236665e+00
-2.119244210140713403e+00
-3.469978124411864151e+00
3.677351340116548073e-01
5.952072329050182020e-01
3.918906363194958331e-01
-1.573667064962893214e+00
-1.528155297693471582e+00
1.070342022092495071e+00
1.801732327863827976e+00
8.641221589683212301e-02
-1.142121856974167571e+00
-2.732333185624861827e+00
-1.921655060341036503e+00
5.756539848964230544e-01
4.537200202275872840e-01
2.020690025886443308e+00
1.304804481713048858e+00
-2.543941307536629282e+00
-9.661604650931732152e-01
1.041328797150553598e+00
8.063924883605544380e-01
8.296088524606801684e-01
7.809575979465890327e-01
-2.446072121941655908e+00
-4.381963403417117320e-01
1.751597754368461324e-02
-8.866649523350549345e-01
-3.995530118633858763e-01
-1.188688156251329175e+00
-3.825974418419226808e+00
6.102265818378214135e-01
1.516155436015502289e+00
1.392412667378161828e+00
-2.374355408860592931e+00
7.268014460756937467e-01
7.890341379565395385e-01
3.428383440747062139e+00
5.253712475982275976e+00
5.704996273842573018e-01
1.046546856483357324e+00
1.527581660832331600e+00
2.748376663316776103e-01
6.091442471695485139e-01
2.764200729692591896e+00
3.947823247856996787e+00
4.693780415377657889e+00
5.658872420638232370e+00
4.919083742133203430e-01
8.766414351318960740e-01
4.900143782897877998e+00
3.971220475092600566e-01
1.374144437002719599e+00
1.498654637179754445e+00
6.960463537170884507e+00
6.436883961830300649e+00
4.562588597403731683e-01
-1.204988850561541369e+00
5.208961016874908978e-01
4.624592972537584501e-01
3.911303893917967400e+00
2.969012396047212121e+00
2.894321488985426072e+00
7.207522135352988357e-01
1.683210644603605033e+00
-2.185732395730994426e+00
-5.008835727804878957e-01
2.066985143370715150e+00
1.740505427089885870e+00
8.264819703833836684e-01
2.816638517762626748e+00
-5.744364494001956700e+00
2.087465580654324526e+00
9.252730217235480836e-01
-2.609031613615229617e+00
-1.621485030117121084e+00
-4.336976597042067283e+00
1.513297384378432753e+00
9.035639707031464241e-01
-6.573625297814643886e+00
-1.201352062625091932e+01
-9.093500702830553450e+00
-3.652606418068074845e+00
-3.556352636823334024e+00
-3.659765962766177161e+00
-3.018304993745317688e+00
-1.171314757736531931e+00
-1.949995815214914607e+00
-1.999784695847652616e+00
3.803767863649609726e-01
2.178499952111381255e-01
4.272436303159586890e-01
6.483670206250408130e-01
1.071822034438185134e-01
2.044375180764894218e+00
-6.098285176720308343e-02
1.414582321311598445e+00
-4.701834014681772977e+00
7.360084495261702831e-01
1.189499210178308397e+00
4.765223173594895778e-01
8.453533506343382520e-01
1.350987308691645072e+00
-1.362488147416760054e+00
1.948352339137224831e-01
2.322202850447196987e-01
7.287077128427910111e-03
2.217491774129145554e-01
-1.990845195698574432e+00
-2.548543806640598541e-01
1.115768264796636045e-01
-3.093438625168423717e-01
9.398718329426086759e-02
-4.753083017930948007e-01
-1.453944192425875359e+00
7.334292661779489020e-01
4.267795946977981369e-01
8.101263195455867816e-01
-2.528846670888241777e-01
-3.986691021264568979e-01
-1.762594485370696795e-01
4.924676544474702045e-01
1.933156572311663490e+00
-9.277306072713407126e-01
2.681825952640723987e-01
1.151796062710743751e-01
-1.093617183222961309e-02
-3.741233827519847566e-01
-1.685889978088509933e+00
5.236998578318663444e-02
-2.931346772464000772e-01
4.970511250818798743e-02
-2.810966715989123843e-01
-9.641185744514246814e-02
-1.687952298503103687e-01
1.802224971789458952e-01
-3.506648342593108314e-01
-1.652506817404031381e-03
2.166654766826903167e-01
-7.239823750345419917e-02
1.405283698989128194e-01
-6.980914029236995333e-02
2.900157598787242996e-01
1.554493211504384131e-01
-3.239883115092903054e-01
-1.705406085807470440e-01
-3.729114019939365754e-01
-4.814301266926144240e-01
-6.605642762005139446e-01
-3.111910086689296584e+00
-6.451226967696285008e+00
-5.434427262272132353e+00
-1.132464193681130737e+01
-1.397095789928124887e+01
-1.138608118630341437e+01
-8.164498350502576329e+00
-5.688880322830129899e+00
-3.631894531038270202e+00
-4.828781168461205198e+00
-4.494099057647801487e+00
-5.136528657753061111e+00
-4.965802424402880888e+00
-2.562184903001352154e+00
-3.850633376415032672e+00
3.999966890870666703e+00
4.283773099308518795e-01
9.983730144896966863e+00
1.662532176303440679e+01
1.969467711799810417e+01
1.493332124540263095e+01
3.805768690728889680e+00
2.323860248934217054e+00
7.449017812779221259e+00
4.031589409229983545e+00
3.340540789704110836e+00
1.407573139390905226e+00
1.535543141755313812e+00
1.369040442576612726e+00
4.060149215249420962e+00
2.704078969272925015e+00
2.335544411895241756e-01
-2.298548609953054156e-01
-2.450567216521229441e-01
8.355287295621609545e-01
-1.114392151723876401e+00
7.197298402167121578e-01
-5.038651882788242053e-01
1.386290121897754135e-01
-4.651892011070847821e-01
3.740826631532443991e-01
-1.427452715679002337e-01
-1.443099900791841028e-01
-5.195115483656098654e-02
-4.230682989684139805e+00
-2.954293075437488092e+00
-1.149712306572701515e+00
-1.395575981260858356e+00
-1.049759933650955546e+00
2.625011866416997464e-01
3.967484909711166630e+00
8.230156099266686454e+00
3.163509025874244429e+00
1.416375854176825655e-01
5.031480077294006037e-01
1.701510761139052974e+00
4.902991859759112003e+00
1.852032414777244895e-01
8.302891266009648774e-01
-1.488481679830577775e-01
-3.406239593449612357e+00
-3.490587671392941793e+00
-1.343236022282447095e+00
4.434257569875832417e-02
1.004569172185467707e-01
-2.736928671175760108e-01
4.564706530477695701e-01
-1.383398761238272545e+00
-3.186248996125436772e+00
-4.105520739913276485e-01
4.197328030088805506e-01
-1.483450641899454747e-01
-8.496126101017434928e-01
-4.021857648809112895e-02
5.212072814921948627e-01
6.091438582302977078e-02
-9.764508567016383367e-02
-1.364575234863070197e+00
-1.539439053652912115e+00
1.093741802734755630e-01
-6.323310631023479900e-01
-8.979321564445603698e-01
9.916212738467953258e-01
5.406617647921683201e-01
-3.735672628086117442e-01
2.332509201765575746e-01
9.000601351370485226e-01
5.744862643645690881e+00
1.995015441809525836e+00
3.345175019534352145e-02
-5.361214878332365430e-01
-1.109296529250599406e+00
-1.306281966785471704e+00
-2.972617886759647554e-01
-1.118310770737698245e+00
-2.957416047093983646e-01
-3.650970958196238514e-01
-1.205529728669449130e-01
-3.215348834112059517e-01
-1.119337200157975998e-01
-3.701751352115922877e-03
2.753320477505525887e-01
2.102541350072243409e-01
-3.260185090381176320e-01
1.177362967035543995e-01
4.271412329459752244e-01
-4.804019553473574677e-01
-1.680205746510441966e-01
-9.704929383972460410e-02
-1.193421014027906679e-01
-4.753244607032867108e-01
3.568177994329957414e-02
3.460963782704967739e-01
3.615623411200515225e+00
1.052244103560216359e+01
1.068940717424079878e+01
1.330972008756869229e+01
1.309220859039943008e+01
1.147471353325289556e+01
1.599456203530030507e+01
1.282440015991669213e+01
-1.992776632750420163e+00
1.870337378360034108e-01
-5.602693013596422134e+00
-2.519010471835116505e+00
-4.798507022912829711e+00
-1.234074657704348965e+01
-9.070900146793682950e+00
-7.067364316877814190e+00
-1.008225702891012077e+01
-6.780546929067259754e+00
-7.512834146319278261e-01
-2.290723437567613985e+00
-5.336250822277868622e+00
-2.721202090802041340e+00
-2.404505090603759498e+00
-7.307630878735835722e-01
-2.855706962388619985e+00
-2.707606415489523854e+00
-7.835345329348424315e-01
-3.719408675806037401e+00
-4.020146937094946082e+00
-1.109572398114453851e+00
-1.541277309586422062e+00
-2.484443007303863027e+00
-9.998974094600661111e-01
-2.101347452924947845e+00
1.096579712468765067e+00
1.099967024088461365e+00
3.709982278018699731e-01
4.312005484998597815e-01
-1.277028296085438441e-01
4.009030759438036995e-03
-2.262095431452935124e-01
-2.701573259814944450e-01
1.976342777120724037e+00
5.079689540237204426e-01
5.674060728317662505e-01
-1.100121844664070148e+00
1.009481134976794703e+00
5.792445803577395136e-01
-4.785467871953214547e-01
1.199852546794180075e-01
-3.793089912718466961e-02
1.143501108925606413e+00
9.292595004008711301e-01
-4.133719485143605432e-02
3.157794147928625339e-01
-4.107506495236439292e-01
-2.827864807666902180e-02
5.352711813984325495e-01
9.723923282113204891e-01
9.200621095997281174e-01
5.454331875666984075e+00
1.724554785649736743e+00
4.539951742690941927e+00
6.506363629261910475e+00
3.590170784798335291e+00
2.763853973303685763e+00
3.922990907619571033e+00
8.498065585446070713e-01
-9.904467387977433646e-02
-4.020984117446811723e+00
-7.261532405240753718e+00
-5.404393532030198344e+00
-5.338955979986666378e+00
-3.114457256578402777e+00
-4.661824979435724714e+00
-1.031637601885468936e+00
-4.084301463458718473e+00
-4.062624067198131073e+00
9.385490784737990921e-01
-2.573507230861693529e-02
2.299301724695478555e+00
2.533443428933147779e+00
-6.635337597789758846e-01
2.975298404044463219e+00
3.672640992299081919e+00
2.205042088255940058e+00
1.565523457343980240e+00
-2.673303878676467349e-01
4.390293433900067654e+00
5.625121913523951633e+00
2.000159187956363382e+00
2.098839330611188103e+00
9.280283903763475450e-02
-5.659882625103342946e-01
-2.199678597601639751e-01
2.247386911692782263e+00
-1.505149374697843712e+00
2.849723785992832603e+00
6.165870336878640501e-01
2.160125568674445162e+00
2.399092350061593493e-02
2.459515097974719566e+00
1.609961421140351234e+00
8.977535228969486525e-01
-1.776150471712369949e-01
-9.433769178324169502e-01
-4.405443927209141464e+00
-1.187597808774462749e+00
-5.052473566362642998e-01
1.592604054830104587e-02
-3.001480715565790547e+00
-8.101578500262043292e-01
1.993664064397648872e-02
-1.640960238354590928e+00
8.659324060216349039e-01
-1.224715001279783166e+00
2.009611664620916116e+00
2.382987047566093253e+00
1.269516348057198485e+00
5.397148318075650764e-02
2.596597435518912533e+00
4.468062952674145549e-02
-5.192824028331308739e-01
-3.710834943274871733e+00
-3.787726529943029163e+00
-3.269755650023892457e+00
-1.408429322114436388e+00
-1.645041997483996710e+00
1.255156977008883956e+00
-1.347171516669915192e+00
-1.410476818221097162e+00
-1.401127913395768587e+00
4.097566620997614706e-01
4.039709876332793215e-01
3.464512111518404325e+00
1.708789125156989996e+00
-1.707168328001571922e+00
-1.292622437262600954e+00
4.650335111035204250e-01
2.251960892169673656e+00
1.389011524626749150e+00
1.147929693578575439e-02
3.103153300972003592e-01
5.844925545207715345e-01
2.339445999008411547e-01
-8.383011502246517921e-02
3.007733970141828195e-01
-1.502489448961146223e+00
-1.490014704391604994e+00
-1.127860038144337551e+00
-5.755234031844480569e-02
9.235804700033156678e-02
-1.464787650725346779e+00
-1.194950780368740695e+00
-6.930860530700595490e-01
-1.791540794373020162e+00
-2.737226927079602135e+00
-6.018260115145199762e-01
-2.687080632182983209e-01
5.696727662112657242e-01
-2.380660160239944645e-01
4.364822858931667326e-01
2.528509774817065292e+00
4.560763152435161061e+00
5.320896917994330622e+00
1.483642259084447801e+00
-9.524179382106865432e-01
-6.306944304331096873e-03
3.315722150634371701e+00
9.569216488494834749e+00
2.855475831005243492e+00
2.907738988135925240e+00
3.316749119360764553e+00
-1.269222436276464805e+00
-1.711150620465318184e+00
-8.712970032186952096e+00
-9.603781377255224072e+00
6.975606649441381535e-01
9.053501360068771930e-01
-1.167468230836778531e+00
-1.716454173911820646e+00
-6.028138014902632236e+00
-6.963925745155066238e-01
-1.391656615596609470e+00
-3.215398380687350510e+00
-5.038000400027620174e-01
9.325562804888498647e-01
-2.045943611043519184e-01
9.955732491633160208e-01
1.836975969347946602e+00
1.955278879727117669e+00
3.946998106629184377e+00
3.820420140769297035e+00
7.738227710683744931e-01
-1.203652733157554167e-01
-1.873778262683554630e+00
5.456115021893808148e-01
3.126225731668380803e+00
1.728181051949861669e+01
-1.647850992337112075e+00
5.190170331600413078e+00
4.103826124131778386e+00
4.258713669493161547e-01
1.001633641107225969e+00
-1.240653723586909507e+00
-1.987176316120034869e+00
-5.467002350902461671e+00
-5.358685648229190690e+00
-7.355545343649627199e+00
-5.760285566819725034e+00
-5.966116459324730670e+00
-6.979258762319821230e+00
-3.021121218941628328e+00
-3.176144762648303477e+00
-2.664484058204585448e+00
-4.698516466357919086e+00
-3.089508802369537843e+00
-3.115743793191462885e+00
2.016436253768709719e-01
6.615414740618135170e-01
1.258794762297355874e+00
-1.164448911781046370e+00
-1.150328092634402388e+00
-2.362438432792600906e+00
-4.744660375513475969e+00
-1.163748693916353005e+01
-1.260867632945653583e+01
-8.595833018297021511e+00
-1.248822712075799046e+01
-9.423134932717417200e+00
-1.041059377447635370e+01
-2.468783440711376898e+00
-4.144097392181748774e+00
3.541594459272786821e+00
-8.195354779041323923e+00
3.720187202516370917e+00
-2.876303646478760356e+00
6.636376196713470677e+00
5.898000766261375816e+00
7.153402726454530125e+00
1.893404762547697828e+01
1.416418879186720403e+01
3.855897393540701046e+00
2.271179509015823328e+00
3.297984243661307602e+00
1.953076700798884957e+00
5.860370510820374079e-01
5.563737527691028362e+00
6.970354487482934402e+00
6.331527390744008166e+00
3.069595211210915053e+00
4.014082956426385351e+00
4.306039159585919873e-01
8.021371783853559201e-02
3.046318610371984703e-01
-1.010256684424805373e-01
6.336393093392611586e-02
-1.338440348414689784e-01
6.793818919977111515e-01
2.435845328779043806e-01
-4.241973584106368267e-01
-2.880106257298320038e+00
-3.338067895423234788e+00
-3.393276726584921299e+00
-3.108419504052179150e+00
-5.464823563349300528e+00
-4.847214772421303053e+00
-4.932663895618052408e+00
-6.168421856074303378e+00
-5.727780567051908633e+00
-2.390440992413189747e+00
-1.105178206180639222e-01
2.016664936921088724e-01
-3.030600691547839176e+00
-2.865885629506166765e+00
-3.955104506764826056e-01
-4.674372050467326289e+00
2.137154827095066878e+00
8.022772905620172423e-01
4.117497183139988692e-01
-2.759503795415731986e+00
-7.979774649218995819e-01
-1.832740348640918171e+00
-9.376038505569042059e-01
-3.108412085340816589e+00
1.139996725713032788e-01
-3.697102637470834452e+00
-1.806734912466929188e+00
3.196449395817161587e+00
1.228208011119218668e+01
1.651231241122923166e+01
9.740130789400122779e+00
3.808896749439465879e+00
2.511131092589764080e+00
6.055431358537509468e+00
8.558030771077989485e+00
3.562524302764966233e+00
1.591676932160563940e-01
2.298130899708737740e+00
4.429140591171480956e+00
6.861507475453700877e+00
6.998358085394157158e+00
5.667202538997884176e-01
4.456182706881470779e-01
-1.681265704661264238e+00
-6.156889423670186545e-01
2.681326128761760685e-01
1.813191337398407654e-01
5.529822874167038549e-01
2.535867033869646292e+00
-1.541139482978692854e-02
-6.984606547999661075e-02
1.392778169375205266e+00
6.561600177218878116e-01
1.153424863504387332e+00
-1.853852290273607650e-01
-4.545047268421889441e+00
-3.845598593674282029e-01
4.578064433407540434e-01
3.694108212496232113e-01
1.272790275152360095e-01
2.318917289318846997e-01
-4.753942665083375374e+00
-1.408411079648697495e+00
-7.720575750653999592e-01
3.702372183661591265e+00
-1.350956478481975864e+00
1.506929763837479896e+00
1.347965522129719318e-01
-7.394260165418664599e-01
-3.380925321168316344e+00
-7.115669810901792403e-01
7.915632674022177184e-02
1.277748106284946061e+00
1.576054687169268220e+00
2.772224631076504409e+00
5.300171437820605291e+00
2.257610210557466246e+00
4.974293309287180165e+00
1.005110493022627338e+00
2.068069834396553119e-01
-1.404730541771186836e+00
-3.536340327464873923e+00
-2.851546570117513113e+00
-2.930239876944192190e+00
9.258232607262293357e-01
2.929825143400321963e-01
-2.680068635274146516e-01
-1.487482057913737776e+00
-1.001056634416499946e+00
-9.978410707963654147e-01
-2.117464509868494105e+00
-2.657366397626983456e+00
-2.806087354025747160e+00
-5.800802983216209796e+00
-4.635509580783837791e+00
-2.478098085175761689e+00
6.692946305738223245e-01
-5.069590946323598857e-02
3.765149309211550666e-01
-1.983075096032117512e+00
-2.750373010563867737e+00
2.475491952256036132e+00
7.949298124751946748e-02
2.078939870121846445e-01
-2.004148944261190390e-01
-1.956284944085795452e-02
1.083283870948867911e-01
6.192484632887595986e-02
1.983073810708014362e+00
-5.293259280720996607e-01
-6.242919508596884715e-01
-1.624855534754596764e-01
1.670376973431211276e-01
-1.579811479347326131e-01
-8.408993590223756698e-02
-1.001078995577052044e+00
-9.095951745531165589e-01
4.135707417704240219e-01
-4.054580705318306943e-01
6.788425914684820262e-02
1.906019879186140187e-01
2.540227973990279442e-01
-1.372486715858020623e-01
1.723580119435733360e-01
1.083932463536927404e-01
7.829106134250263249e-02
-2.228410093489314736e-01
-1.380583610571956887e+00
2.047537296805113094e-02
1.968642915617714317e-01
-6.471855799099623940e-02
-1.440800397610713102e-01
2.422904054982710775e-02
-1.847735234385172731e-02
1.696633577083317412e-02
4.420602869142647995e-01
4.466586784680017796e-01
1.385667549896105966e+00
9.267184445319867070e-01
-7.579795968652236482e-02
-1.496541599036793402e+00
1.035700119912273509e+00
-8.865958307555499296e-02
-4.072483376806146360e-02
1.836109585155889512e-01
-5.155288612573714069e-01
-3.015635667756351168e-01
-1.063430520003807445e-01
-2.199990816424860496e-01
-1.055859976574395453e+00
-5.730783091858008271e-01
-7.060841277619271938e-01
-1.076401778330962733e+00
2.008587047023451255e-01
-1.612082670937611262e-01
3.036515702178306242e-01
6.581751112491620592e-01
-1.946117937709550549e-01
7.359990288798881064e-01
-2.216024180855580283e-02
-1.025247121152536911e+00
4.662991339728733031e+00
-2.632452954952993807e+00
-6.570366679138484045e-01
2.803220262237402061e+00
-3.181150145987492461e-01
4.970706446518713406e-02
3.066127146308452733e-01
-2.224671542960674486e-01
1.690835858300789862e-01
-4.854309784646342329e-01
-1.479516140628047705e-01
-1.756146600459511653e-01
-9.516956297637361173e-01
-1.526649655825955132e-01
1.758610717176880001e-01
4.302554336242982447e-01
7.232516560578166054e-01
1.176203964637980715e-01
6.905329765216228211e-02
-2.904341597665902608e-01
5.875497639297200259e-02
3.576716603874641187e-02
9.481247003433157516e-02
3.901481232493275719e-02
-3.226537275002742122e-01
2.673478552768780991e-01
-8.893828880976339946e-03
2.067679320835791312e-01
-1.424326236386342703e+00
2.176386872787548388e+00
-9.356218327500280818e-01
-5.155919971220104259e-01
-1.371722781097686195e-01
4.958086669216836828e-01
3.091642758609554065e-01
4.326915728584235232e-02
-3.046081437861802854e-02
-6.277745211839902417e-02
2.223415480363930552e-01
2.230820981290524418e-01
4.530773195845934076e-01
1.366018948154152923e+00
2.189604891064885539e+00
2.125234253441781185e+00
4.506418773354665674e+00
6.497989126832205642e+00
6.866530836185944509e+00
5.132418861265225729e+00
6.563422244428167573e-01
-2.906536067766637643e+00
-7.479489105945660299e-01
3.845604984048222263e+00
4.848046111829127369e-01
1.006715974066040076e+00
-1.304617026599377283e+00
-4.830113624693609609e+00
-4.539447600217023648e+00
-2.910699654689246074e+00
-5.795270575942092606e+00
-7.419162493635447220e-01
-7.350509443158106393e-01
-1.827191333112622829e+00
-3.830025664478917236e+00
-2.934678578428932205e+00
-7.315000566272797933e-01
-1.062354703450429483e+00
-3.762178591394563121e+00
-2.374125705605219405e+00
-6.831631996515010741e-01
2.551385547947901955e-01
2.186383981264521381e-01
-5.741751366677902979e-01
1.289275422584834629e-01
-6.287914125718270242e-01
-2.796069560755551464e+00
-2.924570321475361112e+00
-1.386123126411622053e+00
2.757731554220637094e-01
-1.129032415963703073e+00
-4.555322287969861605e+00
-3.403655311344849110e+00
-3.972050251356602502e+00
1.234536286527792015e-01
1.032676301525818019e+00
4.972624836739530707e+00
-2.090053705379872895e-01
-9.472798746321942076e-01
-1.225895536881200343e+00
1.466041167020957658e+00
1.265838087074552476e+00
8.098943581263249314e-01
1.818401622151448294e+00
5.626546775313833848e+00
4.108366883158923955e+00
2.996969551395354703e+00
1.168919690932896049e+00
1.539130961213462045e+00
1.879535819754827530e+00
2.286592811693865190e+00
6.423623856996181658e+00
8.145228588127563896e+00
6.366370305405094854e+00
1.090930613581436148e+01
8.222774124376655891e+00
5.844935123896945584e+00
3.743676968706992625e+00
4.150952126321683977e+00
4.241208591715121656e+00
3.177765577679572573e+00
1.985220400865401302e+00
2.271223645874542285e+00
3.816124622821874368e+00
5.335256062998396942e+00
5.931574309823631097e+00
2.645266367584184763e+00
4.304992463775789702e+00
7.509353984806637072e-01
-6.370574653241149576e+00
-2.131091720270291745e+01
-1.981419605494723868e+01
-8.664881148015822987e+00
-1.034999744327907578e+01
-1.324933646618777949e+01
-3.992414957470153070e+00
-4.889053600737872429e+00
-4.459795496816695071e+00
3.330599793217015048e-02
8.210848454262572593e-01
1.441311199617548722e-01
-3.284609279851919972e-01
3.247380825616675848e-01
-4.208961518439302552e-01
6.413999715793539114e-01
1.197603413133743633e+00
1.517356254463635423e+00
1.485257424151149142e+00
-5.483999685665219559e-02
4.840507132795988099e-01
-4.317793592313368123e-02
-1.131883964513337837e+00
-2.223307711331763858e+00
-1.370317702346428801e+00
3.366158809742246794e-01
-7.048457460015371268e-02
9.775130725703641554e-02
-2.192892747114965901e-01
-2.273920600250370350e-02
-2.168011796726532658e+00
-2.816068597347433311e+00
-9.078389407726472626e-02
8.960583318942916264e-02
1.341965146370519335e+00
3.662706971608962192e+00
1.643352446842832881e-01
2.412012210978505600e+00
1.196027757596848318e+00
-1.226069281974684344e-01
-7.229006995703191052e-02
-3.606229642108010669e+00
-4.715684256390267892e-02
1.719504819989126077e+00
2.948074623749354917e-01
-1.152754603231883390e+00
-1.247651640554150676e+00
3.966421828492798785e-01
-3.307640216968571467e-01
-1.855515004789550781e-01
6.430224881601878106e-01
1.083127447593000170e+00
4.671417049526678245e-01
-4.633295678644562265e-01
-1.685100780003098153e-01
3.866814634000094175e-01
1.079507214038073259e+00
7.051469635648812684e-01
1.090496140229255673e+00
2.028774564922780410e+00
-5.754076279263786731e-01
-5.512043835388791280e-02
2.164557946960703916e+00
1.621572981846439276e+00
-3.751982657888586203e-01
-1.441451745942320173e+00
-6.739391373919119133e-01
-1.212134139027746471e+00
4.748644796238199461e-01
4.223093789984293522e-01
-2.201577810056567941e+00
-2.884238609708860146e+00
-1.561171420496684670e+00
4.515256056865224465e-01
1.356377686820021966e-01
-3.577984511637999354e-02
2.049411544957749909e-01
1.340827157650353652e+00
-1.216584345304567716e-01
9.576982360217178858e-02
-7.358121753917368224e-03
-1.012761119586151892e-01
-2.218440173462665754e-02
-1.612905454020745477e-01
1.440963597198114954e-01
7.759902975837817962e-02
1.107448046557926169e-01
-2.125105296980160929e-01
-9.932092015186388956e-02
-1.228947021090314173e-01
-4.244417817524147596e-01
-7.474528280012564529e-01
2.752890980758064265e-01
-1.274202970309956884e+00
-1.073493532516569982e+00
-2.310215410623559507e-01
2.509382032345990332e-01
-4.690580018467587209e-01
-5.590092494922189736e-01
1.080423698661803877e+00
8.830068079480124510e-02
-1.479022465083792426e-01
4.550672860439499701e-01
1.266308786218449667e+00
-6.847440236653258294e-01
1.376537765095581456e+00
-2.044918281142410699e+00
-3.144880133277006884e+00
-1.198468150766442974e+00
-4.034507234911455242e-01
-3.631412549245869315e-01
1.153409484768053161e+00
6.715971578408375109e-01
2.004504954039666220e+00
1.163092725554822904e+00
1.307285683063570403e-01
7.219110536002979472e-01
5.736404147420962607e-01
-3.272521736696463179e-01
9.454572328212914600e-01
3.102059797633406335e-01
-4.983474889619706749e-01
1.327598946624222731e-01
1.295843286077689172e+00
1.512904594917843015e+00
1.066933497203269798e+00
4.575938761911091390e-01
6.992975632047135903e-01
-1.315381592045824277e+00
-7.492089052684391959e-03
-1.040581717066808576e+00
-1.828853397468198860e+00
-1.180896896894224612e+00
1.775503460591256188e-01
3.440175512215015718e-01
-1.811531338098278932e-01
2.728917186270631845e-01
-5.980421889979800065e-01
-3.901560061214782493e+00
-8.604968914825015247e-01
2.451663462519808157e+00
2.497560142437553754e-01
2.509670646943631400e-01
-4.281096780316566708e-01
2.500216583031780182e-01
-8.739458405369777694e-01
-1.103578614140377390e+00
1.062570598162528857e+00
2.361962063483176166e-01
7.642199960251483404e-02
-4.324750667308308039e-03
1.580894793930243125e-02
1.762282272131643346e-01
2.650947330467134933e-01
1.412892026164147552e-02
1.520451346870776543e+00
2.631155124071678397e+00
-1.303594700669501449e-01
-1.309957003612509663e-01
-2.677663014760568228e+00
-1.538954133051725348e+00
-1.412501711617711653e+00
6.778903691039555035e-01
-4.483714041280819629e-01
-4.531401647238455510e-01
-1.253248715252460066e+00
-3.839350036562469981e-01
-4.329638881892305946e-01
-1.638335349748883729e+00
1.025666599333250772e+00
1.717122242213903860e+00
1.348855965963747128e+00
5.789400184722337528e-02
5.592393738746008758e-01
1.794976821144663726e+00
2.418752850166361323e-01
8.556389779500017667e-03
2.382115434057479053e-01
5.723818112059195773e-01
-1.175052391526010265e-01
7.219951214040265519e-02
-8.456518766193182879e-02
-1.975816578629123188e-01
2.852839272273700599e-01
-7.467548399848602525e-01
1.084854212951357644e+00
-1.602658452666802180e+00
7.061782016299021913e-01
2.281379576658809638e-01
7.661890558302476562e-01
7.358587186232098398e-01
-4.419221234913315310e-01
1.690178490051754689e-01
2.974621273525923648e-02
-2.377844060303857088e+00
-2.819607975222584439e+00
-6.523323045399109787e-02
-6.001529544860595422e-01
5.429380727705588328e-01
2.024562045412316991e-01
1.000762843610621733e+00
1.671158941953554189e+00
-4.277440897082700477e-01
6.641757107550254613e-01
-8.326575543508358823e-01
-3.034466924117840581e+00
-9.888313014682008628e-01
-1.129478016120086359e+00
-1.828244861364566987e+00
9.679002598078607633e-01
4.916789921407094255e-02
1.289389509936118117e+00
3.323677941868574237e+00
6.062636898075024483e-01
5.689562533893761653e-01
-5.235506654075479105e-01
7.861185767200931096e-01
-8.304778978219644614e-01
-4.833455937352635345e-01
2.645355586274793502e-01
-3.195434333239463243e+00
1.616047616808833354e-01
1.886226769843183604e+00
4.991987098300207926e-01
-1.551668079969030778e-01
4.073942753090844526e-01
2.566152373675085308e+00
-1.859083787329993021e+00
-1.315736836143147848e+00
1.656605834033371139e-01
1.863298128083510807e+00
2.832186483821723222e+00
-5.202199034262677824e-02
1.011890858789604719e-01
-2.064176177467580420e+00
-4.663345505444151939e+00
-3.203100101260705657e+00
2.172353628464485098e-02
1.933544181606130508e-01
3.351606391444948763e+00
4.436964796958493551e-01
8.768038906297270785e-01
1.938075556525474585e+00
2.242441996602625665e+00
9.139111532013248773e-01
4.144313207822313272e-01
6.288676240544326390e-01
1.216676340181343408e+00
4.259401935506663683e-01
1.372253069932938274e+00
6.588158402414636683e-01
4.920110554876337972e-01
-2.551484049269525656e-01
-2.668304065693769545e-01
-8.750727549245027603e-01
-1.769787845573262075e+00
-2.041880392019208568e+00
-2.916668206783984196e+00
-2.540361332492873547e+00
-1.672195143577613230e+00
6.266441083034530735e-01
7.730495920012607769e-01
6.907226755959827713e-01
9.631067365452090634e-01
9.110576977189985826e-01
6.953800682698223490e-01
4.657103447593493595e-01
3.184120530915490743e-01
2.090641448971131133e+00
3.402393037116746122e+00
2.345646573827001369e+00
6.741705391117045032e+00
1.024515521050290978e+01
1.090848399109131606e+01
9.362734805148484440e+00
7.842064662776813577e+00
1.126790752651440641e+01
6.358927262915258893e+00
7.129858772874896999e+00
9.302660704478469711e+00
6.280023832399209027e+00
9.129823869798443070e+00
9.342092860190973624e+00
1.268057512253022878e+00
1.258408720015196991e+00
1.784918257989829726e+00
2.219943345404743695e+00
-1.458945827091042702e+00
-1.803564774551232119e+01
-2.646221069234594836e+01
-2.499106363337414649e+01
-1.578067874568272089e+01
-8.328659181627330099e+00
-8.336372366949891699e+00
-1.780506676903348406e+00
-2.038609268253056328e+00
-2.690803706270298967e+00
-7.004666382908160571e+00
-2.475769298225810378e+00
-4.623433794304521172e-03
6.312815793392696495e-01
4.401313622895897115e-01
4.252354901496728790e-01
1.147484513291499586e-01
-5.602038768875479136e-01
1.748881304905417489e-01
-2.689003222282927430e-01
-2.188182058243168804e-01
2.660530487220546192e+00
-2.079148892039377472e-01
3.135218242941439915e-01
-8.678322709446203431e-01
-7.236022568771318664e-01
6.369563659387456056e-01
6.063673176823860533e-01
-4.317991633974480603e-01
-8.158058040432167868e-01
-9.126974890850889643e-01
-5.551095176566143152e-01
6.406743884086696372e-01
-6.128008678225578265e-01
4.413730358188179270e-01
-7.997693610073726145e-01
-1.226739523448449276e+00
2.106804287210353177e+00
9.992032881253645193e-01
-2.228602206012073039e-01
8.879016064446112466e-01
9.151724359612551929e-01
1.303031623759137059e+00
1.691971208343803212e+00
-5.103466263416667204e-02
-1.601021393803816917e+00
6.374801195584294256e-01
-1.363275137371592116e+00
-2.176155626990806891e+00
7.117690979127720974e-01
-1.119804403468969589e+00
2.631008572061671602e-01
9.040648436106238361e-02
-3.586843000648307633e-01
-1.982792240121988625e+00
-3.013320983264748953e-01
-3.745076213363280893e-01
-3.118394183008863507e-01
1.738216565721561579e+00
9.530574087205432310e-01
2.247817445075080744e+00
1.056909089481057329e-01
-2.289098180385624737e-01
-4.120684898960783604e-01
-1.727126430451918493e-01
1.073606488004761328e-01
1.596130733348928299e-01
5.688074048612250522e-01
-2.443692138273998449e-01
-3.244246324811756566e+00
1.367374374102766410e+00
-1.241313484408015366e+00
8.875902372802769724e-01
9.564142089399607638e-02
3.066039829884963930e-01
1.322546253105491676e+00
7.761964788893637168e-01
-4.710554642365987199e-01
-7.903651980711288161e-01
-2.200748307836294160e+00
7.611772690011306963e-01
-7.345577519888224494e-02
9.139787441810254265e-02
1.483023131394279659e+00
1.772912278205148517e+00
1.167587949679829151e-01
4.000082473237842606e-01
-1.011814794892895719e-02
4.847207514926115124e-01
1.995482367569202165e+00
2.413894859431922946e+00
2.351314187331110084e+00
4.203536889841821278e+00
7.318177973935092950e+00
8.711351653629435532e+00
4.749508685730337021e+00
-1.671096678008552772e+00
-2.590210639636772783e+00
-1.826189865418559322e+00
-2.569063794687828306e+00
-2.612994612816123663e+00
-2.439123020631814853e+00
1.096662006205271211e+00
-2.726334472250613317e-01
7.108674513296264763e-02
-5.451412376765425449e-01
-4.266192333766234412e-01
-4.055639345919210825e-01
-6.855526371461166946e-01
1.961136906241115696e+00
7.579043079521952109e-01
1.533054744480764953e+00
2.368887231026551632e+00
-1.923535268817886390e+00
1.794005401356489671e+00
2.082362569406015496e-01
2.431855243062702954e+00
1.339235235077669728e+00
2.557483039021022364e+00
1.589935545127993066e+00
1.990256775748065365e+00
1.779170688394380306e+00
7.726426255246749975e-01
1.874354791923231289e+00
1.625553074866004977e+00
2.143424582644968268e-01
6.292015078499701985e-02
-5.965651615195781687e+00
-1.664306153067975913e+00
-5.366487441328843033e+00
-8.016106835448425727e+00
-7.943062583469869153e+00
-5.283308829085395786e+00
-1.950342261088278129e+00
-4.022557291234361898e+00
-1.047185820761752151e+00
-1.822222861264694682e+00
-1.252985933013082365e+00
1.028004051470064351e+00
-5.525427158358235946e-01
-1.223132003523202727e+00
2.035212016294283277e-01
-2.312821946582268584e-01
3.168511576722290002e+00
1.458139337890145271e+00
5.608679436364334414e-01
-3.868995655489366747e-01
3.669963866295380406e-01
-7.960039012061326247e-01
-4.656416105050085186e-01
-1.394047492602008109e+00
-1.512763558449637058e+00
-5.811047145473595688e-01
4.303965026065181831e-01
-3.799063015648131980e-01
9.379442537178528383e-02
-3.823837334857582704e-04
-1.882055214297286838e-01
4.151615134625985526e-02
-3.203069232489204055e-01
-7.374739349402834598e-01
-1.019191980608856518e+00
-3.074245782819216011e-01
-3.569327645504154489e-01
-3.081253839765825120e-01
-7.120737840971713695e-02
-5.255425186471818222e-03
9.791926114987248297e-03
-2.102148847788845032e-01
2.541596651514028693e-01
1.224251457326541725e-02
8.289878139771467147e-02
3.356729383114576137e-02
3.932074559300948735e-01
-7.793010155264585848e-01
-5.206710882517082695e-01
-1.386285634807196132e-01
-7.911675766182124647e-02
1.526941896299094381e-01
2.943936034850658245e-03
3.324860242954130740e-02
4.711275454877306146e-02
1.562554781578819885e-01
6.672164913546030363e-02
3.901245466513447724e-02
-2.119196721429705832e-02
-1.216497281422057597e-02
4.664152193024833082e-01
4.447291916123230493e-01
-3.630001860919840340e-01
1.342738600426844009e+00
1.284901545154510938e+00
-5.729358275390179500e-01
-2.447731427462063181e-02
-1.792145610527189348e-01
-1.313803871699152914e-01
7.455954706044654046e-03
-3.333735229764305252e-01
-2.579946775034009931e-01
-8.427163235893520010e-02
6.279272376493549856e-02
-1.195657998695485169e-01
-6.984460563424139679e-01
-7.899613242333103358e-01
-2.872112054048985286e-01
-6.877001986317461402e-01
2.383493529792319876e-01
-3.154809064517447581e-01
-5.310999427492548719e-01
1.212983735883303993e-01
-5.325883299217526456e-02
2.336613280509345358e-01
-1.015733002889305681e+00
3.156307973440553027e-01
1.537223171285493351e-01
8.443209634245718576e-04
-6.509842787068187420e-02
1.877744657598752198e-01
-2.387666843968601071e-01
-2.653247769979660831e-01
4.339716509561153401e-02
1.803217626228432735e-01
1.960604690897223890e+00
2.070048235217824217e+00
-4.636170135930619551e-01
-1.645561115235434357e-01
-4.411725928864886903e-01
-1.759355908322142170e-01
-6.995661937424140220e-01
-4.027395358516976387e-01
-6.044575889467385110e-02
8.339816624684104340e-02
4.593916364091912286e-01
3.429227560944045017e+00
1.482294467810477911e+00
-4.382803849923914141e-01
-6.061340497218594692e-01
1.835721945072474881e-01
-2.041078768086473705e+00
9.212049631860725896e-01
8.835551424001601983e-01
-6.317830761512555071e-02
-6.389763337343352667e-01
7.368580845412735503e-01
-8.120201608429664653e-01
-1.160795927682494177e+00
2.194086951839233635e-01
-6.930470375605297662e-01
3.077080447907305505e-01
-2.230318563279619859e+00
-3.053197298407281934e-01
-3.479112379424718071e-01
8.662405447969883099e-01
-6.888865017801242274e-01
8.528629218918313271e-01
-7.022587779585336420e-01
4.433772247524796484e-01
6.923887747913815005e-01
2.041411621817438071e+00
3.562221255889688187e-01
2.447121823722708811e-02
-2.645005804350208933e-02
-2.090643214751639611e-01
-4.987937703845668480e-01
1.837283409091350350e-01
-1.714985389448124842e-01
1.796799865429932197e-02
-2.491160462767902928e-01
-1.624200851711014248e+00
-3.885140360380425761e-01
-5.665461469668038319e-01
-8.209838335980723656e-02
-3.898485054212619261e-01
-3.550293448513670569e-01
-4.189967644395595769e-01
1.179812380933231708e-01
9.039763306012416066e-01
1.946425787345944514e-01
6.158320100868293068e-01
-3.516420076391595373e-01
8.929334377137019274e-01
-3.994411919840761271e-01
-2.349098745723929405e+00
-6.116870218795797953e-01
-2.429189259079329588e-01
-5.226750049104786910e-01
6.222562758585912235e-01
-7.415098204176082675e-01
2.299456331635632900e+00
2.172051435789120077e+00
1.997271498738498963e+00
-1.038461097971139502e-01
2.782122417584638185e-01
4.832163219864415993e-02
-4.114295410039314760e-02
1.239950569652092272e+00
1.221422527529999469e+00
1.225380138761054560e+00
1.173823100628534455e+00
1.587983926449995753e+00
9.315123499403501484e-01
1.384869287242281644e+00
-2.976131254646805502e-01
-1.388928903940724879e-01
-6.618771938856955472e-01
-2.695553570938704624e-01
-9.732879371295410920e-02
1.552346146657246351e-01
-1.230233752937218927e+00
-2.547628194255460610e+00
-1.547656748611952127e+00
-8.286592423062737467e-01
-1.531021176519455684e+00
-1.670161718395626771e+00
-1.532594052157974396e+00
-1.327023048223384905e+00
-1.294958045457512696e+00
-2.260541724557352694e+00
-4.978169083257455441e-02
2.147402740824766454e-01
6.364249863703523857e-01
-8.091073015934426849e-01
4.769913226808952800e-02
-4.225525266204677166e-01
-1.591330567210142988e-01
-5.170462562954725172e-02
2.605217784359401989e+00
2.121231627015131238e+00
1.031175712124563049e+00
2.669564605106451438e+00
3.688613932440869547e-01
1.635982499770898713e+00
1.475553287833200944e+00
-7.541114612770768444e-01
-4.392559528491667420e-01
-1.988012049726991526e-01
3.239494889397886990e-02
3.851544140924107129e+00
1.996139552014862595e+00
-4.729036821724728057e-01
-5.000650763565251289e+00
-6.546570473471971852e+00
-5.297762632111172820e+00
-3.453091029700285475e+00
-5.983899983707843262e-01
-2.404124806093008715e-01
1.250292213855050960e+00
5.496103386434027627e+00
3.886199429862754684e+00
2.374076244610027864e+00
1.578405260679347499e-01
-4.081410611408560207e-01
1.555293522566949527e+00
-2.021143473748054475e+00
-1.908387437766798200e+00
4.168185334383975871e-01
-6.988328621508674843e-01
-9.414328650342085325e-02
-7.990341931746955950e-01
4.968424344633941558e-01
2.816407647859175967e-02
8.416512385817060959e-01
1.405249046431967130e+00
-7.369208989634463691e-01
-1.785670962488659086e-01
-3.531988355629813725e-01
-2.816848804684335406e-01
-1.012048321170121667e+00
-2.560392756702993822e-01
-1.122845351444031969e+00
-2.518283224453492508e+00
-3.367226864240665307e+00
-6.058886239304239751e-01
-1.671718989276138601e+00
-2.679155122589726545e+00
3.117643207467498456e+00
-8.233869848514281387e-01
2.533775338818848866e-01
2.447641100383842527e+00
2.572591401207825257e+00
1.021008267834151440e+00
2.638399684127547218e+00
1.199803101446729414e+00
-2.613246231132215769e-01
2.622359804808116479e-01
6.034539149779387657e-01
-4.933259275476125083e-01
-2.763967512825837858e-01
1.108301388076911032e+00
-1.507541893908684649e+00
-9.669304160442182550e-01
-4.762895016388384306e-01
-6.911826672482312972e-02
-5.111111273927981813e-02
3.004737504322010366e+00
2.332240325171958339e+00
1.827637127677872231e+00
1.032676623591748610e+00
1.780690051289811171e+00
6.458547327457588860e-01
1.781662575320768216e-01
1.857881546462876843e+00
1.898637705935049436e+00
1.423552776096642880e+00
1.259726366446041190e+00
4.786456415304989775e+00
3.535114725242454625e+00
4.762166885313217080e+00
5.717619103424201654e+00
9.799261949546043127e-01
5.773917942561404004e-01
2.221816732200601052e-01
-8.448624181837587344e-01
3.617623233522930803e+00
-3.906573688042556114e+00
-2.449574692996598912e+00
-4.732108141912775068e+00
-5.388094791985054144e-01
1.155877105878776234e+00
9.208490213304152405e-01
2.818652343251596193e+00
1.379985405281122013e+00
4.554932187240211761e+00
7.036604290862307209e-01
6.248733373520920509e-02
9.700245261306790212e-01
-3.045421564599575248e+00
3.925084772317962489e+00
-2.667278502540181506e+00
7.267737189013701027e-01
-4.029492534583916097e-01
-1.043077114240897885e+00
2.831682765667469681e+00
3.551824524398590199e+00
1.534472903010417610e+00
1.429024164059605084e+00
3.771378640422291539e+00
-4.535732695370647605e+00
6.894247331765463116e+00
1.050617894274907371e+00
-1.728183223081764197e+00
1.900191324473240684e+00
6.260178737950070627e-01
1.344831769422100365e+00
2.257520965269748103e-01
-4.712748599380823578e+00
-1.113035230642512374e+01
-8.452113394235443167e+00
-9.519508032105937545e+00
-4.019013142280943640e+00
-5.514144533509523605e+00
-3.349019408530914621e+00
-6.169474537680936788e-01
-2.173454267237723059e+00
-2.999810894680592810e+00
2.294822208604827551e-01
8.789720098009166094e-01
9.883277151265832394e-01
3.129813289519414177e-01
3.236433552303026318e-01
2.828412285272523974e+00
2.315235473082148943e-01
1.784388690536016231e+00
-8.428593280587013403e-01
-1.095776068173617723e+00
-1.255603200977635225e+00
5.392831426029436326e-01
3.226491284981984897e-01
1.421504587458910507e-01
1.555639048021058013e-01
-7.113996610675843435e-02
-1.321681368938646184e+00
-2.949083143927838435e+00
1.620193795223352495e-01
1.302707560696435118e+00
6.940686859113147644e-01
5.289733271225024458e-01
-1.652931815147794525e-01
-7.552262376919305353e-03
-2.765113180595644149e-01
-8.592242239821176741e-02
-1.727062063490303612e-01
3.285865379975924094e-01
-2.753986988092782529e-02
-1.491056539348269427e-01
5.110340571149416533e-01
-2.888876996503802475e-01
1.200508595314170091e+00
-5.967762884360211517e-01
-2.076972291070429688e-01
-4.355334471184740819e-02
-1.212586704131204396e-01
2.490395448266526368e-01
-5.368560570644997920e-01
6.813577574827623939e-01
2.998965006824882984e-01
3.032916598551449461e-02
-1.172254305646559747e+00
1.891221958480757137e-01
2.200568313915677310e-01
-4.060126560144457497e-01
5.563500241538695823e-01
-6.144425967280987555e-01
4.745184373435665237e-01
-3.567121139859441570e-01
1.347503728848352123e-01
9.055885908760860636e-02
-3.063796905397592196e-01
1.902115105146617857e-02
9.776697063221424788e-02
1.745547494340439765e-01
-2.028590991381999942e-01
9.433157059165661606e-02
-1.806934765392886888e-01
1.698381796224525120e-01
-1.343203595174619763e-02
4.954096249152860343e-02
-1.242509869564480812e-01
-1.229964640658544883e-01
-1.618051409703491483e-02
1.578788581645552414e-01
-1.370907968210393901e-01
-1.345222411607634450e-01
1.589456999495442169e-02
4.176106172466753641e-02
-1.872289885685219923e-01
6.893779548081230280e-02
2.896789779417048849e-01
-4.930452244948250184e-01
4.502494207193952214e-01
1.525807509222903757e+00
6.034983325014906530e-01
1.978732899784612087e-01
-6.156404319182240403e-01
7.536317508249144037e-01
-2.440636941413116823e-01
2.417391514837126110e-01
-1.028043318644137560e+00
-5.889376687360990958e-01
-4.065702574093716937e-01
-6.820858032885865896e-01
3.603871660445535086e-01
-2.451739455355358976e-01
1.510938782727428153e-01
-9.732740031397532632e-02
3.075816546971033572e-01
-3.868575928235601369e-01
5.588390615127514227e-02
1.512955653243963361e-01
-2.962564689760190939e-01
4.841773554287061576e-01
-4.105766171777927576e-01
3.941219583350804023e-01
-1.973473971420587891e-01
2.907382654679375733e-01
2.627309119579083752e-01
-2.038026562850087375e-01
-6.697632810683010196e-02
1.316819791344473189e-01
-2.223878679688084392e-01
1.206953049961767138e-01
-4.069961882227860483e-01
4.309747253981275339e-01
-2.275003604045423011e-01
1.247131212318252746e+00
-1.746749854980045313e-02
-1.392335025505169854e+00
8.783149111472537962e-01
-4.461824380041770066e-01
1.905589432122472837e-01
5.503333232344154169e-02
9.711915632022072309e-01
8.513916021027589931e-01
-8.345459565824340231e-01
-1.035649413783167549e+00
-7.183423232543986181e-01
-6.249854517926899389e-01
9.377464457209561122e-02
1.379378849952203057e-01
-3.236343720383810796e-01
1.171283166730733072e+00
-4.948265072541003784e-01
-1.404492540458474270e+00
4.228978548980588670e-01
4.120870812052150889e-01
-3.995365444624447981e-01
1.263828112480254617e+00
-5.592572319384988555e-01
9.919989394679795680e-02
1.821088022985163923e-01
7.449772030006723833e-02
-3.323683724124504302e-03
-2.767501706882460333e-01
1.551980832576982383e-02
-7.296353876310539555e-01
-8.287745901831198303e-01
3.542195364363713850e-01
-1.616374445148813788e-01
9.106991869039715581e-02
-2.087963567900008588e-01
3.251880863756524409e-01
-2.647355248213869583e-01
1.457020729596643083e-01
1.805258489300746616e+00
1.536765572475405239e+00
5.637671021685535244e-01
5.419673025550930667e-01
3.411329026769891470e-01
-3.678529571513209362e-01
-7.363827137621836716e-01
-1.231139602690773494e+00
2.496824856110632096e-01
1.260045118726669244e-01
1.063544372244027425e-01
-2.375757535902760509e-01
-1.195139469676365307e+00
-3.077496739262727821e-01
2.146700055102803151e-01
9.288536925989804294e-02
4.472811234832774208e-02
3.945884918166621125e-01
-3.771725354113252271e-01
2.969667754974507079e-01
-1.421058577294447289e-01
-3.182953885289523110e-02
1.663447155733268346e-01
-5.132022185599861841e-03
-1.038570117912332447e-01
-6.528534454232985673e-02
-1.866881908205136886e-02
1.029508486605841822e-01
-2.661093050142471217e-01
3.337648468747425601e-01
-3.432182825704051532e-01
2.811538705836848506e-01
2.443445719989476850e-01
-4.455458516351425979e-01
-2.021685913112759025e-01
2.474255321829023913e-01
7.135537557073829973e-01
-5.164463276432829097e-03
-1.510242574297317453e-01
6.825981886000542787e-01
-6.594520397411773871e-01
1.843479247646405694e-01
-1.273285756377949829e-01
1.488654632683857892e-01
4.371112159387459117e-01
4.702647833860649218e-01
3.393962210712166971e-01
4.837682789402459882e-01
2.210028631680822642e+00
5.544259260480624008e-01
1.986549460321995753e-02
9.270526266160592499e-01
-1.093901253203597435e-01
-6.700515967857079147e-01
-2.012167735152567971e-01
1.486244760124023401e+00
3.673393786797984895e+00
5.694480302542780592e+00
5.382564928801370385e+00
1.974880305312666451e+00
-4.290300993558844311e-01
8.853911058566446002e-01
-9.544732347527151717e-01
8.616683047022597464e-01
-3.146387835053943149e-01
1.409121646463081134e+00
-1.408683803842315285e+00
1.788014957852144704e+00
1.813243119897077094e+00
-7.548338928295557082e-01
1.000831589930005094e+00
2.188032406464639479e+00
9.925851426484975093e-01
-7.322620072546115466e-02
-5.954033727000826559e+00
-3.007869719532600072e+00
2.093208777335249238e-01
2.705782487006622716e-01
-1.072913917293938368e-01
4.379681038991733999e-01
-7.833866841846024442e-01
-1.504190024204131504e+00
-1.723168850585565792e-01
-1.972191128309532360e+00
-5.240230636165499334e-01
2.883482795599654480e-01
-1.315565701665146747e+00
2.834019740565132395e-01
-1.586562124617891811e-01
-2.676777363996727388e-01
-2.929119894361029708e-01
-4.027468088816554825e-02
1.036096445538051469e+00
3.560849256530879359e+00
1.450606038899305616e+00
-1.362808069952301082e+00
-1.647857161604829201e+00
-1.343981632509663626e+00
-2.688680449105392611e+00
5.389477163543254790e-01
4.171790826278540365e+00
3.916521573064638773e+00
1.544619093973764734e-02
2.745532848208043220e-02
-3.261171763575383409e-01
-2.185464292756176263e+00
8.634144333065663091e-02
5.871171931325669391e-01
-6.413396355789515724e-01
-2.554486389857089534e+00
-2.886308562583579373e-01
-4.887736850915018749e-01
4.056111657138927740e-02
1.020697857982060697e+00
1.803073750759445204e+00
-6.446613138640095997e-01
-2.415312488858543105e+00
-3.406383604178275348e+00
-3.121097269839056665e+00
-4.045364537534172911e-01
-5.257416169841100384e-01
-9.461039746718249432e-01
4.459877757689465483e-01
2.836996742788926440e-01
8.270394462524954804e-02
-6.124091113682634813e-01
-1.861304652637519652e+00
-2.668431149123501100e+00
-2.830836169201725205e+00
-2.478652448626704086e+00
1.374396841085518961e+00
-8.998495045105669998e-02
3.960821977315627240e-01
2.788675338224962941e-01
-3.672818013342546983e-01
-1.818768986498567219e+00
8.103203370260836369e-01
3.386010959712070223e-01
-7.132570945721433686e-01
4.332345953725953991e-01
3.761384511253906826e-01
4.974791169811311753e-01
-1.612462580631971454e-01
6.283182421763622294e-02
-2.267900316505923608e-01
2.630888259188987610e-01
1.650166765315148609e+00
7.328130087334092657e-01
2.847418453428125495e-01
1.553904507533943047e-01
3.395960019385726447e-01
-4.397237303762877580e-01
-3.716562995942808367e+00
-1.091314661058379931e+00
3.858247999222306213e-01
1.652118504345778671e-01
-4.601761804514363785e-01
2.466359762174106240e-01
-2.565056084203374276e-01
9.938894359366470255e-01
4.859158102967058301e-01
5.121432495627903370e-01
-3.856821669770321148e-01
8.352488841499305927e-02
2.666809355547017923e-01
1.023685600160326725e-01
3.455336081679084570e-01
-4.576136451724277521e-02
-5.698506383253560958e-01
-1.548119564332477882e+00
-2.749054485692215000e-01
2.039234742208175799e-01
1.735761922466645402e-01
2.468875142667292799e-01
-3.575585033963191162e-02
-2.845710716437455101e-02
1.467921175593581706e-01
1.686750005862004964e-01
-1.747482588672339410e-01
1.468906962651270187e-01
-8.801587655740167326e-02
2.763013444745665570e-02
1.880628452578467225e-01
6.283885605420557185e-01
2.845067079398254872e+00
-4.335340235092792760e-01
-4.580845976991998469e-02
4.552626752474875360e-01
-6.790120427140045045e-01
6.695552318442525852e-01
1.507698911848169843e+00
7.348516935336266265e+00
7.700678299121994641e+00
1.892774351374161057e+00
8.714574774346512953e+00
8.996867008809282140e+00
4.764964073595052696e+00
1.776004385911349459e+00
1.856193821228266927e+00
3.537087454502163553e+00
3.563292982541064191e+00
9.806544502793407503e+00
7.653811564980387061e+00
-5.028662499510971884e-02
8.407931796079438413e+00
2.586111492313321492e+00
8.684812789806102273e-01
1.353935973996414077e+00
1.768151974240481650e+00
1.098810206688568769e+00
-2.652254312979295037e+00
-1.743660530446163648e+01
-1.237614165384189846e+01
-9.208082179015711688e+00
-6.917829106080553458e+00
-1.269847149669302055e+01
-1.570574417694208336e+01
-1.090969258243266538e+01
1.861615029029937585e+00
-9.758289838520259885e-01
-4.545128899945155565e-01
-7.230978670002981001e-01
-7.788708967669617789e-02
1.655359382717178432e-02
1.838831527285721967e-01
1.446453122569882455e+00
9.907639511856269898e-01
3.956511555052633078e-01
-1.356994535103175359e+00
-1.370307597844375724e+00
4.815577518450479544e-01
-6.294168246661969723e-01
-1.692298875954575843e+00
2.749853961457515705e-01
-1.585470056403377459e-01
3.386082884610799315e-01
-2.388968081774924812e-01
1.067248595391976140e+00
1.460201188288030805e+00
-5.502435710999551421e-01
-7.014113449044567794e-01
-9.137766418551955816e-01
-9.999809892579887283e-01
2.370904645764744245e-01
3.946963169058850252e-01
2.940713546244885457e+00
1.343424522353062756e-01
2.234855790994783042e-01
-4.263338329383414838e-02
-1.850183747356439756e-01
-1.259355171986811239e-01
-6.738472871478484727e-02
-1.028202631907199960e+00
4.223499065243552231e-03
-3.225470725035447517e-01
-1.186100334992426397e+00
-3.919948484791042631e-01
3.429035088747829363e-01
-2.179184219571284054e-01
2.405575496404579461e-01
-1.581538062814047407e-02
2.969679567109065665e+00
-1.848048507028545728e-01
-5.313142155440861991e-01
-1.422832560000788504e+00
-1.064534763909807058e+00
2.926170272766795977e-01
-3.136961884332956085e-02
9.352048126564771469e-02
2.205185688710963321e-01
-1.152065447202199611e-01
4.648826229959230893e-01
-3.167217589707767011e-01
3.269141936643697122e+00
1.518594552735998970e+00
-7.864716810654477364e-01
-4.141164824239067954e+00
-1.412479723382342289e+00
6.277632988627406263e-01
-5.307500551815191869e-02
9.031235935680137494e-02
8.595353429071601603e-01
1.716389054342503773e+00
-2.252153467313570134e-01
1.845134668519421428e-01
-1.906698434297968703e-01
-2.434884411619743227e-01
-2.536039916698564212e-01
-2.800601259094665507e-01
-1.216759725684479987e+00
-3.637711209479421726e-02
-6.483239205163160435e-02
-6.475572711467088016e-01
1.044963001119264989e+00
-9.617187773805360163e-01
2.428839950124224156e-01
-2.077137157832154024e-01
3.387491109899078978e-01
8.937568760331419115e-01
1.232614370368743106e+00
1.129021499617445690e+00
6.051483830280381948e-01
8.248102057357495909e-01
5.430696335200501323e+00
6.589468686972649536e+00
4.654580978547130599e+00
6.058969845114280162e+00
9.595729889371561683e+00
9.000537856653345159e+00
8.299528873468950962e+00
6.010137826686083429e+00
4.420427594474347188e+00
7.166042024089733786e+00
6.096325501424473714e+00
7.455775667076053992e+00
7.305988206329516288e+00
3.187281679820571867e+00
3.585609723968715912e+00
-2.013485258381336962e+00
-2.836910804559764188e+00
-1.511335990675688379e+01
-1.177317250983115571e+01
-1.787743539646160684e+01
-1.190659394290613449e+01
-2.814279372010965119e+00
-3.417793348503074924e+00
-2.001811795508505298e+00
-2.747047194975664297e+00
-3.391159100013840799e+00
-5.193119668644953890e+00
-3.875770098963451815e+00
-4.211177871890484425e+00
-3.973862460226520454e-01
-1.550709539891492739e-02
-1.634440125905695318e+00
-5.521508429306697607e+00
-2.463919276580754936e+00
-1.104055220324047681e+00
-1.051360828393166802e+00
-3.881546565673837712e+00
-3.143554686807613407e+00
-8.583617546139290511e-01
-2.683824236620825587e+00
-1.765945965286574548e+00
-5.314319484043394937e-01
-2.687661454645571268e+00
-3.502090473282631677e+00
-1.217895079851011531e+00
-2.974213221316077238e+00
-6.868625596087682084e+00
-4.998609135289704852e+00
-9.807421494265611273e-02
1.812620639226999231e+00
9.278831136606129348e-01
2.105093744376532072e+00
7.978526219677231524e+00
1.075707020234814770e+01
1.147537989894885513e+01
1.212618843142296399e+01
4.346418606657532990e+00
4.667079510034122691e+00
1.107110268156800359e+01
9.363367039453962093e+00
1.113474722833153407e+00
1.052127814291736740e+00
-4.902164517687310763e-01
-2.916033981191496594e+00
-1.986605368385902182e+00
-7.715929420448759402e-01
-2.892695261989036482e+00
-6.371213394943218589e+00
-7.612533494389541744e+00
-6.382619232163197154e+00
-2.068351693420176218e+00
-8.290829248868281098e-01
-2.652082168640504278e+00
-3.420785586622942187e+00
-9.613312838931928894e-01
-2.052634175404097761e-01
-6.886960777905563047e-01
-1.298450461036315229e+00
-1.412526584203627866e+00
-6.549263341128366278e-01
1.621251742076883495e-01
-2.374790332522636049e-02
1.508927477477691514e+00
5.999965651094478769e-01
3.048996308351478168e-01
4.366440632141416200e-01
-6.794347412878067871e-01
4.564903376222045894e-01
-4.859372973267203077e-01
-1.680476046709988847e-01
-3.287334378577879690e-01
3.429109611257552537e-01
3.997541253743543965e-01
-1.535967715612430728e-01
-3.700389776036053791e-01
2.171445313774023056e-01
-7.078108234769597829e-02
-1.185106832419078327e-01
1.072588371041016675e-01
3.218255273074916989e-01
-4.110903803715093563e-01
-1.806641729183398049e-01
4.795902176638997538e-01
-5.335538875804286540e-01
2.494340671830792555e-01
6.538467474832332371e-03
7.767969874633728899e-02
4.680928020880678053e-01
7.758258967536504347e-01
7.709840219622338120e-01
1.211505837771824412e+00
-1.559623062865227450e-01
-1.866309892891853117e-01
-5.403633181419120746e-01
1.640616084850603507e-01
-3.393714044572236910e-01
3.865099274325672907e-01
-1.105064943540350342e-01
-2.809654803047881844e-01
1.306335372959174235e-01
3.351118059239164282e-01
-5.262062820777082539e-01
2.688985478795717921e-01
-1.987811953671814180e-03
6.020266298241039316e-02
-2.742596658067605331e-01
2.118069346790961704e-01
2.303207400509033054e-01
-8.946638407261398029e-02
-3.882025316681469995e-02
2.998331858179685838e-01
-3.173664928291157761e-01
-1.025952640178906528e-01
-3.532529021305309547e-01
-1.482755732231142876e+00
-1.612312666814446072e-01
-3.496166190831817566e-02
1.879710245801373691e-01
-4.270294305474210406e-01
-9.247258788528167628e-02
3.369727286457995241e-01
-1.439633182901747244e-01
-7.526108194668097440e-01
-1.247410036110136788e+00
-7.088626623323368570e-01
-2.032775457350894044e+00
-1.160853276601042872e+00
-1.577374041193806420e-01
3.759976478339037698e-01
-2.980037892591962390e-01
2.613764353890024594e-01
-1.921785355801155504e-01
-6.125361588578046579e-01
-1.234089516077026438e+00
-9.818855746416517150e-01
-3.120006955561223094e+00
-1.223189837371650768e+00
-3.677830502432914983e-01
2.523285377478856617e-02
1.106068072189078322e+00
-1.125748375724539230e+00
5.369833588534298485e-01
1.875771605486765026e+00
1.056229675760203435e+00
4.703411275420421589e-02
2.903929347716118770e-01
-1.334241775086566051e+00
-7.183204813469892258e-01
-2.468688820736282707e+00
-2.096893545856548968e+00
-5.165186571192741383e-01
-1.516104843866454388e+00
1.296284710045796373e-01
3.859189101305737779e-01
2.887444121354860727e-01
-1.541286020306262827e+00
-3.369413206522679616e+00
-2.036845446643788193e+00
5.895316170822972879e-01
-1.296490013246888395e+00
-7.794519409786566655e-01
-3.932026989964164443e+00
-7.371880244485215172e+00
-8.299327798639353659e+00
-8.536093571622807019e+00
-7.547156713252462623e+00
-5.508963808592369560e+00
-6.677851818163702546e-01
3.822870217770457657e-01
7.958689388479761817e+00
3.104383111424617425e+00
-2.638534710832040275e+00
4.107267545806685405e+00
2.768721261588531490e+00
6.588324274996729457e+00
5.418034508060586063e+00
4.348864087667024592e+00
8.583327100779378327e+00
7.788948216968147875e+00
4.926116349530662575e+00
8.126295814159686159e+00
5.164186363860936879e+00
1.393520186913431935e+00
5.639511284787090961e-02
3.312802679927022709e-01
3.505811313785755501e-01
1.764539960850087796e+00
1.904116350551927628e+00
7.345467398920098034e-01
-1.369038239062496221e+00
-2.093628646762352830e+00
-1.669812432744666619e+00
-2.249436866732768436e+00
-1.068634935360828209e-01
3.570987896098405834e+00
-4.309805502828334411e-03
2.571787182010312756e-01
-2.696017868994674549e-01
-1.731600450276889802e+00
-6.640274660280010011e-01
1.091210406910616104e+00
8.296351012098027722e-01
-7.193566345505086890e-02
-7.336045220672330336e-01
-3.775176571977272300e-01
-7.937299784114861811e-01
2.324085408100695638e-01
7.007481431023299123e-02
2.166935647393815056e-01
-1.106003111047419996e-01
-1.560312918786199710e-02
-7.117001352251506319e-02
3.145876550742885414e-01
1.046164230775544768e+00
1.596365589395404294e+00
1.112800265401624911e+00
1.750172687804050220e-01
-3.330417512364132193e-01
-1.308485513435315717e-01
-1.593856276347240142e+00
-7.923514955046568886e-01
-5.267689793949104082e-02
-5.735937507489912157e-01
-5.195371803380455233e-01
-3.348462115453555654e+00
5.090582111731043469e-01
9.909353759164574171e-03
-3.543931296530100639e-01
4.572485592761665885e-01
3.356492484495006146e-01
6.051050579494861026e-01
3.708845669414140289e-02
8.703312136636007779e-01
-1.669991726784725294e-01
-1.146762172853996731e-01
-9.527867295574412587e-01
-4.159170155262857271e+00
-6.523952622442704907e+00
-1.072648694441167194e+01
-8.612043509016888976e+00
-3.981375616325969702e+00
-3.380830965685539979e+00
-1.929231842033033217e+00
1.003315797854575919e+00
-3.829462634337303939e-01
1.973305032953085458e+00
-2.297522720055923173e+00
-4.532289250728553043e+00
-1.970430050865417115e+00
-7.386161232094160312e+00
9.073627836808171310e-01
4.118705503292190429e-01
-6.291761641348614376e-01
3.740784891335529494e+00
5.724279286092802010e+00
1.633032895318891065e-01
-1.629709039741108256e+00
-4.999854128366081341e-01
8.998052371007503325e-02
2.303250669616573987e+00
4.745172794312523479e+00
6.079701535722236372e+00
3.414114172312302742e+00
6.367247884484399378e+00
1.348260673632502460e+00
1.788710379658731142e-01
4.851662001114714684e+00
2.980019299764926188e+00
2.486486710694450153e+00
-1.796816786621119988e+00
-6.444671468738079056e-01
-8.953988554820941914e-01
-5.264781643125395760e-01
1.075260823288800793e+00
3.218238738608514282e+00
1.682292948774644969e+00
8.961779469048583024e-01
1.314905489123423976e+00
1.795468094801844217e-01
5.290955540588974770e+00
7.493348567053026876e+00
-1.765956448099648135e-01
4.354183017599799754e-01
-1.321596579715013320e+00
3.172628800458410225e-02
-1.964688546263118063e-01
3.312089290314257362e-01
1.279998831782679591e+00
1.233531859209016091e+00
1.293055516230575464e+00
9.258613139966422878e-01
3.294400399317506611e+00
4.660625649651993996e+00
6.219431850148726681e-01
-3.385636079429197309e-01
-4.742651044421251072e-01
2.139013891257597777e+00
1.159761685829945321e+00
-3.486491035343952660e-01
1.911546341689174255e-02
-4.751385525529947529e-01
3.324557398897454163e-02
-1.208325627251838341e-02
-1.780110715966642942e-01
-6.318728162093812273e+00
-3.582446809606892657e+00
-4.965046301044735877e+00
-6.951961149502293047e+00
-2.538136108508302513e+00
1.373827136065278509e+00
-6.978270106523050131e-01
1.013758843647300623e+00
2.960089815075865438e+00
4.954119109656989650e+00
9.941646519174286212e+00
8.151789088711435483e+00
6.203250901051223565e+00
-2.553180446102878420e-01
-6.813342024837467648e-01
-1.833297447001161373e+00
-1.149523026791069213e+00
-1.857632150800782256e+00
-3.163341744582535142e+00
-2.278999498332581197e+00
-1.048034444847081303e+00
-5.400690582997725642e+00
-2.815236923866577534e+00
-6.925542035897604976e-01
-4.095899255996791055e-01
-5.204058503628017363e-01
-6.116746689094600953e-01
4.334457090067633800e-01
1.156963418996330262e+00
1.584835022286306128e-01
6.937563419023140554e-01
-3.443557077911663100e-03
8.531376983226763855e-01
-7.434566025476510021e-01
-4.240047986573740602e-01
-6.415392345526589324e-01
-1.042444707841348794e+00
-7.942176114963492850e-01
-2.468610307219232247e+00
-2.155923708918316972e+00
-3.818051904617073333e+00
-1.963908084987230573e+00
-1.434836076449337305e+00
-5.256479082824502491e+00
-6.185034701217396957e+00
-2.292892621024286370e+00
-9.632279600875612857e-01
-1.196249978394579472e+00
3.198028932301792082e+00
3.624970618894298724e+00
3.288275330268138674e+00
3.006402225255582650e+00
1.891495894913241216e+00
-2.308495739860489948e-01
-1.195956753251225635e+00
-3.091588109409215690e+00
-4.858988455702938580e+00
-4.867579045791533332e+00
-4.966999150809503050e+00
-4.580133710185393170e+00
-4.854285885090121155e+00
-5.562365869295611276e+00
-4.353693398430053207e+00
-4.859607990819846179e+00
-6.511939192087709216e+00
-5.388209172260715718e+00
-9.059180774396530467e+00
-3.605780804884517465e+00
-5.837616346586059990e+00
-3.671526150733015470e+00
-3.808783802766555482e+00
-2.700561798025518101e+00
2.144125114194395110e+00
6.514071036848079643e+00
1.601548130472885134e+01
5.888342087717425954e+00
1.065931989117186163e+01
1.173667815561167771e+01
1.046523568790892256e+01
4.698900865335549071e+00
7.230136236785007497e+00
5.667056395342632058e+00
1.958925514636183252e+00
6.762545755515739110e+00
1.488566972696919732e+00
2.185231026417471689e+00
5.602217005777483383e-01
-2.234625869221169570e-01
6.773452117820344398e-02
-1.020240346371639184e-01
-3.174938135254897764e-01
1.703576209501467265e-02
3.043957859339552208e-01
-1.575435310740939565e+00
-3.030459648499372882e+00
-2.845133431101905863e+00
-2.295444452175448014e+00
-4.592342697329236501e+00
-5.931462297839527054e+00
-5.270204463564816422e+00
-7.815805502551523176e+00
-7.640929031741862332e+00
-1.935892029504444167e+00
7.810963210299846082e-01
2.565298462167021398e+00
3.551224970918454460e+00
2.571885297595251529e+00
5.870870806970369671e+00
4.605347446921221888e+00
3.181793762084403454e+00
2.574668235588950083e+00
2.806364332938320771e+00
4.023711963493703081e+00
1.834001395119856603e+00
5.780967134503249838e-01
7.348707750375780279e-01
4.479206026487673853e+00
8.468152178254776397e-01
1.589991482025063130e+00
5.698903732858199289e-01
-4.685566898508082279e-01
1.139149325597579310e-01
-3.231500453510393056e-01
-7.589620388309418209e-01
-6.234567466778188072e-01
-1.550546310873743838e-01
-3.972601039983570947e-01
-2.169269880395813033e+00
-2.245830650225419944e+00
-1.755885559484274161e+00
-2.856227746955976698e+00
3.428066837056835681e-01
2.741250655892295107e+00
1.821624194548645548e+00
3.214354885901769876e+00
6.637822783182095954e+00
1.428749330551957186e+00
7.987000828684687193e-01
7.828865293992874896e-01
-1.205803153739861244e+00
-4.658019443334735499e-01
-2.027360899037269348e-01
-4.981436763059097217e-01
-1.629315071844290586e-01
1.538950494486330811e-01
-7.086791412751507480e-01
-2.301072128221981927e+00
-9.698437656115970196e-01
-2.669908959626229317e-01
-7.483963895388456855e-02
7.733374851768867186e-01
-4.384268197612193330e-01
3.674355739141743626e-01
-1.003270993203670969e-01
5.312165755537212597e-02
2.644143728391792347e-01
-1.308197367013139711e+00
5.444369744530941357e-02
-5.975642361706795525e-01
2.715729737315096259e-01
-2.599215009027058265e-01
-4.006132742414961756e-01
7.877858298062669906e-01
-1.949157430483055842e-01
-4.259700874585214958e-03
-5.388371595616677778e-01
2.908355765363489498e-01
-1.683965477103102071e-01
-6.068611023560656070e-01
-1.195582479904043538e+00
4.111882770154104971e-01
1.790437957838134420e+00
-9.101181858048649209e-01
9.295911002863460615e-01
-3.294431477348678694e+00
-6.844521882723446637e+00
-3.092700112243370825e+00
-3.483256504914269414e-01
-2.915724400993401133e+00
-8.429847548004318014e+00
-6.755281565696193979e+00
-2.930256890129626868e+00
-2.707902413207186498e+00
-1.501985318005395698e+00
-1.496963897603436067e-01
-1.109538478721887600e-01
-3.740902649282823234e+00
-8.664926435302575669e-01
3.898143960199710989e+00
-2.854640758561657776e+00
3.485995650839051052e+00
1.549424528123334710e+01
3.644363130747116486e+00
4.075906298148552764e-01
1.569966350149773149e+00
-1.567088534916507570e+00
1.374559057349113544e+00
-3.610038111349211931e-02
2.011966837084514736e+00
2.649843248771436066e+00
3.426455511376035545e+00
1.588629686984825540e+00
2.198813520578483782e+00
1.232783936757323673e+00
5.537600803355475776e-01
2.016332014867509681e+00
7.778437652395409074e-01
-2.693799264927296822e-01
4.111374461724661700e-01
-1.992118403330489507e-01
-6.360065219533697078e-01
1.732752415034935378e+00
-5.550576973987664253e-01
-2.241459079208258931e-01
2.719219625374755811e-01
-3.424965636973062999e-01
4.179088951288618681e-01
-2.577654824772066533e-01
7.775423074985393646e-01
2.591390723386048922e+00
4.326022886213526597e+00
6.310568373920319551e+00
1.081575951018947457e+01
1.583610134449221718e+01
1.297451932434020705e+01
5.925995549351135594e+00
6.477895991367162765e+00
9.572478935796596033e+00
1.189043151362338335e+01
1.177820592652915366e+01
8.595267601095656573e+00
5.988644859362821649e+00
-3.969691653125124731e+00
1.974795312767199107e+00
3.804107208201997992e+00
4.702010225938408894e-01
5.461325805080051055e+00
4.764681136765801739e+00
2.638950135651896289e+00
2.935649852629836687e+00
-7.028229663586387232e+00
-1.644803056285387299e+01
-2.384891960613224171e+01
-3.617153815262465599e+01
-2.138613030863417563e+01
-7.441566299316541233e+00
9.540886437779008133e-01
-1.750992137091838430e+00
-5.391064228631503141e+00
-2.360885505187043876e+00
-2.003073980261635967e-01
1.196833548923414980e-02
-9.911052824143951057e-02
-2.405272774032241045e-01
-8.691155376279679601e+00
-4.400553880286085295e+00
1.218932976918618571e-01
1.856124243688426212e-01
1.100313464359844673e+00
2.782560306496049130e-01
1.407162820237606304e-01
2.269560388783464777e-01
-6.644222106011510309e-01
1.175297589253464503e+00
-2.514878037923166332e+00
-6.152360869184390069e-01
-2.462514223045827677e+00
-2.921257445865356850e+00
-6.951000299722194242e+00
-4.641551084332853350e+00
-2.246009176557866027e+00
-3.742852597729402930e+00
-7.339904567327657503e+00
-8.753820252760355913e+00
-7.082093971693211643e+00
-3.262217471494956555e+00
1.237267859543244697e+00
-6.238584695953903747e-01
-3.985249072793024538e-01
-3.817066693447621617e+00
-4.897173305614352046e+00
3.735182420996920882e-01
-3.465356962815832276e+00
-5.099185066492481155e+00
3.473429189009209495e-01
-4.708050625664057520e+00
1.419662183608267014e+00
8.574491971476305707e+00
1.424104336584655073e+00
-6.184153883541725349e-01
5.031472942681340044e+00
-2.758643372918143655e-01
6.458603373648706736e+00
1.788589058646062568e+01
8.892098548285009230e+00
9.247276109838548308e+00
2.852127882997345765e+00
3.695506078158205199e+00
2.532410922759098959e+00
5.649887922627364389e+00
3.347411416401918860e+00
2.001691947120058934e-01
1.087375463502997075e+00
1.005602888875696266e-01
1.627725453860664473e-01
-1.738453842047483988e+00
-6.862497702341494588e-01
-3.436238963572897931e-01
9.653786304914505623e-01
-1.049644471437235493e-01
-2.502611843466632235e-01
-1.348742982009922819e-01
-1.407347849901781078e-01
1.210085108741770776e-02
1.702026792026055113e-01
-1.481721711941845210e-01
3.611704469792400007e-01
-4.095644203812713324e-01
2.188371792828739948e-01
3.294898717089362883e-01
-1.087145775273064441e+00
5.257700483863458896e-02
-1.007041826287588537e-02
1.108655014322258575e-01
-4.257544394729377568e-02
-1.919885851111217956e-01
-4.385635002893461531e-01
-8.058853683459621386e-02
5.003330535432291004e-01
-2.593134999342347480e-01
3.305057057307950741e-01
2.326002620612636074e-01
-2.573291046170428920e-01
-1.488263402372519417e-02
5.249299407747640700e-01
-9.796456379426388139e-03
-7.042199108657465345e-01
5.853112568420881789e-02
-3.190997637371567608e-02
-1.352630976450197586e-02
-5.570299022770197617e-02
-1.792943248163847425e-02
5.935771390406282544e-01
-1.705425047992709942e-01
4.277770068920855318e-03
5.432552226297826525e-01
-8.826072143846513951e-02
3.434151755250750004e-01
-5.011499281074072165e-01
1.786714292166965701e-01
3.403568236016605852e-01
-3.484540858024443022e-02
-7.073255421744231164e-01
7.300023344633734812e-01
-4.272724162211456456e-01
-7.048796795366885082e-01
-8.726850934064256382e-02
1.404117308945314613e-01
6.714719842582166365e-01
-9.462451715084461146e-01
1.047745121544018110e-01
5.983255549419985719e-01
5.140015762703025182e-01
1.552893004179125569e-01
-2.964846931050499901e-01
8.435493130904969661e-03
-2.079239044683548476e-01
8.200425212364709227e-02
-3.069575286939969505e-01
-9.636260462662012971e-01
-2.943756896619725838e-01
4.122309967757004090e-01
-1.900013760479227765e-01
1.093498306289442112e-02
3.667076462731723163e-01
-4.240376888836733249e-01
4.321571727910485938e-01
5.026935432190681174e-01
7.219995239156795641e-01
-6.806534422790633254e-02
-9.578541678369328904e-02
-4.286089527985582071e-01
-1.967234479692785698e-01
-1.668282465672993042e-01
3.998536802921398570e-02
-7.325883108772762720e-02
1.496423171690006715e-01
2.420246507500469491e-01
4.270653149899301670e-01
-3.036959457352590430e-01
5.145713948620560529e-01
1.514717157719331908e-01
9.253776190376945543e-01
-1.558628597157731610e+00
1.428079744969270815e+00
-1.854278713517587551e-01
-1.203635020719194149e+00
-4.294937013128788394e-02
3.591496609121676897e+00
7.167502767703402000e+00
1.279366382689449289e+01
1.121116547062968394e+01
1.676471045760390410e+01
8.807582098434629359e+00
6.216162439308497767e+00
7.608286352698300448e+00
9.511591080982341850e+00
6.516599669286705421e+00
4.838689109960739643e+00
5.382585437489936453e+00
3.279094772125901613e+00
-8.144880071648117337e-01
-3.467392242299141003e+00
-7.700412722713366520e+00
-9.512436617054248700e+00
-8.976343312434806876e+00
-8.337782205622346510e+00
-2.495472789472088948e+01
-2.003696750541970673e+01
-4.793054903417266033e+00
-6.285619444611221240e+00
-4.789584517711311662e-01
-9.574910720754319371e-01
-6.565098190993694516e-01
-3.377659405530124559e-01
-3.310456793341236104e+00
-1.221308796643818528e+00
-2.087528737829045244e-01
-8.193361193502490814e-01
-1.098601488953338201e+00
-6.149913442828019994e-02
-1.288061320240666552e+00
-1.426442540125927305e-01
-5.174870514993634707e-02
5.039037191509623259e-01
-1.039584557701316303e-01
1.421043764126195263e-02
-1.444852505506553086e-01
-1.771529287019562027e-01
1.962473468746277483e-01
1.800946896551005594e-01
3.124481212761498483e-02
1.091627181978696015e-01
3.656251701692556644e-01
-3.036913578219264664e-01
4.228968230172347464e-02
1.294653675479704225e+00
-5.184709189420912967e-01
-2.186377843369731178e-01
1.230592568050119073e+00
-1.074721388252680043e+00
1.577498304113404970e-01
2.467244806833517767e+00
2.502095712240123948e+00
3.995106078022523377e-01
-2.355574571408238782e-01
-3.420157635688365616e-01
3.119685332386206156e-01
-2.890623214035326072e-01
2.460967724644929078e-01
4.605126432404471615e-02
1.889568725512999592e+00
2.509359743144216282e+00
6.579402497029763097e+00
5.869674777617621686e+00
3.755899873281400403e+00
-1.071826878744417400e-01
6.374430975575009484e-01
1.484513685315757670e+00
4.237426139032649530e-01
3.150993572998217473e-02
5.279314696455870148e-01
-3.908347212427543127e-01
-2.194835260417136169e-01
-1.447654958413515658e-01
-3.070593774248195018e+00
-4.771448736083947040e+00
-3.973901000585943422e+00
-3.154520151782788773e+00
-5.587377625817460114e-01
-9.412818052684670533e-01
-2.414018957615803984e+00
-2.799860179537630778e+00
-2.808953613968414142e+00
-8.013904692289308684e-01
-1.110420325614812631e+00
-5.008051059941715621e+00
-4.575735641409317545e-01
-4.324258994282699220e-01
5.414076527254696458e-02
1.320535281041821829e+00
2.177492062053401511e+00
1.286713601756923619e-01
2.455406607518076934e-01
-2.320997922900981392e-01
-1.471040182033086507e-01
-3.361005431296266721e+00
-4.735018313942051194e+00
-4.643047312202696730e+00
-2.249718223266375716e+00
-1.140345857085707237e+00
-3.149920090036872011e+00
-7.934759551670040878e-01
-1.346031428911050654e+00
-2.798869115842030908e-01
8.227656728015091403e-01
-1.710903903250233782e-01
-2.515217843942458842e-01
1.406406054362093982e+00
9.566966209154657008e-01
3.877416283898666549e+00
3.310864029621212623e+00
4.213908694894588081e-01
8.188815715371333681e-01
-2.081518732028690977e+00
2.379051861534236423e+00
6.930309268573076054e-01
4.517068345420280906e-01
6.492192805973891367e+00
2.792626092373294622e+00
4.480903198421981593e-03
2.005196169219147340e+00
3.773920549111481115e+00
4.011308548084742576e+00
5.507007625974555509e+00
6.482355248284914495e+00
5.370815293301500759e+00
8.765787218601417408e-01
-1.956278063691030411e-03
1.762885544910496094e+00
2.670067392640831372e+00
8.102526125730072692e+00
9.079343996571715536e+00
7.788845333601337018e+00
3.377909969708923654e+00
5.068473450004788106e+00
4.243410343424969255e+00
5.188996473878447091e+00
1.566354522703889529e+00
3.135610738798249031e-01
3.024785757461728508e+00
-1.695664066791749747e+00
-3.443751027446936064e+00
-2.090300786862130167e+00
-2.100476815313527368e+00
-8.471340604657889628e+00
-1.643372922520894974e+01
-1.387333851850525690e+01
-1.070365865900636493e+01
-5.483294549969263798e+00
-2.636190359262210237e+00
-1.542870597430198387e+00
-1.590725890674004717e+00
-3.933949962691929869e+00
-4.394161754791188201e+00
-4.142601030082310176e-01
-9.134671732821721957e-01
-2.489611308313786964e+00
-6.525303946858009851e-01
-2.434557798058940570e-01
-3.691162303374464493e-01
-1.689828845875882557e-01
4.336294680887498032e-01
2.206481445464945068e+00
1.970280585294106324e+00
-1.313154080279494984e-01
-2.292287912844170883e-02
2.262425434083447762e+00
1.097245811340715527e+00
-2.346387380272019207e-01
-2.921686453333491862e-01
4.352848529532749033e-01
-4.123252173352103256e-01
-7.603665044015714969e-01
-1.391330300283150745e+00
-4.573868076113448700e-01
-6.069526523654191763e-01
-6.751358416135531115e-01
-6.021551294602153215e-01
-3.737753407421815499e-01
-4.173780963682600653e-01
-1.077635693145444051e+00
-1.190763313263611956e-01
1.074488591004248317e+00
6.698866330601769281e-01
1.662029908254757826e+00
1.442588868106468469e+00
-1.862214267804986889e-01
2.966673343841241817e-02
-2.000704738306766650e-01
-9.871470732427312100e-02
2.870191242726911618e-01
-1.307534049648060304e-01
-1.825699357825327773e-01
-4.040476097585552484e-01
-1.047291051965264508e-01
1.419854837839407136e-01
-2.433104811909974075e+00
-2.218405253693978008e-01
6.662774655288823400e-01
-4.863453213878843329e-02
-2.274489947485156538e-01
5.978486667908611274e-02
2.141923444526376841e-01
-1.801489787923604702e-02
5.682725699064816727e-01
1.768546469044940839e+00
2.654021608668897247e-01
-5.212310296333955151e-02
3.896070406969494027e-01
-5.561397271915184959e-01
1.322792279951359173e+00
6.458712915728264115e-01
1.123325040662592755e-01
-2.600168168770853327e-01
1.123578058820998482e+00
7.487547451727687431e-01
-8.932014662722012055e-01
2.378320640304667499e-01
3.066837894507949969e-01
2.714727741902702718e-01
-1.136435384949992411e+00
1.278559532677326693e+00
-6.272864187026305771e-01
-3.759768355939034912e-01
5.359358559367399799e-01
-1.708766154223138045e-01
-4.054365550598406642e-01
2.953208885115508053e-01
2.505097493186685398e-01
1.662585739113593419e-01
2.036822536207694156e-02
-1.517090798419795661e+00
2.521866952608785795e+00
-1.667736782400081275e+00
9.322860693267376320e-02
-9.821822646164468651e-01
-1.875512662500587124e+00
5.343570105524595437e-01
-1.179196510833138145e-01
-4.935479309124968239e-04
4.367580187841744177e-01
-1.029383127595658642e+00
-9.336133268533559626e-01
-6.948840596120271496e-01
-1.403936233968616776e-02
-3.783265224224430234e-02
1.313281103121221038e-01
-1.769687486079257743e-01
1.831907365360950779e-01
8.406366525353770047e-02
8.859929953444412032e-02
1.057174991841014489e-02
-9.020232224018071010e-02
-1.117699817183151478e-01
-3.236844447096454136e-02
1.147943972596457973e-01
-4.125293838841570526e-02
3.577168126580728691e-01
-1.083856885268680570e-01
4.764769741245783452e-02
-4.227577109594415905e-01
4.102260134052936880e-01
-1.277517939245815803e-01
-2.454151291127026902e-02
-3.873924763885865930e-01
3.865878765230455483e-01
1.383323956316069525e+00
4.792818562684169059e-01
1.144188091783197470e+00
-1.374155028177082016e-01
5.255015461123844211e-01
-6.060498617080800621e-01
-2.567910778098916325e-01
1.481592904298212776e+00
-1.560102329319656089e+00
3.201315599519407584e-01
-1.070093584012888011e+00
-1.650067971767116504e+00
6.338806591655395950e-01
-3.778343133341819371e-01
-3.410462477518126923e-01
1.747537292041509427e-01
-2.645519961230813899e-01
-5.621275512931214191e-01
-4.702862894944128680e-01
-1.596062397374398145e-02
-3.247405657259525569e-01
1.780459036436513376e+00
7.044941589359496881e-01
6.534498812195518314e-01
-4.858287871991834317e-01
-9.368324016170006541e-01
3.169630919811330383e-01
-2.777370960604939876e-02
-1.819924171098604715e-01
-2.950865715588064653e-01
-7.881444467358866834e-02
-1.722595158326415965e-01
-4.702970498708469727e-01
1.644775158047087071e-01
-1.194762175990577990e-01
2.162051343091841993e-02
4.176701834288606419e-01
-2.458155493741590591e-01
-5.339276045475274124e-01
1.109387890267374166e+00
-7.015373572038270389e-01
6.999998811507922580e-01
-1.427561816420752083e-01
-1.081375665715919587e-01
1.473730988379066131e-01
1.280580994243911697e-01
-2.224311951838741086e-01
3.223132414098993648e-01
-3.161574521727582576e-01
3.065338499498047042e-01
-1.682213668003301466e-01
1.630550130554037913e-01
5.841690910701222150e-02
-3.502545863777804525e-01
2.988983645420743018e-01
1.382855564072943411e-03
-3.052472280347546807e-01
9.126564323344180663e-01
-1.833007308859161411e-01
3.101257737507099321e-01
-1.779001531368817335e-01
4.107483312174750600e-01
-7.165711054749552833e-01
3.147957708906272134e-01
-2.650166887315610342e-01
4.389376613977832298e-01
1.049451594601902293e-01
-5.082962153794301496e-02
5.474314775974452596e-01
-5.175788557842019300e-01
-1.161944605103059081e-01
-7.255537877437479022e-02
2.567824673240725053e-01
-6.780494337481557388e-02
-4.495459837583848373e-02
-1.772700642591736320e-01
-8.367852614887674179e-01
-6.542782836353451259e-01
-2.817291718005421330e-02
4.125760181416291417e-01
-3.134597706020969543e-01
4.490342525694410725e-01
5.732133158542562779e-02
9.675759262237892955e-02
1.077655921986248599e-01
2.450900205691824985e-01
1.864167311015620804e-02
3.465420331151336519e-02
-2.227781098113437372e-02
-1.010771205460025621e-02
7.397200740404799579e-03
2.878681215956108153e-03
