6.551409208235002600e-04
2.873455965231977698e-03
6.393532069417332507e-03
5.507418848211109025e-04
6.664871853626769260e-03
4.855041075019685820e-03
5.338735585760071359e-03
2.570609334962458119e-03
2.193953238232607638e-04
1.268637809143161738e-03
3.745166571205333110e-04
1.847779271104932688e-03
1.858448096879252408e-03
1.087887987709975496e-03
3.570128140679245917e-04
5.596966088671557387e-04
3.820751643754307075e-03
5.921227894986756841e-03
1.306067278651227475e-03
1.650351327304054507e-03
5.409743382970437541e-04
1.868277695399855106e-03
1.212426336752178832e-03
1.362143203465763022e-03
2.965131566984950933e-04
1.112043140059337668e-03
4.814564197092637693e-03
5.130540661467177530e-04
8.889293869954793901e-04
5.811837883647163723e-04
3.256230019306601605e-03
1.466938111091334361e-03
9.875014614142761486e-04
1.802608765629019742e-04
9.734524242962261137e-05
3.573350787835901862e-03
4.437495687332167378e-03
2.524072269318500261e-03
1.023508870009091692e-03
1.961106758521034127e-04
9.671061023900769061e-04
1.988952072982812496e-03
4.096456032987486062e-03
9.457421472541397214e-04
8.571942390677457762e-04
6.674453666162700203e-04
4.239464261323618423e-05
7.155923706080339827e-05
2.056613067987732844e-04
2.139724410808531473e-04
7.975410203388303646e-04
2.260164587023969635e-03
5.538949363002528686e-03
4.001605747208480078e-03
1.765020067830427430e-03
2.079353247139920438e-03
2.430996781008199891e-03
3.945596628355263653e-03
1.230334946047422287e-03
1.220077664463101316e-04
1.173384173799426862e-03
4.838046193103737408e-05
8.060369327521720419e-04
3.629926515794755764e-03
3.432231406670155447e-03
1.452914915807087398e-02
1.465354199117636577e-02
3.693950049681371528e-02
3.997594549632543098e-02
3.625422044818493207e-03
9.335673106165414195e-03
2.705253060216362298e-04
5.042441532923217645e-03
6.650256644131135805e-04
6.926994196185781716e-03
1.221352392211282317e-03
1.518664396103730843e-03
4.187759279272938208e-03
2.365201561672529602e-03
3.235755510570697039e-04
4.856328172385506944e-03
9.306608528540857037e-05
1.160303616912980451e-03
2.675132502182856376e-04
1.167556535981941054e-03
2.461157170040419520e-03
7.028252094300579522e-04
5.836250332899685540e-03
2.377574681875362431e-02
7.686965073161305603e-03
7.004387420170783522e-03
2.869077549024982854e-03
1.216797776130675067e-03
7.037445082121515779e-04
4.316188645866715461e-03
5.432584322724112041e-03
1.338120876769431297e-03
5.402607436574713255e-03
3.082556576179113286e-03
6.446475652655286762e-05
3.039343811809600351e-03
4.512837377913979202e-03
1.282026469506300612e-04
1.875913263678212776e-04
6.813674072933165833e-04
5.291308478541377524e-04
9.261275881720979451e-04
2.870576732183744307e-03
6.165501968804498745e-03
1.297543128707645543e-02
8.930073628314755263e-02
6.572628277115702411e-02
5.764929687217630258e-04
9.819944945198534614e-03
2.810911789182731022e-03
3.987222342179277436e-03
2.177539559519055257e-03
4.761181654226022495e-04
1.592475453462797574e-03
6.389735979593750854e-04
9.945044994567890824e-04
2.590655989477918739e-03
1.813264672281705327e-03
8.607420505311430244e-04
6.303653620688935569e-04
2.020174035002021912e-04
4.345644249357151316e-03
6.316561685190958926e-04
5.725860692398303774e-04
4.481904345814878565e-03
1.828579180214013841e-04
1.001057763765368083e-03
1.419048574181945707e-03
7.020185131317512820e-04
4.327419878548290424e-03
5.553754592527876746e-03
1.747960697607746014e-02
1.405562267657668209e-02
9.171584699112186531e-03
1.751779232591506568e-03
1.377685370654123951e-03
1.229398146448658575e-04
5.557463624741052844e-04
2.357886549109977875e-04
4.736420561144585525e-03
1.671426900146950412e-03
5.221632102279778970e-04
1.141240368667536349e-03
1.935684726685592142e-03
6.824498827103729279e-03
6.839140889207500880e-04
3.511531205151941686e-04
9.968016354615963880e-04
2.228442484902679499e-04
4.410782797153000429e-04
7.534952552458358283e-04
1.875540136455827516e-03
1.011505935718129363e-04
2.529930130783274948e-03
7.601777664491141465e-04
7.587478553273853258e-05
4.073902472190285475e-04
1.061832002857892795e-02
2.606691913429436819e-02
1.964894503933075146e-02
3.251738726725657974e-02
4.976994881049460161e-03
7.170736265085617556e-04
1.457472013801265273e-03
1.472325639297194632e-03
8.212885152659342913e-04
3.463273827028585591e-03
1.163773698649310279e-04
2.527484175376623361e-03
1.654181740516412523e-03
2.615205888030425890e-03
3.247430685142386119e-04
1.297115119036898120e-03
1.942982902127593980e-04
3.333920575518776498e-03
9.194061912735498193e-03
1.147041409599956069e-02
3.415329631576729218e-03
2.884561167437721136e-03
1.806196410931593804e-03
2.023104574649039686e-03
2.514243696209163769e-04
1.913005028550850660e-03
4.559944915282856254e-03
2.507725060115684928e-04
3.847803940448217032e-03
2.001261300731695895e-03
1.075114346291298865e-03
5.782593842461777357e-03
7.506105085424504171e-04
7.625506326174522065e-04
4.862164469921099737e-04
8.600352229903912224e-03
6.093448484122456106e-03
1.271673382534886654e-02
5.404971868786571931e-03
3.455565097811758545e-03
1.596984196181572366e-03
3.237125055899137734e-03
4.922954119355874361e-03
4.121371495832216840e-03
2.080065683915693908e-03
6.733046413359115726e-04
1.258900860383403491e-03
1.903931469857458696e-03
3.911102065119922543e-04
2.038216057364001382e-04
1.567377317283668746e-03
2.421754895351826975e-02
1.247853723638939205e-02
2.479461452205113450e-02
2.852188994217289518e-03
2.754475076706762297e-04
7.942918701414551641e-03
1.053994982380181480e-03
3.873969475937979459e-04
6.237725461155807938e-04
1.110600667970835977e-03
1.032485831778498162e-03
2.411164326044795258e-03
2.062115865286885761e-03
2.230610555889168522e-03
9.855876755930357766e-03
6.537643323982159776e-04
1.686412468314375974e-03
1.561061096184373055e-03
8.585575308790999519e-03
7.900484479147846986e-04
8.532464955017901587e-03
2.948808539134835545e-03
3.371282293102168589e-03
3.287058230603186757e-04
8.296082400063239243e-03
6.794484361931259209e-04
5.761168635120482787e-03
4.002788302388256107e-04
2.847350996429487760e-03
5.029196697623700661e-03
4.232869535450098537e-03
1.893377047926178211e-02
7.503950944585587382e-03
3.837812334489335876e-03
3.031725956645909929e-04
7.066741282588573283e-04
1.986338430380713959e-03
1.851945506410412542e-03
1.415997192606136771e-03
1.932117608048785056e-04
4.327635378188547134e-03
3.310666043030715579e-03
1.422537588208695487e-03
2.594929987665873725e-03
9.496432995864320659e-03
2.019888757695793846e-02
2.896954256210125533e-02
1.588020835912498999e-02
3.962188616204860570e-02
2.386381701032089242e-02
1.706130009322378085e-02
5.211927407897549991e-02
2.741387609563298439e-02
4.264595851969915641e-02
2.594384840423693064e-02
5.040905548990744917e-02
5.613505820620028758e-02
5.261207044217876272e-02
8.947121664068310998e-02
2.757133230757505965e-02
3.695642909893649859e-03
8.090787639052368641e-02
5.171809856077409784e-03
7.780277650949764083e-03
7.372724090326208089e-03
1.314913157773961016e-03
2.365126875896160236e-03
1.768414065925621136e-03
3.045688027986119995e-04
2.465220039434772676e-04
2.265747782234164408e-03
3.222963794098408254e-03
5.994665129782793169e-04
5.859779734249433028e-04
4.788551463564357413e-04
2.591739301962245161e-03
6.436960064032820963e-03
4.399339285417157297e-04
2.834786849678559879e-03
7.549939511723247412e-03
5.242494098461981077e-03
5.781715317105756355e-03
1.915312869593374971e-04
7.189630655522795139e-04
6.100766944905149872e-04
1.226233083135594296e-03
2.567691450723435555e-03
5.540944925614586618e-03
1.127867067755812872e-02
4.457571578125875747e-03
1.444591691838968336e-03
4.027745215664624290e-03
1.243559350833882545e-03
9.336128593275757476e-03
2.472939547544892626e-03
4.452453541927249916e-03
6.127624590119723838e-03
1.724549473210899636e-03
8.973884839744666712e-04
3.075132411603166867e-03
4.852687925762697030e-03
6.468256268152243471e-02
8.570608906772929705e-03
2.640749246462990862e-02
5.357172207928990321e-03
1.230888204451733615e-03
3.550459733787033039e-03
2.293855776627625950e-03
2.684883237627661793e-03
7.727228081727782576e-05
1.045190052209760264e-03
1.501657521235192369e-03
4.987241597327244204e-04
4.724527755535397875e-04
7.035505000188546068e-04
1.395801158840236002e-03
1.762782887974747399e-03
1.175648685228236189e-03
5.412327222262721879e-03
1.846252553389343687e-02
3.125172664038908948e-02
3.410285364252371720e-02
1.111906127531892517e-02
7.569967985206742071e-03
1.935326457735752964e-04
9.000688062942894347e-04
2.244550467959796451e-03
8.267407684338171905e-04
1.085412504021819732e-03
3.573852013420798085e-03
1.351115919846821584e-02
5.688817365419862430e-03
1.483994741611486395e-02
3.070394395092713698e-04
6.955058174054912917e-03
3.121416485590025017e-04
1.431275357396969740e-03
7.696002541250409473e-04
1.242571030186843950e-03
7.033922669198999778e-03
9.683972650571241736e-03
7.410060556641171088e-03
6.271723416944477957e-03
2.040692308480284572e-02
6.956462628093075008e-03
9.518793678972536617e-04
9.817431573593238606e-03
1.574259705499033921e-02
1.475820205667667182e-02
4.422489443418072159e-03
1.708130271019704313e-02
9.887239657120329428e-03
4.841668638139414067e-03
6.772180621248458099e-03
1.503149452092791306e-02
5.843258958179071288e-03
2.466707089071918952e-03
8.159956809801869118e-03
1.091451754221966532e-02
5.382177184927872636e-03
1.827441748222789026e-03
1.161394830797764840e-03
8.514074885303811110e-03
2.327851749664744917e-03
2.235110986206871597e-03
4.732449721663812593e-03
8.552827713100032841e-03
8.317812085151039814e-03
8.491723792646309332e-03
7.634555600368485078e-04
4.866289685639118168e-04
3.575229342228446617e-03
1.826662529724057318e-03
5.271841221560572823e-04
2.276793741621254037e-03
3.535768303984621226e-03
6.552514411557597415e-04
3.653484311703356514e-03
5.653951672281070165e-04
1.325679576488273705e-02
8.690825713188514651e-04
1.873529349322766485e-04
4.612641808963538308e-03
3.089041233154948742e-03
3.220433656186871309e-03
3.778663164176636075e-03
6.345902935538886430e-04
3.611672920955651817e-03
3.858432152829907331e-03
5.871767341395637413e-03
2.067422795037063277e-03
2.195606549509327050e-03
7.165953115987030823e-03
7.530466744842783354e-03
3.643083755416892319e-03
5.068892586968591326e-04
5.419470577180195148e-03
5.157311136731900468e-03
2.275727940206072678e-03
3.500883902103447704e-03
7.651785974151724921e-03
2.153488779744981100e-03
1.341231643767898114e-04
7.451359938567348254e-03
3.234648272879449196e-03
2.634953243982177118e-03
3.958877899891777817e-03
5.001269218456888023e-04
4.327352013349223224e-03
1.306699195895746164e-03
4.440492255151914989e-05
1.139072968779911632e-04
1.769956310576299751e-03
2.231483997459104984e-04
1.391198597349930718e-02
1.967073958329136705e-03
1.285801980041045107e-03
3.828142959023482245e-03
3.793025145561690521e-03
1.457835172903000067e-03
4.388489231933623432e-04
8.837685718522155908e-04
1.869666796074322861e-03
2.011047643855365039e-03
7.468709868877444411e-04
8.524329916034317171e-04
4.261595607054100530e-03
1.653910184342249337e-03
1.808436253776569492e-03
2.831678846385490573e-03
3.920970008180071388e-03
5.314276566147044766e-03
5.377903825021360974e-03
6.558945030268015577e-03
1.063554592048727293e-03
8.737297823209849018e-03
1.673123080769086529e-02
1.332673162552574630e-03
8.103973676846643395e-03
4.233987471921636138e-03
4.378053894676315260e-04
1.540878982149279089e-03
2.244426959989653803e-02
3.132754780943108538e-03
1.203932178996490812e-02
6.793145628118602009e-02
4.990686126853722399e-02
6.972876763825636669e-03
4.076359441127285627e-03
8.533904986666485419e-04
1.747019031726938397e-03
1.761223132827792947e-03
1.065758245174175042e-02
1.249498685084429435e-03
7.049494498357138442e-03
1.299634320178255685e-03
2.139929127984691905e-03
1.159781050779848128e-03
9.723634130251229604e-04
2.606135639710312050e-04
2.730063048580898873e-03
6.546455208250587417e-03
3.392409208597159387e-03
1.575903443087475807e-03
3.067030562594127204e-03
7.549781557917656719e-04
1.206963471218942818e-02
8.934398732675284671e-03
1.116403504379108328e-03
1.564019156481930364e-02
2.780489597070303145e-02
4.743176092196918492e-03
2.588501912662665490e-03
3.363532496174307935e-04
1.575194794446089239e-03
3.335391150693268244e-03
4.977269500342068435e-03
1.411708505891116124e-03
1.795228741135993780e-03
1.904786007640624611e-05
1.292433891914724492e-02
3.804311929303135636e-03
1.021679357977746134e-03
5.347737935133416208e-04
8.425103443661039956e-03
6.321478033251935226e-03
8.552415461807584204e-03
1.344578250674090128e-03
5.084319054231722533e-04
3.366935517350554043e-03
5.687056663580505877e-03
6.045140573258232612e-03
7.986034182323457908e-03
1.345368444681376355e-02
2.997174099287944204e-03
1.079029969837316458e-02
5.527613593036486035e-03
5.362454445191512133e-03
3.760364230962263184e-03
1.076226236253010650e-03
1.938589805951627942e-02
6.170647018702499209e-03
9.011669622129386131e-03
1.875008961665490179e-02
9.016894229897738991e-03
2.375061193082022952e-03
4.692363662742791812e-03
8.171995526689620343e-03
1.921432321866318321e-02
1.088467001192304148e-02
3.130908867212912547e-03
5.310860954260223504e-03
3.500065546515136652e-03
1.259499616966914745e-02
1.605542959526483826e-03
1.117088870017843294e-02
4.533383182601970207e-03
1.309168369741345143e-02
1.633945007293507090e-03
5.268660773536872240e-03
1.432354575581131417e-03
1.420087934693699608e-02
7.725809361314617263e-03
3.771808473032850495e-03
1.345106155741168218e-03
2.045305381451118301e-02
1.689541745379771059e-03
9.058052094978613980e-03
1.266472386944900164e-02
1.385120932248642099e-02
6.986887700138115671e-03
6.376340978974930941e-03
6.022023913192604480e-03
4.517708534375680044e-04
1.692637619016458539e-02
2.663961984725521717e-02
8.837676234317512480e-03
1.473835180287265574e-02
1.044685352366902555e-02
1.666067264233240738e-02
2.733724285951538366e-03
1.605674198823315788e-02
2.863289387065800617e-03
3.550553494207766853e-03
1.130992857020614133e-02
7.480152420714966666e-03
8.718837291186509048e-03
2.475955121687971935e-03
1.867179588972344480e-03
1.556102483208158345e-03
3.197243020836928757e-04
1.968091202355993011e-03
5.637697948295947083e-04
3.988080627111764286e-04
2.690604403511775294e-03
3.534114668457355533e-04
1.425317234705949935e-03
2.085279128392929747e-03
7.338856401982300250e-04
4.934625805236174390e-03
1.851478214505532412e-03
1.265298646753743213e-03
4.131377363173302942e-04
2.030697544956955140e-03
1.237905024320355707e-03
1.095575492173141109e-03
1.789882065838576471e-04
1.729074773407466258e-03
2.405224366268380719e-03
4.200565110933945911e-03
2.668812712241447685e-03
4.119435111551773311e-04
5.610245086102803305e-04
4.851142922642045141e-04
2.196870727442086241e-03
2.431785528312347647e-04
4.346259286073485750e-04
1.039213858567329197e-03
1.681194342727237870e-03
2.098163576874399001e-04
1.305147691106174884e-03
4.800468691539398780e-04
5.951619819413023335e-04
3.623394074608707500e-03
5.792352776017344745e-03
2.078278853328128888e-03
4.490095152828578288e-03
1.502696406223667314e-03
2.432452559741586726e-03
8.426424359877891660e-04
5.146868293829012092e-04
2.352195821378003874e-03
1.025754742750985531e-03
2.122207614479576087e-04
7.265487890331122356e-03
2.745582587564702939e-04
1.577705152692135296e-04
2.429164519212651321e-03
2.401388509533928899e-03
2.725736208152894423e-04
8.408168267385029418e-05
7.271817107890550524e-03
7.982845672473490653e-03
1.283782660470363969e-03
6.407641709579234290e-03
9.656392785450110955e-03
1.521520364913143616e-02
2.845477910803189661e-05
2.601911363810175933e-04
1.325581673862298365e-03
3.503044332464974684e-03
9.004912774626404369e-04
7.611866814753047265e-03
1.220670020047398552e-02
1.108622209119732027e-02
3.996027230078045243e-03
2.505971921645538600e-03
5.147629358763523150e-03
4.072243383079022193e-03
7.075178016034296830e-03
1.780633599054196395e-02
1.229927963644706149e-02
1.489933330147109013e-02
2.334190821592509180e-02
8.209655745814142813e-03
9.996305016599713392e-03
3.791753495836202442e-02
1.733241763943307173e-02
2.914440930775154606e-02
3.124352613871031817e-02
1.822851950016896386e-02
2.474897936077744345e-02
3.911649236516361733e-02
2.767218476338503038e-03
9.669232775957182016e-03
1.882757917180586868e-02
1.277152412859684262e-02
3.526529218908275765e-04
1.217163771778796959e-03
6.433729349702850889e-03
7.736936958063971937e-04
6.892512972077645753e-04
3.126901764767867596e-03
2.148851408206189570e-03
6.510151031625893356e-03
1.654137263754708580e-03
3.747807866324925560e-03
5.341307197509547562e-04
1.018542865282772835e-03
5.378723077146004179e-03
1.963111696995833901e-03
1.435397819413282818e-03
7.745229106415654242e-03
5.972788282428374016e-04
5.416857606013198573e-04
4.523492781650743748e-03
1.587510804019444215e-03
9.127335798178723078e-04
1.379125068921447901e-03
8.812817594853648243e-04
1.826451163551687804e-03
5.593106139594607173e-03
2.634235995402117356e-04
8.854725289446486016e-04
8.379370211214127485e-04
3.995276847003645902e-03
4.877730364194636297e-04
4.072825849828869138e-03
2.834512654155321460e-03
1.858143002176000733e-03
9.310366426114615219e-06
3.409539794031467589e-04
2.353384657884560228e-03
4.915593081214020971e-03
8.301478432413128680e-04
2.449821569042806395e-03
2.939969156567871908e-04
3.817643212603219222e-03
2.533329796364376316e-03
1.463640501157306185e-03
9.584316778265231400e-04
4.609508109343927258e-04
2.880487915422890420e-03
1.203867016464372575e-03
1.150811259107467047e-04
7.268829197579283318e-05
1.305821946540117965e-03
1.290894242580225984e-03
2.231134296073737264e-04
2.160154390291058654e-03
8.843848656903540318e-04
2.051035962184801224e-04
1.256593597087379832e-03
1.355926376641084776e-03
4.442898191478148254e-03
8.130483432311406272e-03
1.294917022380582660e-03
2.882428650774963245e-03
5.107444603074534802e-03
8.589224658542927776e-04
1.853452640183294621e-03
1.363576894408475909e-03
6.594358940289640238e-04
5.615791628689456366e-04
2.797941177905905255e-04
3.909379124217909549e-03
2.354646002999539588e-03
2.279769172403017276e-03
6.578534343651657075e-04
3.037306010796974459e-03
1.130455410847900098e-04
8.084601762607786452e-04
2.015437352465994619e-04
2.842188917512037966e-03
2.992092855630081993e-03
1.084800151154223383e-03
2.422824908018476019e-03
1.242087706642015094e-03
1.933317182906583694e-03
1.357753975718302940e-02
2.829879622478770774e-03
7.257019168721849829e-04
7.785903012175921130e-04
1.181777752195843764e-03
2.409059978642430402e-03
1.273254328018305365e-03
7.584808684417518494e-03
1.089036721613104814e-03
3.593370343352801730e-03
1.433671692959074054e-02
9.801390694965550921e-04
6.144968691033185319e-03
1.053621502184157177e-02
8.671582064995114053e-03
2.026464566992210864e-02
4.692938920727218743e-02
2.769784942614745421e-02
2.116506846283338836e-02
3.355004113955736139e-02
2.948317321758766544e-03
1.058774689476674191e-02
2.731784350249249343e-02
3.932948387012143165e-03
1.264963395407153225e-03
1.012463669908651373e-02
2.677648450275430143e-03
5.611409956722657189e-03
6.206477170728285850e-03
8.589961950548055322e-03
5.030379713085766404e-03
2.298193698258646674e-03
2.714073393704853447e-03
2.132086377507837974e-03
5.732459974996158107e-03
3.642341575592602122e-03
9.824844617629113763e-04
1.525704989930368053e-03
9.195922485076277793e-04
1.928267112254630940e-03
5.029453780017614437e-03
2.385614036016138733e-03
2.852794811918086659e-03
1.506791088532049693e-03
1.060354671382141619e-03
8.089985157987687227e-04
1.152542522245707940e-03
4.144093083983588915e-03
3.071632904307675105e-03
8.564275195492127360e-03
3.284576111440417646e-03
1.101052586937225535e-03
1.693084571107502300e-03
5.789983219206758930e-03
6.763222062872961335e-03
3.189684415865146061e-03
1.230803723249601113e-02
3.417379837058667942e-03
6.446777584499086174e-03
7.492976048643219377e-04
1.782559720339696062e-03
2.187692348387099747e-03
8.048449808459612678e-03
4.309348022492726603e-03
1.225256293651801227e-02
1.453449517574871737e-03
2.242976821142008814e-03
1.135893587980638282e-02
2.833272378541030079e-03
1.195196894604009293e-03
4.048709917749629926e-03
1.622736625740996618e-03
4.358273219800888609e-03
6.013801578393444293e-03
1.953341100266919525e-02
6.752281497148741179e-03
1.758593421224101394e-02
3.199868184640502350e-02
5.027371464068849417e-03
2.717244355413360804e-02
1.082419053624842330e-02
1.510420950031573107e-03
7.142484172747547329e-03
9.625537535796412428e-03
5.654431497555662380e-04
3.145886110219646859e-03
5.200003273505423521e-04
1.189226351645358663e-02
7.030986873922505029e-03
2.339257576115858286e-02
9.706579190961144368e-03
2.077648747418515615e-02
5.521287250132843848e-03
2.410230104842921162e-02
1.205924553983899090e-02
1.936689758162609418e-03
5.487172501699159009e-03
7.426210263236880139e-03
3.637309028196854819e-04
1.495818947274663198e-02
2.608758521745425051e-04
7.554475832455264175e-03
1.251583953320747986e-03
1.533481582139203242e-02
1.595377676049353904e-02
7.441525045697965426e-03
1.022235823932273434e-02
1.356210278921755712e-02
4.277140718172463794e-03
1.090831082386140190e-02
8.476384302434340377e-04
1.324675381875119184e-02
9.632238628892812390e-03
5.052779296012133506e-03
7.819470533797024184e-03
1.804487245960762843e-03
2.325622554799772201e-02
3.346962713149913889e-03
3.224537974777361236e-03
2.797300580582250205e-03
1.594790164338660832e-02
9.695697279662789103e-03
8.478887454403448518e-04
9.745209328315226904e-03
8.697183108496319608e-04
5.591468892111841477e-03
4.164382006755001399e-03
7.116518611375403057e-03
3.623161089878276873e-03
1.696213816259706936e-02
7.461763123645190170e-03
9.517579302254399864e-04
6.974761361691725510e-03
7.414270804625496154e-03
4.114240938337141405e-03
5.172704845172690705e-03
5.208694590290371962e-03
1.283492016602760626e-03
9.126252301613740556e-03
2.007955382915285920e-03
5.731541261992386706e-03
6.832391900777094133e-04
2.104445423002128477e-03
1.155674085465122156e-03
1.919471820197480964e-03
9.514520877267769981e-04
9.112867573750901362e-04
6.365847116529143104e-03
1.078316348901496580e-02
3.928326280432376319e-03
1.720765743701105441e-03
1.929176829523112421e-03
3.123205651795114401e-03
1.580209344379085532e-03
4.614154476444941311e-03
1.043499278535653212e-02
5.981342498666171459e-03
4.034443158763598158e-03
3.086101647492696127e-03
8.604176359514315291e-04
9.833336104632973973e-04
1.404454312114224515e-03
2.175263156266651291e-03
4.638776675962855839e-03
8.829993497552909854e-03
7.869611181334324607e-03
3.291456223856118433e-03
5.040763237138349076e-03
3.862707112384512666e-03
6.472037244884938049e-05
4.277293274391577756e-03
5.578899862362669132e-04
3.614614395772589657e-04
1.003707968454520434e-02
5.070658609088922984e-03
4.570669849774618154e-03
1.648012812184838124e-04
6.890517665949860010e-03
5.702651916785711136e-03
2.486135926712347566e-02
4.313587607449141659e-02
2.533263568743141306e-02
2.532115981917181305e-02
2.721067574795725877e-02
1.341452520041789588e-02
1.226292724058795913e-02
3.249807441908038330e-02
1.237952499351510811e-02
8.152501696757302393e-03
7.169904992741269779e-03
4.823002672396580967e-03
2.891341890538314668e-02
1.916158572666339446e-02
2.794647106770090528e-03
3.241135075684115139e-04
1.231976286457395729e-02
1.641173352410530903e-02
1.106264740194765755e-03
2.422449197611482169e-02
5.987572359797212890e-03
4.474417097861639429e-03
1.658863851063482192e-02
1.830782792919889886e-03
1.419194939224816855e-02
5.597324413636050634e-03
3.955350635345699500e-03
1.045590042374460946e-02
9.791527677919057218e-03
9.357980992320002328e-03
3.847071244639167775e-02
1.063044676815358934e-03
4.441639286246289522e-03
6.801834879838940945e-03
2.885236616998798631e-03
1.595065627876010930e-02
3.606310981102730032e-03
3.886032362454492836e-03
1.739946688264632597e-03
4.525434804975898492e-03
3.435415244042293575e-03
4.320241385464616119e-04
3.513356898108929596e-04
9.768955221872554356e-03
3.773097871329030191e-03
3.749313731773186963e-03
6.953246686020600953e-04
7.586923602322696684e-03
1.319226735609873094e-03
1.080242150663784104e-03
1.590559327928498052e-05
9.458243099278822435e-04
2.266256465399977583e-03
1.420018595957406315e-02
1.850671853281715381e-03
8.539966105185526485e-03
3.904945846773401341e-03
1.828247341830372547e-02
1.990658524841156397e-03
2.581057630020221205e-02
1.780691228611562191e-02
4.418584924121643498e-02
2.359926700019331428e-02
4.595844585235816376e-02
3.174388960487973393e-02
1.441224823756799035e-02
2.911898402727323282e-02
3.784989695019724820e-02
1.503163577308935968e-02
3.895354906679764084e-02
1.051056250054866956e-02
1.322257672613490372e-02
7.961380414528103355e-03
1.785669562866932722e-02
5.708808799794750505e-03
4.642430682772920141e-03
2.137231497037832620e-03
3.435991624087583914e-03
9.285928837216268035e-04
2.963574629934707331e-03
1.248558883958348449e-03
4.719295974874336075e-04
1.000558120026053628e-04
1.326313402722806897e-03
2.933090389939565622e-04
2.557661769384014208e-04
8.916864865202121251e-05
5.546770410855560206e-04
1.636377014176554302e-03
8.101754816046793147e-04
2.588521301290746136e-03
2.650252450557984661e-03
8.567188644626340041e-03
1.793369839011166268e-03
1.046021493608980876e-02
8.566386401219530308e-03
2.395503766311661217e-02
6.756052181415266727e-03
1.521527669590613807e-02
8.673995864626558167e-03
7.604954928835685156e-03
4.087065533348390595e-03
1.776514019118465796e-03
2.056032185947585453e-02
6.955575858957725559e-03
1.381879854201453241e-02
6.740516080818893460e-03
4.584594260507165314e-03
1.283930972503833853e-02
1.488749410480207092e-02
3.965037549332764422e-03
6.372187008022449535e-03
1.669226109971418473e-02
1.303481522945140053e-02
9.111200685200469135e-03
1.634471566004918469e-02
1.616165540329109196e-02
1.503946557257233125e-03
8.618620256992574153e-04
1.856007613715981693e-03
1.344863009972007556e-02
3.176011500005168197e-03
3.460877659337187936e-03
1.530805971357223488e-03
4.351441500787600787e-03
2.256632154025805300e-03
1.365130840511479416e-03
4.755382053216447580e-03
7.073344008357812344e-03
1.688100470762473378e-03
1.499552536554209507e-04
2.477067778183243349e-02
1.371785222888231457e-03
6.344586720324049689e-03
1.435463548422406116e-03
3.592183325386772742e-03
1.706829544971764099e-03
2.361946295496230967e-03
7.838166824461334850e-03
2.784851438028413100e-03
1.779009823977021178e-03
3.372287433823251699e-04
5.184887066053544581e-03
9.057563990913751473e-03
1.008401352554034059e-03
7.008120149891253767e-04
4.560455077166990397e-03
1.387688221729005151e-03
1.392150864783448135e-02
1.109960809578631894e-03
1.017716272015281760e-02
2.366032819641270338e-03
1.388307460909388863e-03
1.724608225658143951e-02
8.174574965615823835e-03
2.172076875556210040e-02
1.959722905773384274e-02
4.512404656132839274e-04
6.644375805848323074e-03
1.228589382064816183e-03
1.463933914642157313e-03
5.257722604982264202e-03
2.772310255571639858e-03
1.007085072707161917e-02
4.439119814435375962e-03
5.040042023896722061e-03
9.245057398552242525e-03
1.174612673556743939e-02
3.099073070957847169e-03
2.843346248890831190e-03
7.166873403029633792e-03
1.286887289307184733e-02
5.402040584040476018e-03
8.137134530316528615e-04
3.780137107147322519e-03
2.553227452106278991e-03
6.792566564813701767e-04
4.437232795444489078e-03
6.732672047984814131e-04
1.412558600165877889e-03
4.479533997060338541e-04
2.364083978076507268e-03
6.153876533877325125e-03
3.679233828026506371e-03
1.013695665353110719e-03
7.523590016961186934e-04
1.082623944816649142e-02
2.104991047829560258e-03
1.272047948671677564e-04
5.480500714123795816e-03
1.863379655776496117e-03
9.976717520763204658e-03
2.831830052991284128e-03
3.152413618465150363e-03
3.876417871440694836e-03
1.701772165560894255e-03
3.084372645593527144e-03
3.945702822985789476e-03
2.798859895466731802e-04
1.322820781556433662e-03
1.165513425517367754e-04
7.060260507161193744e-03
3.674097294989591431e-04
3.303029304242017725e-03
6.946495422860463238e-03
1.040486318488660807e-02
1.316130106217269021e-04
1.343762132695657929e-03
3.764372978680731278e-03
3.454419082934438636e-03
1.397216296715839785e-03
3.724555595330021444e-03
4.738484179110128910e-03
2.359366169397771745e-03
3.460746211079681299e-03
2.440488341750350881e-03
2.574158055896034331e-03
1.459973063444827560e-03
1.280968862948306426e-02
7.429906195343333533e-03
2.710574589572082010e-03
7.880833116676672079e-03
5.187699781049608279e-03
7.263063089933866935e-03
7.047540611214763405e-03
2.679261338332515705e-03
4.068952071767984596e-03
4.050358354208602116e-03
2.670622782640706683e-03
1.572398370971626880e-02
1.983914403964502637e-02
3.585278807710952365e-02
3.512764364595557555e-03
5.432832222829411459e-03
5.643290585835686844e-03
7.621335557196478325e-04
4.169547815147973437e-03
4.138720773494112756e-03
5.522728778149530240e-04
5.336166167689293267e-04
1.369419009888288514e-03
3.521109306286379203e-03
1.474728678821738423e-03
9.298713906388908924e-04
1.659728207168747072e-03
9.002711457402649223e-04
1.086534488199096538e-02
5.465886849558903790e-04
1.029561450128112753e-03
3.038725310287937204e-03
9.797960017644057745e-03
1.514330206302574172e-02
2.417916098320549434e-02
1.722408069136258449e-02
7.006314727706277647e-03
4.358151888211273840e-03
1.487710991882753393e-03
3.199684490594521553e-03
3.148612063295156294e-03
1.163631889924763478e-03
1.443317734752255516e-03
4.226646863739298238e-05
5.155637621692730306e-04
6.311751539556588637e-04
1.318373444943939186e-03
2.096086320853902951e-03
6.068882174204880825e-03
3.408292406294141663e-05
3.096244778400855224e-03
1.841874633335840224e-03
1.788936387765319505e-03
6.067646452702703556e-04
3.261313110213928321e-03
3.183749786842829648e-03
1.867185220611114601e-04
8.457371414599092673e-04
2.594976158449052088e-04
1.032116747445137317e-02
7.395366554070893772e-02
2.156304023375151674e-02
1.113502242110127154e-02
3.820417994670407234e-03
1.667586420794770104e-03
1.753412336548803132e-03
2.093423144789071429e-03
4.369662760114317721e-05
1.217840864041402156e-04
7.594305112162613378e-04
2.675554636640975091e-04
1.460393574003794733e-03
3.133434010284752696e-03
1.115862474588852609e-03
6.064142586027008834e-03
1.887457846269285922e-03
4.372246023063476464e-04
3.303901452763858670e-03
3.741729844654626252e-03
3.987348104420395008e-03
3.046863789620487400e-03
7.315525333472514165e-03
1.620583458076728118e-03
6.182509664551018476e-03
4.471407661447050286e-04
7.506691018344001896e-03
8.825436914687753362e-03
5.997374739412052180e-03
8.304023129270419676e-04
3.418753652961901632e-03
8.385339055766128161e-03
2.064081484634318515e-03
2.048384614259387594e-03
1.137587073602857739e-04
2.797964137816665638e-03
5.816371357932538511e-03
6.462937882604710433e-04
3.323928241229483086e-04
1.778739646233089278e-03
8.817504332565789891e-04
3.329144817183997580e-03
3.686216378392574624e-03
1.133168649017240277e-03
4.570506239752750101e-04
1.280747616091411226e-03
7.126925318037910127e-04
4.545587071334974624e-03
5.628404187561581113e-04
1.131976749343020826e-03
1.472908989296550482e-03
7.189157685952761662e-04
7.206082984445124316e-03
7.444602350088420743e-03
6.464494190050830424e-03
1.857675929830100974e-03
5.718083684032014731e-03
1.421312025185622434e-02
2.373812045309686876e-03
1.238026627685897586e-02
1.456009401874015048e-03
4.268859702155407233e-04
1.077322087331047430e-02
1.575919213915431870e-03
5.744939893571588373e-03
4.184559794318406210e-03
2.344126037031920781e-02
4.192085412357845586e-04
5.202505113971667670e-03
1.680252919081328756e-03
1.145774932679656391e-03
1.286663742232262153e-03
3.616816502331871540e-03
1.424102639919177333e-03
4.350985964090535625e-03
3.858982338242727614e-03
7.589655054656548223e-03
1.352952450481273786e-02
1.079109727408781834e-03
3.958831022862902872e-03
1.261539514525700408e-02
5.114292312378928597e-03
1.258839427260028190e-02
1.389710461369513157e-02
8.068889151851582620e-03
2.398604013827250123e-02
1.342571472845719219e-02
1.426711177263811220e-02
2.484819393318327477e-02
1.475088559129085833e-02
3.121592760354936422e-02
2.703152548245107284e-02
3.409882984260825811e-02
1.033030167148566852e-01
1.112118631643237675e-02
1.242810075403714271e-02
4.226831612609388902e-03
1.548718733313299983e-03
1.853756527411463051e-03
3.781162206089185452e-03
1.107929700901429462e-03
9.867040049170612559e-04
3.191708509768799678e-04
1.072231252553280684e-03
9.372086970082485653e-05
8.160131703233908977e-04
1.027068341373206951e-03
1.965844690331756180e-03
1.868897066966885331e-04
1.539907060549529447e-03
2.489747005518437323e-03
2.466102674768367448e-03
1.188623969696208510e-03
5.824834433842094065e-04
1.599456169794459927e-03
5.407295330739120449e-05
8.536829332625664869e-05
1.858558206315421462e-04
2.097053519220181805e-03
1.706313336231471368e-03
6.379606206642198050e-04
9.948681058989843409e-04
3.352335099640724615e-03
5.066823868108807742e-03
6.274966145930352748e-05
2.953970861227085513e-03
7.957951578211798103e-04
3.693250069660773162e-03
4.717753201572270254e-04
2.292474850459879678e-03
2.234927166721131526e-03
2.434365859801261404e-03
4.133028383391824652e-04
2.530445958893513835e-04
1.289701353133678634e-03
4.941165294987711308e-03
2.426909431118348150e-03
2.302454332532185167e-03
3.616172327176144213e-03
3.121534374831951095e-03
3.262783789836271042e-03
6.315858687416481092e-03
3.136037891833196316e-04
2.909042227136009358e-03
3.567095551535528347e-03
1.503234078964529570e-03
1.690903028729889889e-03
1.730421249967062022e-03
6.734689441308778016e-03
9.318475231625497970e-03
1.137893414559194676e-02
5.980262376737040080e-03
1.339154684964464440e-03
3.177784299908712352e-03
5.458221230985133227e-04
2.763957408180722775e-04
9.822247329884293589e-04
3.073399844306523229e-03
3.635026278680296799e-04
5.076233807458282185e-04
4.551048856046784052e-03
3.282487730067235997e-03
9.790063700631664555e-04
2.150927876819182759e-03
1.679199788123968791e-03
3.505735773468787991e-03
4.956839658502205231e-03
5.480650481008301003e-04
8.810345223862579974e-04
1.835354495267598829e-03
4.322225927726142613e-04
2.454113510493675498e-03
2.978875277968412146e-04
4.400632182075412064e-04
8.719758968422061706e-04
1.750532867982880839e-03
5.608929110348812030e-03
6.289551916534717908e-04
3.377183466391758728e-03
7.820779579323368716e-03
1.879969100428596643e-03
4.722362374495440648e-03
1.883068135090667063e-03
5.162524484415781725e-04
1.180114959232025527e-03
1.886528113895534009e-04
3.012671968553265554e-03
4.235468475621605243e-05
1.235092320145662718e-03
1.942486970278750353e-03
1.777965653213615591e-02
2.389871140284173870e-02
1.376573707055849319e-02
2.582837657831992331e-02
9.811367691288328322e-03
2.084342134097750144e-03
3.467027275506774750e-04
3.342628643015573778e-03
2.117453824169574482e-04
7.796956737599351674e-05
3.911087574961900730e-03
7.238000154416486401e-04
5.215184645459200723e-04
1.844277082554587367e-03
4.270976730146533624e-03
9.873319889403262602e-04
2.407806779854958137e-03
9.018485284382631072e-04
9.235732264215668411e-03
1.310136304878309690e-02
1.023065670469456255e-02
5.132375788563547578e-03
3.678574059384891529e-03
1.655271133111221957e-03
8.293573450847040521e-03
2.735528291682428736e-03
1.159528448008922226e-03
5.404901488913822121e-04
1.657847094756679498e-05
9.685318751787802636e-04
2.906531214988872583e-03
8.396867400375456446e-04
4.874920457927954596e-04
1.702376782510992004e-03
1.529957217431435245e-03
3.578557946224256072e-04
6.379676339884072199e-03
1.238983297765564040e-02
4.530508881928688864e-02
3.184815216683604955e-02
6.456933362163718056e-03
1.150050244581154145e-02
2.225856403792195008e-03
5.305771745092810292e-03
2.533686235086366877e-03
1.371092472607964778e-04
3.500280424966049908e-03
1.703185740356012029e-03
4.833731139133583959e-03
2.909546459528029178e-03
2.828002099509547770e-03
4.732091141963633459e-03
9.377777850281134031e-03
6.496664593150254692e-03
5.455768654198163035e-04
2.020188123868158804e-03
4.019500041435519690e-04
9.276680714953662501e-04
1.193927903788401604e-04
3.289199424045211734e-03
1.147878799139924813e-02
1.482601343739984451e-02
1.287713007923791189e-02
1.992137527664702024e-03
3.525638754677926263e-03
3.290788878855473425e-03
5.712187555279251263e-04
2.448238759586826205e-04
1.418636578639628429e-04
2.265060807392577438e-03
2.746006530269321129e-03
2.791334569423103203e-03
7.827331473942933599e-04
9.415452982688819359e-04
1.431435377071671412e-03
1.302254893132639762e-03
1.558972392903967006e-03
3.573936528940624153e-03
5.184529537917848940e-04
3.420912998688965638e-03
4.718184036130226681e-03
3.081441084073911763e-03
1.675258904462481472e-03
2.189022674148158407e-03
8.436340705998298089e-04
4.630969627444049379e-03
7.875180768726187594e-03
2.329731655435618790e-02
1.207723341874718422e-02
1.292631253101374743e-02
2.354122864961918221e-03
1.739350160771411125e-03
3.573665207594978817e-04
1.372053855233526390e-03
5.196649311691659478e-04
2.268832154526789617e-04
4.196773924887988133e-04
8.783208386390178564e-04
3.373816489259308816e-03
3.330759535416778164e-03
1.713403017732478091e-03
6.318060261650094295e-03
3.990028755745373898e-03
1.411495028604965903e-02
3.352873863762638809e-03
1.495831344565526919e-03
9.742640667753731760e-04
3.412535531521433598e-04
4.280558817676486695e-03
5.767859052237977362e-04
1.789448651464701969e-03
3.994811338772131029e-03
2.006554736394386244e-03
3.771817531131087253e-03
8.343597748350053056e-04
2.085139116403420066e-04
5.731906576204411595e-03
1.561549033449411567e-02
6.434480314511435359e-03
1.410191244441567730e-02
1.568794711261274621e-02
2.820890521249354386e-03
2.606576584429053101e-03
3.278280436313282115e-03
2.434726134891745301e-04
3.183839083217622512e-04
1.572354526296338348e-05
3.703488404831917127e-03
2.465596171139541361e-03
7.576570289259751271e-04
2.668935509221389765e-03
4.838888940783104588e-03
1.243094263376915212e-02
1.166982719250963044e-02
3.050849197777489273e-03
2.845543469977405808e-03
5.908575927449878293e-03
3.207829512251343055e-03
9.637265437662564938e-03
9.598705789393596408e-03
1.898365688555712829e-03
1.193643595942146850e-03
8.420635997482110464e-04
3.112773633280174063e-03
5.196538988822573847e-04
4.742513620965092673e-05
2.813571058414288551e-03
1.873973745157397940e-03
8.237837738575536908e-04
2.179365089804386098e-03
1.522932082197877473e-03
2.542895015517318861e-04
1.707664708319309903e-03
2.376059610577134235e-03
1.726611417328331385e-02
2.406971352183554392e-03
6.117216906481663359e-04
1.147670777891163967e-03
1.232525437250397288e-04
6.232313502778799672e-04
5.141779140308432375e-03
3.706464006629334260e-03
1.995845857472896070e-02
7.292392253454929758e-03
1.286142876271360912e-03
2.418285590822271802e-03
9.469424057449639821e-04
4.375266775515528799e-04
3.184886261453570436e-04
4.734674027106021768e-03
1.118034940379977835e-03
5.310050693835753578e-04
1.924396475389674333e-03
5.402027072462770377e-03
7.174164707060811177e-03
6.443940775730397884e-03
1.027163179560139535e-02
2.516194541827080147e-02
9.667317050110188275e-04
3.085310880734144778e-02
1.266328334469712415e-02
2.723829291942228906e-02
2.700679931815127416e-02
2.206340003096265295e-02
2.066373356796778055e-02
3.924842199545885979e-02
4.101964128250447372e-02
4.030074408608987080e-02
4.227104250641797178e-02
7.961864757583569929e-02
8.946283868038124032e-02
1.419982839893877552e-02
7.121092888699032640e-03
4.376082219839042692e-02
1.634075694886481106e-02
4.776041947787403215e-03
7.942496692930801558e-03
7.357898955936398701e-04
4.017329534929372538e-03
2.749235404604337928e-03
1.415166177110402986e-03
2.100292779806544555e-03
9.414426539923741611e-04
5.003727017818650549e-04
2.075551286981284788e-03
7.369254248651171100e-05
3.441505882057506547e-03
1.702156808202409102e-03
4.067737039760389514e-03
2.607660412793200155e-03
3.355710168624267140e-04
1.329789356772423728e-03
8.716920749595354068e-04
3.000745602447942961e-04
2.860187746894139347e-04
3.998511129889690749e-03
1.836567315622086838e-04
2.014331321602849071e-04
1.468253442273725331e-03
6.529568122581101653e-04
1.211281274994882801e-03
3.067519156055732027e-04
1.490988343873837448e-04
2.128497172472724065e-03
1.831608018029915646e-03
1.232876813076669515e-03
4.929312379997895059e-03
5.566941772044501843e-03
1.100591353855767326e-02
5.529965733144750388e-04
9.496405352164755120e-03
4.003162830773773773e-03
4.267072548027756864e-04
7.446232684161043685e-05
8.859689332497682618e-04
3.716997204486235766e-03
2.411643152204642065e-02
3.749080214843237419e-02
6.372782373645960452e-02
2.252105902158827930e-02
1.748497359027852832e-02
1.884219761468688796e-03
6.672039644825994735e-04
3.002862295103406361e-03
5.343945907400723255e-03
4.143653104293918083e-04
7.228699283779781246e-04
4.991093113263471784e-03
3.961912719529003053e-04
7.249403919060224809e-04
1.664936865968601838e-04
2.428804978146891619e-04
1.015053705554403883e-03
1.770078237933812425e-03
5.209119221435723176e-04
2.195925482529591417e-03
1.476295652782878658e-02
8.483187207575572722e-03
1.143061417140340055e-02
1.095651865423231605e-02
1.409727848500247219e-03
1.055274597187865924e-03
8.223949540630489524e-03
1.180307791535673174e-03
1.600083979218951721e-04
2.173698990618705938e-03
5.480754774285234460e-04
4.118213321395574342e-04
1.486759511226278365e-03
8.523638919680826334e-03
3.703519940902303288e-03
9.467813800053179575e-04
2.983246848147086687e-04
1.099355085906488080e-03
8.353543941019858990e-03
1.021571730182493400e-02
4.883747469259176570e-03
1.412845861215522754e-03
6.130617347924438056e-03
1.502302839293278257e-02
6.213015957436345384e-04
5.731015441112922992e-03
1.527597971718540858e-02
8.712176082052529563e-04
8.911430460015395266e-03
4.951501928368184056e-03
1.358136370319039886e-04
2.851677093551794294e-03
4.129451340330336090e-03
6.918079780770753327e-03
1.542106060987008531e-02
9.720553212964741160e-03
1.161428996248678762e-03
7.928343181765056154e-04
1.084708560193871872e-02
1.126848171835328908e-03
3.881543648888845753e-03
7.360320238142623733e-03
1.598012074419691980e-03
2.340707400903160526e-03
7.440019858910091460e-03
1.348537049606939563e-02
5.739904656983993783e-03
1.132597003333787183e-02
1.936831528863555566e-03
6.138649086582045715e-03
1.169295366286552361e-02
5.708195917555483959e-04
2.938140324783229500e-03
2.890840124661716269e-03
8.097009590534378839e-03
5.575958427821874931e-03
3.586130386289432606e-03
3.239855563260580790e-03
9.816202286061561158e-03
4.691231656228333526e-03
1.288137976241761871e-03
5.573163397145742626e-04
2.498420943050993093e-03
3.748507862846274779e-03
3.281590517525241005e-03
4.984812155680060997e-04
5.822805046319071316e-03
7.027747159048108871e-03
2.670600733100646565e-03
1.058406324485434112e-02
2.810581730220636492e-03
2.114951463852906069e-03
1.572047735837556496e-03
3.859239018517136811e-04
3.124713732481001951e-03
1.442271798625546189e-04
5.889525859334246178e-04
6.032248794857903709e-04
1.074683186696853828e-03
3.485886101853534068e-04
1.694929870876635150e-04
4.484531719799251170e-04
4.781798025477777630e-04
2.992368311159915133e-03
1.119555938156783321e-03
1.366491550164793611e-04
1.798412208336861101e-04
4.886590052544281977e-04
1.182756344376473170e-03
1.135652718668587330e-03
1.234503304092447479e-03
2.105974482581197808e-04
7.501156072426121667e-03
8.345804349624538808e-04
6.115325056801048688e-03
5.462349133844795514e-03
4.753436027394480554e-03
5.183871877559509053e-04
8.092980739647778407e-03
6.481210166430288440e-04
4.093391467240846751e-03
2.547422533718672263e-03
4.797861218253415827e-03
1.201471100917947572e-03
7.290356168364775687e-03
2.374826881736600420e-03
4.004367947530905404e-04
1.000028577796621123e-03
3.535278444787250205e-03
2.857149118987001909e-03
1.148284370039243454e-03
1.788536437590954053e-04
1.021874686143268377e-03
8.793793259051061904e-04
1.391969228221479754e-03
9.690328697068700944e-04
5.790723412161061798e-04
1.051110663140871274e-03
1.855478087788293160e-03
2.219958774337131211e-04
1.757778860204588104e-03
3.712249930377234386e-03
3.436314169716399997e-04
8.069103340472008005e-04
5.463695008419707606e-04
1.715351293574282881e-03
2.086089974705897764e-03
9.178037718586857120e-04
3.446994249879718145e-03
3.122917075033103222e-03
8.042981204181277833e-04
5.392856191331829412e-03
4.980152544394922430e-04
2.416635805242418032e-04
1.710241612355732676e-03
1.334956337568655527e-03
1.267419053239679906e-03
6.915630554816406769e-05
1.088752436267011355e-03
2.891067981197867516e-04
8.374223048287259474e-04
1.008004483105803470e-03
1.872835576019148173e-03
1.878786226911855753e-03
3.398911796057186191e-05
7.497782060382501444e-04
1.423381641014769949e-03
1.495007664773650047e-04
2.846881894980167558e-03
1.928388797649045836e-03
5.832455230287464723e-03
1.357538243395793034e-04
1.586347017735775843e-03
1.439360915697400272e-03
1.703830656855306620e-03
2.435266992136364550e-03
1.025792796741237202e-03
3.170649236770721729e-03
1.560334418058078850e-03
5.633085611650637389e-04
8.504369019014439233e-04
1.496538506621116968e-03
1.886112085454597510e-03
6.826317438562144214e-04
8.238138361413427499e-04
1.347400539034650528e-04
1.196637764060565863e-03
2.658805826535558942e-03
5.760051186052632909e-04
2.875134757692404479e-04
4.352103523448658945e-03
1.755020557642958650e-03
1.175602000493171677e-03
1.657554395763267312e-03
1.503435469850050808e-03
5.454198542210332568e-03
4.591839592251041081e-03
5.764430216901946132e-04
2.665369376279827941e-03
1.206798668976348521e-03
6.726997297038620231e-04
3.704213402622254583e-03
1.100538201095659085e-03
1.097888819934133816e-03
1.868100800802347970e-03
7.509516936748231218e-04
2.963896473292943184e-03
4.184956947939436349e-04
1.718909898221172372e-03
2.786523544616390240e-04
2.472103413867543769e-03
1.176849822401978543e-03
1.693442441500741646e-03
1.612733972009002079e-04
3.637938011025004543e-03
8.600099249216487229e-04
6.911129982559880910e-04
1.602963002433029039e-03
1.254657997047655760e-03
1.810884353905867141e-04
1.989131166731181318e-04
1.307151251070980298e-03
6.192425080543554131e-04
2.083267295349570730e-04
7.351760108667132736e-04
3.403596318165328608e-05
1.820045795703959272e-03
3.140624450358840778e-03
1.474354521977485743e-03
1.773974289594056194e-03
3.477179964755493756e-03
3.441949507594924997e-03
2.583128988952845036e-03
1.824247451586629570e-02
7.181153867115263288e-03
2.210106645682640043e-03
2.080689358298899727e-02
1.072250957931075027e-02
2.751343361199949569e-03
1.320429955210066777e-03
2.150613793021990960e-02
1.860337666104505639e-03
9.092712938366465450e-03
8.370720503330594114e-03
5.657658307346360039e-04
3.948823667689353636e-05
6.270299970967595400e-03
9.739996747467184399e-03
1.527198937370595477e-02
8.693245471393582641e-03
2.250083093139702926e-03
2.234173412276278976e-03
2.582320836454726157e-03
1.155954833306033848e-04
1.987216173598081639e-03
1.351185568795317893e-03
4.531831420761344223e-03
1.090045738959204364e-03
5.857488926213534793e-03
1.680742266748374517e-03
3.076801084977683846e-03
2.206247708248161663e-03
1.212478266751597063e-03
1.713215059318060800e-03
2.487072859589422539e-03
3.564810535393829385e-03
2.946239203333964485e-03
1.711489118440801070e-03
2.414268273898703427e-03
2.779772282903029794e-03
2.453015057998467804e-03
3.330285088125070712e-03
7.077497854786669700e-03
1.579415806218482194e-03
1.675694469077379295e-03
1.011338814699431045e-03
2.423016732999264209e-03
1.466018220717754759e-03
6.646506841834093696e-03
7.657233265620017569e-03
8.760361054929451108e-03
2.954507617590427788e-04
1.999044933621502759e-03
1.054982530291997261e-02
1.063795125536181642e-02
8.751429653800469298e-04
1.106768851957600549e-03
8.399864008242844391e-05
1.330376472984744446e-04
1.887530455974025792e-03
9.780420697806510230e-04
1.304899101565130210e-03
7.079620542308829798e-03
6.726914559599990115e-03
1.195294484768865821e-04
1.742061572699153335e-02
8.442663396172040910e-03
5.614478016583348413e-03
1.078029019431756214e-03
1.575777725163230022e-03
5.307577420030016799e-03
2.092872665312171636e-03
9.240315963649256125e-04
1.435564537262444020e-03
1.752296699475873899e-03
9.097259737566497362e-03
3.179741882747784409e-03
8.472138118209264143e-03
3.722779539116301360e-03
2.325162870254267496e-03
8.253602807143151435e-03
5.651306605243452399e-04
1.521153019459097876e-03
1.831367821911825903e-03
4.187223146765500152e-04
2.875091614192662633e-03
1.161690357235599933e-04
8.552706773631657631e-04
2.955076598031281671e-03
3.976460657843802239e-03
7.900842357276787950e-03
2.341721843473336048e-03
2.573024040284792899e-04
1.549211703792705529e-03
8.934370286299980757e-03
1.175707918753986572e-02
2.406537683930735222e-03
9.101538756007864980e-03
1.346745485297973915e-02
9.972840886533307012e-03
4.385698498351374647e-04
3.592234426663249575e-03
9.291514276252126059e-03
8.309498903309993443e-04
2.847531089779993703e-03
8.076404826166651285e-03
2.538032358002853452e-03
5.948715030372196330e-03
2.390978331117200872e-02
6.396918915998121673e-03
1.374823200730018388e-03
8.513377397387975748e-03
5.371077953875274050e-03
2.381278994914834239e-03
1.490737700116609226e-03
1.118443034200654026e-03
2.209704215699644612e-03
9.282511459421921964e-04
7.455138766226405284e-03
3.495035776351108903e-03
3.994162900825800992e-03
6.638631423588152274e-03
4.996492250604472017e-03
8.096881871627414559e-03
8.858601527602694842e-03
2.497820162652334298e-03
6.515305757689731801e-04
1.636887598277862862e-03
1.302109312601519618e-03
3.057227511654290585e-03
3.775751259536216237e-03
7.437363847400465557e-03
2.268769076325728631e-03
3.006408922454747046e-03
1.060252615357685363e-02
3.278850445509326299e-03
7.848606634752770470e-03
3.706813679844486037e-02
2.378071788965506906e-03
4.084041165144190917e-03
5.156263232430392113e-03
2.784807667437782380e-03
2.440845938999326292e-03
6.595327639521371410e-03
1.161528475316296518e-03
4.146009820210657185e-03
1.063923317726715853e-04
1.980307214874182931e-02
8.373547336330746521e-03
3.999331144156831504e-03
1.176925769549672790e-03
1.470877361253705197e-02
1.326984459836598939e-03
8.189117834495555220e-04
3.369424989365587490e-03
2.802711275842889593e-03
7.151372903439390596e-03
5.916339964109821985e-03
2.105254914616082329e-02
2.706887476479314172e-02
2.944007328351747749e-02
5.655628061318812225e-03
2.018981707930471090e-02
3.674928091103997659e-03
1.818566950283082885e-03
7.726773524675512820e-04
6.172069203847838428e-03
7.598700485049199489e-03
9.576181980051731626e-04
1.584042944051171136e-03
5.594657812161881426e-03
2.757212310619761237e-04
3.837602937084354736e-04
2.071896619671677840e-03
2.459218970558592256e-03
7.767746537685275279e-04
1.505731835752283088e-03
6.432568862665887996e-03
3.876140497278214407e-03
1.223042153286864461e-03
2.543548591513943372e-03
4.593870852259968442e-04
1.530825516097372285e-03
4.282465056800306919e-04
9.054583183285685186e-04
5.262242144274547912e-04
8.709982448493855563e-04
1.282149989417173414e-03
1.375017479273120185e-03
5.273807586055806462e-03
1.717624584280680539e-03
1.669484414117104753e-04
1.081055037823043996e-03
1.788334287266063949e-03
2.374482322987181079e-03
1.939411823478252644e-03
1.992675798470089105e-04
4.789320080522799922e-03
3.088360443181627744e-03
2.070872733085290032e-03
2.151491032489818295e-04
4.364682266537672024e-05
1.459935749311223625e-03
1.148849245657629185e-03
3.126154492802146224e-03
5.425894874311790834e-04
1.394602586787874253e-04
2.050614395972187847e-03
2.067921582145189601e-03
4.252898420371570417e-04
1.903845600101056559e-04
7.650164041112374018e-05
1.337141776495121047e-03
1.531201633595921814e-04
1.259221922147681170e-03
3.835526182287075751e-03
3.731527862994890501e-03
5.306542182920016403e-04
2.159321425563021524e-03
1.091571659623077895e-03
5.787530298212605799e-04
6.502447486489916668e-04
1.980668171056633800e-03
2.670839196405000709e-03
1.942721272407119766e-03
2.785671207908441420e-04
7.784503973723264254e-04
5.729279379457890556e-04
1.029124298479474177e-03
1.253398863944878931e-03
9.775704268710457608e-04
6.646896460023871004e-04
3.705139412604232228e-04
1.287450812417956138e-03
7.435642354553441847e-04
3.583887540001810964e-04
1.823838702258005642e-04
7.471512648174659594e-04
2.164199209480268532e-03
1.427092502786796934e-05
3.676308509975007954e-04
7.220953285160250021e-04
1.042976369463793825e-04
2.007551553418886886e-03
1.331262387662290880e-03
1.248231344904521213e-03
1.126909539175307423e-03
2.570636645971550614e-04
7.778732712542216644e-04
4.824681779114742383e-04
2.914781526903018147e-03
4.115436755251827345e-05
1.021423291259203423e-03
1.769464120536802867e-03
5.916778640928509626e-04
1.798601428568359824e-04
1.429178247879880816e-03
1.483390907574127192e-03
3.311080626225595784e-03
5.106525943023029900e-06
2.016830910907679419e-03
1.691501226558690413e-04
7.737935126558708430e-03
1.093895601311716079e-04
1.167604865882197231e-02
2.157309049183096447e-03
8.112607391979590257e-03
4.897427263817384809e-03
2.645656800471480035e-03
4.252892465788480139e-03
3.974849151705325411e-04
3.512471693052459905e-04
5.591663712335815739e-04
3.465365006316042072e-03
7.682034501586204123e-04
1.128474800595228970e-03
5.638293490972628823e-04
2.556754388962531295e-04
2.689248568850635852e-04
1.788621329758117518e-03
1.970429212950634877e-04
1.365662713956345125e-03
2.316477808111318260e-03
2.552284799685992488e-03
7.521488689970381287e-05
1.340435982886553027e-03
7.239054640598493063e-04
2.112432078034038457e-03
7.022100311637607950e-04
5.739300476487720938e-03
1.309398579976975112e-03
4.019857350613719425e-03
3.968391034775560836e-03
9.378995181713623312e-04
2.394270549137174093e-03
2.661920219778790130e-03
8.087853954098816111e-04
1.715676691286945619e-03
3.990238176788832823e-03
6.875529865862908731e-04
1.256904888921669657e-03
1.242671627254916941e-03
2.902925731689277519e-03
4.908776747687725213e-03
1.428623729499839227e-02
1.062358850631444675e-02
3.658778726937219304e-03
1.795182877278234850e-03
2.284087531313684204e-03
1.835655723202967186e-03
1.385703522192871691e-03
1.630009416206685841e-03
4.657203634152502596e-03
1.662631625127157639e-03
7.464166114936457213e-04
3.405642251109094413e-03
1.575673588585206489e-04
7.718455461057324198e-04
2.752330633569591636e-04
3.017667017428260360e-04
7.210599802037214899e-04
8.335976842920093900e-04
6.921163577078864220e-04
3.290484883389075636e-03
6.256903633521097201e-04
3.855917784511312622e-03
5.721571962238763444e-04
2.043412053173973564e-03
2.018782709753795014e-03
5.590455919246953981e-03
3.595740109261763313e-03
2.082336550948003535e-03
8.732978079410602841e-04
1.548802329068481179e-03
5.630665934487776741e-05
1.938039040198222479e-03
5.855564851866195374e-03
3.318750076662358404e-03
5.555252735364509410e-04
8.969266524575022353e-03
1.753942448143475975e-03
3.481846561172123773e-03
1.750829177830434593e-03
1.330035935919035225e-03
7.243272390798363540e-03
6.587987623107995766e-03
1.391491565162102572e-03
3.721441404879213518e-04
7.786985088934239053e-04
7.533304235052851530e-03
5.366963184743253450e-03
4.422194492308772584e-04
3.331131903548647990e-04
1.737317264710339310e-03
5.105213578242069616e-03
1.547764958124848425e-03
1.998422325193941786e-03
4.404209149296042618e-03
3.733397235445391001e-04
1.991211384158670262e-03
5.549048970335894969e-03
9.749944466546174929e-03
2.229044642900912879e-02
9.535994090796378123e-03
1.208608095822470956e-03
1.809610705316525578e-03
7.750154165211417014e-03
3.527973635937832995e-03
6.560033032588479928e-04
3.798200083586079304e-03
1.357902641446596492e-04
1.667848360066916374e-03
1.132024973896023643e-03
6.655793720502926544e-03
1.625052451800743179e-03
2.334272059616018043e-04
2.546083061670575531e-03
6.249371886046757758e-03
3.293909900308260048e-03
3.935287974730979077e-03
5.866595741574845424e-03
5.346293448096867129e-03
2.550890893893846198e-03
2.740259869859848745e-03
1.348940651169733664e-03
5.279987359268970351e-03
2.728117343021310964e-03
7.091803757806183295e-04
3.127693113667503761e-03
1.544566324716975135e-03
2.292426691250286174e-05
4.685666358829968133e-03
7.092105261962371524e-03
1.708486244778709487e-02
9.356178540166049627e-04
1.503133966589142740e-03
4.840000993176125227e-03
6.450737887744305808e-03
1.095596672374572061e-02
4.728191935581074930e-03
2.592940072508208814e-03
5.990692203175960150e-03
4.090899028792861596e-03
2.370759210270084337e-04
1.130660583545182833e-02
5.140498495841245522e-04
1.123858950091526435e-03
5.453910940174669202e-03
7.819958282833605612e-03
1.685613994229910346e-04
7.258322855300392354e-03
1.103110273266571899e-02
3.200604829226677897e-03
4.901899037387608127e-03
7.678759125180568447e-03
1.568550757816295220e-04
6.608099472054929091e-03
4.620065264053851289e-03
1.723532658218236355e-02
7.297749427549910482e-03
2.725611018393834378e-04
1.180423106487064368e-02
7.159563138694021410e-03
2.739543087743248097e-03
4.310965490951471253e-03
8.616741027919833790e-03
2.402778760630022367e-02
3.007172244393411555e-03
1.080710139411860012e-03
3.519710254126130842e-03
5.451256951863725671e-03
1.610058574851291717e-03
4.606324508772284901e-03
2.016769112901145751e-04
5.944717311334484638e-03
7.217221809021894842e-03
9.504797262736384836e-05
4.444932966085138066e-04
8.826773635325335090e-04
1.185087198760505266e-03
1.821321983493187809e-03
2.368750380691617748e-03
5.092785716596943089e-03
5.723515158633157157e-03
2.316195908637538100e-03
2.062177973073551357e-02
1.891562881549823652e-03
7.636256517683036316e-03
2.163946042868938793e-03
5.010250620794924094e-03
6.609044880971409654e-04
2.522064407587435234e-03
8.919696357145843243e-04
3.813114070367873681e-03
3.081152302036418641e-03
1.621751657323251003e-03
8.957756387707447622e-04
1.209277292628574939e-03
3.185982292531981674e-03
1.901209222836195301e-03
9.687982232299486218e-04
1.962480619553660932e-03
3.463119750260041773e-03
2.449359915162958781e-04
9.959406708632612733e-04
5.939685858064967924e-04
6.190410480637888353e-03
1.128570014350752972e-03
1.554368897037565304e-03
1.619121722304523163e-04
3.176258180519298674e-03
3.731692486932348604e-04
3.783758996182385410e-04
7.492260470383766107e-05
1.888262587648453696e-03
7.069091736061276603e-04
1.802151958988515651e-04
1.427049077205198293e-03
1.199227969414131192e-03
2.796949080928700770e-03
3.334631744469615522e-03
1.935511063643727010e-03
1.605927357919552606e-04
2.828149388264956064e-03
2.810929768071491488e-04
1.451369339307241797e-04
2.412338506810918735e-03
1.655549821690851077e-03
4.854794408149039255e-04
9.436779065902779718e-04
3.265231357515427368e-03
1.182648804062659672e-03
2.953831408548441683e-03
2.361824853599378896e-03
2.825719812905239624e-03
1.250458063354151867e-03
2.308031902777436892e-03
8.612257579175163673e-04
1.259304579490101890e-03
4.225272710426721001e-04
5.411261050585420077e-03
5.552763647704854651e-03
3.652818676315422453e-03
4.288199375247317945e-03
1.820304041402660616e-03
1.290313490753633874e-03
1.255808299232851789e-02
8.957791812276255476e-04
2.306876124357692081e-04
7.145456851584611321e-04
1.654309128277928935e-03
6.623373032526505902e-03
7.437237285325361616e-03
8.529050603779602530e-03
7.347255163812992269e-03
6.407902305423862459e-03
1.189268253093406528e-03
8.289571464669156749e-05
8.275590275824631567e-03
2.653559094342997169e-03
4.037524204657104432e-03
1.564455155216855006e-02
1.111273329092132833e-02
1.160833570389303284e-03
2.034247846078646692e-03
2.016360140137044704e-02
2.720577322792571383e-03
8.546313789688331913e-03
3.466993570048177570e-02
1.652758944017074932e-02
1.189962901463306050e-02
2.441029950926436320e-02
1.884920836939204050e-02
2.463475727326698561e-02
2.625883076583600609e-02
9.865067218254603559e-03
4.923486871959285166e-02
2.607873871619767817e-02
6.196392453074832211e-03
1.590625834342105152e-02
6.092571491587188241e-03
3.652125371593868512e-03
1.162715464751094829e-02
1.404288390079446065e-02
1.739512614853198219e-02
1.678294873887780595e-03
2.395606983909463283e-04
8.570888742935326896e-05
1.759204852363576284e-05
1.640039191092558047e-03
7.768795427482959185e-04
3.699240456627026137e-04
6.873545869609316850e-03
3.914492427615802461e-04
2.688541243373685375e-03
3.444819909717124987e-03
7.113574434503158392e-03
2.165818709870308278e-03
2.996342508176721986e-03
5.523898514289637095e-04
2.018912828995904785e-03
2.312408712671292811e-03
3.536310546433289650e-03
7.165977382635882529e-05
4.194885649595383320e-03
6.026245455014243683e-04
6.601239769666923142e-03
1.644023695546756791e-03
1.951204961839142623e-03
2.191011817246056939e-03
3.765222461535153338e-04
5.325635841712655092e-04
2.162520768255530180e-03
6.566288769932636295e-04
7.249659483520322616e-04
1.190257298518774274e-03
1.391297641239433837e-03
2.495519304112585671e-03
2.150041744344679748e-03
9.482914132351178142e-05
8.703412860627491796e-04
2.586602864258692302e-03
1.299881433865437193e-03
1.418640464204637928e-03
4.473737766505045399e-03
2.856775061232422436e-04
4.396428262457203508e-03
9.270687569529799735e-04
7.525701583354355148e-04
1.029074538261670786e-02
9.418978330081663117e-03
2.950745516803745909e-03
2.520336848715298318e-03
3.399474525580921652e-03
2.256338920109117463e-03
5.963355783288917496e-04
8.383622992654002695e-04
1.003345270780116533e-03
6.961931110298929908e-03
1.125786185671789506e-03
6.455423142156599273e-04
3.543640852015547335e-03
1.306271374425341985e-03
2.596240894306863032e-03
2.724198913510143556e-04
7.281387883467945778e-03
4.636439459697098107e-03
1.744616234967713304e-03
3.753736629151894783e-03
1.155334479756085601e-03
1.960408876450881344e-03
7.293584895066984597e-04
8.089799864289511165e-05
4.041978017174371678e-05
6.870716944232957034e-04
1.090456248667637977e-04
1.324567309051072946e-03
4.160162473430606585e-03
2.981499870247482885e-03
5.467535936885118460e-04
3.450204168209517180e-03
1.255882741013188088e-04
2.664078728468083660e-04
2.276171319453876990e-03
1.138751779655250863e-03
1.555175828040498368e-03
2.157672643468484027e-03
3.537513816955252088e-03
1.946730647204729511e-03
5.238425147580208149e-03
2.862883732768197343e-03
2.062700395509735416e-03
3.725861622632804272e-03
2.090981729360446174e-03
4.086136328463012626e-03
1.009435751789409738e-02
1.464553538893352200e-02
1.175990112657766123e-02
1.037361485351144703e-02
1.223481637636690371e-02
1.721147026222807214e-02
3.592667470671540714e-02
2.420421299536869297e-02
2.822717441893915838e-02
2.862461030991544572e-02
1.135381660609545602e-02
1.401094644778523059e-02
1.152110885871270203e-02
6.204815848998164116e-03
3.334252294907689203e-03
3.630804073475788016e-03
1.406112643788663599e-04
1.234848112508118816e-02
3.432193386572804632e-03
4.365165899496174437e-03
1.795975127148495348e-04
7.830183928978467611e-04
4.062600680001914565e-03
1.722973817288497769e-03
9.830988853976301706e-04
2.127374068948326667e-03
1.902397640862347192e-04
4.167063132808243066e-03
1.971853694735477888e-03
2.297453094384165496e-03
2.859468724931413068e-03
7.251824655819499865e-03
9.073030567377796812e-03
2.132283220051723379e-03
1.850206983961661788e-03
1.569427199920233988e-03
9.410239735583202569e-04
4.870523084941055791e-03
6.856326789656599051e-03
1.139934461480581829e-03
1.346324465995943961e-03
6.360790126531029424e-03
1.717121295836766121e-02
2.267242096877724634e-03
5.535057520363590236e-03
1.093758387963037274e-02
2.202408714320354052e-02
3.533510865748526052e-04
1.180344181404385275e-03
9.110061795282316591e-03
7.213382224052457964e-03
1.099000403609124744e-02
1.961401863177096843e-03
4.740133538598633248e-03
1.722246936352251484e-02
3.042608520470816650e-03
3.423253443062998416e-03
1.088504110696680849e-02
3.182351948089864793e-03
1.589283605362122988e-03
9.794187746703982705e-03
8.192309450649167338e-03
1.824793268617334180e-02
2.745240989413996833e-03
4.496524292880205880e-04
3.363629003885197644e-03
6.663996684193124404e-04
3.318617159940800022e-03
5.725965298989685835e-03
2.786605633178584375e-03
2.064020415920065927e-03
8.127556984479005831e-05
6.654343502198950349e-05
2.060991918607081759e-03
1.017474194250199675e-03
4.655067701079280279e-04
1.429097823940385099e-04
1.100138348984585333e-04
3.609752718514820484e-03
2.451455927666956660e-03
5.901753905697442425e-03
4.173923947602275900e-04
1.231799679347897816e-03
2.521900833451915219e-03
4.400091275214839705e-03
4.290522319883135344e-03
6.315256344514350202e-03
9.945925390189461028e-05
9.727071571049573353e-05
9.033436434379102939e-04
3.197315373788337791e-04
2.972130517591507867e-04
5.741620767934791508e-04
1.393417887873132531e-03
4.515844639248019405e-04
2.383798721141528560e-04
5.991800946512770322e-03
9.243647903876177699e-05
5.779925417191832289e-04
1.228134933462893871e-03
1.920664524196996452e-03
1.667062660155214319e-03
2.032405372878358710e-04
1.688412024801934407e-03
2.009050730188763258e-03
4.418442895153053317e-04
5.613007664011055060e-03
7.712991104014926651e-03
2.141222330064151275e-03
9.770302990653020794e-04
2.894508824226768931e-03
4.468997741228212433e-04
2.830900668908215619e-03
1.864573210279280979e-03
6.008361443701348489e-03
7.612364712202172390e-04
8.396953435352332495e-04
9.979336489466823085e-04
1.186754724916611915e-03
5.124207360894523881e-04
1.551064252337682164e-04
1.891617882966569169e-03
4.650510899005277942e-04
1.500566179308863383e-04
2.093002737341416713e-03
1.882848202218580865e-04
4.864892887960192681e-04
5.961715849025354605e-03
7.061340171666099022e-04
4.271777982716754365e-03
6.825498367890708287e-04
1.470070168678373323e-03
1.198476837516857050e-03
2.377026407826816120e-03
6.849752599138577910e-04
4.269857543092172528e-04
1.456659635311884386e-03
6.190515668599759708e-04
3.528706492406543001e-03
2.010578413480688768e-03
3.609039031883966037e-03
4.105934815531221433e-04
4.115641337535511546e-04
3.412206841490992323e-04
1.350758617168280103e-03
3.683115695771339241e-03
3.395475148718816571e-03
3.982120644395894735e-03
2.379916512432454691e-03
2.942185337717574765e-03
3.972652574977609923e-03
1.593097914721380154e-03
6.595436755319340587e-03
4.485640996380149334e-03
2.440858498506187461e-03
4.673692938217216715e-03
3.361938190487384192e-03
3.348614917086734869e-03
1.497093001364738305e-03
3.583706367461601816e-03
4.051719561333791582e-03
4.734822621156564194e-03
1.874656681651104204e-03
1.517315236787290713e-03
1.676693530068054704e-03
6.370200793084461292e-03
7.643966682539680459e-03
4.750388025379283230e-03
4.083158075022140445e-04
3.868253439016787216e-03
1.814263167556397129e-03
3.319674612055036316e-03
6.923562854323361154e-05
2.479267613596307287e-03
7.069115040593599610e-03
6.626841603569584571e-03
2.728714052390218605e-03
2.014865282779398654e-03
2.355233129503902373e-02
8.927770397243444539e-03
1.093172897538342153e-02
1.229067531412625369e-02
2.312375881964593566e-03
3.851593776281334036e-02
3.284058735464966822e-02
5.980715844704862644e-03
1.923041664900810438e-02
1.986678279248426868e-03
1.599402154889811856e-02
4.826788334547335406e-03
8.621007994282411588e-03
2.003340520201132759e-03
8.822100790530890135e-03
2.500924204736517092e-03
1.680742967955466257e-04
2.423066103359687324e-03
1.736492405730181510e-03
3.113198654581976043e-03
8.190791012955575198e-03
1.415203007080049244e-04
5.106075889606280418e-04
4.471713235841634840e-04
1.030961382879399786e-03
2.039864493911689662e-04
6.412221816322990391e-04
6.762601497505312366e-04
3.747419321596085037e-04
3.112036290241177328e-03
1.212293446241113426e-03
5.915381705082488643e-05
7.191437546418508490e-04
1.154631669384786896e-02
4.040456269693957700e-03
5.082712648991723724e-03
2.175947234965487729e-03
3.486963475270983635e-04
3.872612997249705010e-04
1.785702602910272177e-03
1.870874782876885732e-03
7.844580312383090184e-03
1.489139529672394054e-03
1.593629356849203234e-03
1.134839746124960516e-04
9.105157681961796937e-03
3.776704665187386595e-03
5.574772621453805491e-03
9.068703610323317933e-04
6.396341103119670621e-04
1.672833367029855165e-03
8.380676149711468797e-04
7.272064200722182107e-04
3.080831521359215803e-03
1.562382329983870541e-04
7.208834334382350703e-03
5.730642082090191183e-04
5.191000946899150537e-03
1.753133330957170558e-03
2.250123065365577674e-03
1.097670751859020815e-03
1.130449138055599455e-03
2.779277480677877846e-02
1.464308210066007226e-04
4.623504037886170398e-03
5.306387425325058242e-03
9.038558357735310481e-03
4.483512727247148180e-03
3.093719275486531573e-03
2.332646614913141958e-03
2.270605591093893642e-03
7.281527917472181005e-03
8.688149454931599815e-04
2.076158841773314070e-03
3.814531529502139529e-03
8.511772941821638822e-03
4.719738095321654447e-03
6.251923098444205204e-04
2.065221983296904734e-02
5.671331510751403786e-03
2.024895809824540927e-02
2.308143971405220152e-02
1.592493385033029061e-03
1.471469709271796232e-02
3.801323538602397606e-03
2.200690634818330133e-02
9.855583275212550023e-03
7.383820414712030482e-03
2.064114089552818512e-02
2.319768725624150874e-03
3.074514211577517725e-02
2.323582267063540804e-03
1.601960126728623618e-02
1.978992883527981583e-02
3.172528725399320886e-03
4.829152372478853067e-03
1.131719595898472361e-02
5.638104244094921912e-03
1.863798642496173469e-02
7.482089803483609435e-03
1.584829313863749325e-02
8.264549949535975396e-03
1.293040961106035891e-02
4.867031196388039689e-04
2.186244636056270969e-03
3.434935754178197395e-03
1.576544120347864956e-03
6.411321912226579205e-03
3.922922665189226311e-03
1.538346598694634347e-03
4.399761629876300286e-04
2.685107375876466290e-04
2.166395986844911470e-02
3.863401022928124925e-03
3.982823685802112392e-04
2.162461738669171473e-03
1.365895788746500621e-03
1.993839262120741633e-03
1.071088539397756743e-02
2.260152811105222998e-03
4.698861629015485888e-03
7.953654180843636504e-05
4.066167608929114469e-03
1.079966893087584007e-02
2.080945978613182173e-02
1.370304699220013410e-03
1.225380129921850494e-03
6.521032671215782131e-03
6.101605050550669949e-03
3.174845892363026278e-03
1.368684608114324958e-03
2.553182857837226795e-03
4.478810396425145050e-03
6.607690019339339423e-03
7.888353684755593231e-03
3.634552886881495422e-03
3.358396227164535050e-03
1.519863695752079525e-04
1.018099982103054697e-02
8.200905087717858671e-03
5.018222877534808408e-04
3.405337836225068499e-04
3.491160485514488410e-04
5.180786497790439669e-03
1.676577392069614030e-03
3.851848199140708862e-04
2.351452712185405670e-03
1.138661595856819801e-02
6.458686225057212391e-03
5.031870791524756898e-04
6.223042761944382398e-03
2.322913004696310849e-03
1.488884993509973506e-03
1.221922049161842765e-02
5.737439271136074090e-03
1.730708788147696702e-03
2.954561742104751319e-04
6.646950222199588150e-04
3.069876691199071965e-03
2.904455551074773718e-03
3.992930527595438261e-03
9.395976817177395524e-03
2.573111140767681253e-03
8.368366734300909703e-04
3.248009260852710144e-03
1.669698327104301603e-03
1.387650615947343732e-03
4.176786830568778724e-04
1.583581511735333933e-03
1.148060856372577938e-02
1.237319523464088878e-03
1.623033307880407221e-03
4.004945368702576489e-03
6.276946777595517751e-03
1.261243737292351344e-05
2.717597572736629372e-03
2.584403325756360562e-03
9.421699967621001296e-04
4.302299712323797917e-03
4.031846362265438955e-04
4.582134611996532304e-03
1.055381848685200226e-03
8.415647501553627627e-05
2.631373869557263653e-03
1.104649748116651002e-02
7.525807955491272717e-03
8.299414054631996593e-03
5.408084170237218921e-03
5.479334234074467909e-03
2.595593502189107019e-04
7.233390704003113750e-03
1.864121420800699458e-03
4.273390611909773026e-03
5.257407909397369006e-04
4.688547946894127934e-04
5.214181763486264170e-05
3.737399198352200848e-04
1.026993915855310560e-03
5.269894581174140724e-03
1.223382671630064526e-02
7.336505319958669044e-03
1.870257966196631335e-03
2.815475663871848996e-03
3.273374920869028676e-02
1.150106610133543907e-02
2.917924150009667573e-03
1.496617058482099111e-02
3.355336506491488763e-02
2.575593728138943911e-02
1.742571388632366963e-02
3.846385655388951524e-02
1.413631653401960231e-02
1.300607210153041822e-02
1.817221567603037602e-02
4.274073991862517574e-02
4.431009347661950953e-03
4.980350511094999016e-02
5.211244428429941122e-03
2.061150818380481226e-02
2.607109728644360636e-02
1.665267094272520135e-02
2.175437812636896867e-02
8.671736924126377186e-03
6.146648894695895711e-03
6.317237996074213414e-03
7.786199187077035878e-03
1.356452077281545708e-03
2.000747840309011379e-03
6.547646616915969763e-04
7.830055613711120867e-05
4.418835734570359698e-03
1.241193893819124644e-03
1.189666280919801774e-03
6.997586733377502257e-04
5.397963484092219849e-03
1.526904843803132336e-03
2.208097519545838133e-02
1.038332157462587991e-03
2.803316019864765356e-03
3.500991346909584998e-03
8.017448460151056083e-03
1.598894342442829311e-02
9.128495570913199020e-03
1.473414115403077346e-02
4.385783508265055780e-03
6.904523931960926918e-03
2.539845092579424805e-03
1.074061101967897737e-03
5.289029734583106795e-03
2.142124287092534666e-03
1.687629554945886071e-03
1.180569406136479718e-03
7.409936064689311846e-04
8.120609771568127952e-04
1.167158215864045777e-03
1.724592912155616716e-03
4.986608861551648179e-04
1.028555933588625598e-02
3.458836344594576903e-04
7.881111170158014087e-03
3.338670982067193805e-03
1.996157527081820170e-03
3.303655220889809441e-03
6.800387112683461271e-03
2.610657681676995835e-03
1.326863707207864927e-03
7.382037030860461903e-04
2.777791717311833570e-03
6.642338956881422207e-04
9.249217761786235337e-03
1.838647691227204926e-03
1.102625352106328949e-02
1.509885027954427274e-03
3.718851494491691966e-03
4.145766866652938164e-03
2.228992368265972140e-04
6.324846482994310633e-04
2.329801813821501342e-03
1.061365737080415244e-03
4.638665645581582266e-03
2.136086305212685135e-03
1.113774055660464836e-03
1.693479041585580587e-03
1.662181206581922049e-05
9.099066670767756932e-04
3.118382908173209216e-03
3.359968817548637365e-03
1.718381429725771947e-04
4.396968044125398010e-03
6.163225939389402244e-04
4.266091900817067708e-04
5.281403437242802347e-04
1.000945118127665075e-02
2.145468928656171694e-03
1.184390402618881792e-04
1.223111100346002157e-03
6.862758593706647699e-04
1.275343353515421543e-03
2.361547700734330235e-03
3.555716579789168063e-03
3.461559432986021615e-04
3.398309143169782418e-03
2.225050227962952995e-04
2.977684642596000256e-03
2.635054289067243513e-04
2.712902062467484527e-04
3.906049087167160622e-03
4.900340042046578450e-03
6.563267673791906183e-03
1.745833980016178472e-03
1.067754185466300489e-03
2.760067034947496448e-03
1.134407206961930920e-03
7.032128424019064121e-04
9.407072775804135173e-03
8.007718400171516190e-03
1.444767463614439300e-02
5.906499286628215037e-03
1.440559372232879396e-03
2.697980657668856003e-02
5.592188504583781548e-03
4.556924205532674604e-03
2.045370261572938483e-02
3.294057238263825745e-04
3.504547567963857153e-03
3.627122240177790835e-03
7.876932915860052412e-03
4.907783498370982267e-02
2.124156557688041888e-02
9.466049193155011768e-03
3.647793290968591538e-03
1.363093469690895235e-03
4.418685929492381821e-03
1.454021583756763894e-02
3.363879896359321144e-03
1.868685539229733702e-03
1.485960794891916410e-02
8.873237609761663869e-04
3.022233151850631933e-03
1.387177974711509276e-03
2.413028725054640680e-03
1.799288021387180150e-02
2.288627385864978100e-03
7.493680030443374343e-03
2.221085314089333998e-04
7.470156103159548977e-03
2.187220851351207550e-03
3.793211350571078569e-03
5.117910220324367945e-04
1.838607646226874445e-03
2.374441432403673682e-02
4.700651669914689829e-03
5.760507894739852301e-03
8.529602484715475283e-04
3.619505404880951323e-04
1.484651353907895854e-03
1.155799407165442223e-02
6.122941949904276565e-03
2.326815333089325699e-02
7.944368170456751841e-04
2.204977694768442756e-03
4.118364455524669426e-03
8.897927026161685151e-04
9.042492280532070728e-03
1.479904810700589110e-03
2.656181112019063290e-02
1.470816883616025972e-02
1.872759692683615904e-02
6.805928138995196580e-03
5.402334556443501301e-02
2.435220779777678632e-02
1.397288760260215895e-02
7.275751793756540797e-02
1.696699606119355178e-02
4.271009706135431988e-02
2.777933984407821022e-02
2.208777206694872638e-02
6.473946824673826317e-02
5.285388015173676096e-02
4.376848022054671827e-02
6.989610203863429183e-02
1.292586474983374416e-02
4.137913303986091168e-02
2.365059024966439157e-03
1.202607411916715822e-02
7.068181293555029013e-03
3.295700541836140991e-03
1.155607206273045334e-02
2.754012200281786508e-03
7.713376539539574779e-04
2.824400792836754930e-03
1.072415660831751256e-04
6.069419872502889541e-04
3.265218415326039472e-03
9.751998035304246509e-04
1.244001482314131780e-03
8.343702951085216809e-04
1.393921621999538225e-05
2.401674721233769665e-03
1.600022244023238888e-03
2.305848370822864268e-03
1.191433916576748516e-03
3.318586669263592567e-03
2.532025511654364090e-03
9.528252205552102975e-04
2.760582106231703695e-03
3.369147272239629998e-03
3.806643565479692765e-04
9.042928936572443288e-03
3.861828679925012869e-03
1.674341991447384458e-03
2.013550769852645236e-02
1.080415508926327664e-02
1.006432684554122749e-02
2.471410656693848878e-02
1.492981574569629544e-02
2.084381692137040817e-02
4.607036350402890848e-03
1.098998427133575720e-02
3.223429797406220793e-02
2.244780964043219945e-02
1.326496724736316371e-02
1.128925083441397609e-02
2.369097172663317888e-02
3.666214788642874894e-02
1.133687040891265783e-02
2.018665352100883215e-02
1.036761714662690070e-02
2.209244160533848506e-02
4.046714386269328889e-03
2.265148698192029006e-02
1.113307804570652128e-02
1.186658816362329803e-02
5.178148211340379697e-03
3.546118907673321066e-03
1.288928920849885355e-02
5.704770076219506034e-03
2.570279604711676099e-03
2.955242797289609402e-04
2.001395842598511360e-03
2.440120574956218969e-03
1.576567473353986506e-03
2.423869118281920870e-04
3.077011169131900264e-04
3.489939269132751303e-03
3.682749152886538200e-04
2.604869707629107762e-03
2.055716583271869138e-04
1.209673535259729094e-04
1.323877666922865671e-03
2.351000888839372338e-04
6.414908698771770029e-04
4.987728575342946329e-04
4.813214354134311840e-03
1.623051862102986142e-03
8.163000842708076181e-04
9.321166750066826878e-04
2.304728741540871054e-03
1.756383207240401522e-03
2.437454741758991392e-03
1.925144068272815513e-03
1.995538160621858088e-04
4.588137618514472982e-04
4.698834033197538292e-03
1.077423064040840652e-03
4.199979648817499895e-04
1.733875184442680269e-03
1.801838784634441672e-03
5.695141945970498901e-03
1.028704256485551841e-03
1.653591905797931715e-03
3.620109146221719022e-04
1.017716641046002629e-03
9.977872971302164610e-04
8.162406628839272843e-03
6.329195366581356983e-04
2.734707303661047546e-03
3.839790519592962883e-03
1.936540393463070334e-03
2.894601151804232497e-03
2.905648184842596891e-04
1.078020128123166003e-03
3.735110893406230325e-03
2.871682319307603762e-04
4.443900334445788857e-04
1.283268679386597062e-03
5.973915173028446169e-04
5.833971497153284981e-03
1.377892354462987310e-03
1.917233727673936690e-03
2.535674530527305161e-03
1.048002785752697417e-02
1.970272565342847965e-03
5.508099011388050033e-03
9.614482599909827842e-06
2.785006531106476967e-03
3.662317462147176433e-03
9.320126586811220901e-03
2.178557872570035126e-03
1.819166871896786422e-03
7.386329857114255944e-03
4.558144544081021640e-03
2.447568239022894585e-03
1.499491867060891766e-03
5.953444020249432133e-04
7.414001114358324818e-04
1.492815113504771972e-03
1.617839120449141531e-04
2.227110442821127884e-03
5.830430582993985714e-03
5.237339798621298143e-03
3.587278340098539451e-04
7.355720470710752114e-04
7.896981289306704210e-04
6.207466623425368104e-05
2.329897123198055968e-03
1.434375879193377275e-03
1.669060675293758183e-03
1.113828574655966993e-03
2.146474750634726843e-04
1.115451146188555344e-03
3.151128239450579592e-03
5.237760338463880345e-04
8.287184641473424032e-04
1.656717900106955538e-04
4.104742355033685376e-03
5.956568229490182746e-06
1.986509966655633595e-03
1.349798017255187874e-03
1.085477809211337101e-03
1.180683980034629224e-02
4.897508470395554869e-02
7.670250667251674037e-03
7.840526102341191517e-03
1.591824538942332966e-03
7.164163690370748717e-03
1.419509739032328959e-02
5.705564922962954102e-03
2.533129336059325616e-03
2.318069548710662703e-03
1.230447444207071698e-03
1.170687294547215901e-02
1.063004318571627617e-02
1.315219328638872302e-02
1.249974796504777289e-02
2.262104946434919869e-02
1.852184845619285480e-02
1.279481790182638440e-02
5.641838047606867468e-02
4.263623485229048327e-02
2.133593087711480735e-02
5.165266477435291603e-02
2.634093782244293497e-02
4.443014589689827515e-02
3.990046799353607482e-02
1.116998338908680322e-03
1.229037624650409534e-02
5.693952843986919803e-03
3.759935728036368878e-03
4.757535457178648473e-03
7.077940478389394951e-04
6.374496639032323914e-03
3.386415406808676847e-03
9.550761855361050495e-04
1.322021879169510677e-03
5.268254830718940677e-03
2.935252369208771802e-03
1.981458608695941485e-03
4.327521991785412882e-04
7.843331418426026727e-04
3.246372817316098888e-03
2.819402186465017404e-03
6.311099680531322620e-04
4.269032802451838996e-04
1.309426437640241574e-03
4.588533097713982088e-04
3.156946099033121431e-04
2.940562542426248746e-03
2.622864100316671561e-03
5.494549471644838900e-04
3.132875579909695594e-03
7.666288012415702497e-06
4.505468286733417711e-03
1.771304348082718702e-03
2.576062617790177579e-03
2.339057331497266037e-02
8.802615675811790996e-02
8.611708942190335336e-03
1.029903460698162847e-02
5.891417166652003316e-03
6.053283326918885640e-03
7.023137295053215844e-03
1.851840592561809513e-03
1.418267251422509676e-04
1.097961752971583251e-03
9.657630626498181839e-03
1.044735931561427238e-02
7.731164447687999958e-03
2.248791334111684918e-03
1.598735163802607112e-03
4.903223185382827318e-04
9.163593461281802077e-04
4.677885836527900451e-03
1.147162201910108823e-03
4.724543968377971012e-03
9.657925509741448200e-03
1.332253603315925903e-03
1.124234024595498161e-03
9.031054050056141688e-03
7.038915399362350453e-04
8.944389140528110922e-04
2.279698529398696549e-02
5.809147826787025744e-03
2.253470726329649676e-03
2.358117389161308499e-03
1.852470741794440918e-03
2.799172060407829291e-04
8.977756316408789941e-04
5.375139633520456713e-03
2.055704865586736126e-04
1.186571394252352316e-03
1.326650075231579503e-04
6.961522181893526652e-04
3.503275470390598248e-04
3.354622572342086731e-03
7.888528804570754541e-04
2.003279394909684118e-03
9.949008191352066641e-03
2.838396365347229441e-03
3.488692924189738787e-04
3.295785690978401093e-03
3.245317026911994068e-03
3.425888450388136705e-03
6.223620611826589412e-03
1.579085405747186754e-03
2.380768327340520261e-03
6.767532740563436894e-04
2.295658096503156061e-03
8.551937521505954647e-04
2.967111607728796681e-03
3.085160565027298372e-03
5.631554645307787661e-03
9.659134636759804382e-03
2.986572923105746628e-03
7.695749246612491271e-04
1.170890790274510020e-02
2.887723899590609062e-03
1.189800745884608303e-02
1.680916203209614898e-03
6.059021424127290952e-03
5.395500085152576952e-04
7.328236828659255055e-03
3.867758445491914845e-03
8.208245347893643878e-03
8.627025471933100209e-03
3.142565896015216825e-03
1.023519747132985679e-02
1.014894497294664168e-02
3.851422027260455357e-03
2.476463746791148380e-03
3.996416277344890682e-04
1.096011286891455071e-03
7.969214811728730528e-04
1.246604236013097852e-03
6.286377656383922369e-04
1.437147054845204497e-02
1.406476536572062941e-05
2.378324647306100017e-03
1.146572377523410319e-03
3.481874634090143493e-03
1.046230189600485735e-02
3.474796558659473764e-03
1.157010424064907825e-02
6.239745799295392560e-03
1.042370584786365267e-02
1.567245141668714703e-02
1.608560200964440773e-02
1.764672997062157259e-02
2.647180846886783290e-02
1.271197547276265577e-02
1.678901913766948570e-02
1.712038900154368853e-02
2.705443199782519084e-02
1.866123055546045628e-02
8.750004725685878171e-03
2.643623285953045424e-02
1.470074958067925548e-02
6.164273982596907547e-04
3.984271273306129631e-03
1.618277395297300966e-03
2.069346790627567875e-03
1.688140847484617939e-03
5.073256175156435309e-04
4.184239445387776327e-03
1.141129612634204709e-03
2.489491038758027529e-04
7.422261061998470036e-04
7.424766200051777839e-04
1.320530183253472390e-03
8.969420300711038836e-04
2.606504529947812569e-03
5.028911444080248760e-03
7.941162638782633541e-05
9.528999566611640222e-04
9.122427309765074712e-04
1.508040688690791232e-03
1.706594637868861272e-04
3.925368103704592916e-04
9.134666548118962597e-04
2.022719835071119972e-03
3.407118825738829522e-03
1.832734807064345293e-04
6.137777744081377969e-04
1.599426574543438796e-03
9.037038912116134633e-04
4.953689349509657596e-04
4.207036224249472225e-04
6.369952226292127087e-04
1.606039227277985409e-04
1.322373186776625367e-03
1.079572080008404412e-03
6.636965460440548848e-04
4.931851966558677803e-05
1.572676534334769205e-04
8.101666179040733617e-04
1.387933168235393113e-03
4.691446361732036816e-05
4.604278484376591197e-04
6.665354358916772458e-04
1.699237019476478136e-04
2.733790478188526368e-04
4.506068633129171712e-03
8.081816610716410516e-04
8.761022229238864853e-05
3.493083775224297099e-04
4.324189372022181274e-04
1.306274336374786378e-03
7.549751487262890571e-04
2.663438643135359381e-03
2.694630799509236535e-03
1.523294771614204845e-05
3.004629419802721428e-04
1.802682297141697644e-03
4.278219068764611290e-04
7.766756949642207412e-03
2.576771060166566010e-03
4.870228751925248512e-03
8.688707517997873485e-04
2.085197387263875162e-04
2.244945776690742464e-03
1.327273035589433001e-03
3.245281998153091464e-03
7.323349821203265810e-03
1.879048528248082953e-02
1.692785462950674794e-02
1.397908818732531864e-03
3.945486107839864752e-04
1.173056448716927993e-03
8.436759889708994251e-04
8.620733955166164043e-04
1.959048426238868112e-03
3.277222895108993211e-03
2.738404525975354797e-04
1.454934069047260272e-03
2.107340232037380493e-04
1.407926150978744146e-03
1.677850374608502466e-03
3.788480637781788639e-03
1.704400998828470900e-03
7.745281322089794633e-04
4.136159392095650907e-04
2.944945556325908979e-03
1.695397935712131439e-03
9.012727821285893785e-04
1.286239326656825940e-03
2.537247227613413213e-03
8.306931064031703154e-04
5.062578855202417433e-03
1.146622380255995230e-03
2.514791142111459481e-03
3.271726879955999534e-03
5.123503986352653805e-04
9.332386547287851563e-04
1.015942937850691785e-03
1.082162545545083078e-03
2.544889070295563690e-04
1.045948051075488777e-03
2.182833464568516811e-03
6.412813919336905278e-04
1.751338612619852486e-03
3.063535135512360490e-03
1.354808845164922736e-03
6.626813270104385100e-04
1.879619147127108147e-03
1.003246721273103075e-04
5.073304338986801137e-03
1.943639384970752152e-03
3.341213434704454720e-03
7.284489016460681671e-04
1.134752186313889820e-03
1.376302955077823723e-03
1.101972671797653205e-03
2.693400936389518750e-03
6.273651359450815347e-04
8.882731598058625239e-04
6.932228362320776160e-03
6.775891341798630230e-03
2.312180035289055149e-02
1.604277219040804031e-02
3.462538102632956027e-02
1.064565966778370509e-02
4.799278080673173574e-03
7.528664144999240929e-03
8.276741546240593559e-04
1.196468549293827968e-02
4.116915805807173229e-03
5.784794515494842346e-04
2.452100040943404943e-03
1.841115216594408634e-04
2.230019564974465400e-03
1.125609688427410852e-03
1.681538830808698964e-03
2.597683841835488842e-03
3.050003785008902849e-03
7.436105342082488349e-04
2.328923517752654439e-04
1.735985221162949501e-03
1.725500616430014926e-03
3.075305128872064461e-03
1.405470235859366396e-02
1.951090477255933847e-02
1.694218612688513361e-03
1.069424793453342118e-03
2.217381538038795685e-04
7.417505315382158179e-05
2.697238847036348419e-03
1.344723253535696919e-03
7.016838511234542615e-03
3.781810687388101333e-03
3.458610690972007459e-03
5.785064268027839858e-03
4.697798516841861401e-03
1.810326766135699709e-03
2.600665473294347992e-04
5.491259349495754673e-04
8.659187393361528727e-04
3.552647295708866605e-03
3.027769125059838820e-03
1.683968427558674434e-04
5.761618709724853791e-04
1.871549754095199825e-03
2.681256908230667674e-03
3.166760010375543107e-03
1.110573765288547276e-03
3.916606713327057897e-04
2.818233274054485118e-03
1.290927159748288039e-03
1.669714488623706260e-03
2.817072922042873151e-04
1.109020987085996331e-03
1.605559611286618655e-03
1.752098480612013839e-03
1.019295906798804155e-03
1.440263594499726144e-03
4.169089151503233524e-03
1.763023374471389291e-03
3.479258231673997524e-03
9.026961712856917605e-03
3.384858325792512029e-03
3.628932090714380421e-04
1.874098758635797017e-03
2.701936052384105026e-04
1.411255337624806733e-02
4.548627298186553973e-03
1.177623742394682876e-03
2.048175374080717526e-03
1.874820200647390057e-04
1.189176117944827854e-03
8.217589878315328424e-04
7.640151336847271837e-04
3.836854712626815416e-03
3.327639474379253943e-04
3.978348324670936986e-04
2.700187053813423062e-03
6.028843682015286027e-05
9.530513428657719135e-04
1.506184585607429774e-03
2.723236697716587603e-03
9.152870305828291093e-04
7.043990828568606440e-05
6.186362229879826700e-04
6.303228087997927651e-04
8.170849757464471131e-04
4.901772738832706157e-04
3.364083281977171266e-05
2.562921378831375119e-07
3.185979632786509089e-04
5.403153512779239781e-05
