-1.730495697869256777e-02
-2.081203174631787375e-02
-3.957559674413229506e-02
1.661213011565741346e-02
5.010614845726782049e-03
-1.333490097037679303e-02
6.678528827809818158e-02
-1.455459208088936973e-02
-1.788094605467232395e-03
2.461217162876393541e-02
5.082069110043022260e-03
-3.091979458150946256e-02
4.105425285823406656e-02
1.808934367821526945e-02
-1.724555753084141066e-02
-5.781021056594969065e-03
-1.973092048843641533e-02
4.357818771236978556e-02
1.475971991013121792e-03
-1.420896732522245604e-02
2.177803947018093489e-02
2.698642637239051165e-02
2.616757716508286147e-02
-6.049127081631104283e-03
2.760536445898346958e-03
1.337016232920319563e-02
-3.619707356611540083e-02
-1.997775709149130288e-02
1.207790955203993585e-02
1.135692719663130602e-02
-1.101467227453170085e-02
-9.060412823178647101e-03
2.347384546314919274e-02
-1.121993455284811536e-02
-5.629713682318950203e-03
-2.019401836198238265e-02
5.041243014017919577e-02
-4.410528599177064579e-02
3.126610400887692987e-02
-3.442594844486498735e-03
-2.927095461251914832e-02
3.152135860175088455e-02
4.708268524044610659e-02
-6.705038812504746613e-03
1.741704247332198294e-02
2.521946170656152661e-02
-2.582161444157712264e-03
-1.001772386097673096e-03
1.239675987315349420e-02
-1.188977262401116723e-02
2.692873573826333466e-02
-4.522218565869723372e-02
5.139021219561954595e-02
2.747077471388058648e-02
4.186764332088978996e-02
-4.406173186149295318e-02
4.403377690609129591e-02
-6.143989891082566462e-02
3.496907154516701310e-02
7.744583345754060127e-03
3.118027838770088753e-02
3.545739074502520481e-04
-2.992629652527620168e-03
5.110407655640327590e-02
-2.691965332313016324e-02
-9.131809762408352182e-02
5.993966478449162805e-02
1.105069631955950954e-01
-1.161629222034941261e-01
-9.040334834028722517e-04
8.369466529009723932e-02
3.053367535918804533e-03
-5.076118076287645942e-02
2.188832864273827089e-02
-5.845759998408851799e-02
-1.110585617769765249e-02
1.740905953349532187e-02
5.844325364279737839e-02
3.266139166361657631e-02
-1.688505591863491417e-02
4.338450164777612333e-02
4.846287977489042303e-03
1.788369159489002977e-02
1.118482305847971064e-02
5.756841607812979156e-03
3.977379861451624948e-02
1.319067804882105566e-02
-2.149961337915130138e-02
5.124506441222854980e-02
4.891587428735746750e-04
-1.970808285601002158e-02
1.431621632829377030e-02
3.093148270742895195e-02
2.357780979509647296e-02
4.659187737257805551e-02
-3.374230210078042747e-02
3.481242919925066348e-02
5.319534052361965352e-03
-5.520542384616691084e-02
7.716813683104283526e-03
4.112361661809339070e-02
-5.590240991021200312e-02
-1.622290274887530463e-03
1.238761451594001979e-02
-2.282613981579953780e-02
-2.077536881152849263e-02
9.776212599220733199e-03
-5.186044667716878387e-02
-5.085420350578091081e-02
-4.895644857344307738e-02
2.717148036874160177e-01
-1.423587267807279733e-01
1.265654716250257106e-02
5.500914543373094934e-02
-4.596921199442519090e-02
5.755264130741061246e-02
3.592620971374624328e-02
-1.171751950521931346e-02
3.014968363279131244e-02
1.985944401284561386e-02
-2.793369300313862033e-02
4.577924807151075026e-02
-3.523214868727708726e-02
2.416941422554009372e-02
-2.443761269303529673e-02
1.260753077209975787e-02
5.957756074397620172e-02
-1.097662162547937206e-02
-2.013661222258297107e-02
5.670605542690379530e-02
-9.928046390210623628e-03
1.077955343736005864e-02
1.931471270079834074e-02
2.632012082094491862e-02
3.553810029010807947e-02
3.785434588362131866e-03
-7.881568474019128023e-02
7.511596382270535610e-02
3.325372342743143639e-02
2.970818691986450155e-02
3.349296372488898277e-02
-7.707350538014858324e-03
1.655452210311954969e-02
-4.099496603183625659e-03
5.998629486190157345e-02
-9.030544885561949883e-03
2.265547541972766366e-02
2.801297777066970307e-02
-4.410948165203553567e-03
8.160281535875442416e-02
-1.226226883236938500e-02
-1.659985424559227984e-02
-1.081633325127501384e-02
1.228292328207649525e-02
2.024802920492416516e-02
-6.089050350306871549e-03
2.161456975997113131e-02
5.080041458654458580e-03
1.590934140810551164e-02
2.404194045432770863e-02
2.691462759450120781e-03
5.679113636359810723e-03
-1.633627495994179751e-02
8.796283555943368304e-02
2.167848622540223882e-02
-3.397771429770354151e-02
3.223196290050452800e-02
-2.546079573553446627e-03
2.654026866306687105e-02
-3.494147402006628211e-02
1.695337816082183660e-02
5.682180589125170739e-02
7.572491745990990106e-03
-3.370503669882670555e-02
3.837259527468162706e-02
3.065491148898959878e-02
-9.494551056989583571e-03
-1.920264213546708180e-03
9.360122841280288722e-03
5.177053747805827194e-02
-2.324101420270483290e-02
6.854830797522451502e-02
-4.780283283235578842e-03
-2.793842487996483007e-03
-2.456772373262738722e-03
4.353110246249571741e-02
1.212027734480218902e-02
-2.128878429889217994e-02
6.460105844853614165e-02
1.383706352155920569e-02
3.724540588044807088e-02
2.088726516640395520e-02
-3.107202605020738251e-03
7.560109419353303051e-02
-2.498448497554686676e-02
1.573173356971137651e-02
8.476649529229458163e-03
-4.951084526786629636e-02
5.911211992622357470e-02
-3.133545131562659458e-02
5.527015831850126681e-02
1.916292890881123728e-02
3.508481537778954107e-02
-2.951501328372769378e-02
2.453088175830571774e-02
6.349213794411419365e-02
-9.218045264990117754e-03
-1.745896148974331388e-02
-1.415632052371090539e-03
8.095162083597253616e-03
-1.613017370858764107e-02
1.223296661122487070e-02
3.761691386945556492e-02
-7.801250118632623021e-02
7.177112712332868460e-02
8.200218283448777040e-03
4.807977938746298141e-02
1.344601838795774461e-02
5.841154805314255696e-03
2.355013735769271449e-02
8.870606401725928195e-03
-1.995514598794943112e-02
2.460986674025629831e-02
-2.950207806434404847e-02
4.728824086535265286e-02
4.284843729525687761e-02
-4.362200629213601466e-02
9.861110912714041166e-02
-2.462220988651236953e-02
1.858789635342351573e-02
-3.828735198535385131e-02
4.281856545566328082e-02
-2.393846413379048174e-02
8.798658045840618280e-02
-4.972268291990038919e-02
5.414226087576824720e-02
-1.076089461678815355e-02
3.814022851439729384e-02
1.045824466282824043e-02
9.524064261022847921e-03
7.837437462523961021e-03
-4.814254205022300975e-02
1.659996474567607475e-02
4.761226287284588132e-02
-7.981146464029605092e-02
4.490963229736601864e-02
5.768963035813431256e-02
-1.367970792362198200e-02
1.728461890305263080e-02
1.695293367786571137e-02
3.664324142711852111e-02
9.423915175264337488e-03
5.979041867855330178e-04
-1.363332614599020373e-02
-2.973305798613441048e-02
7.642001200985938658e-04
-4.974186934881545674e-02
-9.600672335592638773e-02
-1.249301854932100830e-01
-1.700983620205663294e-01
-1.203529852747871748e-01
-1.986825571002709401e-01
-1.494726725125205546e-01
-1.222816377404486732e-01
-2.136566522344004460e-01
-1.586414990136623127e-01
-2.018227741237512141e-01
-1.553678509863079538e-01
-2.213173804787146315e-01
-2.164544494802657093e-01
-2.062124354752464250e-01
-2.435424538263133432e-01
-1.412498550781923212e-01
3.502857666526203173e-02
1.373053565064923931e-01
-6.391292096049057403e-02
-7.303180213756689521e-02
-2.884544295674330849e-02
-3.706159346133931515e-03
-3.250599149793126363e-02
3.129149266431745929e-02
-1.543193802451285970e-02
-5.905718119421768386e-03
4.720308365854913868e-02
-3.924621447333317276e-02
-1.849542305642176698e-02
2.292695550110421948e-02
1.694091995479599447e-02
-4.834078387046650965e-02
6.259624161812904486e-02
1.201865636787417292e-02
-3.679909813285098252e-02
5.052723719587231405e-02
-6.911388452421533823e-02
-3.463273667986513371e-02
6.204121753418142052e-03
-2.061909953674444240e-02
-1.243960822521600687e-02
2.067926629758798374e-02
-1.340151422916112910e-02
7.235930936926879276e-02
-4.882485124323104192e-02
4.967566280326869872e-03
2.867034225336377237e-02
-5.058114956905267537e-03
-9.238428129783971682e-03
3.522466911338621720e-02
6.322148582898056736e-03
-4.159756010376192831e-02
3.738419301045241283e-02
-3.716271428979245946e-03
3.824688128694892116e-03
-4.712619905494817157e-02
1.526909770118019174e-03
1.946327450226336409e-01
-4.690371974568810498e-02
-9.234225024593577247e-02
6.455572280379223704e-02
-2.796670878635613630e-02
3.595701569614814103e-02
2.765300480491924423e-02
1.491232054280692935e-02
-5.504331894053311747e-03
3.069994292752226822e-02
-3.818101099997259912e-02
1.957041339038039993e-02
-2.119991196607256406e-02
-9.189393701492565986e-03
2.878493437346996489e-02
-3.561222192598408054e-02
2.848545606727264506e-02
-6.099741018194114461e-02
1.011279692972524707e-01
-7.483513943176750560e-02
7.942799813303855205e-02
9.702417565554975754e-02
-5.304956502593643347e-02
8.701053148058076475e-03
-1.269101658108131095e-02
2.669163360020864253e-02
5.712503687652313415e-03
-2.158048496236299185e-02
-5.157658121478290308e-02
7.381081785878607082e-02
7.350269219951924282e-02
-1.054442470238466101e-01
1.139852351658044750e-02
-5.444453253575993329e-02
1.746097759119679717e-03
-3.250195858734990922e-02
-2.172106305853734043e-02
-1.383107385106823947e-02
-1.283935553324523984e-02
-7.935729619581616268e-02
-7.765481843808941242e-02
-7.776540093084181871e-02
-1.227865627285490424e-01
-3.528342940652133553e-02
-1.911892135513057478e-03
-9.056910121974073857e-02
-1.247856104518699494e-01
-9.946596135066748667e-02
-1.710327798517828624e-02
-1.247919663963237974e-01
-9.372094553669085837e-02
-6.932051210387568663e-02
-7.648050412826243316e-02
-1.220503234048745250e-01
-7.547377501102331410e-02
-4.182348800368518305e-02
-8.762487067023361220e-02
-1.027434818871156286e-01
-6.613527144183341255e-02
-4.110045012757342076e-02
2.552042668468318051e-02
-8.233976978156250237e-02
-4.153136353513846302e-02
-3.418833722108359507e-02
6.309900157392471509e-02
3.415149528098063159e-02
-4.021940602658551078e-02
5.538629274319929741e-02
8.094658416870582560e-04
1.627272570900818727e-02
5.733413932167708699e-02
4.180682244541684967e-02
-3.097366806604139652e-03
4.661074794515960434e-02
3.159405952878483262e-03
1.928880662238552715e-02
4.923464888037610426e-02
-9.169616354310600181e-03
1.912898732103956306e-02
2.288388673405127721e-02
-9.335743926032133433e-04
4.180104506750693949e-03
5.347586735116192230e-02
3.436717929380392333e-02
1.133314720458200760e-02
-1.560734266813850780e-02
2.712085911490613038e-02
3.841983583273741315e-02
-3.248974889735592453e-02
4.424637511165924186e-02
4.053802253967860036e-02
4.018650839671147890e-02
1.259592899219122430e-02
5.932521923360792315e-02
1.056085437156801914e-02
1.698493381749058631e-02
2.875202194333160988e-02
4.347850589794233916e-02
5.586435984378937403e-02
5.698399165795599297e-02
2.181904444446232730e-02
-4.956941592780419667e-03
4.171307229396057498e-02
5.655007637261233455e-02
-7.382935906168557050e-03
6.020833434707022896e-02
-1.657341751828040471e-02
6.517015407091455992e-02
1.390566334511255525e-02
5.903242281650427324e-03
3.195760535881239303e-03
1.154312640993530696e-02
1.333779364094608844e-04
1.036812672887283820e-01
-4.156993933887384585e-02
-2.073158934362009931e-02
5.682035068792794241e-02
6.016260657099090081e-02
-8.905861500968659944e-03
1.898929851564897311e-02
2.812398955840506726e-02
1.968373408613040276e-02
3.680990495791867934e-02
1.881339678324345233e-02
-1.878104325623176224e-03
5.941376406100713770e-02
3.369160785778277378e-02
1.620696071706547239e-02
6.751305951745089837e-03
6.014930232994914611e-02
-6.443725647745202068e-03
5.451295646316423743e-02
2.411385556074653602e-02
2.948185153676010500e-02
7.441236386698601990e-02
2.151467011036711785e-02
3.158877758149338660e-02
-4.679037855386717487e-02
5.620973443957410359e-02
1.192780065169938772e-02
3.327268733328304223e-02
1.397835369573600384e-01
-4.575782157756499297e-03
7.790239874516835528e-02
1.247535765526023299e-01
-1.405827001648128349e-01
-1.623069952253276133e-02
5.816352147932820488e-02
2.049620043059369873e-02
3.159704786797409848e-02
-3.401885846057119134e-02
9.690650270564256374e-02
3.016677330816423808e-02
8.390161836536301487e-02
1.494058201950491244e-02
3.655461808932649465e-02
-2.658568363548227675e-02
2.507676252696413102e-02
2.515398037876879437e-03
5.504535939949655940e-03
7.163151522025845708e-02
5.262830428358763329e-02
-7.371160322383963140e-03
-4.557164729163957345e-02
6.441268087124466489e-03
8.778141450083987163e-02
-4.427126142315117308e-02
-2.775314707542952605e-02
1.745823784187341965e-02
1.128746334142306795e-01
5.216799953822127273e-02
5.065028300632466035e-02
-1.730009883177033650e-02
3.652601282885822170e-02
-3.590768631776485031e-02
-6.709961941325870427e-02
2.147875775738143297e-02
3.106348836515450407e-02
8.835640569081256585e-04
1.069447501185113170e-01
-1.944293826308298584e-02
-2.387592565692833041e-02
1.600205645255234344e-02
4.382125868281253750e-02
6.275226945499308429e-02
7.931177816925126522e-02
1.319988720414137437e-03
1.266855996481726712e-02
4.630494789700922292e-02
6.961592505401495434e-02
-7.627410750065151401e-02
1.169476491816860003e-02
1.075713061300818674e-01
5.473686577134927178e-02
9.149458931395779149e-02
7.980678762038763419e-03
-3.675095566001011088e-02
5.890773699077076625e-02
2.774891466026247616e-02
1.311501205137699244e-01
-2.397131854058287548e-02
-8.254401281157575099e-02
1.201120133164968601e-01
9.168308816397502392e-02
4.007463740963655013e-02
-3.272616363426684993e-02
8.996374672074157475e-02
-1.370597081041237952e-01
9.938776566206208862e-02
3.576211847658355980e-02
1.272803930704438126e-02
-2.651402437264482187e-02
1.118848915181577530e-01
-2.293252693137682111e-02
-3.484014099619860139e-02
-3.045973258343731213e-02
-1.280743881476959292e-02
3.901455470824345684e-02
-5.666668496150141510e-02
2.815073527918794671e-02
-7.848839420578898607e-02
-5.542962543925716856e-02
-3.244659838929729589e-02
-1.397663182519930276e-02
-6.156857790300414301e-02
-2.323512172319965388e-02
-8.572077650273891847e-02
-9.566409043507090315e-02
-4.614787622614116569e-02
-8.205989087465140330e-02
-7.914430237915670574e-02
-1.997485394538384834e-02
-1.801840968071234672e-02
-1.099519027432703244e-01
-8.468925219468018128e-02
-8.221022500283500789e-02
-1.032386788788376419e-01
-3.854200881488693831e-02
-1.097636834871341394e-01
2.656218182134830602e-02
-1.257170802327837733e-01
-1.232957130167963364e-02
-5.909404415265548383e-02
-1.059603201540931794e-01
2.028478691906294637e-02
-9.193238995127701874e-02
1.644230937286288510e-03
1.065814966815500572e-02
-3.934797797508952227e-02
-9.633959544595617833e-03
-4.329307113416691610e-02
-1.371426493955619184e-02
-1.517557302419914305e-03
5.156175552506789966e-02
1.338678648147438978e-03
-3.219468534596284931e-02
2.626205714942392300e-02
1.317269585885802625e-02
-6.863157545703474360e-02
3.048076570640176342e-02
3.460399474894809008e-02
-1.606405772611193411e-02
4.057656864031486399e-02
8.611985519181930906e-03
-2.002170974976648712e-02
1.128497760925267941e-02
7.353321925706538670e-03
-9.450349420041010036e-04
6.436396779907471721e-02
-3.844504456719597535e-02
9.807018680755511669e-03
2.311652122325962358e-02
-2.747368411890079368e-03
1.861007819715697342e-02
1.116211111170127210e-02
-2.879347865469721046e-03
2.639325301551320377e-02
4.004167003179215367e-02
-5.132616972938632005e-03
2.260950167583618709e-03
-1.710424751630425927e-02
1.843130601678574440e-02
-2.005823815580166231e-02
7.288314407484287882e-02
-3.084905249123935655e-02
-1.600792907036242482e-02
3.777423334654291670e-02
1.552410528509491454e-02
8.599181351960845029e-03
1.442114629686340466e-02
4.392652166029808319e-02
-3.125225352343230512e-02
-1.172158127251143010e-02
4.360605834319891683e-02
1.607671042706362852e-02
7.238968751598484977e-03
2.250912478007344522e-02
3.625709273250449227e-02
-1.379826017245050149e-02
-8.150779938939402280e-03
5.912694216707950479e-02
-5.742229961255486403e-02
-6.324305753424844766e-03
4.915183179423188164e-02
-9.219249034624535377e-02
1.185358591484604179e-01
-2.991838132748466002e-03
-7.073062409891542335e-03
3.392696293514066430e-02
4.181975350442034001e-02
-2.719074277517792224e-02
8.505026039544918981e-02
-1.011569512606202981e-01
9.358224729729690272e-02
-3.471967307156605814e-02
-9.866851830549741229e-03
6.778356086373081568e-02
5.980175392664482947e-02
6.153252113794835387e-02
1.199843874394811161e-01
8.915267936759052603e-02
1.218438747909613151e-01
1.526073555253804614e-01
8.954603399300552213e-02
8.432716723800949554e-02
1.917267185014047970e-01
1.138387628090792858e-01
1.668952288278198748e-01
1.690147914061101431e-01
1.296097830692330422e-01
1.276819135024815921e-01
1.707367510190289095e-01
4.238180882033898422e-02
8.652992900269818044e-02
1.314616125858988349e-01
1.120918622742765047e-01
1.877888671131926548e-02
3.169133502068746666e-02
5.591141061101024406e-02
2.290742998557340412e-02
2.588424585792833271e-02
3.771778888103292232e-02
-1.484282445360589342e-02
7.308650279236335312e-02
3.988197579737309817e-02
-2.704651874749471746e-02
1.470190848606627541e-02
-3.026819084509756522e-02
7.125277757567488601e-02
1.420022132188864146e-02
1.946663439563130898e-02
2.945551801724917429e-02
-2.260000598226206275e-02
-1.211721623976541682e-03
1.345857334858696110e-02
-3.929564728337258533e-02
2.988210968592151448e-02
3.352676788202593045e-02
-2.936536012424868433e-02
-8.880487234634989666e-04
6.596962722699349635e-02
1.292587919900138257e-02
-2.971886089756142074e-02
-9.602978477951287783e-03
5.480771559922354569e-02
-1.036867396944952946e-02
3.120830317404327953e-02
-4.872510827669763317e-02
-3.200203471560463669e-02
-2.682493456431987028e-03
1.027316425628019975e-02
-2.607038860445471534e-02
-6.671689077834827564e-02
1.644247300069369769e-02
3.244343483630188207e-02
-1.274848824848070529e-02
-5.639441991028175394e-02
-5.385832416354523894e-03
2.332533315946218322e-02
-2.789294505709519548e-02
2.133477723002893608e-02
-2.568460622664315088e-02
3.169553216475515245e-02
-9.085188121751699986e-03
2.722173728119110184e-03
-2.068538292231311346e-02
-2.148406558630487281e-02
-1.458900089969704383e-02
3.806850604321973530e-02
-2.810713387697975560e-02
2.702902853068667004e-03
3.457974530224658394e-02
-2.534884245834490707e-02
6.280360151023071935e-02
7.970661123632710732e-02
8.185647005734915035e-04
-5.227080143421225511e-02
6.903136812512258857e-02
2.731444772868213411e-02
-3.492468075338327205e-02
3.591326805377102749e-02
-1.790924218679040489e-02
5.711029294091892611e-03
1.237005836761861932e-02
4.848326951267069307e-02
-4.834423489343200875e-02
4.774102446938249117e-02
-6.772946581504526997e-03
3.886591424677227069e-02
8.101024718988355904e-04
-1.526687111516866063e-02
6.901971021761295691e-03
-3.971281530563875936e-03
1.581832144674655272e-02
1.070309756773127688e-02
2.040499287793388905e-02
-7.321305574638673624e-03
-4.008807535911432934e-02
1.165023392328900370e-01
-7.796824337309195274e-04
-1.123927051936006102e-02
2.632349294310764448e-02
2.947448057957496176e-02
3.121947020651517912e-02
-2.207781597171642671e-03
2.954402965060462169e-02
-1.750790400242809020e-02
2.564476240599842041e-02
3.154474868870420223e-02
2.784269188966193020e-02
-5.210245490765451348e-02
-8.901084852240290224e-02
-7.894024734068351423e-02
-1.047817385314678829e-01
-2.131842733060153039e-01
-1.604385559167748332e-01
-1.256267412778367953e-01
-1.829084796724889661e-01
-3.254694407029179448e-02
-8.366149684330878578e-02
-1.639330104568084423e-01
-5.334660144617146826e-02
2.933439204548919654e-02
-9.607287664098011770e-02
3.669438954979571677e-02
-6.267761505807309397e-02
-5.457706836192727229e-02
9.011743498212078374e-02
-6.104558357079675757e-02
-1.662936638773190867e-02
-1.108610183624179207e-02
-1.799371411162324630e-02
-5.411294079138476154e-02
5.354146864525002880e-02
-1.102380528299121490e-02
2.638919971504441811e-02
-2.678507277274096501e-02
4.010708498281864015e-02
-2.796058512847600722e-02
1.310026906904041694e-02
-1.632324052862098307e-02
3.405749837164258938e-03
2.715207056725799095e-02
1.496143219393637281e-03
1.801182079465988781e-02
5.667374607027097361e-02
4.887551201364530307e-02
-7.268310087434980311e-03
3.478617426020019776e-02
2.239303052978105710e-02
-2.320427798609978748e-02
6.656854660384091404e-02
5.100615432010363604e-02
-5.374577049688873676e-02
5.852125512334790253e-02
2.596995322185732466e-02
-1.535546294821870869e-02
1.891055323295488116e-02
-2.358288371911481177e-02
-4.091600716345262373e-02
8.778487775416805861e-02
-1.442389267834148781e-02
1.094399665537443278e-01
-3.682775736142736983e-02
3.642088286465765962e-02
-2.075603083928537380e-03
-3.450280522954050216e-02
3.100960839185547616e-02
7.732550463058630863e-03
-2.657575335413212697e-02
-1.429130278776633706e-02
-5.175642535755450163e-02
-1.348680244052426480e-01
-3.390383492952444427e-02
7.318536342142975548e-02
-1.269478272638950023e-01
4.755610137786214775e-02
-5.368136955554783651e-02
1.018719000894696275e-01
6.986855195383039757e-04
3.953975876016846414e-02
9.408427878429725943e-02
-1.029011620226276749e-02
-1.862425798000764271e-02
1.048529234432274589e-02
7.099365089326174771e-02
7.753209546995212809e-02
1.513654792848504946e-02
-9.598758661168330097e-02
1.354608082000796909e-01
8.094289676464925046e-03
3.763981240386872484e-02
-2.499512623596816807e-02
-4.331854226082770126e-02
6.303750232692331007e-03
6.691445847136065495e-02
-9.862662620582697548e-03
-5.161238382000481878e-02
1.538535811024033251e-03
-6.157673400090748345e-02
1.132148312444212351e-02
-9.020825444751359723e-02
-5.827611102664338044e-02
5.414370829290149345e-02
3.260667516656174519e-02
-1.161302365775995493e-01
1.325119849353519758e-02
-8.986512189911932680e-02
-8.290625923871579317e-03
-7.784222127415224568e-02
-8.063108260949684858e-02
-6.944680201789851792e-02
2.925489181968194199e-02
-4.023375378894023663e-02
-1.017342513665167175e-01
3.746814333006742714e-02
-2.938910024300139812e-02
-1.377713191687049074e-02
-1.123977561753638360e-01
-7.887409331162345549e-02
1.732350735988796506e-02
-6.863606294069411751e-02
-4.146107562314101103e-03
-1.992785689210613276e-02
-2.477272450866451967e-02
-6.677808378576426118e-02
-2.835625414080680459e-02
-1.281901365778013724e-01
-8.504563021372688048e-02
7.359461556212087974e-03
-4.982729310119212579e-02
-8.436789902187245838e-02
-5.903293964654828668e-02
-6.581670662773582946e-03
-2.518212675546134538e-02
-1.776823468187795074e-02
-3.949435166525683272e-02
-9.800101628294963230e-04
6.029767878380014323e-02
-1.886605092675331177e-02
-1.017369702519069045e-02
3.641505845976920203e-03
-1.585195205322976683e-02
-2.389762673180806027e-02
-6.007081514259621918e-03
2.419636211058850267e-02
-4.110353131179894648e-02
-1.867738234095888544e-02
3.347541019802328932e-02
1.224815302459736702e-02
-4.560425181810523476e-02
2.258355175549260976e-02
-6.367554129999472567e-02
-4.060129244435584095e-02
-4.217476885129586850e-02
1.871591017383106986e-02
-3.119865606355777532e-02
9.808560015592604486e-03
-2.298235411898823244e-02
-1.233431769373946260e-02
-7.176708756241358123e-04
-8.623338613895008969e-03
5.360077110665293319e-03
4.650108281138002654e-03
-2.692291430241392641e-02
-2.623825943444863668e-02
5.882158721775043730e-02
-1.740827402679328596e-03
4.600953190177332203e-02
-9.628812158024817672e-03
-7.923461076051409660e-03
-8.906512754731908676e-02
5.358326321014084820e-02
-6.612714621531075310e-02
7.908497331746547343e-03
5.804490303747313062e-02
7.874182718770859207e-03
-6.722921640603829463e-02
-1.448164599913298878e-01
-7.667353132402338067e-02
7.525120797618529978e-03
-3.367623753180220419e-02
-2.289293613413424106e-02
-3.244993330780758523e-03
-9.381877631331170253e-02
5.318240610384419170e-02
-1.639971251101752375e-02
-1.024446780611948903e-02
-3.108894859654317069e-02
-1.684449951452378913e-01
5.058631705213122859e-02
-4.538095089167502177e-02
1.591670321414587891e-02
-4.063761718953579766e-02
-9.993712204680871292e-02
3.269362565300534818e-02
-9.366189019694808743e-03
7.225005593106802182e-02
-4.817674388440296857e-02
-1.003699856695212944e-01
1.029122025310584207e-02
-1.114545101414402412e-01
-3.788909754645276851e-02
3.837593086294514844e-02
8.840381697952245932e-02
-6.218873973325107773e-02
7.190626991322612849e-02
-1.445995055095863069e-01
-3.117967403070162277e-02
-4.515484990161856838e-02
-7.042237335388397412e-02
-2.295820606848320705e-02
-1.203837478738768729e-01
-5.047494585272854772e-02
-5.785162799285746560e-02
-2.342483714221007401e-02
-5.513732140597266129e-02
-5.527357557605788035e-02
-1.824839268199882764e-02
9.621220141140468876e-04
-7.310973836869971709e-02
5.899431538553886328e-02
-5.482294830055088608e-02
2.061244819404642326e-02
-1.622362293640456851e-02
3.840301286357333636e-03
-1.470792657416238915e-02
-1.213193947677519355e-03
-9.117425747144861786e-03
4.122229020210387007e-02
5.619315505948933170e-02
1.273379847897292139e-02
9.211184758510615467e-02
5.871079191996313174e-02
1.344211202617192624e-01
4.438705953532487425e-02
1.413655637019942679e-01
1.053614196544118420e-01
1.856255097757293915e-01
1.343763362978924458e-01
2.100884731669218075e-01
1.580264953009601625e-01
1.196939361059754653e-01
1.657011225701365276e-01
1.719278078513007402e-01
1.086714463309457895e-01
1.798177018402326299e-01
9.791691755227399652e-02
1.023954738460763347e-01
1.746695186184642895e-02
1.172385340863575653e-01
5.063473553000962663e-02
4.465738098417601498e-02
3.478970671372472873e-03
3.137314903731938664e-02
6.533250066727303365e-03
3.726681359615663380e-02
-3.517520765936817811e-02
2.030325218849454716e-02
-6.589056768100825384e-03
3.637217050048510009e-02
-1.225164977002667251e-02
7.419549903295278095e-03
5.960891141937444716e-04
1.241339533677255150e-02
3.412372850539385771e-02
3.335612015459742813e-03
2.091543293283328053e-02
4.720752950368185819e-02
2.525394793851459124e-02
-1.668034276434127855e-03
7.185433504112254122e-02
9.018447474512647499e-02
-2.442009147965492483e-02
4.322681907866593454e-02
1.161540306857036520e-01
7.180015652709373364e-02
8.591549857246122412e-02
5.678990720385408003e-02
2.901097101570969741e-02
1.431546931266564904e-01
5.271630795301440742e-02
1.114505318229478820e-01
7.381249152306314232e-02
6.402197436386997120e-02
1.027833707504730992e-01
1.201147689832671173e-01
4.629254596582400155e-02
7.755892019133348025e-02
1.274315190953864696e-01
1.067301711851832008e-01
6.703841467941268339e-02
1.177965019311433131e-01
1.248421667897913478e-01
3.212567200475115181e-02
2.652721483395093990e-02
2.661633220964194566e-02
1.040225712790174006e-01
4.942176763696815023e-02
1.780327131744709537e-02
2.586719034887812949e-02
-7.635583813968681993e-03
3.553094108548535829e-02
-2.118613167550879861e-02
1.254016498189492249e-02
-7.879103181336251371e-02
3.058119531708333380e-02
7.509455509322679467e-04
-1.566776503563482581e-01
-1.736102720191935733e-02
6.698677145084494522e-02
-2.928633090688638821e-02
-2.854580610100613050e-02
-2.273767680038101674e-02
-4.797260091353393319e-02
-3.034214196681607120e-02
-4.993142240204125060e-02
-3.072442265798603842e-02
5.655408513529591036e-03
-7.012786708160749505e-02
-8.084901208232189718e-02
-1.864960817576502561e-02
-1.238513275738229065e-02
-6.431605605144710691e-02
5.062280948156711730e-03
-1.135092662343022279e-01
-1.134194909931365847e-02
-3.653053862753977837e-02
-3.803079008027650254e-02
-1.828516337882664725e-02
-1.288539634854549698e-01
-5.724551027346092003e-02
1.456712575295350254e-01
-1.140404318441715081e-01
-4.479392868880612000e-03
-7.001079416264954780e-02
-1.392698927288065977e-02
2.691942793796044814e-02
-3.139320698849612512e-02
-4.769198057729082812e-02
2.413588389142250906e-04
1.019373426340144245e-02
-5.757435600757525307e-02
-8.799626418428585506e-02
-7.904863063180084248e-02
-3.536780944715453567e-02
-3.770730788785067733e-02
-8.366654544209169153e-02
-8.705413717040917654e-02
-7.081710072185690152e-02
-2.646163421328134174e-02
-6.216889235233065414e-03
-3.476559575839387878e-02
9.378034991892943151e-03
-6.590949373287682822e-02
-2.417709498028429785e-02
-2.673043344955644551e-02
-1.840499324817593263e-02
-3.227524836057856644e-02
-3.148500383917877260e-02
-1.888000474131655212e-02
-1.967204569329140257e-02
9.927150745341197652e-03
4.938845251817786108e-02
8.473591756715258966e-03
6.296989312760929366e-03
5.076473454294376519e-02
3.882547201720691014e-04
4.855540935774321776e-02
-4.391484064220093492e-02
3.300079212908384185e-02
4.263712718983432570e-02
-3.000503890758212180e-02
5.283789079891650087e-02
4.662180123909947377e-02
1.493982814277612821e-02
7.157049402573313623e-03
-6.577509325080116952e-04
5.781226756452782084e-02
-7.647523000981005029e-03
5.525517231101549631e-02
8.270972954865435378e-02
-6.161550899978825852e-03
1.112905360620947484e-02
-5.061396984055626172e-03
5.917313802678132034e-02
-1.472398456154971891e-02
-3.262014683641045049e-02
6.059006818143099909e-02
-3.904514914032920780e-02
3.948083916802044152e-02
9.468272625089939679e-03
-2.679436323788945626e-02
4.346572105241276046e-02
3.499781248588375304e-02
-2.012963218487182006e-04
2.413994530192906454e-02
4.772737916336232400e-02
-8.150809018774970993e-02
7.313628289572863053e-03
2.531977401840148495e-02
-3.449899281860243500e-02
7.945734053617238557e-03
-5.936739310835138089e-02
6.265944817566930503e-02
4.157249126218308388e-02
-3.954522843510294150e-02
-2.385658142145353697e-02
1.010129857997663083e-01
-3.872364387132452151e-02
-2.482765413686575245e-02
2.319648234428078881e-02
-5.432871088121963427e-03
4.597335293539734323e-03
2.054763690618997135e-02
1.231434381576420288e-02
-2.277218935181339957e-02
-2.102380765700999354e-02
-4.973912977306200328e-02
1.219106292951155357e-02
-3.003643746300926898e-02
-5.769522253857010084e-03
2.884113550217117308e-02
3.196983965352319379e-02
-1.251453497692776775e-04
-2.006858899124070242e-02
5.095970482553825037e-02
-2.944873700959201035e-02
2.606797028682400832e-02
1.382148619994310323e-01
-6.034105203901160563e-02
-7.127827915593450137e-02
5.949370311948538187e-02
-3.340810988766100553e-02
-2.250082304570089758e-02
4.899659921887415670e-02
-1.092033459175118827e-02
1.452039352345754937e-02
5.623401371993531558e-03
-2.036125844322328113e-02
2.499374921998894980e-02
2.879602494377771216e-02
1.820663082954376844e-02
-3.966181027842820978e-02
-1.847155980957559821e-03
-5.206724173761607261e-02
1.789395850259832554e-02
2.575800246438464738e-02
5.180775100949320394e-03
-5.656915821735710587e-02
4.658335938214276661e-02
1.198655216164675082e-02
5.539554162713132383e-03
-8.960115036645120365e-03
-7.470627853577413435e-02
9.057243103197813727e-02
1.434143885927944076e-02
3.084983982048989347e-03
6.124029526879449375e-02
2.281218019078070855e-02
3.489613023644295986e-02
2.509768011122087000e-02
-4.949401567688327744e-03
7.955642180825270304e-03
2.141952874241222562e-02
1.304823340735155029e-03
-3.267287064016880654e-02
1.730394960635681448e-02
-3.245507387906537006e-02
3.637367392160494733e-02
3.884140586680252111e-02
-1.238360535900306578e-02
-5.041500243802257003e-02
6.097909998940939658e-02
-4.645385385773355413e-02
-2.649515802247535967e-02
-7.712847099006674145e-02
-3.412836601811290727e-02
-5.693788827229852301e-02
7.520327228190383517e-03
-5.533419310629522636e-02
-8.458820330397134879e-02
-7.033308284641945352e-02
-1.598742065954067079e-02
-3.857970214793737807e-02
-2.849971267050119272e-02
-4.516210805567094644e-02
2.234974228077313968e-02
-1.043035515947179567e-02
-6.094744583214906086e-03
-7.531581670271023099e-02
2.377041625949528197e-02
-5.564521591129561323e-03
1.334444516618616544e-02
1.077863330527261375e-02
8.748899423865322267e-03
3.965403302509865405e-03
1.204760597414324119e-02
1.803255193571584244e-02
1.246471830220725885e-02
-5.700977074732833938e-04
5.135266186003558525e-02
-2.300030060189106607e-02
3.283246960863211300e-02
2.191479085385119804e-02
2.200182718152349573e-02
-1.384034268983413800e-02
5.114140410094865363e-02
7.769075697776813005e-02
3.407623027865279430e-02
6.731311801235534409e-02
3.627290046282672514e-02
4.276664634889634081e-02
1.078398304740881275e-01
-2.050995527353201980e-02
1.975492793283720877e-02
9.355138337377738589e-02
1.865705876760890766e-02
5.178638398969719059e-02
3.886870766652797404e-03
7.705726505951271399e-02
3.927024371214215930e-03
-6.242867972754537198e-02
3.853246826535185188e-02
3.310833194107499350e-02
2.041874169208729786e-02
-4.616493009838174705e-02
-2.253469860837658406e-02
2.273904034709981620e-03
-5.350681107778986617e-02
-2.255952172492448060e-02
-1.162087915116967046e-01
-2.561541331681357891e-02
-4.144975200761052969e-02
-1.115843086062956596e-01
-7.144145709067781236e-02
-1.112648169027289358e-01
-1.177403427157830418e-01
-8.907522055312608322e-02
-1.545789106718318817e-01
-1.157512840898291262e-01
-1.191828675458597442e-01
-1.529169263763326125e-01
-1.212370752552099362e-01
-1.757061315270373736e-01
-1.534560418811783122e-01
-1.576865162735704429e-01
-3.172518811753283208e-01
-2.438790718346130551e-02
1.093528063328163269e-01
-6.459478789203473847e-02
-2.436782689360470974e-02
3.472476864491795545e-02
-6.081958800910025609e-02
6.378906310660024774e-03
-2.985997834164328887e-02
-1.525583916928295591e-02
1.751964964791637852e-02
6.686788159192413525e-03
-2.047222475592041721e-02
3.007048680765243495e-02
3.115261486681496911e-02
-9.780877084641778282e-03
-4.280168670091669646e-03
-6.414046934981506784e-03
4.312962227694750600e-02
-2.763169964434464276e-02
8.907266816939504381e-03
3.548346965887227977e-02
-2.465303584473757981e-04
-2.251752892905858720e-03
-2.125295239015888814e-03
3.391682955738897776e-02
-1.929230579108558163e-02
2.577341893392960225e-03
3.040328549777930600e-02
-4.161433758393365268e-02
6.800108714883221217e-02
6.305279474677935418e-03
-2.915290441061896276e-02
2.718204051758578779e-02
5.222056816681793640e-02
6.651351189492416341e-03
-1.193130419155183884e-02
3.962097965546813871e-03
4.283182871801900771e-02
1.053673965495353047e-02
-1.068581347291909164e-02
2.903409293178895248e-02
9.079970751037455892e-03
1.120345282380437631e-02
7.075089657414108946e-03
6.613997658914353567e-03
5.366559125962807805e-03
3.749108981668823615e-02
8.188590401293832297e-03
1.505986443845937217e-02
2.052259024814323193e-02
-3.545680439262623943e-03
2.944519977195851970e-02
-4.584812202892049257e-03
-1.343989263644881828e-03
-2.992103201371126495e-02
-1.532038226950923222e-03
4.922178839696839982e-03
-1.461543971103086703e-02
-5.617508527656910576e-03
-1.270038420673019579e-02
1.932625782294187383e-02
1.632570969060286731e-02
-1.879710549547131127e-02
2.878747207486451881e-02
1.897453630131272148e-03
5.275105180020035756e-03
-2.385474341255149414e-02
5.381652567314908382e-03
-9.480884581865852562e-03
1.735162959279109782e-02
9.289085401045628007e-03
-4.935665916352571098e-02
6.086729943031623374e-02
9.587855901595478125e-03
-5.921191128824967315e-03
3.920741002816825749e-02
-1.910904464730472929e-02
2.280236017544160290e-03
1.636681018930398468e-02
2.005573950869466576e-02
2.947127993528410664e-02
-3.505061989200858319e-02
4.205428079194620944e-02
-2.079440632686502255e-02
1.745897902642035843e-02
-3.260426254591283768e-02
3.336369760837976095e-02
5.871099592553780805e-02
2.781658361173674002e-02
2.204911260570388901e-02
-8.639265203183976293e-04
-8.853894941296187870e-03
5.292650521503283745e-02
-1.471097559584612791e-04
3.159277162130795513e-02
-6.173581019688306575e-04
-1.029481010931208168e-01
9.043800416333369618e-02
8.919733066780323461e-03
-5.882379703505224294e-02
5.522378778272976629e-02
-2.034314988291586329e-02
-1.415450131514056457e-02
1.192369847004696483e-02
4.811649817927694632e-03
7.512711238859824323e-03
5.823924712286752958e-02
3.787592052148636319e-03
1.121657085060852321e-02
-3.745091801014360788e-02
5.409681806465721499e-02
-3.089453998220570777e-02
4.848873704757284547e-02
2.345408606076083632e-02
-4.977782156486042914e-02
-3.209009510129760823e-02
7.163194891082419469e-02
-3.171752295645894476e-02
5.177361453694788451e-02
-3.686073426021976851e-02
8.612766695479054380e-02
-4.605310521535253138e-02
1.244421148866741919e-02
-2.154071579434736067e-02
1.703647314382221618e-03
-1.363255996486308248e-03
2.168452362822879259e-02
-2.664116620326804213e-02
7.372701117585562548e-03
-3.582475504033558883e-02
1.989873848461346656e-02
5.764173962300150195e-03
-6.934328600966066514e-02
-5.525079553922053466e-02
1.460665694906771173e-01
-9.396961448121401994e-02
4.390922890405257045e-02
3.548921109915382371e-02
-1.498431882972955584e-02
7.078169577650771094e-02
1.706314404678113683e-02
-1.162735718396808865e-02
5.875834294189023754e-02
-2.218776829265777656e-02
-3.490062386600484290e-02
4.096926242964804565e-02
-1.438452586943857886e-02
4.701841740002124514e-02
-9.586764524483976091e-02
7.704111872176908071e-02
1.134774554646835040e-03
4.466904450071078336e-02
-1.339593625792994194e-02
2.436777426364068050e-02
-2.249884213044178391e-03
3.749758513622813288e-02
4.477264884592341287e-02
-3.894652587825048889e-02
1.024303317749563139e-02
4.004085663707733500e-02
5.120537437814910026e-02
5.580913983330113015e-02
1.690926311277305555e-02
6.306648994652674228e-03
-5.553752506695227784e-03
2.131526280332382561e-02
2.886552505857846451e-02
4.611212451753721187e-02
1.838093502629709053e-02
2.886606678745677265e-02
8.740978247085681718e-03
-1.335476777903826621e-02
1.274702350078348034e-02
3.528124538112546033e-02
1.267623442615721172e-02
-2.134710627201880095e-02
-6.210612371853033078e-04
3.105175943753085352e-02
3.142547786627177681e-02
2.078762895041703224e-02
-2.130074550390971197e-02
2.020369660152079860e-03
3.077587251921362968e-02
3.694273805704582220e-02
-1.188036200146841935e-02
4.952511844808505509e-02
-1.335016872660926140e-02
-2.878537106244738464e-02
1.588492868767708149e-02
3.607846948304659768e-02
1.743216398685043522e-02
1.186139900475602360e-02
-1.586307768449608975e-03
-1.749461825848800528e-02
3.948450103258484972e-02
4.069773899139271511e-02
-3.458231595203324626e-02
6.354196090430037913e-02
-7.165051916072415596e-04
4.829782487886840475e-02
-7.431070405176384321e-03
1.471279683413693508e-02
2.390982372178827517e-02
1.359485967596712509e-02
5.119873406672289379e-02
2.124512275963167524e-02
3.821874164961895637e-02
1.550063568420228036e-02
4.099345438097680427e-02
4.416134191206292497e-02
-2.200151091635573972e-02
3.689906575119297413e-03
3.549603849584152815e-02
-1.893517154818168471e-02
5.077204191456401866e-02
-2.536228682939382917e-02
1.132197439336092848e-01
-1.378814494215483202e-02
4.659203483012618052e-02
-4.830912050956796822e-02
1.481051492295058954e-02
1.475215901926129128e-02
2.883343030372789370e-03
5.013675822599198556e-02
1.823304522657978946e-02
2.526768499342206889e-02
3.715098793532026905e-02
4.086499951909358663e-02
3.398141927169524845e-02
-8.056136867411107551e-04
-1.296016059327675420e-02
1.570124048986993801e-02
4.430267151017393962e-02
4.965576773440777414e-02
-3.578396265651673236e-02
9.744242663222034417e-02
-2.670405943467784801e-02
6.848071773256607028e-03
2.492913554740430054e-02
1.204546865723525595e-02
-8.070744344898331604e-03
3.334228336179173753e-03
5.268177399358571489e-02
-2.586408767990988622e-02
2.778976281352091987e-02
-4.477613118965282496e-02
1.325293569338046110e-02
8.053169138536620322e-03
-1.650993030015054930e-02
1.016485315110167778e-02
-4.010677849595051248e-02
4.468233216018485665e-02
1.586180940934723421e-02
-2.952024049861632499e-02
9.917179802410714187e-03
1.200460799000793895e-03
-2.810614247252999492e-02
3.834772950671370972e-02
-5.939735487163828875e-02
4.062502701684161249e-02
2.708627040693856527e-02
3.649119125320971629e-02
-1.001335500939996154e-02
1.281368727049571332e-03
-8.894481953101248187e-03
2.720365356740396881e-02
-3.109005479900285238e-02
1.429766182302779493e-02
-2.817459786737584043e-02
2.958213882807061296e-02
-8.437106943932493053e-02
-5.539699496549181645e-02
-1.004694235098421706e-01
-1.562121930394189395e-01
-2.211598737231501230e-02
-1.746536507890992240e-01
-1.119550000415760194e-01
-1.616960042262979569e-01
-1.343184102570553762e-01
-1.478009363509155405e-01
-1.388465555425631992e-01
-1.857668455071762870e-01
-2.009154905395912627e-01
-1.976294765167344591e-01
-2.039620481337982849e-01
-2.461077929940907738e-01
-2.036127129562065319e-01
-1.169098777358662938e-01
-8.211161144150158631e-04
9.899167200399566768e-02
1.002805030235891515e-01
-1.853849592534394936e-02
-5.707869111492894221e-02
-1.815760340359209163e-02
-5.382074732285670876e-02
4.989966449983267160e-02
9.355503210293660346e-03
4.161115136143642840e-02
-2.909060671374233756e-02
-9.862190236978176511e-03
3.685245316373272906e-02
-5.072169799858080447e-03
5.789983526166309069e-02
-4.107175464461062381e-02
5.398398951342093383e-02
-4.164429479425285630e-02
1.296510255070697053e-02
-2.814934350887845355e-02
2.101353877007166096e-02
-5.495194549141612511e-03
-8.276013558875189649e-04
-3.059364135765290857e-02
1.101855136356590624e-02
-1.289267566082047747e-02
3.663003946769970154e-02
2.200035959270175284e-02
3.667170576506837906e-03
-7.932633674738140059e-03
-2.427609614459824879e-03
3.670809578086237784e-02
4.153222329698446486e-02
-2.446034461729772874e-02
-6.466284057854318479e-02
5.469428706376244093e-02
1.217625454819600342e-02
-3.923741755146342713e-03
5.081502554696357143e-02
-3.948277607757511888e-03
-4.414201368742313135e-03
4.247701783599682965e-03
-2.756228978210826380e-02
-3.284829699681145188e-02
-5.802524880810353697e-02
1.359736203486265615e-01
1.003298764764688766e-02
-7.641839034968339606e-02
2.710531565326009928e-03
2.947986919434751607e-02
-8.191231677064460259e-03
-5.516960663350657830e-03
5.545084745967419904e-02
1.525164817650129928e-02
3.444814370353935055e-03
5.326831014055615626e-02
-1.791750666813392637e-03
3.923994743244211061e-03
-7.204404800381898968e-03
-1.309968559688119011e-02
1.571224706585928194e-02
3.847567963425649329e-02
-2.180277166752843040e-02
-3.577134641640320606e-02
1.033810830616721937e-01
2.932658848459983661e-02
-5.157605049754088178e-02
1.004491109471879751e-01
3.066736663851053410e-02
-2.207154207136417801e-02
-3.326267356752737187e-02
2.232083316841229279e-02
1.244486684739930064e-02
-4.636906264188198762e-02
-2.174791524455359573e-02
-8.075192423127503655e-03
-2.242717058180261624e-02
1.762596861171232196e-02
-2.353795560486622931e-03
-1.360911237401030496e-02
-1.646483298682626523e-02
-4.343822719743195386e-03
-9.016624094694862535e-02
6.606301168185729766e-02
-6.340604329006033213e-02
8.607225104198871352e-03
-7.697858447150701666e-02
4.330022018872446005e-02
1.254963404958644828e-02
-7.441315735526830843e-02
-5.411899021004757532e-02
-7.253528140734637891e-03
-9.174370677700990906e-02
-7.015535456161300920e-02
-8.769594136625197614e-03
-5.301181782628686112e-02
-7.969435454357068002e-03
6.533105416162147960e-02
-1.151510687936452143e-01
-9.497917138955860872e-02
2.210174190264458174e-02
2.731102235874462505e-02
-7.211593950519652740e-02
-1.658551619592883806e-03
-3.153334281813233858e-02
-8.484817469389432931e-02
-3.963802878801756663e-02
-2.099696914063300945e-02
-7.820987256232114770e-02
2.923548032389705967e-02
-4.137692642393737269e-02
-1.037143673659887411e-01
4.199578704871708562e-02
-4.589664299923617435e-02
-1.064450430468701914e-01
-1.908005004636888907e-02
-3.869550429908089062e-02
-1.310499884757075628e-02
-8.537260749593583720e-02
-7.213516245812237604e-02
-5.610876851259156972e-02
-5.511868355676044495e-02
-9.017876447969012943e-02
-6.655761499221521382e-02
-2.314570894340908791e-02
9.198730547919978934e-03
-2.702905689229293321e-02
-4.946290968716909181e-02
-5.417137064631658006e-02
-1.801891319656959145e-02
-3.557740682379201963e-02
6.189255816845749825e-02
4.782754168000698941e-02
-8.132982767514781997e-02
5.275539611177902655e-02
-1.750580219512269664e-02
-2.080621712931679176e-02
-4.343120427384207245e-04
5.514128057471411742e-02
9.751578367879756501e-04
2.055918634962623434e-02
2.162799218555619754e-02
1.274442299586600776e-02
-1.700192658594192746e-02
7.370899582117069158e-03
1.827077092338959263e-02
2.127079610635504089e-02
-4.549441545464892427e-03
9.486673881271870086e-04
-3.115566922010650289e-03
1.150390039618342380e-02
1.664776983735767255e-02
2.016160052671726530e-02
6.370641492856795110e-03
2.317803786836477101e-02
8.292609022683491635e-03
1.185462146611749625e-02
1.063184917459280426e-02
-1.088005200978012406e-02
-6.406736840937255276e-03
1.615807114775258055e-02
1.275032529959953080e-02
2.107808508934624903e-02
-2.378143531386214815e-02
4.091347706665562911e-02
4.180116752727203698e-03
2.004329735254179942e-02
-1.893788387726779224e-02
5.016543946886140026e-02
4.388840227957999801e-02
1.048690588663673401e-02
2.140796819742492654e-02
3.297284764701017071e-04
4.757450174511095725e-02
2.143196763933770746e-02
1.227556966113321768e-02
1.962717827136300358e-02
2.808480503722961263e-02
-1.958204044639377459e-02
2.006889707000745343e-02
1.619511616931586587e-02
5.903416096702890359e-03
3.917196636386970771e-02
-1.321939969015108185e-02
-3.094391491147563053e-02
5.879132304806505838e-02
3.461291571995167397e-03
1.518414086410129968e-03
-8.049152773568872543e-03
3.686146481849721102e-02
3.300608614272013824e-02
3.004584943431434091e-02
-5.657877849962821698e-02
-4.100601376884182442e-03
2.328789614828423449e-02
6.729290622708992975e-02
-2.067995840097924809e-03
3.300866402829987639e-03
4.842908072558244070e-03
2.162493083845800149e-02
2.699164951488088049e-02
-4.687196586881145488e-03
2.697627948030613051e-02
1.451031528511154307e-02
2.837337277386824813e-02
6.784535362281862020e-03
1.212463253612197298e-02
-5.538659391210462926e-04
5.405868132899903193e-03
2.713576749453042516e-02
-6.847548186417281094e-03
1.108038994005666397e-02
3.461966781267509369e-02
-2.255389576520381439e-02
5.933786137305517572e-02
-5.731156373231380101e-03
3.894888687718027487e-02
3.281740538806680180e-02
-3.065111956024600681e-02
4.290627878260937916e-02
9.736346233874563702e-03
5.467034983384403551e-02
3.800165018662557403e-02
-1.718126580025618882e-02
2.844741706013066695e-02
6.298870137549429128e-03
3.933712278188527395e-02
2.570167057182595055e-02
-2.307207417457116105e-03
-6.961221717498321249e-03
2.281177237581732964e-02
4.705792790850656798e-02
-1.694012573257015764e-02
7.205351503939772320e-03
3.914132343200279682e-03
1.740536865017619853e-02
1.079875180680588131e-02
-1.322474900995278084e-02
3.757136363741907931e-02
9.347771807171355307e-03
-2.120136515291955528e-02
-1.361150234080764354e-02
2.131938046135198675e-02
3.035057944371409924e-03
-2.086493709355137505e-02
5.293895991862438560e-02
1.524423061978411563e-02
-3.305798878079350966e-02
3.732056177120175733e-02
1.179227387622203659e-02
2.052008099074866670e-02
-8.782937617956615775e-03
3.052163391316529972e-02
1.348135671475747706e-02
4.643229889922268622e-02
-3.395270770403510663e-02
3.106968280312595240e-02
-1.264041779297322803e-02
5.225090286121894523e-02
-2.797544288573901999e-02
-1.377612753452585759e-03
-3.972912663221871837e-02
1.677118201272925074e-02
1.120775142052082840e-02
-3.449369217861889859e-03
2.171913558086766005e-02
-1.767763912534233220e-02
-1.317277581311782422e-02
2.461337294985677451e-02
2.963570334412482521e-03
3.024626006718097310e-02
2.201805106629559430e-02
4.428435081821341032e-03
3.841285228347981334e-02
5.833016157716188616e-02
6.258378393988094091e-03
-4.156247892436578523e-02
9.635823454963053647e-02
5.961032760160288324e-02
1.048441630470924035e-02
9.442406305718013815e-02
-4.369551490543154698e-02
-3.426894675627762538e-02
-8.485534025508799372e-04
1.441233834493558727e-02
4.173121069406617034e-02
-8.529013908005903324e-03
6.335517150393951691e-02
1.261607780211386823e-02
-4.765106906712497474e-03
-7.467150173853843997e-02
9.833949899957128427e-02
-6.751159545027965447e-02
7.455883569806219524e-02
3.230771957733635097e-02
1.371105860422465114e-03
6.699904579394096518e-03
1.070193971976977736e-02
-3.096537707995910757e-02
-1.881773266937605132e-02
-6.213976297473346871e-02
1.760895852723620703e-02
6.731561467292009049e-02
-3.878596023335089543e-02
-4.625234418455806407e-02
-4.141087429610577908e-02
2.222119694708838897e-02
3.562545488469279903e-02
1.326335436293571771e-02
4.202545209852048130e-02
-4.910225851008029503e-03
-6.221623498928636163e-03
2.430935620324137236e-02
3.695711881961488698e-02
-5.615303598148834591e-03
3.075550094572294252e-03
5.853466200277043091e-02
6.511590186684967224e-03
3.786819745014416427e-02
3.081855449030731359e-02
-2.739675242954842799e-02
3.085901663049357702e-02
-4.865213746794222471e-02
7.537059477037920396e-02
-2.858762908930804689e-02
1.665477038011246858e-02
4.305363178317127282e-02
-5.894327490521517054e-02
9.580853156059050690e-02
8.161124858276577049e-03
3.110283985584311878e-02
-5.604818634762239425e-04
-6.577103116277806770e-03
4.334721498813488838e-02
2.979060094028492672e-02
-2.950125372131620627e-02
8.038440109651209808e-02
-6.702819495135575734e-02
-7.944560646090713732e-04
1.277694632025923593e-01
-8.814800204817399565e-02
4.295174613598246038e-02
-2.055386984333939723e-02
2.351480955984882812e-02
-1.764361998957564293e-02
1.354669274577964544e-02
2.576286689002350166e-02
2.433068834301344019e-02
1.811217616103349623e-02
7.606164588059574627e-02
2.722104697243264010e-02
-5.456904657423582161e-02
-5.987651058442517576e-02
-3.969759952811530157e-02
9.034835020733245070e-02
2.019754921336487652e-02
-1.582857746574452967e-02
2.566851290858805992e-02
-1.746162111394194277e-02
2.799305526068849789e-02
-9.337768714224248950e-03
-1.203749881300458617e-02
5.259282284527665163e-02
-6.169181853321934611e-02
6.347692942407380523e-02
1.595910476219750129e-02
9.963593189181415080e-03
5.854565348359749843e-03
1.843354610825589934e-02
7.468622121689461046e-02
4.576978984190772926e-02
2.882110024368916834e-03
1.027641334870993267e-01
-9.319628456814603445e-03
1.058642701031637517e-02
-5.411951334948565673e-02
9.363384189764178966e-02
-4.930551203410443034e-03
2.414994802899671916e-02
7.505152273296014642e-02
3.517267608399043261e-02
-1.146598959872219964e-02
1.500636373386095845e-01
-7.638356084597013040e-02
3.677451241581730645e-02
9.005421027958766811e-02
4.687124686912588073e-02
-1.236802322563745893e-02
1.789875960593389354e-02
-2.069421433381240377e-02
-1.368310173420974121e-02
-2.985155532366499248e-02
8.603299352306056913e-02
-5.492529637099644729e-02
4.852536181567101287e-02
-7.748114241246965850e-02
-3.143837923337999135e-02
4.692756884059109956e-02
9.234832247992315335e-02
-4.946146817489825015e-02
4.049941836059960457e-03
4.433535138553329133e-03
4.068843987299619602e-06
-5.389894246413912821e-02
5.114904057231391132e-02
-8.466665100494577545e-02
-4.428254489464102800e-02
-5.369809703091926387e-03
-7.031846266003843882e-02
-4.336397748718805178e-02
6.158760901527829401e-02
-1.277960717107341493e-01
-4.240510970304973981e-02
1.677143534476351755e-02
3.157217956463752306e-02
-4.416828134718191884e-02
-4.525726334843539755e-02
-1.470990869974968945e-02
1.664399991985874780e-02
-3.183736507585633452e-02
-8.148700504648791546e-03
-1.072313981608254418e-01
-8.766427705711460350e-02
3.857112764508716096e-02
-1.016726981955231625e-02
-1.169977151979214591e-01
-3.352200906498144922e-02
-2.713261833596606470e-02
-4.628952746806223179e-02
2.495308737690009326e-02
-5.639220331747750448e-02
-5.814388345860507096e-03
-1.368791179577354411e-01
-2.004770621804484107e-02
-8.878576702292745315e-02
1.669227114557687158e-02
-1.389351556492843809e-01
-6.036426533228309022e-02
-3.712385803102014048e-02
-1.093575816262555567e-02
-6.734431725187343953e-02
-8.572227764567519337e-02
-3.011467818121971521e-02
-2.357650792842303639e-02
-3.931834432224503434e-02
-1.108690291237855730e-03
-1.871606654850506077e-02
-4.049563021839491100e-02
7.948057264015992787e-03
9.104409688783428670e-03
-3.383964257766960276e-02
7.316595952939917991e-02
-8.953281688773439759e-03
-2.603755727170764186e-02
8.957611890561007623e-03
2.031690521085809456e-02
-8.206680857803341431e-03
8.454518462672522966e-03
-2.045609913572694893e-02
-1.756876598275198750e-02
2.734640683460920485e-02
-6.324595860267427302e-03
1.540354589799770337e-02
6.943595283360350090e-02
-1.183418537411414645e-02
-8.290784677548809420e-03
-4.461956180562016289e-03
4.125459730382165235e-02
4.788079723883870847e-02
1.722706629001117748e-02
-1.261515729789437421e-02
6.797567319551069132e-02
-5.550926049185703204e-02
4.081876018765070308e-02
1.061130814555977242e-02
-3.074124819081689754e-03
2.906201023546138920e-02
-3.260016838710497883e-02
5.506585799607426057e-02
7.300886899753896743e-03
3.595901577657005001e-03
3.039592358568648373e-02
-4.545991632065385368e-02
1.122204925113880897e-02
1.138307633207758310e-02
-6.654173595912403830e-03
2.943592676145804707e-02
1.151171302433277518e-02
2.484383168776090403e-02
-5.357452021891620508e-02
8.158750500486330534e-03
-2.885521391672934369e-04
3.537460657952699178e-02
3.227509690798852082e-02
3.499952676815921634e-03
-3.589225423337599058e-03
3.055828708994662302e-02
-8.407805728103959902e-03
-5.405523670213308214e-03
1.322393403441558465e-02
-2.152926575623283906e-02
1.420645613558281679e-02
1.355373330752411565e-02
3.604814746641699010e-03
1.038921871906197704e-02
-2.551461654623532818e-02
-2.811014264577391380e-03
-2.617430244550428969e-02
9.471244025515744222e-03
6.466413436600017273e-03
4.401501010066265901e-03
-1.971615795416626488e-02
1.969687030786353849e-02
1.696579998523932735e-03
-1.440498892540641347e-02
2.683487020464474238e-02
6.707165390065129677e-03
-4.359578039737024152e-02
2.180728289630623831e-02
2.904796371010968589e-02
1.185760766589672062e-02
-1.558992987456799331e-02
2.676629458122140384e-02
-4.597995676846699034e-03
1.551872357261194213e-02
-4.030238746396530743e-03
-3.192416204570793642e-02
4.187657903432131373e-02
2.283491269809507368e-02
-1.088636778133643575e-02
-3.764991309201689423e-02
3.641400136470780008e-02
-1.444448520840412378e-02
-3.943634487615356411e-04
1.198811477177311180e-02
-5.421127950829108567e-03
4.389460991742681617e-02
-9.759510283185513554e-04
-1.075307771960438141e-01
4.245519893588879656e-02
8.796658968033736758e-02
-6.044101305244983097e-02
5.105289728604653354e-02
-5.530715466658171764e-02
9.162161468380834381e-03
1.335726671748966102e-02
7.188636384377234886e-03
5.302234646812244850e-02
-2.771105090176024036e-02
3.335876041025573335e-02
2.371743509017686449e-02
-1.575107411244090760e-02
1.274930786692172156e-02
1.850142201760927863e-02
-1.001500265886229833e-02
3.082918559043744400e-02
8.888144448727186217e-03
-4.674787272455506459e-02
-5.325120243585332704e-04
3.647785856424077405e-02
2.680186491015833575e-02
5.585812456018882273e-03
-1.963575302777063880e-02
-7.009234237522085631e-02
3.551046411278366982e-02
4.287514699270088270e-02
6.297138566064619525e-02
-2.966523800271717373e-02
3.460853988350303528e-02
-3.191245881272105483e-02
2.754889081452065180e-02
-2.760658875608186513e-02
4.294066371726364129e-02
1.756531502339328532e-02
3.473919955623985811e-02
-2.338099595607890865e-04
-1.548422249824216515e-02
-1.104034011558317242e-02
1.068951593506022590e-01
-6.653016144937413945e-02
1.375985838272628797e-02
3.923952261584016249e-02
4.075363769862024726e-02
-1.955415262326068090e-02
3.535040134382658183e-02
-1.817499850177745416e-02
6.343804393969799948e-02
-3.996056492314788849e-02
2.108457411967135445e-02
5.197763625348656574e-02
8.849748337245756657e-03
1.086983202562817781e-02
9.725968679140209114e-03
1.736758426000675759e-02
-4.659194781957323728e-03
2.622090556132539857e-02
2.490637954758911227e-02
5.052677907792952477e-02
-2.481989955721348312e-02
4.576317014696126145e-02
1.613201746914691773e-02
3.860438579032049455e-02
-4.092699611893066414e-02
-2.051867129818287297e-02
-5.670789936002961634e-02
4.521879720143553300e-02
2.904842145745653928e-02
1.245034176535288238e-03
4.864007337858703740e-03
3.819046831049534990e-02
-5.491720572766845693e-02
1.951953089591207911e-03
-1.055649327802967406e-02
8.981976250031403763e-02
-2.204623359844140248e-02
-1.173184927766372440e-02
3.662115766517828191e-02
3.381496660402923127e-02
-2.747005447232173450e-02
-6.273088707462789321e-03
1.392837605364105960e-02
1.200795127305420013e-02
1.424205230669942784e-02
8.646852597527139583e-02
-5.794942185257401929e-02
9.411000143937314419e-03
-9.140018723591080904e-03
3.632187630999235417e-02
5.733995387160775725e-02
7.982082759873694935e-03
-1.905432180329584557e-02
-1.537382310166269389e-02
-1.677580760031888467e-03
4.378375243078982959e-02
-3.516931535031734418e-02
-7.447966137302806933e-02
1.330321837224637538e-01
-8.797759648960545853e-02
1.355195271222083518e-02
3.411115702981713099e-02
-8.427307883227638796e-02
5.707691813935853592e-02
2.122780089663112157e-02
-5.398937604365518228e-02
-8.473720858837182485e-03
2.619915655243233721e-02
-1.888875803074650112e-02
1.264329143982018816e-03
-1.716647051098687399e-02
-1.163157246546358756e-02
-4.234194016171290154e-02
2.028371836259745820e-02
-3.166162892333258122e-02
-3.588371908450941478e-02
-5.678109562981590447e-02
7.147043070175826407e-02
-4.127936265127717108e-02
-3.807956066231487496e-02
-2.916633051666360499e-02
-1.500813404188000924e-02
-5.195819311238659977e-02
2.628042168077094481e-02
-5.365952988033187432e-02
-3.247151300223523329e-02
-1.286331776716415076e-03
8.146833211194873248e-03
-1.808943792235314513e-02
-1.292949911569283572e-01
-1.176175214720121161e-02
3.082597740758712471e-02
-6.669290740306049736e-02
-3.573135472037392013e-02
-1.042394898618318744e-01
-6.920999271552395748e-03
-5.054650598523900695e-02
-5.078335141072301551e-02
5.920035933284235191e-02
-1.117533030799417945e-02
-1.060782007710953240e-01
-1.613393214042033869e-02
-3.042546764039121693e-02
-6.960214132828551614e-02
-3.839997191557423944e-02
-1.036002488888347617e-03
-7.832819288194615981e-02
9.710841685107199361e-02
-3.856530781042877970e-02
-3.692138688675868086e-02
-5.850145785678351890e-02
7.098621954598620040e-03
-6.881697192057656398e-02
2.161798066427374210e-02
-9.677775571334083782e-04
-3.877423567697604878e-02
3.568849645142157384e-03
1.025329272161580596e-02
-8.389045910900456982e-02
2.383530290296237419e-02
-2.420981416894864638e-02
-9.092267190122345355e-02
-4.134417198828285039e-02
-3.489617850919376346e-02
-2.595731991610737352e-02
-5.783488663687162690e-02
-1.303357347944873561e-02
-3.748346746693222847e-02
-2.456606395575615387e-02
-7.219925896259294512e-03
-7.095948063079379753e-02
1.320918110416405625e-02
-8.219671247380641588e-03
-4.269780313611472658e-03
-2.718793299196627794e-02
-7.627585491229627382e-03
-4.184244014398758038e-02
-2.187441318713264152e-02
-4.093934378683354580e-02
-1.553323298633997943e-02
-2.832830037917738464e-02
-1.085171030781904508e-02
-4.033248301429345067e-02
-9.931509159230933817e-03
-3.898647467056232802e-02
-5.204478672046949916e-02
-1.813328186515239873e-02
2.814662970769680334e-02
-1.249539988910551569e-02
5.679611906902536089e-02
-5.519021994441094398e-02
-1.587163978987876992e-02
2.673573137282943268e-02
5.372168526332703198e-03
-1.005025150425617464e-02
2.316152652428491929e-02
2.292256607142820896e-02
-4.302426956676293213e-02
4.819761563302425722e-02
1.051097478971465410e-02
2.871987519116900658e-02
-1.096327061056745836e-02
2.521652690968900420e-02
2.548990048610569326e-02
-5.674419960498612928e-03
-2.599787629832639273e-03
3.079580516507051530e-02
-1.079466753394591784e-03
1.914799176985693130e-02
-7.913773424632713355e-03
4.326222435177148190e-02
-2.609032791791812342e-02
-1.040130285904999723e-02
2.508703492688742209e-02
1.629853866649466285e-02
4.321494021115345613e-02
-1.074225463540880859e-02
3.787333229798721390e-02
-3.648118379627457615e-03
4.475260965298202831e-02
-1.804238925572196253e-04
-6.658152450299544695e-03
2.727747252939702327e-02
-1.768331301235204905e-02
2.162156116377990378e-02
1.291930533793147172e-02
-3.758547642479536689e-03
3.218306088867357168e-02
1.725751681377572094e-02
-9.810262089697829174e-03
-1.194614450701078634e-02
2.266049443265415533e-02
-3.554586805799551247e-02
2.766303819649438070e-02
3.285723590068336669e-02
1.764596217986855523e-02
7.340394517177523115e-02
-4.059036586323454959e-02
5.470080571392180180e-02
-6.537585455894202868e-02
2.448810598846321018e-02
-1.644173693897920188e-02
-1.960726660937525331e-02
2.852176628889971713e-02
-1.398600330069203930e-02
8.017511374439150428e-04
-5.716726882929019926e-03
-1.819263885042879739e-02
4.350197784172062099e-02
-2.711343627564853295e-02
-2.439020736538821676e-02
7.409046818174781779e-02
-1.781447965958151206e-02
1.966097623683073919e-03
-8.714519457848599049e-02
8.469291521018412761e-04
-1.929324080984934700e-02
-1.249087280181566117e-01
-1.006855439961530235e-01
-2.462914706715741905e-02
-4.468770286846157624e-02
-1.366648906486530868e-01
-4.127527067877545530e-02
-8.761645490244632239e-02
-1.780373614334566923e-01
-1.237499269644936339e-01
-1.073407948884255586e-01
-1.533009472068710966e-01
-1.282005966150513154e-01
-1.525837164352177033e-01
-1.571462813283595050e-01
-9.875178458667577264e-02
-1.847302441449718280e-01
-1.532333776457651398e-01
6.020369171716061923e-02
-1.249062652458278189e-01
3.096993734286142622e-02
-3.755722304230688785e-02
-1.572781032440676019e-02
2.662325248763839844e-02
1.204351253147876305e-01
1.859140684447138647e-02
-1.222629450724312637e-02
5.807891887875930468e-04
2.280298202350605069e-03
3.797114146354884506e-02
-2.150286216079897589e-02
1.613676348669412786e-02
8.276128377094080224e-02
-6.206373435027658265e-03
-3.396268928253815683e-02
5.468503712935452593e-02
-7.102895110416049262e-02
4.566638149106932304e-02
5.034776806604974314e-02
-4.696902401665392114e-03
-1.380671188487464160e-02
2.642364532737092112e-02
4.314588242740000079e-02
4.193405687349404699e-03
-3.742220472294281036e-02
1.303939250230418123e-02
7.302251696682053594e-02
-3.864153419078356771e-02
-1.816151401047081532e-02
4.451642576534457080e-02
1.768002883809407025e-03
1.230931660804186409e-02
2.898587838759508067e-02
-1.863103694845579666e-02
1.640867874582855809e-02
2.437562327534275111e-02
3.300005876924535370e-02
4.172634426036830185e-02
-2.257934517902574281e-02
-4.680664157911411556e-03
1.317286943060526523e-02
1.611098277811059964e-02
-1.650973332093586335e-02
2.660989026640130442e-02
6.563560318057652665e-02
1.219592599625772024e-02
-2.726372291832111772e-03
-3.853270631154646561e-04
2.401127005864696698e-02
4.579567586773684862e-03
5.579371499189817590e-02
-3.342742081075331106e-02
4.240644436301319042e-02
-5.098457147081730811e-02
4.360137140880839673e-02
2.601943186547643443e-03
1.460114010198427202e-02
8.654457507771051716e-03
1.042738265061725345e-02
2.042007952642702073e-02
1.944261707198691527e-02
2.797756542581560091e-02
-3.553076592718145549e-02
2.481575104514355604e-02
5.473881112222508949e-03
6.546173467139398960e-02
-4.494761899907524089e-02
1.185680878119139102e-02
-1.952136769492211418e-02
-2.269336130641129781e-02
4.324764044792488160e-02
-1.059116585055370173e-02
8.523321218476910544e-03
7.921694574770369495e-04
2.063799844560454053e-02
9.686149255652701934e-03
-2.102409699226294101e-02
5.515542333027125682e-02
-2.324978198214650710e-02
2.295687568722440397e-02
5.470209101295759463e-02
-4.250192301641433044e-03
8.657550082215392448e-03
2.289341911784182823e-02
3.371345390375261181e-02
3.818233530127385089e-02
-4.874157932030393457e-03
4.969019603440190391e-02
-1.870611845426900163e-02
-1.071143079554785944e-02
-5.479722131296211121e-03
-3.009019178298069641e-02
2.626423999692466954e-03
-4.361311571114964702e-02
-6.226978406169709351e-02
-9.711016198108184116e-02
-1.186121821986793612e-01
-1.079320125173009459e-01
-9.995746774739122653e-02
-1.083798641266836560e-01
-1.295308311176614768e-01
-1.881395349287472984e-01
-1.537180906753391474e-01
-1.639403541700772127e-01
-1.679080611641249887e-01
-9.689132003568315388e-02
-1.155416569399304871e-01
-9.473501910880957610e-02
-5.380867750567454311e-02
-5.257405132332140796e-02
-5.201180827576476484e-02
-1.082725540668023900e-03
-1.109855860239312153e-01
-1.455945500965066461e-02
-4.166283875327505409e-02
9.758775558522357618e-04
-2.626635442192742226e-02
-3.095727911977660951e-02
-2.408739443336236838e-02
-1.333354423594735119e-02
4.175897202180347406e-02
1.280905194965202901e-02
-1.047596856620379435e-02
4.856455362557320944e-03
2.101202722791939426e-02
-4.169821358345165291e-02
7.294337186515359450e-02
3.413957840594149945e-02
3.658956957703991819e-02
4.194331809042654846e-02
2.924349124334582259e-02
1.792959945345522568e-02
5.056593654732510074e-02
7.092796362443637426e-02
2.001940371950527639e-02
3.216286594035744351e-02
7.669162580717291122e-02
1.031669168002017911e-01
3.173288128486862619e-02
4.139864823711549013e-02
9.911226589566314582e-02
1.078078574985518734e-01
9.390479662373385494e-03
1.266216828292924396e-02
-8.213163354449337650e-02
6.577631046177878638e-02
-9.742700274445481590e-02
-4.424893924584143157e-02
-6.029444640866243876e-02
-1.217602645414914003e-01
-4.591084239344861428e-02
-2.247740070071957072e-02
-6.853269077566777334e-02
-2.802704181424602731e-02
-1.750437149051529973e-02
-9.739738951229369446e-02
7.535129011707202007e-02
-8.863996944159521774e-02
2.017846353570282997e-02
-1.436832099162919235e-02
-2.579750399298897517e-02
-2.278196996576080727e-02
3.225084280504562223e-02
-3.601325576748939244e-02
1.388898256289827771e-02
3.297816244205346858e-02
-1.220434613615881039e-03
3.637021483946530683e-03
1.076904838759228100e-02
2.172404373492266630e-02
3.778665510259747711e-03
3.290119416489884017e-03
-2.293130629363422050e-03
5.030474067429118595e-02
4.732237905683427809e-02
-5.964636351881448528e-02
1.682742020703091243e-02
1.466346319714017729e-02
-1.073168238537399941e-02
5.891983994128354579e-02
-8.613706837650843273e-03
1.897286222073130482e-02
-2.210134380660291366e-03
8.252908116320682025e-03
1.927849537231043561e-02
1.259601146640691380e-02
-1.671385201384184907e-02
-4.152561479398079319e-03
3.408432218867350760e-02
-2.095810763881569838e-02
1.488265739779191799e-02
7.474698259513182230e-02
6.076731592551301575e-03
-1.102677672787954078e-03
2.440771481455441747e-02
-3.681753486424923366e-02
3.644756275724505418e-02
-1.204394319653950655e-02
3.925839047274426452e-02
1.012190415777908942e-02
1.483052122346117246e-02
2.504100789747272168e-02
8.694029835199920328e-03
-3.462414863018171973e-02
1.421782356256511524e-02
4.375661330763777612e-02
-2.101703316995923165e-02
-3.590144233028239734e-02
9.133114693054111832e-03
2.473691532820517652e-02
1.734287391599280415e-02
-2.595342505046507181e-02
3.105519742476040707e-02
-9.708332146243532981e-03
4.753433893807145535e-04
-6.572431250132661218e-03
4.163617822763326232e-02
-1.972220161663603560e-02
-8.384879367311680667e-03
1.895682132209849241e-02
1.046303310015723326e-02
-3.728724325769702547e-03
4.580270010008652415e-02
-9.060800777898100899e-03
5.485779990557176217e-02
-6.569008032834685804e-03
-2.513133987772866659e-02
3.089166746047474973e-02
4.266425716582306765e-02
-2.562640768221676607e-02
1.312438197052691671e-02
3.595865450122658069e-02
6.925642553646913988e-03
1.572363800477944926e-02
1.484241752346771720e-02
4.632078859087306738e-02
2.010746880383785292e-03
1.460424542270754265e-02
1.700776935637268034e-02
2.114934076698723325e-02
5.685811086292710814e-02
4.305359352289908625e-02
-7.956341565337875926e-03
1.681466517481491202e-02
4.612037742653824629e-02
4.859696503274591600e-02
-5.467553618702977736e-03
-5.665668898282327434e-03
5.366499522307884712e-02
3.510589335497165536e-02
6.448457534218066112e-02
-3.044167644943447659e-02
5.480347052071134900e-02
3.039376150382616312e-02
4.024373858654740205e-02
2.417422459299167076e-04
6.308690369284368493e-02
-2.640634751264723384e-02
1.831135940710297214e-02
2.548585097450535575e-02
4.945701637557403663e-02
2.359065668962696816e-02
6.395988368678388880e-02
1.836662244282559128e-02
5.056221826179969209e-02
3.915294185946337907e-02
4.955699834133207859e-02
-4.886916708192442019e-03
4.875757028866360004e-02
8.167791589570237709e-02
7.930700965755856091e-02
4.653643705209589004e-02
2.413153742768919113e-02
1.494763708205029129e-01
8.609140163534555190e-02
1.012360835090993505e-01
1.022594672092232981e-01
-1.944681328848864299e-02
1.958225572569236017e-01
1.640574626467043717e-01
-2.669664274279263949e-02
1.360313927978047954e-01
3.580397396660280063e-02
1.251012190473831942e-01
6.914809644757090312e-02
8.827271303784486878e-02
4.473077500912227278e-02
8.525075468099277409e-02
4.397918302728944656e-02
-1.080183237956818497e-03
3.095265320094705425e-02
3.116914835770050966e-03
-6.846515667047935183e-03
5.972250735578638059e-02
4.985968748574116233e-03
8.141906137775985902e-03
8.874005242313170311e-03
1.223839684194413455e-02
-8.541770764837045005e-03
-2.265237735627024032e-02
2.116515915623674859e-02
1.589418332006538315e-02
2.598901386410232273e-02
-3.461465131927528999e-02
-7.179901110263321728e-04
1.448863263432684408e-02
9.387629980787025319e-02
-3.314870484616382756e-02
1.401140227616076706e-02
4.449320835537309143e-02
1.694263923840389624e-02
1.203464371792663939e-02
3.866288073395130614e-02
1.915894133564489260e-02
8.610479233185525105e-02
-1.033844078485489718e-04
-1.337707596187993550e-04
-4.268140562908116081e-04
8.526461684245653649e-02
-5.948964884309113771e-02
5.507268378984690738e-02
1.865670848346923354e-03
-6.734653236368107546e-03
2.970728986558028931e-02
1.385505579149651570e-02
1.924875705035137413e-02
-4.772913922946900311e-02
8.940104463206569388e-03
7.610684659923482032e-02
2.218719744792349569e-02
2.339356485798828322e-02
4.132831941499882922e-02
4.122759336159276949e-02
-2.386670095458487406e-02
-2.896399508863883865e-02
1.608974850094131714e-01
-6.557568265946317650e-03
6.673455215736205648e-02
-5.645050804195272942e-02
9.419866436583718139e-02
6.403178311909166198e-02
1.609737388348342693e-02
-3.322289211774948070e-02
-4.425928258370728785e-02
6.689091721899817489e-02
5.285042500712793488e-03
3.169181799050217740e-02
1.435218727498192848e-02
6.976132169526638727e-02
5.579797797958938044e-02
1.727900939790917578e-02
1.006676413705717976e-01
3.918406010129799055e-02
1.332405339091759788e-01
1.400021224126498098e-01
-1.635858094376585470e-02
1.045456961848005573e-01
6.029958834460603934e-02
1.475757669222055313e-01
9.716878484436518304e-02
8.244691990914318480e-02
1.434719396437186267e-01
3.346636883335731005e-02
1.537949404187286817e-01
4.622529430775532133e-02
1.237738106680542488e-01
1.365815041356371329e-01
5.390488094239391514e-02
5.729038900629057629e-02
9.786521051647970038e-02
-2.008493944492481531e-02
1.242064911268583316e-01
8.640268963437661154e-02
1.233525407431619036e-01
-5.841239565524081190e-02
1.090007039571607578e-01
1.361710241749055847e-02
3.136235581516372273e-02
4.705227132205606899e-02
3.392353638293025414e-02
7.451198216745000269e-02
5.710017830626767932e-02
2.564311612986046665e-02
1.743532779378908701e-02
1.382167784484575335e-02
1.471234783049913952e-01
-5.249361226363367938e-02
7.988155678619523678e-04
4.543625922630633272e-03
-1.051322924876751941e-02
-2.473384968637525397e-02
-6.702852788275769080e-02
4.315684530536226943e-02
-4.721088751590851035e-02
-2.966215425177578385e-03
-1.927923416494888714e-02
1.015996504333488010e-01
-1.388639501635539342e-01
-1.753044147121365914e-02
1.078193551037738389e-02
-6.053280740850927599e-02
-2.703946743108884970e-02
-5.342277668969409865e-02
3.383096310742859936e-02
4.484133273885582138e-02
-6.517997947403550429e-02
-8.592986907986004466e-03
-7.163611755569734840e-02
4.097290822778071329e-04
3.209040627714857680e-02
5.629234878730855762e-03
-8.697588404588313393e-02
4.892596040989407452e-02
1.394201371692106034e-02
2.428493282730801329e-03
-1.803389217775887982e-02
6.275647730132831448e-02
-4.904990648715594828e-03
5.022447818785556045e-04
3.775586968628525525e-02
9.520837204867391157e-02
7.620114659344923158e-02
-1.756416828176623340e-02
6.429933895934561439e-02
-1.997434918971560322e-02
-1.830247431805727409e-02
-9.754825637620398449e-02
-6.743460583128901842e-02
-4.056274217613545230e-02
-6.728007697964662887e-03
-7.657739043953407099e-04
3.484998142520719100e-02
-5.159767009303638241e-02
5.655272322163226728e-02
-5.626603509296539823e-02
3.476864934676000135e-02
-6.653029704442561983e-03
2.288609066707577439e-02
-2.884250695018786281e-02
-2.210726185794232093e-02
2.950051130494934712e-03
-2.744293408432627729e-02
-2.015920880694885634e-02
-3.459118169240655433e-02
-6.918325144688256510e-03
5.957532490527930880e-02
-5.058353009155713842e-02
-4.270681547685808294e-04
2.531924375283173961e-02
-2.716198779261760551e-02
-1.701824850937692230e-02
5.049589430187795963e-02
-1.928081804352681228e-02
1.595402615849116426e-02
3.106323193773467828e-02
-5.109177293621133820e-03
4.939597216723481260e-02
9.640194984343795903e-02
-9.754282601490259913e-03
9.046927374085927953e-02
7.257440558895576765e-02
4.644748703455245376e-02
1.582212954341493533e-02
5.881744386326186180e-02
7.419848807779507935e-03
3.603893721743633982e-02
2.209787690431624929e-02
1.047654636475379292e-02
7.201575192390629460e-03
1.925563997513143888e-02
-2.725903618892513633e-03
7.212795728094602288e-02
1.105942970354010790e-01
8.562420341936939627e-02
3.202534712097730024e-02
2.659152088540031600e-02
1.780291198987861701e-01
1.065284731703933369e-01
5.311949625684708742e-02
1.138415342667947888e-01
1.710598853162372812e-01
1.575183353084684545e-01
1.286610849095072007e-01
1.954352703841992778e-01
1.123705040654245091e-01
7.202293799686315667e-02
6.442219051508712990e-02
2.062868132741288996e-01
-4.800384456879466799e-02
2.086362721302369994e-01
6.346053879433721789e-02
1.316987154966799134e-01
1.352282558489417419e-01
-1.085919813600822736e-01
1.353466999575437535e-01
-7.665015062534868973e-02
2.499005856238002699e-02
2.390889972886882028e-02
3.228127109692310176e-02
1.258947663188065506e-03
3.781463265677326852e-02
2.357369876430284727e-02
8.773447977600235329e-03
6.029026091808212251e-02
1.812376323919066140e-02
-3.389704594161497414e-02
-8.919784028881884777e-03
5.157624394795654738e-02
-2.699821223084162940e-03
1.438065306514017538e-01
2.375940733237544289e-02
5.008695872989554071e-02
5.552083031654714285e-02
8.814083542911430036e-02
4.258017114408188530e-02
7.869370031363980000e-02
1.180221082055299964e-01
6.599164462675903564e-02
1.192410999104952934e-02
4.902317701582247639e-02
2.937764841542934990e-02
7.139813916989522224e-02
4.126008234408064246e-02
-8.971305076513648447e-04
2.212024088152390877e-02
2.267776570525811830e-02
2.529686779370482475e-02
-2.366621458232155521e-03
3.887431722947237017e-02
3.873396770477487670e-03
5.702745281640109187e-02
-1.359257562666838642e-02
1.234325040149076777e-02
-3.701968935289360468e-02
3.412034959689537461e-02
-5.300584940737896461e-02
-1.410958342596167064e-02
3.648750252984060694e-02
2.397389989247373371e-02
2.559260565414158903e-02
1.572830762017249362e-02
2.564676053902263664e-02
9.243590395087650236e-02
-2.785428759718893560e-02
7.582155670635458422e-02
-1.366710427577908643e-02
2.481769433129768498e-02
2.628633283803905735e-02
9.987324636102863640e-03
-6.795391119602381402e-03
-1.700112975074205557e-02
-2.258382063573957654e-02
3.175160689875417691e-02
1.427232809912050426e-02
1.525844922238582882e-02
-2.549994222635181690e-02
-3.920986083981630246e-03
2.081863516301417708e-02
-5.467811196036959087e-02
4.013392626296716226e-02
1.304663574202880386e-02
-1.036403907263324167e-02
-1.514262973303598901e-03
1.309994181690875628e-02
-4.459486132822340285e-03
4.194253801916102142e-02
-4.228201550991373542e-02
-5.454057473600217205e-03
3.024980998641269361e-02
2.169744500847803001e-02
7.238657303599905536e-03
1.174889769839287598e-02
2.343888542160243310e-02
-1.624005955765331702e-02
2.004327031355796970e-02
-1.124813261962581343e-02
-7.972991515843819502e-03
1.396175052609777839e-02
9.823607605877663837e-03
4.440168697380404011e-02
-6.866956792909008345e-02
8.017116474325301778e-02
1.548167775875628968e-02
-2.968786484526503289e-02
-6.582505282550121968e-04
-1.282680499983076573e-02
2.075650991071972123e-02
5.324534457527221876e-02
5.235418935552284270e-02
-8.154933315354528922e-02
6.705492353657437066e-02
-8.479085798145203495e-03
1.634057507272591303e-01
6.310652519241136127e-02
-3.638263552559248271e-02
1.422737644820825098e-01
1.273375013656055828e-02
4.836976165112565063e-02
5.152155666373151727e-02
5.901399993540888678e-02
1.172242510657520720e-01
1.282232620388256139e-01
5.682201707000299196e-02
4.519850822035993698e-02
3.417700325109711973e-02
3.304496117912047309e-02
1.183520289689037608e-01
3.728769221067324696e-02
1.160952750778147802e-03
1.195058365952656187e-01
-4.630665867433042884e-03
3.966582811211889770e-02
1.182761499111463152e-02
3.693639950186036053e-02
1.120040173787173049e-01
-4.632088772396366488e-02
5.532758110617374409e-02
-7.061163045282149199e-03
8.533484648851842602e-02
-4.304640559429450536e-02
-7.640056582284093442e-03
1.463127227089976862e-02
2.233511980241527708e-02
1.269707058452730630e-01
-3.895569150188580437e-02
-6.716422454793342933e-02
2.736062659069010347e-02
-1.348221400199360251e-02
-3.677232134408923298e-02
7.592782079958138031e-02
-6.367081862030209150e-02
8.138000745641969791e-02
8.576936559766150381e-03
2.598642458070376388e-02
-1.515416973545048208e-02
-2.685033112712276529e-02
-8.422023678492103482e-02
-1.381579312766094414e-02
-1.629448449853874992e-01
-9.840852263856358917e-02
-1.308941711482649040e-01
-4.162962043533510736e-02
-2.319897181241012407e-01
-1.549604273305263402e-01
-1.064430845701210271e-01
-2.697065799942274245e-01
-8.505256173203444570e-02
-2.017132332741832790e-01
-1.586320169544061798e-01
-1.437996517775366745e-01
-2.543010243753273114e-01
-2.193139240558011349e-01
-2.076609127174152691e-01
-2.631136295338677988e-01
-1.129007751692453210e-01
-1.999969953415317026e-01
-3.670667540762735659e-02
5.941140408340182116e-02
2.416223596486460554e-02
-2.889201451080443753e-02
-5.492630783269541322e-02
1.933217817342218481e-02
-6.377202131514042929e-03
-4.947353911940756410e-02
1.012039215664226575e-02
-1.956731436298124460e-02
4.504692925329313591e-02
-5.116727141898600242e-03
-3.082915631475995760e-02
2.575773651149900617e-02
-3.555773563863315768e-03
3.656321062194928945e-02
2.496150666592557299e-02
1.254629155544547021e-02
-2.389158233491597491e-02
5.626937796758656879e-02
1.943209817240589346e-02
-1.911462448429520136e-02
-2.135615671476188623e-02
5.692327461793374177e-02
6.228609047306659860e-03
7.150213210893795190e-02
5.735564617629050621e-02
1.875249198681554208e-02
1.407354015943826087e-01
-1.146372768700484185e-02
4.941735485227050084e-02
1.570602628211121843e-01
4.518273050706138327e-02
1.429051618393153700e-01
3.155829978154227333e-02
1.027251304751219119e-01
1.692367588575523218e-01
8.364481866701156676e-02
1.112641988676417448e-01
1.000318540217212948e-01
9.962541743075636891e-02
1.908294015765796825e-01
8.627606399811059423e-02
1.340799259134189958e-01
1.012565669771325616e-01
1.410016252753483745e-01
2.368898929614363102e-02
1.346741005217780562e-01
9.595891606848364064e-02
1.001680878280465925e-01
4.214667313410830340e-02
5.320936013629742889e-02
1.131924655811374775e-01
-2.058393791796208835e-02
4.741527880368396480e-02
-3.668034577721091156e-03
4.148900239531838618e-02
-8.714606758507284501e-03
3.709144159751148750e-02
-1.003847177561206436e-02
9.106486277677225839e-04
4.637712084040971489e-02
-1.773279378046989027e-02
3.895180170513430629e-02
8.714484655083317224e-03
1.094198749905390955e-02
-3.057953146393167440e-02
-7.338327173231646433e-04
2.247048220593391918e-02
1.965752217740315833e-02
2.268329518622178714e-02
-2.868391790651700357e-02
2.771925034505186985e-02
-3.638814478691405289e-03
4.665015436904057511e-02
-2.324617921382425914e-02
4.891877481698925223e-02
-3.707211099969365264e-02
3.188034720946048700e-03
-1.602143871568454661e-03
6.630587600080513344e-02
-3.192663714787625368e-02
1.849448365393525223e-02
2.724292601394796148e-02
-3.697061577463871263e-02
6.893043557017317080e-02
-2.944426459141160843e-02
4.009060381886864893e-02
9.249397283866344840e-03
3.175091494494793054e-02
1.240884983681280959e-02
7.451944067542952410e-02
1.584974556228459577e-02
3.128675778967433818e-02
5.713967014422680762e-02
-2.447044113544137242e-02
5.119821175941319247e-02
1.386195433052217658e-02
-1.141577245101788735e-02
4.790278188685195143e-02
1.597780220834245715e-02
-1.818064183670090386e-02
2.861715962579123446e-02
-2.341956566984801716e-02
4.698729269932591657e-02
-5.258689054839123245e-03
4.226921905026537890e-02
-4.994457373782992815e-02
7.224899285480337885e-02
-1.592927472978426448e-02
1.641267770100690582e-02
-2.780206495684057512e-03
-4.390293432609077007e-02
5.973599345310491582e-02
-4.217027012728484514e-02
4.321685940883499000e-02
1.881697064816468395e-02
-4.911182517822609145e-02
6.610832167265978665e-02
-1.369045357453534464e-02
1.018218925849987203e-02
3.931690357102993714e-03
1.832535057896302749e-02
-6.038208019014376648e-03
9.811386861270872395e-03
4.637094561386243680e-02
-3.987420080537284334e-02
1.950380790662669186e-02
1.889792715182490868e-02
2.193272851757760086e-02
-2.348591603933588776e-02
-4.011682235778886788e-03
2.450841696589144136e-02
-1.932379153643176695e-02
3.993863739270991919e-02
-1.001291221754975480e-02
1.286745712064306900e-02
1.983273934102970561e-03
7.855420194056302388e-03
-1.528245631776356007e-02
1.256960079554100482e-02
1.022520916483867295e-02
4.607630420492734441e-02
-1.265285334587860130e-03
7.244697244183730123e-03
3.653629559427232221e-02
-5.765297127960295528e-04
-4.633988427418249401e-02
-2.039127602144433921e-02
1.474107492382904783e-02
7.794978003938535238e-02
6.487103285141270978e-03
-6.719504829490530184e-02
7.526354953272672288e-02
5.074395259749221732e-02
-2.518777493991760166e-02
2.326076216275023423e-02
-2.820540703666932214e-02
-1.063924393177121397e-01
-9.778662062880527639e-02
-1.128390910905754385e-01
-1.117137320948024953e-01
-1.475811928908426773e-01
-1.359717481480053614e-01
-1.106156512254642260e-01
-2.325448570496769229e-01
-2.058825404763355849e-01
-1.459880257878356513e-01
-2.267105464963912187e-01
-1.603914042425530762e-01
-2.075544776406191561e-01
-1.973171665992593526e-01
1.706919670854304544e-02
-1.056504663811959899e-01
3.411185849393972430e-03
-4.981446853954270282e-02
-6.785097733340285375e-02
-2.574642037984582743e-02
7.974892715183823366e-02
-4.207276888360445694e-02
1.677500391587220113e-02
-3.486190279000579012e-02
7.245709930883850736e-02
-4.305665255958630172e-02
6.056880833388966073e-04
2.069950607555819111e-02
2.791557706272399658e-02
-4.761131423611979219e-02
5.085839103593284977e-02
-2.360150888056212690e-02
2.027541407678319987e-02
2.608500264696733684e-02
-2.002872988161676429e-02
-9.667399147795302169e-03
-2.607640028606551634e-03
-9.106959771842844387e-04
-2.201070924394031569e-02
5.472660317221075821e-02
1.394315773578365131e-03
-8.955551284330311645e-04
1.692733776471826374e-03
4.968156714092702986e-03
8.842800192225207592e-03
7.786733004391507840e-02
-2.508545103283850095e-02
-1.317673092813307842e-02
2.092090885226939243e-02
8.624906463205225804e-03
7.890417430377501262e-02
3.688246265497811816e-02
9.008802483469953090e-03
1.541752136791410197e-02
-9.262677016149969966e-02
4.127164086931649906e-02
-4.775397880083738500e-02
-4.729270135743333242e-02
3.177187857736730320e-02
-1.840706624131722285e-02
2.207613834163803593e-02
6.831028339731755328e-02
-3.213914759254640763e-02
-4.530799052269955662e-02
-9.804655579445925584e-02
-1.089762893621417511e-03
-3.231052831445180989e-02
-7.731639034989790105e-02
-2.499443452165000384e-02
-2.641147039511160255e-02
-1.709185498379402895e-02
-6.097866580946199183e-02
-4.676204805987214941e-02
-4.239994790152187831e-02
-2.807378241928843582e-02
-1.651373058526049015e-02
-2.730128130920870394e-02
-6.017442327695316645e-03
-1.396841670409344413e-02
-1.483436944931325156e-02
-9.138587638849494238e-03
2.160314461167485694e-03
-1.857957973946062352e-02
-2.411076281807266602e-02
5.253813569413238321e-03
4.153679507247566571e-02
6.736283764064585067e-02
7.358092034824353575e-05
1.735556495147745626e-02
-2.063991051630853849e-02
5.315701966520756244e-02
-3.257021468480235382e-02
2.361726378385908126e-02
1.374543135604175230e-02
1.093701274318122085e-02
-9.463894013173636266e-03
4.125596915891234506e-02
5.420402025656693296e-03
4.608687719416340589e-02
-2.123330210367469287e-02
7.166199583417931507e-02
6.030410848746045605e-02
2.864878389048240021e-02
2.442928010202594091e-02
9.087687698251950552e-02
1.203344544563651058e-02
4.999769711710773390e-02
3.838556267479228262e-02
4.873669543001241805e-02
1.686970227320723145e-02
8.086530400138330910e-02
8.299448156722646214e-03
2.721807337863504928e-02
-1.941734475601121154e-02
3.475236012271511188e-02
9.945642644767660467e-02
-8.086533433939933901e-02
4.913639694077469311e-02
4.957280197778241720e-02
2.023167431825666565e-03
-3.305197980688904386e-02
-8.760526391586949749e-03
-9.909375548324718744e-03
2.367572815716880233e-02
-1.095592998015975650e-01
1.789432319859070308e-04
-2.438077945469457192e-02
-3.340759396152501171e-02
-5.440578778106226060e-02
-6.702823639510901987e-02
-4.213289216446881175e-02
-1.068633437510599915e-01
-7.343830063087818105e-02
-1.002381925839239546e-01
-1.251707161918601263e-01
-1.226894534665023406e-01
-1.308738694538132130e-01
-1.615569139047432490e-01
-1.084553844122816135e-01
-1.183830819055192440e-01
-1.283902702982903654e-01
-1.644361261966527099e-01
-1.363325926393865462e-01
-6.486381549556161086e-02
-1.586286168924303797e-01
-1.212446655102120963e-01
3.566480227591702773e-03
-4.369248014650675693e-02
-2.819871682623405554e-02
2.443895163393124820e-02
-4.062742656218898407e-02
-1.028046611016935827e-02
-3.927338560086274938e-02
-2.803506008060850999e-02
1.561955753166743149e-02
2.242444747277145666e-05
1.833406360582175154e-02
3.571094972019159958e-02
2.976121228571951272e-02
-3.129794999653628257e-02
6.358305903276667559e-02
-2.546165740942793205e-04
1.704559705811924336e-03
2.945208631864681958e-02
3.172106699600070207e-03
-4.793238986156402211e-03
1.886003528677726235e-02
-1.568462431703002841e-02
-3.186106583739132386e-02
5.213763212994340646e-02
1.323230909781728665e-02
9.373495806710194223e-03
-3.016204702354294276e-02
2.004714756981224380e-02
1.307600739344185262e-02
9.313809219640398901e-03
7.959140432926104652e-03
7.865898578248226719e-03
-3.581103056768599607e-02
2.673634020651006679e-02
2.517002268931474093e-02
2.209116094414285102e-03
-5.771608316259076339e-03
1.572223395059803991e-02
3.715757814996603625e-02
-6.780794860652934047e-03
1.647444481095260149e-02
-1.882170308223416605e-02
2.965240086212542377e-03
3.597039036882268299e-03
6.211946593961670954e-02
-2.498426188480323482e-02
5.518189399417201303e-03
1.657314930609525214e-02
2.049046772188950916e-03
3.373923082137743334e-02
-1.706593578633827657e-02
3.624910059800904964e-03
4.797406023500754013e-02
-2.768998268887665985e-03
-1.637756395561875897e-02
3.426911898597776590e-02
1.917515237375372328e-02
-3.643331059585344991e-03
2.397503631099959925e-02
-1.853151182586657356e-02
2.811381941444315857e-02
9.852158360437934456e-03
3.577944829006287492e-02
-1.804391226714278929e-02
-3.509652087827409839e-02
-9.196437856957692322e-03
1.530540430994143525e-02
6.795573654056012540e-03
-1.445753122859008699e-02
1.933648458904683315e-02
1.453887045393598317e-02
-2.784548974486976414e-02
1.616020698237891767e-02
-3.417354572914826916e-02
3.830893757374371350e-02
2.396915041743196903e-03
2.380533806685105128e-02
-1.283191214205280442e-02
-2.194985507917362674e-04
1.117267717406497315e-02
5.362887965190116929e-02
-2.697092539608829040e-02
-1.775924754254126769e-02
-4.012186876278734521e-03
5.036114201545365682e-02
-1.955441060013260457e-02
-2.367519404547370129e-02
1.372646475983542447e-02
-1.882675556654076973e-02
-5.956706752881632885e-03
4.115025891802479019e-02
-2.681193365458635694e-02
-1.074525299630122582e-02
2.776725230256583271e-02
2.980802601755653397e-03
3.043558408950892621e-02
1.947750481980136880e-02
-3.112704474170427393e-02
1.541998377276015963e-02
-2.966031508343744752e-03
3.736147232410781671e-02
-9.411172757509760414e-03
3.720332626753307392e-02
2.490204835114437007e-02
-1.003238923338690795e-02
2.340876921044401232e-02
3.248457086109975828e-02
-2.767177274699742125e-03
-8.574685127290291664e-04
4.613736418836184711e-03
5.594996181991383072e-02
-2.518036042754146636e-02
3.357365001394421039e-02
-2.700214940543087597e-02
-8.140478669505594664e-03
5.031892916151947670e-02
2.299358940111684638e-02
2.281097481525087844e-02
-4.312092621085576727e-02
-6.197304502447906205e-02
7.875691743826852831e-02
-9.589097803490483074e-02
1.385553069384711650e-02
8.707870606142667502e-02
-3.807253389859119319e-02
-9.670931662476999272e-03
6.564794560722362303e-03
-1.032130367033170931e-01
5.462223753097328327e-02
-2.305313934274871163e-02
3.004575631455586038e-02
-1.014731235981700119e-02
-1.310226191965351179e-02
3.345372129962875113e-02
1.724546089720425598e-02
-4.817312783860647901e-02
5.066316695202398995e-02
-6.330636027304784898e-03
5.027352947272937730e-03
1.552519798518427717e-02
-4.601466619812747370e-04
3.976435176263529332e-03
-9.613656945958438949e-02
1.042756359441974895e-01
2.073074660355107152e-02
9.681485399324979424e-03
3.816063745787844422e-03
1.767031817800707107e-04
5.137653971717925233e-02
2.214520883330153584e-03
8.172823827481759396e-02
-3.325710194194467229e-02
-6.520806068275676430e-03
7.580831970456376745e-02
-6.666103331918232788e-02
1.633983017422283371e-02
1.088707803846457236e-03
2.027174617040082560e-02
-2.335637507451327616e-02
2.399138350946884712e-03
1.948071080149003584e-02
-9.263702647629119130e-03
6.046103234972859792e-05
-1.445516670349471233e-02
4.027442207397090995e-02
-2.647441622177267723e-02
1.762803361671561389e-02
-1.092881159658316663e-02
-7.316215051050061792e-03
3.588865794024762718e-02
-3.972583175372094988e-02
1.678267555723598689e-02
-2.392912383018686723e-02
2.779613038458622620e-02
-6.048579360255420005e-04
-3.173729029955096176e-02
1.529533534096162717e-02
-6.030452386002151804e-02
-1.280982568672516669e-02
-3.726514216529928231e-02
3.528500602129383545e-02
5.660886930220862534e-02
-2.425732279861815468e-03
9.344052340822446914e-03
-3.058107471460933240e-03
9.590855511172914627e-02
-5.652631339206654060e-02
-1.414980978638465114e-02
-9.936026750963784793e-03
-1.397155558724331092e-03
2.143646605689146847e-02
-2.476107421834546074e-02
2.578319291233952676e-02
-7.659640389449533932e-03
-1.611406480880351114e-02
1.981754265409375534e-02
1.291739605664132817e-02
7.333973040672290764e-03
-2.536629197057686802e-02
3.817684956658490281e-02
-4.710840421048088228e-02
2.945958214770709113e-02
-4.641789292740332524e-04
3.520139692428250842e-03
8.963426632004492176e-03
-2.787596346579979817e-02
7.657603536147702429e-03
-3.398017873546478780e-03
-4.243014458641370897e-04
1.045153706950197395e-02
-4.343261321632748383e-03
