6.059460891185540765e-01
2.906293438122539707e-01
-2.164069382552503973e-01
-1.558144986199604620e+00
-7.440403758402192036e-01
3.946025251604973194e-01
1.032480558736941667e+00
-6.548088226270977474e-02
7.205169103705140465e-02
9.841362165323447320e-02
-1.440675871584900514e-01
-1.950950413872841460e-01
6.480438190789904185e-02
1.083081952708820073e-01
-5.763069789970776124e-02
2.832451381405911572e-01
1.178170884919921557e-01
-5.139275660528664913e-01
-2.612573168104830867e-01
5.257455445249167303e-01
3.888657507974302430e-01
-2.884788437999440958e-01
-2.398230899346337486e-01
-1.315690626325542456e-01
3.315090884476667998e-01
4.964912237827306951e-01
-1.627348005701999556e-01
6.259087161326247484e-02
4.279656022361121304e-01
-3.571678037179973897e-01
-7.426271440715634942e-01
-5.718745026115112234e-02
3.802516314241304873e-01
-4.955779127886043162e-02
-5.847279725920188215e-02
-8.912751921245246067e-02
5.482636828197081508e-02
1.121438442255096035e-01
-1.962491819624156697e-01
8.837208565752699418e-02
-5.566886022178450799e-02
1.992787965291127339e-01
2.019627833913729270e-02
1.963606064571147766e-02
2.470079527270432548e-02
-1.653957670034868210e-01
2.302908167153615848e-01
-4.993084184672603315e-02
1.156202614424026998e-01
-1.535136575876327736e-01
-4.895511935506218631e-02
1.213935203697068671e-01
-9.302067318309852062e-02
-1.907492673816065243e-01
-7.517100081949801282e-02
6.048837706668989261e-02
-8.862261105430568886e-02
1.620712965130800542e-01
8.905093386311226100e-02
-1.901352125499124468e-01
-3.918854512447599719e-02
7.774332055807026132e-02
1.298537489187205352e-01
2.755614650148468375e-02
6.524699840719098143e-01
7.864970545079489339e-01
-2.560691552738456611e+00
-6.990069678790977736e-01
2.907722131755522188e+00
-9.894166293673176682e-01
-6.815643862699908295e-01
5.831990961875368473e-01
-1.230615558674847676e-01
2.352439958346571464e-02
6.417820122592283738e-01
-5.912999250991533007e-01
2.238872697233914091e-02
5.177373640861038934e-02
-2.803164375995381707e-01
1.953922982662104901e-01
-2.195817114477266463e-02
-2.116089235535707491e-01
2.314032789275657365e-01
-8.378128990143647592e-02
-2.075929043408120678e-01
9.731780051690190891e-01
1.172580322827676103e+00
-3.367326740766528825e+00
-4.212062174684784721e-01
3.303544109432783760e+00
-1.710054715588005703e+00
2.503749246266797485e-02
6.128904403977641913e-01
-3.145191567627789175e-01
-2.030775569607458919e-01
-1.216685645945326244e-01
6.186833093204838901e-02
9.397655046456222794e-02
1.576233941743619971e-01
9.404154008446814761e-02
-2.046188303451583479e-01
1.386998266695030346e-01
-9.366346624594959480e-02
-1.630329859822610417e-01
6.126078371977436432e-02
-1.295242315015218693e-01
2.001659252649560378e-02
4.901373672266486348e-01
2.472814138118663241e+00
-2.661885554038150747e+00
-3.469129064790167583e+00
4.017193897789599788e+00
-2.436654761899245125e-01
-6.038400371607640649e-01
6.264971746066050340e-01
-3.048395855711495406e-01
-1.023617929888454986e-01
1.547964815387896098e-01
-2.580130603515968790e-01
7.831370193734572827e-02
1.908573004115681759e-01
-2.446831695856693523e-01
8.359669125463048064e-03
-3.682999430478040709e-02
-4.711377013577248973e-02
1.282290927198544706e-01
-1.719880474379381352e-01
1.039440165559240153e-01
-1.060751241832953301e-01
-5.788593509385236979e-02
1.728334516009409350e-01
-6.835611039666326938e-02
8.441949267373227705e-02
1.579769476674441009e+00
5.145229095298876620e-01
-3.899474348270101753e+00
-8.697866936755957457e-02
2.971830652056678179e+00
-9.947280091646372169e-01
1.072926154721382114e-01
1.000867629470605369e-01
-1.551545011317058409e-01
-1.471439060190336545e-01
2.805452655661533345e-01
-5.321892215467073639e-02
-2.029002532994226005e-01
2.143575893007999000e-01
-4.842776670445837484e-01
2.718607593660210542e-01
1.340364902872963615e-01
-5.098720376035738994e-02
6.029573007733582402e-02
-3.529224488250408132e-01
3.364408671555246255e-01
-1.049542059237977137e-01
-2.318314655285318715e-01
1.643528533264838887e-01
-1.051580836712918826e-01
-4.799543833191256131e-02
1.395791982566758072e-01
1.708028236149860546e-01
1.794002059087323797e+00
-1.062760066857369345e+00
-4.167166534031331970e+00
3.464781968623182884e+00
1.398207495493107855e-01
-5.206060577090942942e-01
5.060318558653233989e-01
-2.556316986916071787e-01
-6.732530028133748567e-02
2.745287976222385296e-01
-9.895654168187351107e-02
-4.670813928287810557e-02
1.037606578367773758e-01
-7.603656909831961463e-02
-1.194572760079332524e-01
-2.501859872386216765e-02
1.846093404047540465e-01
3.839321237053464619e-01
1.269338784527744179e+00
-3.505384038091313936e+00
3.585347257240891206e-01
2.432967420803480607e+00
-1.702178027687498263e+00
4.191639516252785858e-01
4.702667166228992335e-02
-4.728313620755350555e-02
1.517294747647953412e-01
1.446439815566590570e-01
-2.928885670152763798e-01
-2.115413879537907452e-02
1.134076354554997279e-01
-1.457669440806247663e-01
3.755506648599693520e-01
9.418757419111001283e-02
1.362037335510226654e-01
1.763742549181333441e+00
-1.185183139500421978e+00
-3.564360779157680792e+00
1.883120516592761584e+00
1.646134547000478898e+00
-1.409056598439614394e+00
5.579325014742316791e-01
-2.168576594754363096e-01
1.602876178664627838e-03
-5.732228657245105885e-02
-1.780490491075265025e-01
1.316775780021184616e-01
-6.803763441630132636e-02
1.047459863383034817e-01
-6.945033855802998368e-02
5.035185717127380611e-01
2.187504768278479617e+00
-3.271128448092125218e+00
-2.559889403545837272e+00
3.911315364792321336e+00
-5.976009224598051173e-01
-3.015443256758016388e-01
7.360105603778153149e-01
-2.738437362428954719e-02
-3.766209402667805572e-01
2.636717599140147583e-01
-1.603974784580083079e-01
-2.448352536430482007e-01
1.199550129694507694e-01
-5.948791502027570011e-02
-3.498563492860674168e-02
1.187292195358837787e-01
-6.637246907874917723e-02
7.061842202943220681e-02
-2.098401064085954337e-01
-3.779305322637264153e-01
3.270368546569386026e-01
-4.790810765290612894e-01
3.249052485940847612e-01
5.686579997882085236e-01
-1.926487348020394230e-01
-9.730148391667907681e-01
6.090181825331192345e-01
-2.585255805852710864e-01
6.371509198919128591e-01
2.004474994466107773e+00
-8.442002512754303023e-01
-3.258806860576715980e+00
6.146549632407531938e-01
1.977917696081928467e+00
-6.198137562648550203e-01
-1.379031488818010798e-01
3.408553619663582390e-01
7.879125575171203044e-02
-1.138774942734635809e-01
6.552828791400504282e-02
2.557757143757740104e-01
-1.893500771633799262e-01
-1.559391563369460221e-01
-2.017609822016335763e-01
-1.579110703415026462e-01
-2.644142494509298391e-01
4.098421204940296825e-01
-2.363710729755187090e-01
4.177793456019596868e-02
2.822256645983654555e-01
7.510565977782318603e-01
-2.072959945779822843e-01
-3.182600008985013718e-01
-1.678081327701609615e-01
-6.632477777623572990e-02
-1.119101133289821803e-01
2.113400049502951461e-01
3.369991611690882349e-01
6.920965536089845882e-01
1.072222548575425094e+00
8.926387361386244335e-01
-8.457530604058420831e-01
-1.940995468364999699e+00
-1.799029669035266121e-01
1.644128088786587005e+00
2.956815012233296458e-01
-5.999999221233943691e-01
2.488544736368243915e-01
-1.381519353378514448e-02
-2.362110555636162679e-01
1.153743421850814826e-01
-7.585798044303838743e-03
-2.411591550763160507e-01
1.315412909591986979e-01
-8.384614877950219425e-02
-3.623422527414772720e-02
4.422495799999959232e-01
4.081534496920893873e-02
4.229317929184484015e-02
-1.060491472591654563e-02
-8.590960940396312473e-02
-9.230702392226712572e-02
-2.128919819437355976e-01
4.627788755070710164e-02
6.225346496028628246e-02
2.413109933211756153e-01
-2.611740199828093134e-01
-3.214318092459225729e-01
-7.733022754878414451e-02
1.706844999611349667e-02
6.893282584172408939e-03
-4.010122736701017265e-01
2.345111204573624430e-01
-3.055212084291420056e-03
-4.412580488045362848e-01
1.181133001737479704e+00
-4.991292883553309634e-02
-3.981652023616193414e-01
4.265426902104303974e-01
-8.948220340453540145e-02
1.076851181380400257e+00
4.839721733392971514e-01
-3.802678358550043658e+00
8.162471699099587141e-01
2.440388878170815179e+00
-1.554894755101826842e+00
3.263225512032746356e-01
3.572693403301320791e-01
-3.648370918917364092e-01
2.359637028223452448e-01
-1.019140219732145441e-01
-3.562793326052241527e-01
1.507262339470834961e-02
5.730154916067413395e-02
-7.172775818347129628e-02
2.804501198459091044e-02
-5.301714035187921059e-02
1.510020731755763908e-02
1.771784847349240799e+00
2.751505901885168970e-01
-4.134901479125528745e+00
1.619355399934816475e+00
2.215663757050079230e+00
-1.653474918203595267e+00
5.525243553126993890e-01
4.906282958513446396e-02
-4.936187565948492728e-01
1.736030999957989540e-01
3.974627584772495031e-02
-1.137310447817987680e-01
1.046467476340851910e+00
-1.593871276074474874e+00
-1.348911210502953484e+00
1.837140632414662633e+00
-7.185853576728951086e-01
1.802801013683107412e-01
3.182269251258499909e-01
-7.261970602886302917e-02
8.379746500773983531e-01
-6.397567646336975722e-01
-3.410595028354243552e-01
7.342939739029122892e-01
2.705478760289550255e-01
1.853331125152897774e-01
7.242526897023306987e-01
9.322131060931883040e-01
-3.588116093753292990e-01
1.664524387027220076e-03
-1.211497045244755988e-01
1.960781575713627101e-01
8.077719953190455326e-01
-5.006536602820108595e-01
1.661406155118932415e-01
3.649776477549689369e-01
4.093170708247276940e-02
2.186934928803291409e-03
-4.987938057011161858e-02
8.382890382009039465e-02
-3.097756771207905713e-01
-1.665362558261487547e-01
3.532926306099528069e-01
1.246280190115690162e-02
5.378302535821281871e-02
1.819581207890598185e-01
5.382321380594377869e-02
9.624552656308691390e-01
3.490783989959667655e-01
-3.453684731085759019e+00
3.115732813807631896e+00
-5.651129813640458632e-01
-3.244332412028869128e-01
6.371431388784367655e-01
-3.822177160471258439e-01
-1.158150535879464288e-01
2.397928613177526536e-01
1.395612033443965894e-01
-1.719372203464008264e-01
-1.886076453990169766e-01
-1.540799184795677568e-01
-3.575624957121157493e-02
1.640966943170635572e-01
-2.338979742392666150e-02
-1.078736962118104076e-01
-1.519965768200975675e-01
8.661749619420790192e-02
-9.284421833333418583e-02
-1.160011734316186705e-01
7.722324020625148666e-02
4.869047066656266853e-01
-2.289073693997749903e-01
2.680785308944933498e-01
8.695904044547245193e-02
-4.699129816954254468e-01
1.099292832750908278e-01
-5.045387736085950314e-02
-1.106986776788861093e-01
3.020509141429244745e-02
5.140243723746589638e-02
-1.955090617022318678e-01
8.765323268699837245e-02
6.787259529127928626e-02
-5.105637301966671204e-01
2.597129589529422744e-01
5.141989422430593981e-01
-1.079645458447739542e-01
-1.797715896743812547e-01
8.565935327788504194e-02
1.498231955629513446e-01
-2.244746593511304233e-01
-8.092218532127488928e-02
-5.684978792814340473e-03
1.602196652255643283e-01
2.865221887353993080e-01
-1.894431640626626223e-01
4.691888867561815057e-02
1.187751774941044058e-01
1.009559288851455926e-02
5.783583522071230124e-04
-1.989391730257336621e-01
-1.959396190702390184e-01
-1.109705859953933199e-01
4.246457974980790556e-02
-7.973995209258162575e-02
-4.752754281111661039e-02
2.373187963584283411e-01
4.873808824948016455e-02
-2.239040912647062842e-01
-3.030648788752893230e-01
-6.897043488382817444e-02
1.041795759894350859e-01
-3.017791570584938410e-01
4.977654055988585680e-01
1.004284659722790018e-01
-2.344605582169181912e-01
1.011085709514577130e-01
-9.178717669093754139e-02
-2.837916304231211662e-01
-2.767618795595860326e-01
1.365003417465735225e-01
-1.185656119099835620e-01
-1.554868434158161207e-02
4.745695344790249459e-01
-2.713810805944179561e-01
1.563265276526619729e+00
4.320144534036680223e-02
-4.333041969048216480e+00
1.520586623329303610e-01
2.925904636281317472e+00
-2.887680845526275908e-01
-1.961958703300139273e-01
2.252803806277639542e-01
-5.545283755378143525e-02
7.203173325908805991e-01
7.001399704150915171e-02
-5.175931378379471370e-01
1.232225228729857958e-01
1.389646940570704869e-01
-1.546207724261948989e-02
-2.891644218585195936e-01
-3.308076219407199425e-01
1.100928079190589132e-01
-1.397778211445886154e-01
-2.875186167097826817e-01
4.211918175193109515e-01
-4.592460342708574172e-01
1.356247049739532085e-01
4.746697573362859135e-01
-2.840985315682142964e-01
9.064614369576262654e-02
4.808246850423688462e-03
-5.089669139236385753e-01
2.079492483796239188e-01
4.810618971566874569e-01
6.850781459889863922e-02
-2.773157863482276220e-01
-2.099748059724151645e-03
-2.489482762477144839e-01
-1.344471815048568220e-01
6.621311271083582528e-02
3.948359831710945289e-01
-1.080326067040360827e-01
3.999567395669946235e-01
-6.279539241858669296e-01
3.651286589802942018e-02
-4.989089295432518750e-02
-6.568553388572395679e-01
1.637960519033051510e+00
-5.145853627156112831e-01
-4.995389573526914928e-02
3.692796407191371588e-01
-1.252959056721171804e-01
-2.602613127226225953e-01
6.893329355330476416e-01
-7.740980140980693314e-01
-9.351411681262335185e-02
5.171268560961221894e-01
-4.063425309448307488e-01
-1.426379813325716062e-01
-4.367951183599715903e-01
3.457916264852692878e-01
6.432316771998888294e-01
5.765655095455068935e-01
-1.240917063155520417e+00
-1.858816798635915257e-01
5.907895852105099488e-01
-2.986176889679704738e-01
-1.524628681415851617e-01
1.089138588208989483e-01
-5.693460986006081831e-02
3.474747382852956534e-02
6.303578688582084366e-01
2.367401803436747498e-01
-9.344065953857264573e-01
1.425949626194077391e-01
5.632495019462108177e-01
3.325143086297021044e-01
-6.074503149174251826e-01
-7.428361947380777153e-01
2.640821749686166342e-01
3.279563867694977874e-01
-2.623490634850430547e-01
-3.464535388103210517e-02
-5.627546294418273032e-01
-5.312605524503390825e-02
6.815276040192047580e-01
-3.497818541382970436e-01
5.523694670844115917e-01
1.767462222153077245e-01
-1.347792307730620642e+00
3.057812261185793856e-01
4.334661131585442750e-01
2.004827520581317912e-01
-8.457460554983496637e-02
4.073450714440005616e-01
1.511745064449358245e-01
1.115550914920771852e+00
-5.656244892080899422e-01
-2.998513101928306224e+00
1.198335278942239679e+00
2.078600126916610336e+00
-1.008317784162072517e+00
8.042925283136201364e-02
2.506346371007388552e-01
-2.247099798878714472e-01
2.279668946414232025e-02
-3.237540883844950562e-02
-1.195970246846156937e-01
6.087244762543056811e-03
-8.045222900621157303e-02
-1.646625346089318140e-02
-2.994036186445119679e-02
-1.271991568193529543e-01
-1.705521074453977132e-02
-3.334869172141373926e-03
3.731588507842471120e-02
1.693089625839239165e-01
2.131189859312802304e-01
-4.322416290869601774e-03
-7.916017226935723183e-02
-2.122215946019657962e-01
-1.317455246697718241e-01
1.703827109056920974e-01
3.488851003248090166e-01
-2.479190238356105969e-01
-3.882181375055764744e-02
1.836398034727807771e-01
-4.484750474626194444e-02
-1.599675132485040702e-02
-9.717176789179041152e-02
9.760806494091146812e-02
-6.239071448524099311e-02
-1.854638576614927800e-02
-2.552928923003542835e-02
-1.027080534064871015e-01
8.548489872845495274e-02
-2.833332361866870430e-01
-6.290135894981900566e-02
2.476432516527277694e-01
-1.864838583506067404e-01
2.254806613791526804e-01
-5.447161580072774380e-03
-2.693423638007243492e-01
6.686422719575620122e-02
4.950216829899583559e-01
-5.433977374075212030e-02
-9.987496714297569578e-02
-4.254757149473889499e-02
1.304603896541204622e-01
-8.400514812700613509e-01
4.595297316436831592e-01
3.313256462046675344e-01
-1.916648166028472600e-01
1.517058885816301439e-01
5.005217701357427690e-02
-1.732136792980197293e-01
-9.099008378479521431e-02
1.132951577719826103e-01
-1.192902744950880174e-02
-1.474192737139247145e-01
-1.114699123065493874e-01
2.123124936355542391e-01
-3.975115579835535318e-01
3.343080505137677183e-01
6.502574643083580685e-01
-2.053566272819173033e+00
2.193371014954879072e+00
-1.428570053225678704e-01
-6.975682384678455472e-01
2.066501472287983199e-01
-6.901442548922907816e-02
8.426916094356395881e-02
-9.513449826557504596e-02
-1.526819179941138749e-01
-1.263494402551964546e-01
3.945119322390346767e-02
1.887464688258051054e-02
1.096587375426602978e-01
5.474090379516705074e-01
-2.546283665816874153e-01
-7.510937819932204107e-01
2.238036312494977587e-01
9.153073018196709876e-02
-3.030588225644342271e-01
-5.361128907256296205e-02
-1.507176065428106337e-01
1.174415639878942652e-01
4.524236488931195899e-01
-5.582716825704592267e-02
5.028814790123536937e-02
3.801426484293078945e-01
-2.107252956591221527e-01
6.357278420744386094e-02
-3.328418923419305120e-01
-4.615716051433225164e-01
-1.595064149022813174e-03
-1.757885020792068764e-01
-8.764542207510719884e-02
-4.131094662418512836e-02
-1.153110803125015071e-01
3.913352827936219386e-02
-4.027761831197356965e-03
-5.824729441196468266e-02
1.302407380004148019e-01
3.697105640340331983e-03
-1.788883196012002186e-01
-7.604907858547367561e-02
-3.593209628745553438e-03
-6.548741866266749589e-02
-3.687240417750208693e-02
-6.223340765249251935e-03
-6.676752959857183700e-02
1.607231464055630318e-02
-3.360858769707712745e-02
1.509832223066762472e-02
-4.298074127435886488e-02
-2.344468609580689644e-02
3.833436223843676716e-02
1.942104673387747837e-01
1.530271138423020504e-02
-6.005729148254439903e-02
-6.947897109922681821e-03
9.670156717468555985e-02
6.648587079490353435e-02
1.488531263931895318e-02
8.405862076657702464e-02
1.498113050014807657e-01
1.081530116823406842e-02
2.261538582744018755e-02
4.528469145317681743e-02
-1.191696693362130216e-01
-6.611543855594734231e-02
6.204903477781471832e-02
4.428450799995492168e-03
8.424840575248719599e-02
5.471213224895125210e-02
-6.032975377634161585e-02
-1.156304132310752714e-01
1.134140125152522660e-01
4.861729243941414341e-02
-1.220774582116726237e-01
-1.468510056345769844e-02
-5.917418199205053131e-02
1.396903420623722136e-01
1.196852433060168058e-01
-2.928607974601552533e-01
-1.283165998083259374e-01
1.710593845507606681e-01
-3.459516168252590399e-03
-8.849994732073351855e-02
-1.696002441705143360e-01
-4.613462746641164985e-02
2.973371226903218090e-02
2.639247964482464154e-02
-2.128239324068643967e-01
2.748642151031268632e-01
6.324646377683038612e-01
-1.522417039231806379e+00
1.222132516596258434e+00
1.740508276161964740e-01
-3.400067286541800793e-01
3.592730555063183284e-01
-2.351353696215507660e-01
-7.782347417165043357e-02
5.723035959805616163e-02
-6.288643278758512811e-02
2.249824235754126558e-02
-2.954981080660094156e-02
-1.062306849913052798e-01
1.348460845387619567e-01
6.044028858155072598e-02
9.469627226500730924e-03
9.301004549695994494e-02
1.599706220344863927e-02
-1.810029829517007249e-01
-1.922095901091167569e-01
-9.125623773303517816e-02
1.003039771037553818e-01
2.877187186871289076e-02
-2.035919391234428943e-01
2.471884528874518094e-01
7.855276867142317598e-02
-2.813985136519424335e-02
1.828461735105546271e-01
-3.383661398318565938e-01
6.753504490503339786e-02
-6.947473563579392719e-02
-4.237414516146472687e-01
1.959459631824139181e-01
-3.573845400874567022e-03
-7.775460336189700394e-02
-1.835091130790207914e-01
-1.421024193078804509e-01
6.986227854101001444e-02
-5.105961223993739362e-02
5.660949879464395595e-02
-4.140176568221647924e-01
-6.020543703970588911e-01
4.492732400432665196e-01
1.369749369114215742e+00
5.795874125201102567e-01
-8.819210395372063527e-01
1.203371224850740689e-01
3.421167769516590962e-01
-1.470755857732610264e-02
3.620747629813858559e-01
1.527827103240391449e-01
1.033030025473579000e-01
-1.984703838483567184e-01
-5.959584890204810970e-01
2.017688934705249570e-01
4.532799908259774191e-01
-5.457403868806408598e-01
-9.721310693464227382e-02
-3.109737554511941143e-02
-2.902192193028088965e-02
-6.313978507498825554e-02
-2.466173199289664608e-01
-1.740850833067659476e-01
5.827662005549504726e-02
6.719878350838467407e-01
-5.523783260546053647e-02
-2.283512129071502139e-01
-2.536321515023917117e-01
-1.429313998040562528e-01
1.646505894731436215e-01
3.636198016581151937e-02
-3.181211045257543168e-01
2.896623061796323451e-01
-3.802859245606553529e-01
1.391103985848134439e-01
1.173399300580273003e-01
-1.824746536978363032e-01
5.156852904727615705e-01
-1.269183068038933104e+00
6.429284566851143357e-01
3.788648893271942542e-01
-2.180515001795194363e-01
1.470157220077508986e-01
-5.023645257239620632e-01
1.200529223604640400e-01
-3.890873410075610609e-03
-2.944391764675606260e-01
4.464567879445558995e-01
-2.024167066293664288e-02
-2.527306998506103075e-01
-9.244339052043618055e-02
-4.413285641665196102e-01
2.551588384050857972e-01
1.009092927835633091e-01
-2.685437492315295160e-01
1.368151071630058779e-01
1.491793319243900351e-01
6.116062968234284303e-02
1.512308327429672250e-01
4.410001708746728588e-01
-6.278508675697372921e-01
-2.318731635590240425e-01
1.816707814514039177e-01
-1.068018187984340894e-01
-2.657317038821842003e-01
-1.114709412968178104e-01
-6.228705348668803210e-02
2.705968954270810203e-02
-7.811756290581597928e-02
1.097698089389071985e-01
-1.360638911735436163e-01
3.246108712193614132e-02
-1.580020749328120699e-01
-2.005917536005958346e-01
1.301802848591261830e+00
-1.015546987489925668e+00
1.476087385097326621e-01
3.025525185914859638e-02
1.543600907926339361e-01
3.100444871552874293e-01
-4.234227480312554026e-01
3.526149763008408211e-01
1.611475046212828277e-01
-8.014558079106448574e-01
1.602614041535899980e-01
3.836554371593166590e-01
-6.078867327413488564e-01
2.726106273421788351e-01
9.027050018266661313e-01
-1.105378682412337499e+00
1.057191619846174074e-01
4.369482073095481978e-01
2.890222250312086179e-03
-1.030105388469070155e-01
-3.610695888229391026e-01
4.227394305928511981e-02
6.186065613282599740e-01
-7.541041526115490612e-01
3.015813947414652807e-01
3.924491975464789451e-01
1.254286608991827395e-02
-1.424600950823383116e-01
-9.303750556823951745e-02
-7.006438141047345303e-01
8.179756843498499075e-01
6.958439330305768999e-01
-1.523246455724722281e+00
7.212930804730168788e-01
3.247529505280562501e-01
-1.115284894797212434e-02
-9.602704420754509806e-02
-6.685010286776673638e-01
2.526548724084529129e-01
4.249886150920288985e-01
-2.309651513423403302e-01
5.805619273568806138e-01
-4.098599867076366254e-01
-1.605478049379695238e-01
3.877619055655359692e-01
-2.496460461753235160e-01
-5.388614906877827598e-02
3.547664067477130923e-01
-8.563278212130187583e-01
2.424946392295418696e-01
6.136085488933191723e-01
4.685905006226435791e-03
4.773682409036722474e-01
-1.409360518554874098e-01
-1.750943008099142828e-01
-1.137158466036480679e-02
-1.463608719802567681e-01
-1.704726970249763884e-01
1.703149331636757968e-02
2.162790892291999167e-01
2.277282583102103464e-01
-6.576378254618553409e-02
-1.222447499361380661e-02
9.774434380902299879e-02
-2.546083478733381922e-01
-8.352301874096720868e-02
2.927584672252864229e-01
6.468819079260026972e-02
-1.241217559341244309e-01
3.611967641433012216e-02
-9.411641678711572812e-02
-1.437244560576937114e-01
-6.878109949958009783e-02
-2.843917599150831421e-01
1.959943230783762341e-02
2.370277475810159129e-01
-4.823787506454829677e-02
-3.338464535147184775e-01
-1.700765265217800415e-01
1.631010817889211317e-01
9.311966576020297426e-02
-1.152383298669542311e-01
5.516576914661538433e-01
4.089003422971403401e-01
-4.521542772629220108e-01
-8.714854014291235906e-02
-2.837951443483345271e-01
-5.024795713843613898e-01
-5.149168345460761742e-01
-1.897802729727758431e+00
-1.695227086014239992e+00
-4.561352818831646005e-01
-6.157161346094263132e-01
2.466033947223305323e-01
1.273280019042413613e+00
1.093138657070340664e-01
8.019803883534948330e-02
6.134659382764481306e-01
-2.700832093262655470e-02
1.636862379160629599e-01
8.741552706187285526e-01
2.243739862288681497e+00
-7.227859510841783131e-01
-5.516277592264574592e-01
5.393376811152518213e-01
1.694181366735562355e-01
2.375153385066612610e-01
-3.456358367122285835e-01
-4.358877479772795688e-02
-2.367456564663219243e-01
-1.599608125388688185e-01
3.330124726014747905e-02
-3.361154816519509314e-01
2.365004139603690547e-01
-3.949670360404974878e-02
-7.826231997155681519e-01
6.194426761009884652e-01
3.242143053857098334e-01
1.806373468085084477e+00
1.028313038134008872e+00
-2.224743873936504635e+00
1.248289397560506941e+00
-1.144491696683468812e-02
-3.671242505214518115e-01
1.031806809775440703e-01
-4.963799922998030634e-01
-8.270012630766671036e-02
1.027603403729896031e-01
-1.016662899295032868e-01
-2.095018127476304670e-01
1.479710341791697081e-01
5.322513692924973894e-02
-1.384026815975345492e-01
-5.179386705774240846e-02
4.840202393931641867e-02
9.361680399860647026e-03
-8.499281045297377851e-03
2.942454086557073634e-01
-1.328640780753461981e-01
-1.477154623299474501e-01
1.243976388531194827e-01
-1.024014908665889512e-01
7.180940119427617341e-02
-3.419710993826590717e-01
-2.503264416822517102e-01
2.926957237848822890e-01
1.978876064436623783e-01
-2.929814813394724382e-01
-3.856161644395612598e-01
-4.126756004965711488e-01
1.152002155328508450e-02
3.589239076930676453e-01
-1.925008896849754181e-01
2.266353555979385703e-01
-1.441138145646239932e-01
-1.361217604051690420e-02
-4.023894690692124410e-02
-1.511533227776717392e-01
-1.255767688461137399e-01
-3.814114398603973832e-02
-3.090566780320975204e-01
2.850423292655382412e-01
5.389722768387351648e-01
-8.893211508978436930e-01
9.987753182392122842e-02
2.908453608660695466e-01
-2.907255555397360580e-01
-3.810370872073839954e-01
-6.216205234347194769e-02
2.214802036674512822e-02
9.193849583102944867e-02
6.184172461824585798e-02
-1.426347292560817548e-01
-1.635067331559940662e-01
1.070156133206427440e-01
-2.605062447911946424e-02
-1.353565724744404952e-01
2.955726196709671655e-02
-2.476389253630001397e-01
-1.646052597613603397e-01
-9.808786445809511423e-02
-8.649888560002351456e-02
-1.721773742870892909e-01
-1.240327634071478752e-01
-2.901942159142986005e-02
-7.795146113840169255e-02
-6.188308964920714861e-02
2.359555628016675455e-01
6.848531056230498792e-02
-2.130414907479121281e-02
-8.276933081018644778e-02
2.963474601289161070e-01
8.639894977422904465e-02
-1.694670004066793356e-01
4.965589586657819660e-02
8.017081778595429586e-01
1.112026185962595948e+00
1.269687720878185377e-01
-7.491510236776842413e-02
-3.104279590175144654e-01
-5.387097481502942098e-02
-8.144303871709854259e-02
-1.304072310861422931e-02
-2.453832201012782765e-01
-6.324675809774519264e-01
2.823271867693969428e-01
-9.648298840636958251e-02
-3.907860107830606888e-01
1.043267179766655062e+00
6.266569328632568547e-01
-2.463479809660121589e+00
-1.023679517286033125e+00
2.282866119800095017e+00
1.501132530177558266e-02
-6.221545091876062861e-01
2.097835092358294740e-01
-2.764311526029284982e-01
-7.706731684825947337e-02
-2.000653694222017179e-02
3.252736162327886371e-02
-1.370044825727571858e-01
4.174765840481691193e-01
-1.714297237369050431e-01
3.070521669766657080e-01
-3.505366691169996274e-02
-1.591398385634343673e-02
3.259315537743102675e-01
2.983148341894167332e-01
6.027664327173204439e-02
1.660766085409910997e-01
-1.999467606889021587e-01
-6.780029597403586239e-02
-6.845220930395736966e-03
-1.199378283961153591e-01
-2.419394733337047743e-02
1.677790392569420419e-01
-1.745060785059942762e-02
-9.861144505352856856e-04
-1.778088659831627769e-02
-3.351469522492691588e-01
-4.225873990760791177e-01
2.940642194498340189e-01
1.127238570427944175e+00
3.694297991783762058e-01
-8.776591955051588068e-01
-7.485760720422041103e-01
1.966286034672367344e-01
1.915414690399807607e-01
1.936617531562868644e-01
-1.132684179753438991e-01
1.485498123459096931e-01
7.334773847046882622e-02
-1.259171205742674327e-01
2.303383232982988971e-01
-3.018852218839663260e-01
-2.097813881347035114e-01
2.386636038850284969e-01
2.593048152488234281e-01
2.204864290272448846e-01
-2.680438717914935265e-01
2.781516943435934780e-02
3.198051883529030026e-01
-8.209134049822169876e-02
-1.288042314363061214e-01
-8.432396417838501634e-02
1.007699559721480509e-01
3.144392980904223839e-02
9.843123595122979519e-02
-1.271284398344385731e-02
-1.773961788702011766e-01
6.364151923333845329e-02
-6.400984783114289922e-02
-6.302632616060807038e-04
3.246588635799638189e-01
-7.222398677864673433e-02
1.449598416759736719e-01
-3.058625685742201172e-01
4.415230512853780820e-02
9.879032535074003252e-02
-8.937231284069499515e-02
-3.310496716287517072e-01
-1.102714365730225327e-01
-3.687269514669242604e-02
6.222118021142544197e-01
-8.570345137237016242e-02
-3.900066456063886605e-02
2.071648555243842116e-01
-4.592827627283443785e-03
-1.356944299893343697e-01
-3.054058753544625429e-02
1.346530289635179678e-01
-1.527980225966154570e-01
-5.925952336821183747e-02
2.626077181174931163e-01
-3.277982782695337133e-02
-1.360257745073155944e-01
-7.039091950828091360e-02
-3.291594447590143885e-02
5.198723072135335438e-02
2.183642344752041997e-01
-1.296723729519213830e-01
-1.888129827085674450e-01
1.674061505719902643e-01
5.302152896561364293e-02
9.890574258787784845e-02
4.351122176697155147e-02
-3.877145054364702914e-02
-2.576243093851942126e-02
-1.281309035985065681e-01
-2.239761863533501207e-01
8.261010510113163396e-02
-3.103224545105526810e-01
-4.654571750911647848e-02
2.183582115909180610e-01
-7.389823113056402659e-02
-2.214426215114574936e-01
7.065419790115321508e-01
9.225976927059774679e-01
1.164128643120192486e+00
-3.710568613502713387e+00
-3.540155439453633868e-01
3.366457893759548181e+00
-1.858795123320505782e+00
2.778065244971730241e-01
5.080996849480583499e-01
-3.398680147323208667e-01
7.150279864746668379e-02
4.121909731546702371e-02
-1.324631902900617053e-01
-1.079469263550930369e-01
4.795073943935162369e-02
-2.036609212001046221e-02
6.969790919931775908e-02
-5.834301765945294066e-02
-2.460995365909258714e-01
-1.696989504897137568e-01
-3.991647901139174642e-02
2.932124342313560117e-01
-4.894491695799064179e-01
2.011090103852787525e+00
5.373767557740267709e-01
-4.443793286329891679e+00
7.069687459803791763e-01
2.821978700518110728e+00
-1.200533533237901906e+00
1.785888869599500661e-01
4.377966261004646031e-01
-4.913429194607080719e-01
3.808180984475102726e-02
8.581000589332798967e-02
-5.211496789224157045e-02
4.294338410717207094e-02
-1.529856350747699212e-01
2.488776853070356204e-02
1.401638090368057810e-01
8.881438905216830493e-02
-4.123085066801670390e-02
-2.140592636635118839e-01
-2.797952136682506710e-02
-1.532871373817767252e-02
-1.557078902109440832e-01
4.793539987917501692e-04
2.677855360605595481e-01
-1.882574264374151443e-02
-1.051183909086471358e-01
2.737982065095727058e-01
2.494162626260623572e+00
-2.216021304981078632e+00
-3.787039975356995658e+00
4.369722041936089596e+00
-7.089736800298968022e-01
-1.303541215870600789e+00
1.756090972457228672e+00
-3.902522750743119273e-01
-2.659415427510675167e-01
1.166217067000231561e-01
-1.196437168397919970e-01
-3.314199010475624152e-02
-1.615280351251279778e-01
-7.219400492743341391e-02
1.193826449653495603e-01
-1.682798265269829646e-02
-9.086967478531447762e-02
1.411512469205986886e-01
2.241110135591963259e-01
1.040053771993695864e-02
-1.051424062983561808e-01
-6.868546050450000107e-02
2.927622514016708227e-02
5.996308205378805128e-02
1.462625966903328134e-01
7.194558336881982930e-02
-6.506386550824540260e-02
8.107257051815681959e-02
-8.204799961560459154e-02
-8.230959128186946666e-03
3.432391489095703435e-02
-2.742187410879907625e-02
-3.487657394731664279e-02
1.254886425664499261e-01
-1.809728635148057443e-02
-8.865783606974377007e-02
1.661132692073112038e-01
-5.849412955048222118e-02
-9.405065419518759962e-02
5.907846247774981019e-02
8.152936570054040988e-02
8.062821424769073264e-02
7.637338008751512995e-03
-1.223958691472731841e-01
4.696185055062594010e-02
-1.413384141844439834e-01
-4.549489423163061846e-02
-1.727053314311703322e-02
1.561258016704104856e-01
8.895633373180207581e-02
-9.950805136264367912e-02
-8.513347210964990197e-02
-7.523065352312302556e-02
9.953194447604628292e-02
-1.182284314309450662e-01
-2.946204236862824399e-01
2.889205506810276214e-01
-2.705338756895810381e-01
-1.819835842191734332e-01
5.636060999307351826e-02
-4.466968651688361241e-02
1.296105283214331674e-02
-8.711999537965649243e-02
-1.433875214245121099e-01
-2.606565549794198980e-02
1.098229574386388574e+00
6.697985121856672164e-01
-1.537863301559472262e+00
-1.131482723238301125e+00
7.490436002192171205e-01
5.543039742822880589e-01
-3.681940880787699932e-02
-1.938923726979085160e-01
4.034512289500046256e-01
1.854531614446410515e-01
1.321129545860004195e-01
-2.429092365092414343e-02
-2.235465245685346880e-01
-2.492528982974743373e-02
1.940976473311015471e-01
-3.465468041746930933e-02
6.409237919813515205e-02
1.631281562039529343e-01
4.753302670609570874e-02
-3.136456773956493027e-01
-3.409045732061551093e-02
-4.522375533279594101e-02
-1.713240475447491695e-01
6.526210886676350742e-02
2.889900063037753597e-01
-7.818515780655685421e-02
1.987221287456297503e-01
1.191359084629964454e-01
-6.698027512920536400e-03
-2.397869456411517997e-01
3.060317879475173419e-01
3.928533814234325128e-01
-3.470617021059363427e-01
-4.799792557797869300e-03
3.030819561688520292e-01
-4.013477877850547826e-02
-8.968334105547934310e-02
-1.619247923979555692e-01
1.784287569650140071e-01
2.881863356154878986e-02
-9.231762614387772556e-03
2.225661572629897278e-01
-6.974793229004881689e-02
-1.322601298322473862e-01
-2.982867726759728666e-01
2.596389173075093759e-01
1.791180985829411154e-01
-4.505645986166504913e-01
2.132861657779798192e-01
2.466607602423458445e-01
-2.765043836094149277e-01
7.907128415407357891e-02
-1.538967566659409369e-01
4.775912058908293040e-02
9.979029550004124560e-02
-5.310314767277548448e-02
-1.811857914250152302e-01
3.469096524989708774e-01
-7.083248802560247748e-02
-1.528180452802978817e-01
2.057532444677507011e-01
-3.443848864102264651e-01
1.486264684200441499e-01
2.658688764450681252e-01
-3.088429108702099302e-01
-3.690891961433478419e-01
7.665257501526452355e-01
7.473569977853570037e-03
-5.207992782658518172e-01
3.733485910306700850e-01
5.126955406740810878e-02
-6.569774295884637239e-01
4.300558640674667088e-01
3.129227584661903871e-01
-4.738250294592941669e-01
6.905762250648662948e-02
-1.762637988716706794e-01
1.047450549295399075e-01
-2.929148688973483017e-01
-4.792856485520863852e-01
1.247955372555546116e+00
-1.210857256417025435e-01
2.051066080968588501e-01
1.301187626113385454e+00
-4.095301343099314373e+00
2.152682372754141316e+00
8.157720470267685320e-01
-8.093718337948248021e-01
2.736722661879366636e-01
-1.240097384576253625e-01
5.655444545612076102e-02
3.487734627109554952e-01
-2.653673892226247055e-01
-4.419823853728866436e-01
9.936698653774280743e-01
-3.917820478173021925e-01
-5.023248218038581792e-01
1.078960534335808852e+00
-1.693805617640829764e-01
2.194270750049207297e-01
-8.852859392894144586e-01
-2.336539384131361141e-01
5.969935384892745001e-01
-4.922871267092623904e-01
1.237069618671688409e-01
-3.003592784847026673e-02
-1.613976258589035762e-01
2.576379170748547831e-01
7.424414159523844148e-02
-9.825629950000176402e-03
-1.112293514630199043e-01
2.159140492626303587e-01
5.402778794661190070e-02
-1.545874939596723063e-01
-1.929560525392350068e-02
7.510944742884843872e-02
-1.851873152072295026e-01
-1.462895745844256801e-01
1.614359679264474601e-01
7.750507835332332007e-02
2.102422486222829401e-01
-1.589424619399041338e-01
-1.403746320378813084e-01
1.791703264547773455e-01
1.587813238664812221e-01
3.161268562279128114e-01
1.084489322150384183e+00
-3.434340857191215957e+00
1.537952377368705381e+00
1.416131831004185271e+00
-2.030900698951681349e+00
1.036627063689645523e+00
-1.338666536372651594e-01
3.344018956503403972e-01
-4.742790744306859541e-01
-2.647713578319512567e-02
-5.840245154034027358e-02
1.677213550697041478e-01
1.542474495685892261e-02
-1.767495057463823183e-01
3.139463402532781666e-01
-2.018212757813136193e-01
5.509094995850406518e-01
1.440511308941877067e+00
-4.148883874378814340e+00
1.840783627085959884e+00
1.420664379553661760e+00
-1.838456743454051079e+00
1.161829615639313529e+00
-2.610549877113029216e-01
-5.040952984312208063e-01
3.022616675530506725e-01
2.547299932282139079e-02
1.068475813838514615e-01
-3.263296862946225840e-02
-2.246688637546296052e-01
1.028288618020942596e-01
-1.103766238541976780e-01
6.655699777963079711e-02
-5.049156423832051876e-02
-7.744485798269992727e-02
2.585142583680411499e-01
2.672890095273873889e+00
-2.721449887818535807e+00
-3.623563703176547079e+00
5.028988031359889810e+00
-1.485864091860870095e+00
-7.025420698771016326e-02
6.430751612951370877e-01
-5.412355087591911307e-01
1.374539217190975937e-01
-6.469305502852529255e-02
-1.293260563131201357e-01
2.664575556008708102e-01
-1.633428586251186310e-01
-4.462268260653050322e-02
2.045757495839973794e-01
-1.591074551761103573e-01
9.884652411625370616e-02
-2.803148200845465565e-01
1.012895671054437202e-01
-1.074017889996690400e-01
7.539623079545580697e-02
9.090304806054091968e-02
3.775778742317505154e-02
1.644777778896646003e+00
-2.471822253554372684e-01
-4.304749389812206672e+00
2.589345203837887244e+00
1.070656482742193383e+00
-1.003326438715195001e+00
5.123977015992703388e-01
-2.122919064786855659e-01
-2.185884148013865491e-01
4.718549949051655812e-01
-2.602955894296188344e-01
-5.524297624666507645e-02
-2.405839477584395536e-02
-2.187160686222576478e-01
3.449890146860155604e-01
-6.077845046157771131e-02
-1.390068658075188038e-03
-2.760425460671496189e-01
2.623906197624445991e-01
-1.860889574984561923e-01
-7.525935166059413706e-02
1.554704637123635602e-01
5.225450307002389022e-02
1.714023141694447430e-02
2.207281359164879608e-01
1.202944482397092729e+00
-1.257477785784384509e-02
-4.744239017708919981e+00
3.670619385517368993e+00
-1.001974418325276145e-01
-6.573853473966968508e-01
7.445454069824665178e-01
-4.693493110439311833e-01
7.498379964349273508e-02
2.629799054886061693e-01
-2.126389292329110836e-01
-2.946651132405221293e-02
5.646494070458377146e-02
-1.180572735949579899e-01
7.665553904406440661e-03
2.712482445156513822e-01
7.864117500812953798e-01
3.818854991714870084e-01
-3.812366775733335267e+00
2.663982814073525773e+00
1.612288258523928708e-01
-8.868841149174320204e-01
4.884245187868274662e-01
-1.104070100537749843e-01
-8.648844391048309335e-03
4.733504591784197801e-01
-6.372795147340212241e-01
1.159488851791779518e-01
8.359025637026062938e-02
2.517999521830151591e-02
1.652768358969256557e-01
1.162826490915995353e-01
2.163588767093180376e+00
-2.611055948741555444e+00
-2.838791098876218388e+00
3.957205355497899646e+00
-8.302168534869385219e-01
-4.698408016217435201e-01
4.617544727758686740e-01
-2.741625273468747959e-01
-6.747039430815883476e-02
7.501931805251185748e-02
1.532290605604880729e-01
-1.431098980647003693e-01
2.070626705366213349e-01
-2.204089812802281778e-02
9.737068592441462389e-01
1.165698623609431772e+00
-5.035716175654475713e+00
1.497159242717248206e+00
2.219545018502295797e+00
-1.695441782439844225e+00
1.047852269422932858e+00
-6.379497890491876710e-02
-6.666726652820695320e-02
3.640153761908308805e-02
-3.126377105170209947e-01
8.276105432109603921e-02
-7.853252431725772989e-03
6.374613030372625055e-02
-2.002701857731548074e-03
-1.087225506208889386e-01
1.114656385554639306e-01
2.985705209168515104e-02
-4.050764820971403668e-01
4.523800321645776723e-02
3.296624539566188616e-01
-3.256708730779998562e-01
-2.400990687651858857e-01
1.878612693935567124e-01
-2.775524702800385435e-01
6.832753277085246157e-02
2.841735866347135930e-01
3.739835389103386420e-01
5.001122476135788641e-01
1.703142770367450876e+00
-1.568230468993957238e+00
-3.332715771851514130e+00
1.460872264284713617e+00
1.767251562152771793e+00
-6.608456115753255089e-01
-3.354452052688806918e-02
2.255966419113312194e-01
2.267430539446908117e-02
3.593409431054750414e-02
3.081063369288608578e-03
-1.179961266496702688e-02
-1.282238143968321697e-01
-8.645264857349517496e-02
-1.904091538146837626e-01
-1.081658783076827057e-01
-3.116809767405986920e-01
7.194918429618138989e-01
-2.317103348651053940e-01
-1.765219480031400556e-01
2.554643606726150207e-01
8.482572956312147694e-01
-1.345400131557610568e-01
-3.131069480061456356e-01
-2.140363737096090402e-01
-1.408819443866481946e-01
-5.635425763259722942e-02
2.179908079165232548e-01
1.155775920817217195e-01
3.092909937169381895e-01
6.072921164134404970e-01
1.048284836581862223e+00
8.829127373476970408e-01
-8.479221481032744867e-01
-1.920822239054348568e+00
-3.838643439430123316e-01
1.342195070860820572e+00
9.004577774268619494e-01
-5.976802120679661767e-01
-6.185240655481782229e-02
1.979846358905647252e-01
-2.040339843283549004e-01
-5.143837891664420486e-02
1.280311589098489244e-01
-8.260609814004753193e-02
-1.683002129091135390e-01
7.945775614199374060e-02
-5.516174621059428962e-02
-1.332742501335805185e-01
3.854322983263081537e-01
1.168395041545931545e-01
2.760468212470755522e-02
4.267735990923601785e-02
-2.942777970141793181e-02
4.574374119110851539e-02
-1.735732000706068923e-01
-1.900253682261563160e-01
6.576814104832780228e-02
-1.394442313239641351e-01
-2.984592479994494646e-02
2.134780190327670857e-01
-5.360958740052805815e-01
6.262056780967255321e-02
-1.402807395099211207e-01
1.127808020388705590e-01
-4.244230216571864833e-02
-2.400587900270598762e-01
1.225887660855871364e-01
2.613436716128217374e-02
-4.291605669741501150e-01
5.578931734314027668e-01
9.831687014200216623e-01
-6.478597233760525764e-01
-2.493125269485134687e-01
4.702471396489208977e-01
-1.181820177375121211e-01
7.452228325605877446e-01
1.080655733632800430e+00
-2.926435074011837667e+00
-1.406897718555454091e+00
2.908341208186798976e+00
-3.182467189594919699e-01
-6.938466745977244221e-01
7.171345158577659973e-01
-1.626557127595512631e-01
-1.030034841674307144e-01
2.761846151508494662e-01
-1.471824104423621882e-01
-3.114222907209056035e-01
-4.949383588169808251e-02
6.619621088731340863e-02
-7.093523245102213715e-02
4.875878400642423560e-02
-7.426992879927706015e-02
4.960075717323150953e-03
1.076910973616059364e+00
1.364830687066092896e+00
-2.846777494299466582e+00
-1.502672444483868386e+00
3.237698858546692371e+00
-4.094249209236995313e-01
-6.088395896659778428e-01
6.330364377286932243e-01
-5.167599175663811772e-01
-2.533668033484701154e-01
2.212428384499094125e-01
-7.097425059172279838e-02
-1.556358447555273861e-01
8.872141279707913553e-01
-4.124565971643540108e-01
-2.116490111746395009e+00
8.254929904964852794e-01
7.207196860984694808e-01
-7.229802389042424560e-01
4.432661211679937985e-01
2.219783344447873175e-01
-4.271771180835082921e-02
1.376790103648843633e-01
6.503179569322909970e-01
-7.859519194341491044e-02
-7.512488284569095454e-01
-4.806779048805290971e-02
4.175745755737131359e-01
6.009193444011786539e-02
2.758246662256915727e-01
5.669696373915021625e-02
5.787293196397606809e-02
4.410420028467412212e-01
2.254364567063648628e-01
5.107344229655093049e-01
3.226657590725865998e-01
-5.715123936611040539e-02
2.417668712006516285e-01
7.859229822707369806e-02
-2.076897109707862010e-02
1.287676328536405956e-01
1.725809139073589960e-01
-1.880481299569257969e-01
2.176607109587025760e-02
4.368766201963101420e-02
5.351683407450763541e-02
4.483404095561192571e-01
3.853103188756352160e-01
-8.868670209899663648e-02
-5.765959217641743184e-02
-1.772860603671736479e-01
3.798211931246082140e-01
1.051733827353659861e-01
4.609705129977859084e-02
1.697076737088541731e-01
8.037877806472666989e-03
-2.137059369482063320e-01
1.190263294074459938e-01
-3.212066559061552140e-02
-2.177213447408137825e-01
-8.058649815865422117e-02
8.458574645778856038e-02
7.509061409348054272e-02
2.486010895176505101e-02
7.055232408703568381e-02
-2.182276079209663835e-02
-3.489801014738767165e-02
2.292072293260860594e-01
1.464789425222350561e+00
-6.715555793480072477e-01
-2.861646868816474676e+00
2.531810436641884099e+00
2.788211992126614636e-01
-8.701723463125555780e-01
8.699312261023807169e-01
-1.450331850689959290e-01
-2.218589699056941755e-01
3.590356808014638634e-02
-1.124376114489356593e-01
7.521313949528239673e-02
1.691719830314015460e-01
-8.509400767769587093e-02
-2.026870154064988883e-01
-1.282484013935726030e-01
-1.267230507071240575e-01
-4.344311215497274892e-02
1.592060738390188024e-01
-2.437600988339759869e-02
9.551419194388789669e-02
-7.750333571253308074e-02
-1.387236389213318266e-01
-3.732981190578541636e-02
-4.965932055547487428e-02
8.426785863795785772e-03
4.878351196016796065e-02
-5.814514786621508002e-02
-2.308667257900394801e-02
7.927134588626524869e-02
3.148276880043586190e-01
-9.066545051460109250e-02
-1.645448623855297887e-01
1.220800784744843076e-01
8.141115663772313660e-02
1.375192672450700482e-01
-5.727950100525745769e-02
-9.908028732131533844e-02
-1.634554096227257280e-01
-4.812076329158555821e-02
1.243579188544550046e-01
2.607145069399509074e-01
-1.730131684619977406e-01
-1.011839139586389602e-01
8.278923600905381541e-02
-9.668417201766295321e-02
-4.531311300173091611e-02
4.871472368316823176e-02
1.507600108102358574e-02
-1.488567523083936771e-02
1.940747785506932721e-02
7.166289996914594618e-02
-2.790726895025071319e-01
-4.024063279187829051e-02
1.718258147481345477e-01
1.602599525313347650e-01
4.749683712932197682e-02
-3.308394917293150939e-01
-6.015882327629504256e-02
1.294203740714148232e-01
3.128856290374090396e-03
5.940930467297460965e-02
1.240179305876923654e-01
2.301327144213629466e-02
-3.376416573125114173e-02
4.516766634000290298e-02
-1.470758721254441202e-02
-5.585478606089119835e-02
-8.020102595425460112e-02
1.276037731075862214e-01
1.555511161549171135e-02
6.364237014617517285e-02
-1.326100182519004134e-01
-8.299751464781246479e-02
5.186549854593638931e-02
-6.088141751105115296e-02
-9.799261637789061230e-02
-1.480666806386000435e-02
1.916172002577337108e-01
1.443267254677564615e-01
-9.391985106602859790e-02
4.844182143241593762e-03
-2.111292663137467537e-02
4.964241726181049114e-02
9.298015090114586378e-02
9.827651090414438184e-02
-8.904766757682936948e-03
7.603028326880163779e-02
6.314503714340413687e-02
-4.161311707954471611e-02
-5.811913515273399444e-02
-1.437141437056387860e-01
-7.850403498075086972e-02
-9.053204754917648645e-02
-7.144285742996815680e-02
2.780148213115062050e-02
-3.175489996886193822e-02
-1.133059874479396961e-01
4.432050460311042633e-02
1.307338431451519900e-01
7.571758068161089927e-02
1.283195358269630625e-02
-2.143624045566237812e-02
-2.141004720901422409e-01
-2.155543562349122588e-01
-2.926594985949677596e-01
-1.513761442448456895e-01
9.086567692585814648e-02
1.571501989991575809e-01
-2.892531124640799756e-01
4.551177910679082145e-02
3.111912122889374244e-01
-7.838265815815641246e-02
2.211665739812037068e-01
-1.453754644911682270e-01
1.640198865979158593e-01
2.084001408569664815e-01
-1.426272753760505496e-01
-4.769414541801412361e-03
-2.151726129584580482e-01
5.633080923806612489e-02
1.898269555979221757e-01
-7.372186987208471931e-02
6.080062526022487514e-03
1.294960398090191922e-01
-2.981234856884764847e-02
-1.295134605868097366e-01
1.418406207169088384e-01
-1.063924922580684745e-01
-2.886984180985407641e-02
-6.259058741298770268e-02
-6.122798435397829725e-02
-9.938476587164637999e-02
-7.857582445649239841e-03
1.974726701115018385e-02
6.249079757248534456e-02
-3.421789716946117832e-02
-3.051621576861631921e-02
-5.110757189368470704e-02
-5.420099270537391371e-03
-4.387977364456086687e-02
1.159323802366501593e-01
5.499615781103955880e-02
-1.490265762657103643e-01
4.409253728584308085e-01
1.174381468315332189e+00
2.406136357234984202e-01
-1.460058677949849892e+00
-2.503554378885486376e+00
-6.286590501249351703e-01
7.772283713675759431e-01
1.106494106667051058e+00
5.831277640050355204e-01
-8.622413454749651429e-02
-2.574756397925289514e-02
4.168710792386270958e-02
-8.310290295847121145e-02
1.621730018177342525e-01
2.016413654600648919e-01
3.451478363997337873e-01
2.340306263913932705e-01
8.785516392416831133e-02
-1.498671358537348175e-01
-1.011997489535317041e-01
7.412825703880322747e-02
-1.519905912079811128e-01
-9.383581623158707141e-02
1.056579771200290424e-01
-3.561325661407349630e-02
1.583778784884281102e-02
-2.604937513087050571e-01
-1.508329507918194923e-01
-4.621488332308734681e-02
-3.974279912461727016e-02
1.117700034543494224e-02
-5.679200631618814415e-02
1.160722576150210322e-02
9.055473412199031499e-03
1.768363227789090941e-02
-1.307592027170994542e-01
-8.001745359863556006e-02
-6.656292192702654986e-02
1.254060735752729749e-01
-1.819311305309798676e-01
1.056240046434332551e-02
-6.416473374140678476e-02
-1.877570117005815690e-03
1.878237004239223518e-01
1.081987190846995933e-01
-6.687319903411982971e-03
3.000487684833648069e-02
3.676322139764797922e-03
-5.226840159962199694e-02
9.309206946982093167e-02
1.112716943797726760e-01
-1.996501332663573255e-02
-2.363120605493260751e-01
1.772731025340247915e-02
-1.449601012776952913e-01
-2.318423492915513626e-02
2.617470548539229669e-01
8.595070136297602859e-02
1.547691592919702708e-01
7.134552689465614717e-02
-4.066899408302639823e-02
8.985609058115699710e-02
-7.900188674945995970e-02
-9.618218590122691591e-03
-7.804333955163836323e-02
9.929188208378146585e-02
-5.952879252530293014e-02
-2.468634421330881124e-01
-1.370717241171804379e-01
-5.324799603788172436e-02
1.338290493762995803e-01
5.650738039101083250e-03
4.147842249496745959e-01
3.091889862380737264e-01
-3.939380132693269809e-01
2.463118704019346961e-01
1.098095621005924921e-01
-9.606294555749826658e-02
-5.448440546430048936e-01
1.727377545131462966e-01
1.830788642375414110e-01
-6.475725160998521135e-01
-3.276130378299942358e-01
8.891669806255797504e-01
5.454652510961612855e-01
-5.444335807279737649e-01
1.596971120869131178e-01
2.534028979030749640e-01
-3.732016853628459391e-02
2.136108286981436566e-01
-9.601875201846150898e-02
-2.668149709601637110e-01
5.494572410575655486e-01
-1.669490607388357528e-01
-6.357567302943614163e-01
-6.868276242813335652e-02
2.039020176640693183e-01
7.149569802307063904e-02
-5.237197650951751215e-02
-3.859275032680916512e-02
-7.324346807529390491e-01
-1.612953554601053996e-01
6.307277923637290007e-01
1.233835496455460146e-01
6.872060455471987184e-02
3.009682555522800729e-01
4.316817310881255754e-01
-7.820437122574540600e-01
-5.709501110552838155e-01
3.883714003545718496e-01
2.076928646008822932e-01
-1.256941584515746668e-01
-2.049492669145760171e-01
8.274288422828665612e-02
-2.559827914470735530e-02
-1.069667973563046166e-02
1.427896097222444705e-01
8.577082165550806159e-02
-1.461853914761166925e-03
-1.483841476713605202e-02
1.038123415458838267e-01
3.331095333256952062e-01
1.202470812727373523e-01
-3.551670822534689353e-01
-2.111835069966291889e-01
-5.332348963232878825e-02
-6.064200120465421812e-02
-1.343320872439885544e-02
1.265664154292413801e-01
1.801233579399123819e-01
3.460569129734572189e-03
5.120614726668686750e-02
-1.602603783777787616e-01
-7.186628722937871139e-01
2.872015332991775804e-01
1.390238960649082145e+00
-9.806404458127409018e-01
-6.508336083866731459e-01
4.016564401415085306e-01
2.203363913469225666e-01
-2.805734487942181943e-01
-1.224434957398068680e-01
-5.835393606139453043e-02
-4.129192381873115214e-01
2.917458960579154548e-01
5.189120011001541188e-01
-6.577581031958854574e-01
8.370198189732096505e-01
8.297017273954168659e-02
-1.030829202471798656e+00
8.898943276608299591e-02
1.111636535163678247e-01
3.724087604699314880e-01
4.531425214825615666e-01
-2.062779621232814845e-02
-1.178442714638316957e-01
5.838602100209259183e-01
1.176926541363667367e+00
-1.892073921587669627e+00
-1.951028503754054677e+00
2.476901169758424448e+00
6.639699191519213839e-01
-1.078336714918398886e+00
5.573294815867998464e-01
-7.034608322087940180e-02
-1.537768567510446327e-01
4.594369338599316177e-02
-1.155110502776362236e-01
-4.030008969034631905e-03
-6.088109524838529463e-02
-3.433133342188254139e-02
2.178506269966642636e-02
-7.787084627150284155e-02
-3.369103146799463239e-02
-3.714357053866519653e-02
3.639851396955870455e-02
1.046155190413949332e-01
2.156070038746492890e-01
1.582536292830759306e-01
4.123395556268106416e-02
-1.469217502207558201e-01
-1.134666586091990642e-01
-6.992038166792578779e-02
4.512168099039483293e-02
3.707929283284031041e-01
-1.357699898759511803e-01
-2.317160511912051690e-01
1.619840245550444591e-01
4.952414863314089956e-03
-5.730471697559311878e-02
-2.351941679377199737e-02
-9.865766103205649007e-02
8.308752186711729215e-02
-3.800811271287673349e-02
4.587326709524309175e-03
-4.002894567001853005e-02
-7.264897795007788095e-02
-7.708767717921109763e-02
2.449128808773804941e-03
-7.173960347145741379e-02
-3.833321949660202510e-02
1.698381688775092435e-01
2.461171716481569405e-02
-7.298493946994166759e-02
2.201742482235051757e-01
5.231582806798262125e-03
-2.210698393071138246e-01
2.700822158275955481e-02
-3.847870718393031630e-02
2.656929808188332465e-01
-1.489580364779076738e-01
-2.740603031212860211e-02
2.435713872440766967e-02
-1.258116161190459270e-01
-9.467443182766117904e-02
4.460296447553413479e-01
-7.253617256940174673e-01
-4.271983652231922668e-01
6.761387137381271728e-01
2.885928339834832324e-01
-1.876317274121274969e-01
2.049579459788960500e-01
-3.119135390640631264e-03
-1.657374784804895029e-01
-1.741409877165420172e-01
1.385304507841159972e-02
-2.804079871209677957e-02
-7.664833242300586949e-03
6.462658468361222319e-02
-8.334948048849861882e-04
1.196310351293764368e-01
6.893825325009028671e-02
2.754488637022716249e-02
2.499566873563850017e-02
-1.870804363273115625e-02
-3.151601104678285886e-02
-1.626102605476250837e-02
1.616509898404730819e-02
2.557555514122211368e-03
8.108667435470076623e-02
1.060093188091089239e-01
-3.058907680425721615e-02
8.643580048264987159e-03
1.078446972014351357e-01
-5.213300608287552845e-02
-2.630643104148012654e-02
-1.325770652682444102e-02
-8.936885448673632937e-02
-6.060809182515936727e-02
1.158996339819800235e-02
-5.297206077477836783e-02
-3.645831471985151034e-02
-9.827067567211805743e-02
1.077879028803689493e-01
1.226581775870049379e-01
-3.685315688277800150e-02
7.006392195402109946e-02
-1.587081082766816642e-01
-2.739063265157097235e-02
-1.392890388470560681e-01
3.973945968422287200e-01
4.702429941256142110e-01
-5.265764763575971896e-01
-7.978530190511641251e-01
-3.722342802225330760e-01
-2.302213266815766879e-02
1.024751054881361423e+00
4.519336372041037331e-01
-4.541287194070057764e-01
2.511344992411734256e-01
-3.882580164041701289e-03
-1.545900562633311381e-01
4.781951648946847211e-03
-6.588141248868664701e-02
-2.177813241409779985e-02
1.264759403897097456e-01
2.977951466684469750e-02
-4.411008879000880012e-02
-3.240442967978245797e-02
-9.519606620351921122e-02
-2.677905318259565098e-02
-3.441108380915784692e-02
3.416216329650877126e-02
1.061264005908653663e-01
-2.989511358839380684e-02
8.130505145464132777e-02
3.864729278535485868e-01
-4.969579294165736572e-02
-3.458112542543490542e-01
6.029638720866555002e-02
1.770171178555453584e-01
-2.856986149655285079e-01
-1.008342737244109777e-02
1.018746643679620256e-01
-2.570183039884437748e-01
-1.651711157412247624e-02
6.620856099849552201e-02
-1.076106881040859165e-01
8.614219522960984976e-02
1.948058902751785559e-01
-5.997463532675322007e-02
1.191360507354565890e+00
1.092819282690119520e+00
-3.958639481056883458e+00
-8.072844131472759477e-01
3.079607759796152422e+00
-1.613647384344095159e-01
-8.953118562650402845e-01
8.153717177258803517e-01
-2.268432231252830167e-01
-9.915471358290156578e-02
1.468601976691732147e-01
-1.913793590790840160e-01
3.226444391056682570e-01
4.531582195640687649e-02
-3.784156797980636200e-01
3.343401877640621994e-02
1.521118337150585698e-01
-1.814150148925561812e-01
8.309570518408897211e-02
1.655126176262145532e-01
-1.047942653523763201e-01
-1.336601874336008564e-02
-1.436920552198314160e-01
-1.262033210502510883e-01
1.709509005459041164e-01
-1.980691643513909361e-01
-1.395740228194222114e-03
1.114164999922355181e-01
-1.530122570335727128e-01
7.570858894134711858e-02
1.926794204490925588e-01
-1.108076890714146945e-01
1.655298038365388136e-01
7.026303882252191157e-02
-2.342894984691112070e-01
-3.317899762018630683e-01
4.184854009819706788e-01
4.343864364005560752e-01
-7.091071823170134181e-01
1.766099341369980480e-01
-1.810193855643627558e-01
2.774891706782767892e-02
2.483452279144827968e-01
-1.039135570702184042e-01
-3.193950567597470536e-01
2.609282911350554318e-02
1.937354889312630779e-01
-4.169494918682544599e-02
5.436065380702055638e-02
9.266182895483109083e-02
1.036177267284840581e-01
-3.489724480143844426e-02
-6.852646552943254810e-02
-2.745707652314101702e-02
-2.351200320274492161e-01
-3.251888065692639662e-01
3.358390021299869077e-01
1.086135993637910163e-01
2.318999730688369176e-01
2.004376854927444995e+00
-1.557822681248427044e+00
-1.956818400646240352e+00
2.082026528818917921e+00
-4.313543045801439546e-01
-2.607679811828613747e-01
5.248273654163680968e-01
-1.066333794659422018e-01
-2.894131882843724024e-01
-2.157069509957021958e-01
-5.370143474192333732e-01
6.185208430812746405e-01
1.215078158791929930e+00
-1.851664823679158633e+00
9.682704820067636886e-01
9.143305855187654207e-02
1.245344562892201745e+00
-2.233062255104561800e+00
-9.674349550501106787e-01
3.153955692832691504e+00
-1.422931126115503986e+00
3.894534965308301538e-02
1.600042373258771244e-01
-2.996300476566785553e-01
1.587097043226967652e-01
8.990257707361952455e-02
-3.957648553961509719e-02
-1.060347550853692061e-01
1.351537342876216186e-01
3.089742993991249076e-01
-2.173188391810700892e-01
2.003572729154017296e-01
1.958188552818967698e-01
1.612855113875274748e-01
4.536835631915241834e-02
3.823061959405246041e-02
-2.770535336910788862e-02
-9.406399750615840327e-02
2.967499959450765196e-02
-1.152265778111127431e-01
-1.918776623469264572e-02
3.756772278755780847e-02
1.248806821386924393e-01
-2.257206741755880992e-03
2.045917955517825154e-02
-3.059148735307253286e-01
-3.135777767345714340e-01
-2.266071104916254075e-01
8.821484494610625227e-01
7.183040163621581264e-01
-1.324824485126451512e-01
-1.009060416131778659e+00
-9.614889733753705092e-02
2.862738835043122237e-02
1.826994297441956461e-01
8.275474234805943463e-02
-4.991262232398972071e-02
4.338825405829018628e-02
1.056391954613634804e-01
-2.830307253401628115e-02
-1.987380632380849471e-02
1.760427742285181896e-01
-1.350814809148472018e-01
-3.037134505179696076e-01
7.195736070825253794e-02
5.252506676276092606e-02
2.631635152709094205e-01
3.641605362147717351e-01
-1.471014974787727969e-01
8.199612315925102705e-04
9.601963073298121210e-02
1.946714808922529460e-01
2.075039827547045870e-02
9.624475215782794801e-03
-1.506429066772016490e-01
-9.125808136200011522e-02
1.065447995124347291e-01
-2.788820420796318811e-02
8.359298986058188996e-02
5.638644512415245252e-02
8.433836437287468846e-02
-2.705020717547778064e-01
-3.761262479746996235e-01
3.139310684174775878e-02
6.101620977804414481e-02
-6.114713806059729473e-02
-9.869544928581987231e-02
3.549689934348124742e-01
2.487362194925493986e-01
-3.146109849270306569e-02
1.553185774021588750e-01
-2.518828166955881104e-02
1.731761265262658778e-02
1.938137364176490962e-01
5.901521293817386937e-02
-1.758425598216680485e-01
-5.170019669351542252e-02
4.726450770489928205e-02
-4.191812457971080819e-02
7.155879633816444874e-02
4.038894945906363124e-03
-7.370428368939968555e-02
4.766446880847222123e-02
-1.273221447914291427e-01
-3.853672008504362978e-01
-5.709931827076209637e-02
1.905920911853724309e-01
-4.035712136522063287e-01
5.151501491383307929e-01
3.340876043396805994e-01
-2.376479419851928176e-01
1.280919502757819906e-01
3.218272731113009516e-02
6.001731297851359628e-03
4.159565095153462677e-02
5.032771509901355633e-02
-2.235944600208373267e-01
4.203427016321730630e-02
9.953341488538409998e-02
-1.011785017900919126e-01
-1.197386970382612881e-01
1.842610167000955645e-01
6.585357611136904987e-02
3.179787216905673869e-02
-9.102956218012620004e-02
1.863809995926191468e-02
-3.137451871420976479e-02
9.421780674811410135e-04
1.059105739360379633e-02
1.606148849913731080e-01
-8.310010943149828688e-02
-2.290850543784313242e-01
-4.178587005602284188e-02
-8.282145668165749597e-03
8.745336629412917007e-02
4.382496884201846771e-02
5.343713112203393734e-02
4.768932018188522248e-02
-1.966198132007804245e-02
-5.599547989491451827e-02
-1.364662729807532005e-01
5.167019734985608959e-02
-4.491582506757120508e-02
-1.128658065219072942e-01
-4.373991914948404530e-02
1.268213371642790688e-01
3.807773173775882980e-02
-1.120428710153182073e-01
2.984501713661374261e-02
1.486654622154887362e-01
2.119151300712483810e+00
-3.721988635604454032e-01
-4.249345142286253818e+00
1.170016560459844701e+00
2.393144768471043182e+00
-1.080150679821777926e+00
5.934695427105670523e-02
4.154865882015669754e-01
-1.542100038377066940e-01
-1.424976907572357010e-01
2.358752577965467501e-01
-7.657826251172686338e-02
1.346821127064707635e-01
1.393405852223952579e-01
-1.225759897110034885e-01
-3.646659016195813452e-01
9.918345811216281449e-01
2.698167416868905710e-01
-6.610606118011800314e-01
3.459705368709539153e-01
-2.086263509442413955e-01
-6.911467603586570752e-01
-2.585575099129238108e-01
4.629502993727232845e-04
3.057595239404544210e-02
2.355713799232636019e-01
2.855733072089867153e-01
4.539644873922175916e-02
-5.142518580063901168e-02
1.239434147294587119e+00
1.279985486158143670e+00
-2.164752252212708061e+00
-2.640207966206589596e+00
2.244689670601124565e+00
1.314849641317568318e+00
-1.099018797276362980e+00
3.525191171876415064e-01
-2.120442956103616439e-01
-3.035453290399616269e-02
1.767012175465492441e-01
1.105262162846737672e-01
-5.277644035014342205e-02
-6.378947314578992112e-02
6.251671209460071821e-02
-1.099279771035503311e-01
-3.840976488952910772e-01
5.216205836430580778e-01
1.680824744886736388e-01
-3.654169322623101457e-01
3.075206221207288926e-01
-3.362209897033312522e-01
2.160000681472949990e-01
-9.595260783325962328e-02
-2.554982290077780771e-01
7.765484196790746196e-01
-6.497416108680209579e-01
-2.983504870499498196e-02
3.577371930652747389e-01
-3.468841295427419480e-01
-3.543119269331893723e-02
2.469933168430388792e-01
2.253621000124402529e-01
-6.328839938914001539e-01
4.441492531711060954e-01
1.631803204116687167e-01
-2.417527513589711463e-01
1.962061532462971991e-01
-4.302869766044790656e-01
5.416583348810682236e-02
3.254982123250117487e-01
-2.122206561285455151e-01
-9.948207087749035005e-02
5.341848960603458041e-01
-4.035348785118982873e-01
1.604069462142171942e-01
-7.309877563151072344e-02
-3.983479827848068755e-01
4.911950709038039875e-01
-4.177741448671793978e-01
2.606533765789026957e-01
-2.035567800849337472e-02
-4.394245699703249741e-01
6.375115691280437424e-01
-1.186442962672178830e-01
3.222697902208151305e-02
-8.744982927184137556e-02
-2.064965072359118969e-01
1.163999080804756225e-01
2.236450022367934484e-02
-1.397917490448760680e-01
-1.495409416886299969e-01
3.773670814114999938e-01
-1.189478052182424556e-01
-2.417831161593393674e-01
4.200177210554417173e-01
-2.911113755717812876e-02
-2.067440932388745489e-01
-2.201360060600814593e-03
3.631431498645097955e-01
-4.459095005590887895e-01
3.749198811343504301e-01
-1.245265284602942724e-01
-1.291924700501421303e-02
-3.081374773178959248e-01
2.935801958060111350e-01
1.013141667721073752e-01
6.752149252877573948e-01
-6.562089839610403263e-01
-1.019258151827936443e-01
-2.018538009265672672e-01
3.529834812376964753e-02
1.520648170578912106e-01
-1.313266962113490421e-01
8.391085948299910335e-02
-1.376042989207725553e-01
1.312289496724657334e-01
-5.361111576039985505e-02
-1.030726201717838686e-01
-3.999132451720348487e-03
2.643968334567950440e-01
1.620969998067324780e-01
-2.830739923406732084e-01
-2.658638370715414867e-01
6.292876936718200254e-02
3.970150361210312284e-01
7.626845512550417538e-02
2.289588714713909900e-01
1.466870466810681062e-01
-1.289291070391061500e-01
-1.242853549303598593e-01
6.218529371757283014e-02
2.415825298716614833e-01
-2.965827101893602977e-02
9.128523044059391744e-02
2.896856064925005803e-01
-6.995175106302867762e-01
8.931414356508207697e-02
4.686430405999717137e-04
-5.807156073124207785e-01
4.459234427082133800e-01
-4.141551048905198762e-01
-4.228681378594432994e-02
7.046352751053502894e-01
-1.015671854323097589e+00
1.076040253130819691e-01
4.303663441229750863e-01
5.596329009043383290e-02
-4.454552364380537366e-02
-2.143965563907574978e-01
1.034967542986973410e-01
3.433541794995660645e-02
-2.337243749616192967e-01
5.610611785119735268e-02
1.248681367006816700e-01
-1.673154123135652538e-01
2.701082349635915425e-01
-6.025231761020209964e-01
2.137488768974798725e-01
7.333637278861517006e-02
-4.810808274687408126e-01
1.755210225734490925e-01
1.045433445040499648e-01
2.230621697250310675e-01
5.630436319649177734e-02
-2.305733940827724426e-01
2.203599314481583804e-01
-1.940695974298181723e-03
-3.360437561522447436e-01
2.346024558413115080e-02
-1.084746767816992946e-01
-2.194368636679501147e-02
-3.059796045490115746e-01
5.362748154825249802e-01
6.125245186058156932e-01
-2.453148225154129780e-01
-6.228491499614225990e-01
5.757824923625375346e-01
6.420194357250247341e-01
4.798168804250084740e-01
4.048262350536671050e-01
-1.818050205943269049e-01
-6.674795407047794393e-01
-2.741409633764734233e-01
-2.865929541955599680e-01
-2.253741891388605645e-01
1.425182758504522362e-01
1.096740543099029991e-01
-1.445141064987804369e-01
-1.435592559734613083e-01
1.288265446760924748e-01
1.075176705399469024e-01
4.595247405496860615e-02
-1.157886516502222400e-02
2.422866633312981133e-01
-2.651695403557636707e-02
-1.298203471884674942e-01
2.935832999722509835e-03
-2.106253205732990796e-01
2.105262780967498415e-02
-3.651037087247654966e-02
-2.536350173657060947e-01
-1.257752638293820058e-01
1.244977366955755810e-01
1.238725964582758077e-01
-6.912865709702011030e-02
-1.580049197988099841e-01
6.081090162109973815e-03
-1.144999142446090877e-02
-3.565992155779226236e-01
2.150537963565094246e-01
7.220929883835908170e-01
7.155846420971861965e-03
-1.049354056589669043e-01
-2.153747850628190755e-02
-4.400137988960872021e-02
5.257761581665838790e-02
-5.959887300550592744e-03
-7.603851167850901593e-02
-2.625196183926363849e-02
-9.623203613510737664e-02
1.400390107406293549e-01
4.725470923079851809e-02
4.152130658526109741e-02
6.991378443368069517e-02
-1.209109702153585569e-01
-1.359577439653908149e-01
1.480951075888353174e-01
1.733411134770391701e-02
-1.407636889135527314e-01
-9.328325095680929657e-02
-2.033652116526630804e-01
-3.513106273500481436e-01
-5.287379930531854733e-02
2.603542263366090750e-02
4.126376991746456002e-01
1.059914830668023250e-01
-5.435840978536376350e-02
3.057305242249772070e-01
1.097216409830955586e-01
-2.937370709011568118e-03
1.425599870230573052e-01
8.645168446304230718e-04
-7.504751598899288278e-02
6.722271629458187459e-02
-6.390563135093631220e-02
2.285798624973548604e-02
-1.923717739087756895e-01
-4.706020858930433370e-02
4.045758297203178033e-02
4.074876718160568012e-02
-1.743161568476882944e-02
1.008140964536990702e-01
1.244209719464916819e-01
9.207017554380605984e-02
-1.116800332437496990e-01
-6.685028731081543718e-02
9.538761148162062942e-02
-1.737961930260822352e-01
3.310911995666500351e-02
3.699438676786018787e-01
-9.518015055770631672e-02
-4.863634166267500891e-01
-2.409313062870940547e-01
2.785399837224238895e-01
5.743245185799176339e-02
-1.227336287975298729e-01
2.461359827235040654e-01
3.816616147342263149e-02
-1.427389347474645465e-01
-8.692378100749649505e-02
-1.556020526658905556e-01
-3.142413433438604603e-02
-1.487142082315638658e-01
8.844880334020793766e-02
1.917130568429250004e-01
-2.930927852031157133e-01
-3.672777799475641647e-01
5.441466350037641453e-01
7.483986910455937558e-01
-1.679628592343583582e-01
-5.379753750927455114e-01
-3.326306976514585845e-01
-5.153832510896088070e-01
-1.407915228055116874e-01
5.037478922366400713e-01
1.083487446166932905e-01
-4.733377559550372427e-02
2.293986699078326974e-01
1.518609975613247065e-01
6.692925042989746054e-03
-3.792137478863378403e-02
-9.102225975872202737e-03
-1.148770183728369115e-01
-1.758192751840602641e-01
-2.762285870424789902e-01
2.759637013061101429e-01
1.063681713768149378e-01
-1.451462492561118589e-01
3.322936368581328459e-01
-4.018419438177287493e-03
1.874855451930071693e-01
-3.942347751479696738e-02
-2.667631506404182784e-01
-3.307458756430847191e-01
1.381394535288602010e-01
9.044579712757423451e-01
5.553664387967635063e-01
-4.265841555500951565e-01
-3.768346210691230214e-01
5.352875284392926147e-01
-1.976131307532654202e-01
-1.936623067068078963e-01
-6.202064452101727771e-02
-3.054889789525898069e-01
-9.038139985496274065e-02
1.177365520834021267e-01
1.088410827265565428e-01
8.448985750786497384e-02
-2.492232957834489976e-02
-4.767416309476255748e-02
1.479187835228497616e-01
1.360672085729949687e+00
-3.287527954935122843e+00
1.556669080012259121e+00
6.706953765843891579e-01
-7.849425287713612809e-01
6.313025316028523237e-01
-1.681200496752736362e-01
-1.244583738052607302e-01
1.172165304286005849e-01
-8.557562306432024701e-02
-1.406941288183092553e-01
-1.005659637652080440e-01
1.686702892209455962e-02
1.138472726200889518e-01
-2.525726564399110446e-02
4.719209011127233934e-03
-3.453054664852778788e-01
-3.993826282528180338e-02
2.756768990260033969e-01
1.092834972491403961e-01
1.483726233217158297e-01
-5.112675025766463266e-01
2.823000111839887305e-01
1.151724676168098538e-01
-8.130847642879947268e-03
1.861002080392638036e-01
-1.008729675844118184e-01
-1.816472062730758452e-01
2.103688065475510516e-01
-1.408597231132427963e-01
-6.592207455445033004e-02
-1.718337562173876676e-01
-1.856243658287542661e-02
2.871428431393945324e-01
1.162808991897096716e-01
-2.827657642366719348e-01
-6.758497288889142585e-02
9.458644341872278483e-02
-2.006199880403009353e-02
2.724449066908848915e-01
1.181517978278331382e-01
-1.162904975382838130e-01
-2.823960819982218595e-01
-1.870735225129402379e-01
4.772084015362115100e-02
2.602076127096554226e-01
3.301436948453589579e-03
2.144171673912768361e-01
-7.828476341289994367e-02
-5.227336093692557667e-02
-3.345224080129390876e-01
-1.587338110921069356e-01
-1.015700953271732876e-01
2.157633108173233685e-02
2.792680518330153266e-02
-1.779430496708103715e-01
-1.514539473308176565e-01
2.205256627957093152e-01
7.127132278683397104e-02
-2.303136807177365575e-01
1.745399990849646255e+00
9.192176552718608895e-02
-3.469328588750594911e+00
4.310992362327726313e-01
2.689649768979604172e+00
-9.361626720044737837e-01
-7.298824381323214261e-02
4.837670984138746633e-01
-5.067752846747841655e-01
-2.744901764689704482e-01
1.344181050281948175e-01
-1.689185447617673475e-01
-1.493064467451181987e-01
4.751864368792534793e-02
-3.615817006113303811e-01
-7.894319998388710236e-02
5.336687312965562313e-01
-3.657332804138468396e-01
-2.576386828344776614e-01
-4.805636623300287014e-02
1.041154915653020457e-01
2.695969252575796116e-01
1.483853166474518870e-01
-1.346984694994002030e-01
-5.293916372954879934e-01
-6.423930880752467543e-01
1.688243356077840929e+00
-5.977332797265391129e-01
-6.445672182476909207e-01
6.836103464161585874e-01
-8.172844251262334492e-02
6.254568196846470307e-02
-6.979950286301671303e-02
-2.182479103616139782e-01
-1.994231692488042662e-01
6.955280675691130621e-02
-4.035674486132875133e-02
2.290946337555960916e-02
1.727184899277443564e-01
2.490124294972110575e-01
6.152015774388933794e-02
-2.484820052080802255e-02
-3.952677138400183532e-01
5.130261066116097446e-01
-6.731030669359309160e-01
-6.168874389487257748e-01
1.688762783069101880e+00
-9.415177082032484268e-01
2.280564673238107132e-01
8.482079487579271548e-01
-8.430787609646024361e-01
-3.250412967241408935e-01
2.009622681225002871e-01
1.556119127315856165e-01
1.533265132061643887e-01
-5.420423343153136786e-01
9.098593214829539533e-02
3.666505652943685134e-01
-2.188945972277506757e-01
-1.092512063963703983e-01
1.706630708057818024e-01
8.569214860438062464e-02
-4.504268014716347746e-02
7.267461931647535567e-02
1.025210011999021953e+00
-2.890801731973690614e-01
-8.940613869918704326e-01
1.631246547286863136e-01
-1.899276933548474933e-01
-2.638488466986642633e-01
9.094515400069657085e-01
-1.498795069046858219e-01
-4.365173985662541556e-01
7.641334464153928252e-01
-2.064584856746912167e-01
-1.345388207498274535e-01
-9.704205227025226865e-02
-1.598902390122286243e-01
-9.453978722808722632e-03
-1.479364682429468447e-01
1.288520614844298473e-01
3.717022116458638115e-01
1.046051518152871090e-01
-2.388939490612062011e-01
-2.333268963000665053e-01
-3.191792829137914123e-02
8.746925501053508245e-02
-7.901677288984253200e-02
1.676887798880897507e-01
2.405345637424550764e-01
-2.999759408620389367e-01
-1.756612158513445876e-01
1.528924122511344519e-01
-4.143056799874052232e-02
-1.062338137453018722e-01
1.082666371943913526e-02
-7.600343905032383440e-02
4.232998916591237948e-02
-9.902763750196905135e-02
-1.108321815241288116e-01
-6.047909757536027581e-02
-1.151299034342652960e-01
-1.413135028539245774e-01
1.158594127593066741e-03
2.402518873511834754e-02
1.394466045207961025e-01
-6.284800855816656540e-02
8.162252794723380556e-02
5.594482230514736393e-02
1.769000718615722223e-02
1.559139327326132356e-02
-1.162301626273061668e-02
3.029429144510935312e-02
7.746554418495688044e-02
5.162590112245509649e-02
8.805694224063615946e-03
-5.836628824741697807e-02
-3.519069993109984109e-03
7.212170671380316311e-02
-1.038521973006315269e-01
-7.181343818748134322e-02
-3.951394263763367137e-02
-6.300983096003261175e-02
2.054678082962237695e-01
3.279738043601723163e-01
9.694195381880765794e-03
1.460242838084149508e-01
9.875262560941813067e-03
-5.702992136544599022e-01
-3.685046563924412183e-02
-1.605675351007589124e-01
1.659122962518008171e-01
6.789731676845341124e-02
-7.702210319509521404e-03
-4.919709760605701088e-01
-1.411547599996401392e-01
-7.201610720566492541e-02
1.271515412649893095e+00
1.198593588792623565e+00
-5.770244319670543298e-01
-2.386339219205592332e+00
-1.900661543740900905e+00
1.369706780013166592e+00
1.289900390345825709e+00
9.784710918273400448e-01
-1.266285853038617182e+00
5.753568212327352382e-01
1.167357436346811023e-01
-2.509685526806004763e-01
-1.823359142395192516e-03
-8.668008764715062764e-02
-2.083947835508850877e-01
-9.849784838807431817e-03
-2.789923964501050783e-03
4.044020634936677516e-01
6.316359811503985400e-01
-3.449895427272525218e-03
-3.621689089102274051e-01
-2.355405008821735424e-01
2.059910150739267809e-01
2.368626956323247323e-01
-2.361693982475433773e-01
-2.340717002938511315e-01
8.874723530934426619e-02
8.905316341183144857e-02
-5.053021745835223344e-01
-1.165796733801990892e-01
4.472471602019886111e-02
-4.287533847407203891e-01
-1.114932946162575794e-01
1.329779567295435727e-01
-1.801261016478660493e-01
3.960024890479738741e-02
2.099321874990251746e-01
-7.782090406391950488e-02
-3.027225543604556215e-02
1.355485845462479043e-02
3.100120739859877489e-02
-1.671780651784131322e-01
-9.427042590417812618e-02
-1.713416043144578849e-01
1.457016757952123154e-01
1.642700450465210248e-03
-1.432064436517897221e-01
-4.054095577649061838e-02
-6.712275197590131248e-02
1.105766543227913734e-01
1.699211560862187165e-01
2.370271707617644524e-02
1.359580228294534621e-01
4.398488270683723611e-01
5.971585182284537829e-01
1.475227890146801890e-01
-2.393091619638985090e+00
1.364454511199607367e+00
8.838179376090911088e-01
-1.309252639978486954e+00
-2.821883627897929236e-01
1.275475337418229549e-01
5.999939373792649855e-01
-2.546528922531436645e-02
-2.479884307264698939e-01
-2.007434380763432891e-01
3.075700200394353989e-01
-3.797670720590467369e-02
-1.479301223409662802e-01
1.116560905162670703e-01
5.732703785556289566e-02
4.581624672141801358e-02
1.461866076737801390e-01
2.246647256068901033e-01
8.100986889620225007e-02
4.382150248629964294e-03
-1.465354757312365419e-01
-2.175078424410332167e-01
-2.367250577223540264e-01
-4.555625534152610845e-01
2.989219337027902990e-01
-4.260736104304833211e-03
-2.104089827090648290e-01
3.574480827100499081e-01
1.115676788327063657e-01
2.310397406552567867e-01
8.610894793616422072e-02
-1.303467429879331396e-01
-3.353992048915341306e-01
-2.634134695115269431e-01
3.010063434562931448e-02
-4.492314798057547159e-02
4.186179009799199241e-02
1.560844455167851863e-01
-1.415872498422453274e-02
9.228945747736674865e-02
-1.632047283801015825e-01
-1.247536938686656244e-01
3.585393684996497354e-01
-1.724287199162647874e-02
-5.693287110362514891e-01
1.556312174570697593e-01
3.074932460412667656e-01
-2.060382849704388009e-01
-1.809394901097519381e-01
3.719745985308494513e-02
1.203070854331152739e-01
-2.225275057863666459e-02
8.908296595424412823e-02
5.064146074566274747e-01
1.217509372026782666e+00
-1.576774701406980173e+00
-3.145416660652604168e+00
2.032914985722215739e+00
1.561203558605666286e+00
-1.364299374715078228e+00
4.478650662517915104e-01
6.070296357698365952e-01
-2.713713719166431226e-01
3.316169966998978036e-01
-1.857557318401170388e-01
-3.314174803885153175e-01
-1.695430161682260073e-01
1.509723064664799941e-01
-3.751825575032243232e-01
-2.061282666632474891e-01
7.534448546273017633e-02
-4.071807143826029485e-01
-1.544799906163831782e-01
2.718195022729522070e-01
2.680466566997367073e-01
2.190242675989767795e-01
3.361414996053144200e-01
2.441290043720503733e-01
-1.758373677132618829e+00
-1.171725245523517200e+00
2.249068324869302415e+00
-1.175282536625238405e-01
-3.671783333611183253e-01
3.905355439072287216e-01
-1.713743403055572878e-01
-2.108833598123677211e-01
9.785018242735395513e-03
1.205443843921559649e-01
-4.923779783280818334e-02
-2.412186141903935599e-01
-2.740646420123533933e-02
1.278613420725282224e-01
3.189244198616518755e-01
9.730469185521693765e-02
-1.386388928634664508e-01
-8.777699321890335138e-02
4.614303284159301244e-01
3.815842414264861704e-01
6.776067825016335311e-01
2.950131487480007753e-01
-8.575210637460581875e-01
1.821519221846474301e-01
6.497194916285233823e-01
-2.291602865368280728e-01
-1.613041352650823324e-01
-4.006466341464526848e-01
-5.079263109479132954e-01
-6.920247360795085678e-02
-2.024701369647055049e-01
-1.701369986660691280e-01
8.816762534776891036e-02
-9.799829865712571535e-05
5.359720760087587771e-02
-1.903656643277815835e-02
7.016436883835744376e-02
-4.917963599636411727e-03
-1.426356961861013350e-01
1.939141494972980440e-01
-6.190434392822152104e-02
-3.079196883747503111e-01
1.806169926840375806e-01
-2.533220170407555344e-02
-4.696927669797683336e-02
-1.975968978557640365e-01
-1.518169334931724901e-01
1.818060892928435868e-01
1.635397324749458814e-01
-4.583125425891613203e-01
3.612956343737303011e-01
5.327459185708746103e-01
-1.489020373587480461e-01
-2.966521591928225621e-01
5.937878586327488550e-02
-2.961307552393714349e-01
4.419716579424935454e-01
2.558903055671479798e-01
-4.528916859660524485e-01
-1.484614275214793111e-01
1.668709568615807937e-01
-2.605448108254044270e-01
-6.234191321738028480e-01
5.053499303557095201e-01
1.462316325999533373e-01
-1.138237221457869985e+00
-5.461204476624158255e-02
6.092634015268991732e-01
-1.899510506045608837e-01
-1.680531641555603750e-01
1.135484069583385242e-01
-9.705721659626238562e-01
1.197079424951317528e-01
3.404980165449097984e-01
-4.151901237805968314e-01
1.100139290131802311e-01
-8.583636586732956708e-02
-2.460493106507602723e-01
3.564264623055777292e-01
1.600780695309104440e-01
-4.035687423122364531e-02
-5.505586010266766417e-02
-4.052843986372807739e-01
-5.950347761044274542e-01
1.101221257762575290e+00
-4.113325718670352571e-01
-4.160300088705911059e-01
6.624361874769478797e-01
-1.219829293919608287e-01
-6.900366807443926442e-02
1.979601396977868355e-01
-1.096785876658399987e-02
-3.947028491863185939e-02
-4.341633270866575300e-02
-1.908843221039431548e-01
9.893930409071249876e-02
-1.683340062507721890e-01
-1.099948492191592381e-01
7.303775000634658843e-02
-4.771502596729630397e-01
1.173341397253499230e-01
1.017064633457898937e-01
5.261494442524005111e-01
-1.781042880532766048e-01
-4.830291369088902942e-02
6.647820708483798136e-02
-3.121158860831451110e-01
-5.047728074179082258e-02
1.751319200700415524e-01
8.462845014937152299e-02
-4.008422497869947865e-01
5.421813053459912934e-01
-4.051502731122775397e-02
-2.410751265534147869e-01
3.361216098074243930e-01
1.052095226268054233e-02
-5.288249758495924824e-02
-1.367607685449226673e-01
-5.227176201800553396e-02
1.158637617830650043e-02
1.587744177673006685e-01
6.812349283641913611e-02
-1.253610004832931279e-01
-4.353374120670149838e-01
3.952725167553297614e-01
2.352877332321200166e-01
-3.443128580719626575e-01
1.407396047984239562e-01
2.240383696543484238e-01
-3.902063384034641924e-01
1.865293548364103937e-01
3.498248117223985709e-02
-2.373943253551422938e-01
2.225460434281518463e-01
1.458941522629842724e-01
-7.372929539827062506e-02
-7.883805650638375448e-03
-1.994766188344649083e-01
-1.938729499858496963e-01
-6.643929413825735986e-02
1.480152469473913213e-01
9.803603350718993747e-02
2.913495310441073793e-01
-5.285685534697760479e-01
2.845012695418596693e-01
2.600126644517670050e-03
-6.089292985371178024e-02
1.453465850971705775e-01
-2.990227917413918607e-02
-6.397025938224729091e-02
-1.235208775072654808e-01
2.993350228564900517e-01
-5.185078132294902720e-02
-1.121484657629429477e-01
3.043595864091159023e-02
-1.149918560575588639e-01
4.658512826544662921e-01
-6.192925555747254007e-01
5.645049289181423846e-02
6.743072703689143577e-01
-4.777931937127744000e-01
1.256279303108292188e-02
-1.975484418486151209e-02
-7.853891302996143797e-02
2.332741182218305287e-01
1.979088782627988763e-01
-9.391530503229922333e-02
-3.649785037706995000e-02
-1.393237399035154866e-01
-2.250893795196806935e-01
2.320362550645042876e-02
-9.348339816045017625e-02
1.403163601589326251e-02
5.218443833146561850e-02
7.076816158085294517e-02
-5.042417089793696516e-02
1.619724529854487186e-02
-1.315017274476135423e-01
6.873655683742024847e-02
6.987698088600612367e-01
1.550938384719625640e+00
-4.852539261417049277e-01
-3.411982191396108366e+00
-1.557253829362579833e-01
2.126008238122158556e+00
3.597544062346695326e-01
-8.174309857129326007e-01
1.551987868520393055e-01
1.369507701173214298e-01
-1.236724636633868279e-01
-1.028596744870107910e-01
-2.286928205588915353e-01
5.345682985056506853e-01
1.748492227334852989e-01
3.236062580191000349e-01
-3.757718539296399096e-01
4.103703703060243013e-01
-8.677862728578410179e-02
-2.988124232347313392e-01
2.339073549524633283e-02
3.574382445100933725e-01
1.168600945493785820e-01
4.018673907628484421e-01
9.635660504467152832e-01
8.847671120780993270e-01
1.478203823851375123e-02
-1.942738744146564223e+00
-2.298386941858390209e+00
1.349086276895786751e+00
1.124901351012987050e+00
4.971945587316489723e-01
-4.959973972107101226e-01
3.616210389566945071e-01
-8.684594912457384297e-02
-2.004307227526180568e-01
1.358622473931739988e-02
-6.032763094894945388e-02
5.571229180026347760e-02
9.677543750798867084e-02
-7.612671713226449796e-03
-1.077787957717852990e-01
1.330465903673502294e-02
1.433514870733530733e-01
2.162970173159161832e-02
-3.198523791399544153e-02
-2.804098475067235974e-01
-1.688999559344750087e-02
1.036441340321205551e-01
-4.120702456419923776e-02
1.623631081133017698e-02
9.905880610782855089e-02
6.690651677762654743e-03
-1.048289225739568314e-01
2.230712540190147447e-02
4.071739042445636780e-01
2.450444782043829761e+00
-2.561835035163758878e+00
-3.448801103497417309e+00
4.544237135701032493e+00
-1.106680174673506212e+00
-1.036507548091347486e+00
1.673709071144119598e+00
-5.081649166513521054e-01
-2.437955339483384443e-01
1.559381554925841629e-01
-6.012055986530184110e-02
-1.450251619996967833e-01
-6.983086801250038000e-02
4.717362919014890521e-02
-7.548954156362175025e-03
-1.704273414279151508e-02
-3.988471209001923090e-02
2.224376910102034144e-01
1.637754319610893461e-01
-5.759593791710618249e-02
-1.191524774710548129e-01
4.118144126258098392e-02
-7.119113884659234587e-03
4.377060733305612739e-02
5.516178054767360839e-02
1.064514272790698622e-02
7.021642145114037614e-02
1.214582417028332167e-02
-1.299068708978660669e-01
7.600050682379533296e-02
-4.320292433910636470e-02
1.965308818970073969e-04
8.981743624419506744e-02
9.473798377085736189e-02
-1.449515125753002114e-02
-2.001249040293921755e-02
1.143577118866367232e-01
-1.246583946492702821e-01
-8.050548394997054935e-02
6.822938788194003734e-02
7.186887441587760939e-02
1.452945472902149593e-01
-7.508012802903588079e-02
-5.470728547433981875e-02
-6.014699842413715608e-02
-7.802067233813124447e-02
-7.542914405532605282e-02
-4.199423325509013538e-02
1.399734879145285160e-01
1.016269290492275296e-01
-4.750931057903693550e-02
-7.415082249692203642e-02
-4.215600313161285695e-02
-1.387383737200513500e-01
1.902315807922314583e-01
-2.814066094945522067e-01
-2.917128157750026318e-02
1.952460331458285292e-01
-2.199848781827684618e-01
-9.762927167835926123e-02
2.204396933765651739e-02
-8.604843683707628921e-02
2.615821246753468471e-02
-6.108550044748314173e-02
-8.727950200101081135e-02
-8.217955248854393047e-02
5.466113427764024424e-02
1.264564355740784185e+00
-4.116281579197705182e-02
-1.399755253760238016e+00
-7.206276444307029294e-01
5.615742080427323923e-01
6.705393748890252636e-01
6.040018427905975013e-02
-1.756050991216605850e-01
4.648168125089192221e-02
-2.240608278647127083e-02
2.442046185484455789e-01
4.354929006560183669e-01
-2.297120716464998436e-01
-1.259758562772894663e-01
-2.991242477329010205e-02
8.767818466977207736e-02
-7.860329309879825893e-03
-9.326829682266198421e-03
7.921375155599666429e-02
6.383735201442136686e-02
4.182333178630623371e-02
-1.382590397297006092e-02
-3.394651299240146192e-01
1.489493219082039799e-01
-1.172164700006468191e-01
3.578706889012083642e-02
-6.484698299249792852e-02
-1.461154908923062712e-01
2.894554869752877235e-01
-1.148444668651550649e-02
2.384180407541836369e-02
2.464236904429152608e-01
5.102420909753069278e-02
1.768961384397307879e-01
5.246690705931691262e-02
-2.716901360196019022e-01
1.476717777427993539e-01
3.348152625263404181e-01
2.888069093978499514e-03
-3.349924526394926771e-01
2.153980079446044249e-01
2.325994167169009863e-01
-6.980139667789903024e-02
-2.320691212431262584e-02
-1.728041292390755379e-01
4.599906425658528697e-02
2.192310711509893872e-01
-1.377710244187122512e-01
1.250483167393110495e-01
1.571930189140739731e-01
-1.365356940943321384e-01
-5.535466974775003074e-02
-2.815554386971339529e-01
6.221137505674935453e-02
4.120000456405307765e-01
-4.733499235600398536e-01
-7.116940551975516928e-03
3.244576427093796567e-01
-3.290780527400968825e-02
-2.214410125839406107e-01
1.454934028757994546e-01
-2.272108892463601260e-01
1.476438888260492854e-01
3.511676322188751059e-02
-9.065142068104946327e-02
-1.589503772351641975e-01
5.868746642101863031e-02
2.642906347498583108e-01
-2.604034514900229191e-01
-1.360715480780195705e-02
2.289753641350765201e-01
-3.121561257958518354e-01
-1.031469641776449619e-01
3.829505073947133686e-01
-2.737726376950547214e-02
-1.334489582498276650e-01
-3.145670518065627475e-01
3.443728234374239805e-01
5.115210619490648813e-01
-5.637574381617902475e-01
-9.774444097880460869e-03
2.592316874049285236e-01
1.833028467399954453e-01
-3.173219546135928604e-01
-1.512110284510769509e-01
4.175899497228014456e-01
1.401405798910516920e-01
-3.590474537077943396e-01
5.143967645578132603e-02
-7.112700002167822444e-02
-1.994778499937328031e-01
2.988312923537843769e-03
-1.729602012681898116e-01
-4.561399390472274384e-01
-1.259708922210061588e-01
1.097120172063483556e+00
2.798434989038540155e-01
-5.776936179548877170e-01
4.097219994046463198e-01
1.426954577666360802e+00
-7.243648302813023854e-01
-2.853143756498357941e+00
7.278844884418145256e-01
1.480397970685243703e+00
-4.551979518536313218e-01
2.318639281312218914e-01
1.439842233227539570e-01
-3.513411516287678893e-01
6.504658977177112111e-02
1.413932916082222139e-03
2.064337472086427358e-02
2.262014978103291385e-01
7.168110818374356930e-02
-4.677386104711819259e-01
-1.790467186898412888e-01
6.400977800059244327e-01
1.859259291421908877e-01
-4.513359733192388035e-01
-1.854181276627764607e-01
3.201811549400940815e-01
6.038774724343238809e-01
-2.857780972063699299e-01
3.443225657981168752e-01
1.007088436195367892e-01
-1.072584901899772403e+00
7.466497883889895715e-02
3.758302138749477495e-01
-1.305856308400740184e-01
-1.920647042425547846e-01
2.034372778265994830e-01
-4.286216650662592192e-02
-1.598612904112415301e-01
6.540789550071332559e-02
1.973257587329615703e-01
-8.330651725732500512e-02
7.750814558932205001e-02
-1.678112892065404815e-01
1.999094226577157185e-01
-1.603659536312463940e-01
7.160380806208514748e-02
-1.357150608975317696e-01
5.296562412281258930e-02
4.122320448174512236e-02
-1.807239423546759816e-01
-1.156160486625119610e-01
1.178110258411840805e-01
-8.319764745779842721e-03
2.182882665568805225e-01
7.535753456714866516e-03
-1.732914802965491718e-01
-4.688314340070206220e-03
1.270646558292634065e-01
1.075292164114649840e-01
-1.474725682816301411e-03
1.335641338793771782e+00
-1.060446831074471241e+00
-2.756664343580280008e+00
2.712322904750969155e+00
5.229458775396375048e-01
-1.420466567944416614e+00
4.182939107093527897e-01
2.324564695702327211e-01
-3.860670072873908509e-01
8.605561530361254263e-01
-4.181481073204293408e-01
-2.559303473941484941e-01
2.031069761603771784e-01
-2.290648950114086424e-01
7.075503891422442460e-02
9.392511047411418457e-02
-1.877180913277197161e-01
1.017551091067741276e-01
2.651376924520944534e-01
-4.021730928100728519e-01
3.961655663094695162e-02
1.579638409424041878e+00
-1.681131737498840761e-01
-3.243052810343573622e+00
7.176191111872187722e-01
2.179617068614671194e+00
-1.027749016775534319e+00
-3.802208414210684895e-01
5.032883259068882120e-01
2.302350674578672873e-01
1.372451333198592138e-01
-2.571182892963169708e-01
-4.379247722401869436e-01
2.054102517443267550e-01
1.941165122911898966e-02
-2.734239928198121672e-01
1.328941990430974884e-01
-6.812680238412185951e-02
2.249989474780857979e-01
2.422201028125070821e-01
-1.090376565953020405e-01
-1.348514902624571299e-01
7.983754168252484018e-02
-1.879536391023309827e-01
4.715296268583422934e-02
-6.256221238901134296e-02
6.667721982707784656e-02
5.121198331574218499e-02
3.634250886841078332e-02
1.476822534533487608e-01
8.972889402671676770e-03
-1.183281017141824681e-01
-2.632241883333029126e-03
-8.422756220986424291e-02
1.711654965197110523e-01
1.164140171242352695e-01
8.618752511889674062e-02
1.113880119611247332e+00
7.173557855268476446e-01
5.107267094768749155e-02
1.841436466754412804e-01
-8.717131367186689017e-01
-1.230001970770497666e+00
-2.491461178653209263e-01
-1.124403705837955236e+00
-4.363976377255237571e-01
2.693196072370294680e-01
-1.483925327128307048e-01
4.665792384225416756e-01
1.044127400608927614e+00
1.967473720129888637e-01
1.997232065181610006e-01
3.276918986540803269e-01
-1.503402325225822733e-01
-1.896560210083286790e-01
-8.264084645408829866e-02
-4.377006617637376612e-02
-3.551274154167013281e-02
2.087294076977841764e-02
2.310501565400948157e-02
1.883966852249649090e-02
4.128245907949915083e-02
-1.893466734804959833e-02
-4.531126876141990459e-03
-2.488556852668598329e-02
8.106793810987826532e-03
1.479360321840327529e-02
4.082813593992172529e-02
4.830504705965905227e-02
9.812695045743179828e-03
-4.561127651390137032e-03
-4.660660587526501905e-03
-4.626029971810697271e-03
