1.869220774353264058e-02
-4.792701546094846332e-02
-6.742826216522690430e-02
7.391772374986449456e-03
8.065585145806819511e-02
-6.241837682449902225e-02
-2.095348073529579302e-02
-4.856593649428253556e-02
-1.457857585334254580e-02
2.574376698810976194e-02
-1.856656885922580713e-02
2.983552391091226497e-02
1.153570754874189142e-02
-2.709934280923254057e-02
7.328608582607643029e-03
2.255357171407190719e-02
-5.847899991224969618e-02
6.304838502063470074e-02
3.543807128029752285e-02
-3.559404781361985570e-02
8.153276089623240352e-03
3.240153170191817367e-02
2.287833379801607059e-02
3.619923958685333787e-02
-1.538777479315522889e-02
-3.053078115649254798e-02
5.773644227121521588e-02
6.038595652634093369e-03
-2.519218859025174062e-02
-4.904997455499993109e-03
5.456030182850191146e-02
3.666733526194487780e-02
-1.932844806562949991e-02
-7.227648615695247969e-03
-8.100536325648333147e-03
5.624924812309028965e-02
-4.337316278974823192e-02
2.393018522622569755e-02
-6.766213613159655083e-03
-1.261139510801467800e-02
-1.015423135449822212e-02
3.125229738519963441e-02
-4.332924196805310046e-02
2.993696940990542288e-02
-2.336362252944845785e-02
-4.307399397518230089e-03
-5.794246956331239318e-03
-6.157116327264899880e-03
5.883882071576307382e-03
2.912251269855392621e-03
-7.944064874845002677e-03
1.458285382413415654e-02
-5.352674956609004830e-02
5.690337320488292328e-02
-1.187625022367466698e-04
1.012478591786503124e-02
-2.184770549977166354e-02
1.125768378369662592e-02
2.509391787215431435e-03
7.657138553506914747e-03
1.350540979127634600e-02
-4.077801252142299049e-03
-2.806852406051074666e-02
3.189019205660525991e-02
-5.198361657898886712e-02
-7.500792369225228740e-02
9.277574237894126163e-02
1.542251270715224720e-01
-1.558712970074449533e-01
-4.955621682067934408e-02
4.800234568649486278e-02
-2.953481739131902373e-04
-4.961283416286876857e-02
-1.348547216158069162e-02
-5.924162841814006875e-02
2.683102275551196847e-02
-3.486318412470867933e-02
2.776857445443137173e-02
-3.592670397677366623e-02
1.584963975882480725e-03
5.453239468519321953e-02
-8.341436586527972707e-03
2.822667622276830990e-02
-1.189172556602957620e-02
3.365791391937777988e-02
-2.881472765940928937e-02
-4.278954209204766101e-03
4.001718495441952683e-02
1.386202325534109381e-01
-6.764688806383101216e-02
-6.819817805407302203e-02
5.077950467450853544e-02
-1.376090430938048392e-02
-1.702635470742563939e-03
-4.630169284732454926e-02
6.528546954652103551e-02
-5.113072817322539265e-03
-7.287765187900374642e-02
3.513907202476573843e-03
-2.149547479959323937e-03
3.653057586589003591e-02
3.702662009236146190e-02
1.119248764250313499e-02
-4.877214668395524200e-03
-8.688205367342494156e-03
6.842922784267013725e-03
2.637284341991508185e-02
7.946205113563920008e-03
-5.922519122236780120e-02
4.863784020175754286e-02
1.241730111514154355e-01
-1.857093596422805248e-01
6.050606673311698103e-03
8.153151287653637169e-02
-2.467638961740559189e-02
-2.295634101073518174e-02
2.973094211122973007e-02
1.829720617063790300e-02
2.585748209517779728e-02
1.462805078522633195e-02
1.439586219190180927e-02
-2.180050290142920844e-02
-2.349470255291574716e-02
1.612591356836334811e-02
-2.532586411331028131e-03
8.143859875415770944e-04
2.817256920657618124e-02
-2.129537064690056880e-02
-1.229941829067837666e-02
3.482093335191316363e-02
-1.075768549187339218e-03
-2.955727636368399303e-02
-3.188787327378395098e-02
-1.729951224054504522e-03
-2.673340698934789650e-02
3.237891890424293706e-02
8.638864269250601247e-02
-6.688347479061862444e-02
-8.356347659943663686e-02
2.948080162422028749e-02
1.550626244280661759e-02
1.714489188587187130e-03
-1.660635181716596520e-02
-1.460205275260761937e-02
3.279302122017790921e-02
3.935474114048265193e-02
-2.891673428936591961e-03
1.728665910351612212e-02
4.241426297406780677e-02
1.286354531091449260e-02
-2.257881356345059487e-02
8.177429674629976830e-03
-2.922518183766742439e-02
-1.764038255982036674e-03
3.100276660263912021e-03
2.675819601949047666e-02
-3.661163017732382841e-02
8.416092307963474184e-03
4.733963137116914410e-02
1.100389203999085908e-02
-7.887736218219920659e-03
-1.885449872971411978e-02
-7.549720032730578012e-02
1.292392048079569200e-01
5.075478845565006836e-02
-1.770041794536778568e-01
6.183792556066203261e-02
-2.499088551035111294e-02
2.543153423220578802e-02
1.585414489594505483e-02
-2.299895013353836504e-02
1.279953196282068717e-02
6.029492711118855652e-03
3.717805528434015017e-02
-1.133169409666923144e-02
4.068258216042019981e-02
1.531627354546261088e-02
3.595497272710757031e-02
8.213061566359591836e-03
-1.500861247903495510e-02
6.180897387625927664e-02
5.643296436350953016e-02
-3.705732652932480775e-02
3.324886596202825118e-02
3.753337958516178574e-02
-1.040658555526263740e-02
-9.928584931095052468e-03
3.800717626397354110e-02
-1.950810694091620334e-02
-3.423622197178399773e-03
4.949017456316484598e-02
-3.935950607179283800e-02
3.264137896262120364e-02
6.528950222744578369e-03
-7.936125404301108688e-03
-1.975072752589013270e-02
-1.186101673346784402e-02
1.831399288159252237e-02
3.368213505758488324e-02
-6.727167996492156021e-02
4.271652599799846683e-02
4.111744308532427894e-02
1.340430456057095654e-02
4.819180803151246195e-02
-6.571880905799787342e-02
-9.361536391397695667e-03
4.451570346259581257e-02
-1.622101151509225403e-02
3.500733801449307236e-02
-4.211852533744475657e-02
1.059436412202563460e-02
-3.511900626219865984e-03
-5.498974004456647080e-03
1.010805068829259135e-01
8.286486331601650157e-02
-1.156681865619941796e-01
9.541423803968385187e-03
-9.727732658433518864e-03
8.819794074649722759e-02
-1.540888136082418924e-02
8.127623897202784775e-03
-1.485755437690983172e-02
-1.892497354551725408e-02
1.082312107895599951e-02
-1.304388132947620349e-02
1.476804638579709561e-02
1.806171359580677205e-02
1.147530063144364121e-02
4.161241178759933490e-03
-3.645796601731632336e-02
-7.203313491991991668e-03
8.217009878989145477e-02
9.390877596220370549e-04
2.803582900192846949e-02
1.020192659351604192e-02
1.995271419185851158e-02
-5.881647593535044294e-03
8.231014178611406606e-02
-2.146861689767520787e-03
7.517442137370200506e-02
-1.395008193228641780e-02
-2.154015304987133561e-02
2.770088496974310033e-02
1.891161095381987955e-02
9.901833532118620163e-02
-6.697080156420098795e-02
8.405432151027181220e-03
9.987379131357387863e-03
2.019626853523881493e-02
4.013381489991041384e-02
1.953634060377140713e-02
3.552635746157761787e-02
-1.027122649824541156e-02
6.251032445569371099e-02
4.820546419242410785e-02
3.721633191924844652e-02
-1.096940396537360307e-02
1.639471182672447291e-02
6.717806799790992933e-02
-5.973186911888639372e-03
3.638200371219557638e-02
-6.419342360045598994e-03
-3.800773755807584919e-02
-4.591412466624933408e-02
7.999501727445257337e-02
-4.383778596426513019e-02
3.777854359016763475e-02
-3.483424050481098710e-02
2.614871698649112730e-02
-9.386347344857037811e-02
-9.925157933447614766e-02
-1.736584949939188327e-01
-8.461042724261691461e-02
3.088248969857732007e-02
2.474850198829585679e-01
-2.027870560615818718e-02
-3.873067103180671822e-02
-8.031532889945514064e-02
3.152054000574078252e-02
3.615538144538321674e-02
-2.685389820180072995e-02
-1.587014973559064401e-03
1.449234238208396697e-02
4.200401838377221253e-03
4.071461224844230564e-02
-1.582696794354498948e-02
-7.646531999327077500e-03
1.379183773273795488e-02
1.575244002312237157e-02
-4.865227986492248746e-02
9.630302417435121498e-03
3.480772371296447787e-02
6.883304605575402135e-02
1.667117812120411102e-02
6.682632740576277541e-02
1.218375745254673959e-02
1.677784049590602677e-02
-2.063589548313204958e-02
-2.455359699790671257e-02
4.869327579477777945e-02
-1.554676335290672284e-02
9.371264392221423378e-02
-6.588749776612345954e-02
2.328870098104118824e-02
5.910731880587194453e-02
-3.120276025492563221e-02
8.913629065534145468e-02
4.137329498384767490e-02
-5.139106241014945731e-02
6.825758883605925753e-02
-4.121898213337549244e-02
2.860268530339804549e-02
-2.854580233267411948e-02
-6.035427606798204891e-02
1.533487488643854313e-01
5.663513430787459058e-02
-1.307399456658737691e-01
1.027984611754684252e-03
-1.914205867247842363e-02
4.751296905081425770e-02
-3.771152456895410232e-02
4.962292518613087289e-02
1.474592071551095174e-03
-9.515875175225563254e-03
-7.326484375145270178e-04
-8.704461438050259403e-03
-8.121649799719410368e-04
2.395941181703542533e-02
2.314504573779396779e-02
2.103728837411900088e-02
-1.799200833926239973e-02
-6.767449263113567426e-03
7.271228386583761250e-02
1.450947342063217960e-01
-1.662660176649326527e-01
-8.018939812406866707e-03
6.880439881483058073e-02
1.067072161973214861e-03
2.403294579004144893e-02
-3.911931940432467059e-02
2.796032122971769951e-02
-2.446617289815344876e-02
-3.015132321121627434e-02
8.351114297714690160e-02
8.690447548585611415e-03
-3.379208419730672652e-02
-1.325443774335233194e-02
5.933663431187019555e-02
2.150483264253821858e-03
1.735582695941162434e-02
-1.281272748339268297e-02
3.062381799865621090e-02
8.229867440268656686e-02
5.313211757247748857e-02
-3.645705176849500795e-02
1.398002461516667516e-02
-7.288979605267131845e-02
-7.488930793488490778e-02
9.756606312283366833e-04
3.660278276666950603e-02
7.905133943710840327e-04
6.956514986708794979e-02
-6.397468055013666444e-02
-3.159935774791056140e-02
3.289437787551174885e-02
-2.736797739929297535e-03
-2.801590647549767610e-02
8.145128797216294458e-03
-1.092362348725162136e-02
2.678359958519882511e-02
2.194849360916206749e-02
1.487885266822908115e-02
2.458710670068353643e-02
3.000921112306098593e-04
1.823406086499312906e-02
-3.943477732890632304e-02
2.295992936738344703e-02
-3.187266264195298682e-02
1.582437211291276569e-02
7.662865806771379518e-02
-2.495317800505425510e-02
-6.963986195039217897e-02
2.701937953063149322e-02
1.365430302669157214e-02
1.914491130891704529e-03
8.215429514038863346e-03
2.273437935324507109e-02
5.999656215192494813e-03
-5.775950568365884052e-02
-1.503351766464744443e-02
3.506295234522838200e-02
2.112698900537113289e-02
-1.133075764589444034e-01
1.857704510816615695e-02
-1.356104578064210031e-02
6.752421831135757557e-02
8.563859175121368850e-03
4.429100800025320694e-02
5.907962153389867410e-02
-9.260576510843776532e-03
5.168583377916879940e-02
-4.833274632551809447e-02
6.935956370347051703e-02
3.855978868316789487e-03
-1.899369802909678384e-02
7.434881581169516807e-02
8.585846993276424755e-02
1.106061203190833453e-02
-1.930662680134664910e-02
7.156884119043738224e-02
6.580735894602218750e-02
-1.833217854085411602e-02
1.920673763592262162e-02
6.636715404858306577e-02
3.741134558010350553e-02
-7.138257336157138866e-03
-7.511178318924005559e-02
2.571305165919746116e-03
5.079705435192449769e-02
-1.789675044963701112e-02
1.250766399458114186e-02
8.756186594007564494e-03
3.336318025533380194e-02
-3.085309620730614100e-03
-8.784273737757475331e-03
3.773517313768715020e-02
1.186387442119674063e-02
-5.508193077460976639e-02
9.133388030728717411e-04
2.425085512450042557e-02
-1.767123252597913030e-02
-6.688832033251213005e-03
3.682026024117690532e-02
-8.751430068136611951e-03
-9.183457361249258710e-03
3.849831179174190154e-02
2.557600584042596381e-02
-1.844172704719482248e-02
2.761935211989197114e-02
2.697025321937029929e-02
-2.091976701936304472e-02
3.770852307083649713e-02
5.232894082299432981e-02
3.526786629478362300e-03
7.261197266221808277e-02
-4.886732565078677482e-02
7.724317389394053102e-02
-1.392469612731717099e-02
5.654423189914492553e-02
1.271612953081784347e-01
-1.490219249369317822e-03
7.574332234525105179e-02
2.839555396027471090e-02
-5.119539864485656011e-03
2.058960180973201659e-02
-5.344067423412468543e-02
4.622149765025596047e-02
6.718725482812137884e-02
2.117795517494986957e-01
-1.572708870181998009e-01
-8.190827080572837815e-02
2.495609621059924343e-02
1.582805130713627051e-02
2.655826884943013333e-02
2.306784729506183851e-02
-3.247420392376376697e-02
7.728803146586304962e-03
-3.092302362085685985e-03
-3.247087574693563461e-02
2.677295499939558177e-02
1.920872923157168621e-02
-1.851999584754748795e-02
-1.069773969184506512e-02
5.134604268204068234e-02
3.542164289802451904e-02
-8.284480118448733776e-03
3.811577566544244178e-02
1.798076807341031369e-02
1.587917637968194740e-02
-6.595652169107246721e-02
8.238707899192032613e-02
1.597602673093057035e-02
1.235973675464361321e-01
-1.192827861177532256e-01
3.967780400126308393e-02
-4.788058910895731657e-03
5.476848932849609497e-03
1.204693707099835365e-02
4.426573106426223703e-02
7.904139243984698027e-03
1.611680469362575252e-02
1.808200187063002673e-02
-2.374421347270949667e-03
3.761427195226785258e-02
5.742011735607555067e-02
1.216334111918904171e-02
7.394155138595870369e-03
7.920894507701703446e-02
-1.929465290942866673e-02
3.809934829831318481e-02
3.616409743621318285e-02
1.819526966828632908e-02
2.767577908248419760e-02
2.368969443075430448e-02
-1.381002714645918061e-02
7.964782365559530675e-02
4.297761087124163382e-02
3.137625324485249223e-04
-4.200553553756591896e-02
7.339773275227345906e-02
6.324406197689436127e-02
-3.649783468963274657e-03
-1.746515988284125243e-02
3.519366518190381043e-02
4.558010372026988222e-02
4.681511774577717944e-02
6.557754856370356933e-02
1.093889783688206663e-02
-2.641184283497466367e-02
6.015715053702397341e-02
6.164606804228256465e-03
2.033788834149019564e-02
3.140324701633767646e-02
-2.727014394554361232e-02
5.676655186167733902e-02
5.285888972544272590e-02
-1.865453489680035659e-03
8.803594262091429812e-03
8.814265100123819252e-02
5.602157630121640253e-02
1.132191278412877367e-01
1.052221257220375961e-02
4.295022183703789409e-02
2.505467303938990753e-02
8.960703032564598658e-02
6.533799730106837345e-02
4.707573623566174703e-02
3.385433119903447086e-02
1.284929738349911421e-01
3.318913880624463353e-02
3.934987361802066985e-02
5.231389508994910287e-02
1.064954921729914794e-01
1.421810605401407912e-02
1.017986673493109784e-02
7.477129633765144945e-02
1.075072192907677859e-02
-6.874261569343453893e-02
1.355375667552718433e-01
4.014277942176458502e-02
4.548338672949969741e-02
-9.345048885036533193e-02
-6.217196311409090015e-02
4.474568954267499343e-02
1.445019396057811711e-02
5.039381458511149603e-02
5.264433092539988479e-04
2.491462034238445256e-03
-8.378277506460940494e-02
-1.586400780345420536e-02
4.957975454982754826e-02
4.185337030135793945e-02
2.724263768686174814e-03
1.506340301308983776e-02
-8.903448941498304237e-03
1.884442504913530492e-02
1.933317150751623359e-02
4.359241015054582391e-03
1.866340916560571550e-02
1.754596620850268351e-02
3.629178943754007847e-02
-2.283853087738574317e-02
1.490056803043282585e-02
2.988818607946019945e-02
-8.227140887317796469e-03
2.534986417686235782e-03
1.917905542607489799e-02
3.402972874893039901e-02
2.482081433150984395e-02
-4.516932011824348336e-04
4.039112905178443569e-02
4.894810148780637249e-02
-4.012327137577376135e-03
3.427027379409697261e-02
1.743778581935462313e-02
-4.549364341748685092e-03
-2.180685981078767099e-02
4.297463778402077494e-02
6.325335426211609047e-03
1.733866132074224353e-02
-1.840312690358070213e-02
8.914342297954291894e-04
1.353427413957719594e-02
3.605229743305082835e-02
9.156425676072998954e-03
1.380546823103534493e-02
-5.592852625479105555e-02
2.051574964814006918e-02
-3.329948756227185669e-02
6.501670596028397142e-02
4.318864492169449676e-03
4.039381315413592688e-02
-2.696287387984286354e-02
1.659336575173364636e-02
2.048733233250432662e-02
5.766558431301138654e-03
6.377971963912987263e-03
7.323806098600194048e-02
-1.131685052013331472e-03
1.025860166984404742e-02
4.384623220190908555e-02
3.256348324835967034e-02
-1.992614184902041785e-03
3.942600994123024449e-03
5.976906909351531461e-02
6.833044327758219794e-02
3.079518859327756708e-02
-4.647993553899887331e-02
2.770060876409430328e-02
2.956154328397775366e-02
3.199873602377500958e-04
-1.442448050713363017e-02
1.319083317972302716e-02
4.184791505003393475e-02
1.268015490395812961e-02
1.876731392789343644e-02
4.370111061548609399e-02
4.778203938278835494e-02
-5.251068385896573432e-02
-4.903153144061112023e-02
-2.059844948492361993e-02
2.116537346019597976e-02
5.642698854624783600e-02
5.833935135798462568e-02
6.596193395258453940e-02
4.512334387031247118e-03
9.897026298320010795e-04
1.865984395567066301e-03
5.312685981455667061e-02
-3.397795002039694090e-02
6.591148289300030605e-02
3.476887618873369945e-02
4.667285332515502816e-02
3.433068198605937482e-02
8.929450831220298035e-02
9.855100992806375970e-02
3.081416905357770020e-02
-4.637603282948732364e-02
-3.929134976612491670e-02
-1.437228558484382468e-02
7.557638034616509515e-05
1.431904443170428642e-02
5.749617481322610857e-02
-1.571436533707082361e-02
3.440950624071792419e-03
4.127350336837243283e-02
4.389969437331897595e-02
3.406121902434988691e-02
6.484692406033776280e-03
5.472287456910573944e-02
1.690430085555361117e-02
8.041452622418843177e-03
1.638784076415666924e-02
4.143961298033072005e-02
3.197180012618228151e-02
8.271062217723801346e-02
7.591976992135762714e-03
-2.255723973272782956e-02
6.567417313680512514e-02
4.535763137170412129e-03
3.648070622401355934e-03
-1.580614902855126402e-02
-3.140127559833616466e-03
4.260955783841502420e-02
-3.517483763832018884e-02
9.710269505089019759e-03
1.335345308568491873e-04
2.730054790080627125e-02
-3.143952063210841974e-02
1.940968260926922984e-02
-5.561217615456703900e-02
2.117420588242846513e-02
-2.883580561010834487e-02
-1.306664637499510562e-03
1.519813669197955797e-02
-4.082009669800168439e-02
2.098680422725651695e-02
-2.278820998206909643e-02
-3.700352559726938217e-02
1.112455785373844819e-02
-2.452058659649769545e-02
4.947419344388892526e-02
-3.001769369763107598e-02
1.281978104354530856e-02
8.847613336282478258e-05
-4.661143178089854899e-02
8.996928041895557726e-03
-5.501912410053266811e-03
7.631618539060802675e-03
-2.948752232678097940e-02
2.865755326259789015e-02
-3.202114111430898191e-03
-2.596727705479295878e-02
6.119422141166230844e-03
1.241091425971996287e-02
5.370987021345641210e-03
2.326281064181445757e-02
2.189385456017411968e-02
3.721869103424113590e-02
-5.888035900770027808e-03
9.006455399532597994e-03
-1.172398683101549821e-02
1.041011035211703017e-02
-1.979201355755044744e-02
4.700057461977102946e-03
1.795471564786055296e-02
-2.214126972579011365e-02
1.059985316352651807e-02
3.921505263818358955e-02
2.460578017316361610e-03
-6.500559445239417755e-04
-2.428410106622669318e-02
3.844326525511609915e-02
-7.413613865852930473e-03
2.110830420948728303e-02
-3.333051438829670587e-03
5.294563337099988942e-02
-5.227750277682963187e-02
3.045732955532676201e-02
4.471609161263812027e-02
3.444972945115098995e-02
1.560298661048076241e-02
-2.171602855948417954e-03
5.309604494232633698e-02
2.440473022183553553e-02
-3.011656051140843005e-03
1.734936836094114199e-02
-3.785816499856142769e-02
3.547193842576557010e-02
7.998383898476246756e-02
2.583826522547960636e-02
5.331252633477245872e-02
1.150523310477780115e-01
3.890358284646566744e-03
5.682732275768831443e-02
-5.036079938335435990e-02
4.877630042083080930e-02
9.618383547212316920e-02
3.568964947827435452e-02
-2.654759463887490512e-02
-6.937184242553517954e-02
-4.229305835001806457e-03
3.646290495920823105e-02
5.982642587836406456e-02
-1.976044413743438533e-02
-2.764703940062029908e-02
6.006305932274136339e-03
-4.212632382667003128e-03
6.230143503862972665e-03
6.492391841614209014e-03
4.279121054721080064e-02
-1.504695046444126660e-03
-2.123771487658099311e-02
7.385718904064253465e-03
4.178281540867057053e-02
-3.270733708982032084e-02
4.528719363280586663e-02
6.898756892911084293e-03
1.394200393777755842e-02
2.237836084870892250e-02
6.994110344245463295e-03
1.086325653629804933e-02
-5.209154758143075270e-02
2.817473450344154529e-02
4.103907364516956591e-02
3.236489117997631837e-02
-8.271216223015631641e-03
1.681384714198763675e-02
1.412218156392208712e-02
-2.771714856121043624e-02
-8.150779226606896799e-03
9.180689335274516694e-02
-4.271427531143690004e-02
-1.345749225514403236e-02
3.152239662415157184e-02
-1.313256001944074214e-02
6.119685159043886102e-02
1.519207065847849591e-02
9.066958594496021817e-02
-4.998391085880005136e-02
7.537042468950039265e-02
-1.978868922522636353e-02
3.461394647115634271e-02
2.207194715994242884e-02
1.639579572279847852e-02
6.295298989565312198e-02
-1.212985937598531905e-02
9.825973585669167676e-03
2.989341510864340634e-02
1.036384104601784095e-01
3.825023951821071577e-02
1.260981315876330555e-02
5.976748334281278829e-02
2.685204822924180945e-02
6.409537207994953079e-02
5.761638947056191284e-02
3.654781185202127247e-02
7.067304257098072640e-02
1.105849880763654092e-01
-1.258794657462964928e-01
-5.252954996806735721e-02
1.558542366506010524e-01
-1.847930870659153513e-02
3.627543298267221772e-02
7.292901843346344393e-02
2.354991168508036026e-02
-1.214928417883953671e-02
5.118231853714938495e-02
6.990531813846789788e-03
8.086828299675152820e-02
-2.057377596382448104e-02
1.478859907243634808e-01
-1.173612275997681920e-02
-4.501657386570201425e-02
7.235004565481872874e-02
1.499884134728048934e-01
-1.067820894327389247e-01
-4.833852040494690527e-03
7.313085011339026664e-02
5.414744482234468137e-02
1.121552685830584650e-02
1.095006995146707851e-01
-1.206720612424261319e-02
-6.125975553488682834e-02
2.816359704184412394e-02
8.446635689874915087e-02
1.083185432732203246e-01
6.564350592787526750e-02
9.508151013343413283e-02
-5.735760397131528521e-03
6.375985204640022275e-02
5.318743578885820611e-02
-2.523148299577426812e-02
8.403609528456135180e-02
5.403697049340916436e-02
-3.118406399140738472e-03
8.337795442306994431e-02
6.254087194987434373e-03
1.127994104865051028e-01
4.338323353157358397e-02
4.834931350080706736e-02
4.642619760100030746e-02
5.689940277994853801e-02
4.720319350975232808e-02
1.294297515107056817e-02
7.075176781767922307e-02
2.360204206612226407e-02
6.997078006382295712e-02
5.784253733114441687e-02
5.067937963443758242e-02
-5.308223191594518831e-02
1.974873486889561214e-02
1.454276011803568025e-02
-1.928532915063030373e-02
6.625390325881297393e-02
1.644512406144671424e-02
1.834326107650108284e-02
7.112016140742216663e-02
6.739347596072087221e-02
-2.668732673220897134e-02
8.631922040783090999e-02
4.465489715718318209e-02
4.306531098467947238e-02
9.731554291531052669e-03
3.393534938368003573e-02
2.309534171462135355e-02
3.603228135324787473e-02
-5.495221864765476028e-03
2.576068418583732367e-02
7.541589634213741178e-02
-9.476279318679869945e-02
5.744282168893333207e-02
-4.272319013470804450e-03
3.555556123421110826e-02
2.295802045119854640e-02
1.960064143492501465e-02
-1.355084454126820326e-02
9.226006264119179789e-02
5.964422935707047735e-02
5.429195054488511474e-02
3.970382440542818969e-02
-1.348601345264111018e-02
-5.406973911086243589e-04
3.086258630897864563e-02
4.399146829136468817e-02
6.716009812087531117e-02
-9.345868196889051127e-02
8.744154791468261578e-02
-4.913781704897512981e-02
6.587062658867370857e-02
2.004027345247472169e-02
-7.152602040562783259e-03
4.611298092103677249e-02
2.144099169608604250e-02
1.273271359806926739e-03
-3.632426950088163409e-02
4.426122981697155900e-02
6.057589384179440373e-03
8.554811061311395903e-03
5.888111059381051504e-02
7.281302268490108531e-02
1.262685070683380317e-01
9.316958782335404976e-02
-3.815134344946224942e-02
3.880323969051779898e-02
-6.396050415671439282e-02
5.619663221387849461e-03
-2.313531485837128088e-03
1.090735509115690061e-01
4.199229843909857429e-02
1.321877144647642943e-02
-1.634927550213682856e-02
2.930295395293303073e-02
-1.193996276412478963e-02
1.288068601043250716e-01
1.671080462858065552e-02
7.049330036564827040e-03
1.032860062809182189e-01
-7.974892093848229280e-02
5.201651113040606234e-03
1.553046421800321486e-01
-2.478219703938733254e-02
-4.268362781774914794e-02
7.901393800210110285e-02
-2.982068995548292634e-02
-3.673906839764828902e-02
5.935506698348991250e-02
5.538914822538210103e-03
4.037638454517433750e-02
-7.391239214488942721e-02
-5.776089783225812901e-02
1.180427629744231766e-01
6.159562713953015134e-03
-3.919277616066452197e-02
3.064829626416609720e-02
4.436411645950921745e-02
-3.030730872385856145e-02
3.119872024446102010e-02
-2.201237991373750091e-02
3.271523611219073757e-02
3.757804652061214057e-02
1.944075607356476887e-02
7.680869594648642718e-03
1.693445162990259156e-02
6.641550980867139131e-02
-1.697519233377864367e-02
2.704634227309710148e-02
-1.606247251911052665e-02
8.553112416615560321e-02
3.405408000425103054e-02
2.825252710937498080e-02
1.032391998867510097e-03
2.844591420276887384e-02
2.340918050041085330e-02
1.048562591990651605e-01
4.106469431390347147e-02
3.873750751056226349e-03
-2.120205563543087202e-02
1.186048321760169166e-02
7.815803737674098528e-04
-7.621610784059607013e-02
8.173537236151262597e-02
9.822152510068637987e-02
7.396886006162062266e-02
-4.258323277670950091e-02
8.152689149017255943e-02
-5.137041907410377917e-07
3.854629989445745863e-02
9.029655269076419799e-02
5.544594908904998398e-02
8.053559815112398823e-02
-2.875302291077952432e-02
-5.223662953353347405e-02
-8.652363713084088026e-02
5.764196503085150525e-02
-5.583578211808082337e-02
5.058903762695998729e-02
4.167406895345404649e-02
4.793914127622045385e-02
2.973474004324794251e-02
-3.968223189870623280e-02
3.323578233920709835e-03
6.930873730087050433e-03
-5.173929652764419629e-03
1.601105998529472885e-03
1.121413553142569519e-02
1.414505688978007214e-02
9.295784489168346099e-03
1.922551181203258075e-02
2.126348506872344224e-02
2.573973179143784762e-02
4.361024437731608749e-02
-1.074476178187921960e-02
8.710247985473684729e-02
-3.635634398463327699e-02
6.923862150125259518e-02
3.619113715277899601e-03
1.514936952567957906e-01
6.715631347995543177e-02
-3.919754784735873798e-02
5.794351396984387392e-02
-1.031125424579848460e-02
2.686308769471501545e-02
2.972474380835521401e-02
6.167770600155053629e-03
6.428198830450326806e-02
-3.676259087578670481e-02
-3.572179913503459314e-02
9.760255481001789413e-03
-4.184125427206286663e-02
1.489949236884391404e-03
3.994670358942509214e-02
-1.215655519890379566e-02
1.518375763243184906e-02
3.885277145299981250e-02
6.714135574971025200e-02
-4.963466166850727390e-02
2.342308338300447268e-02
2.091054470107778229e-02
1.254069922595024700e-02
2.381286524022452333e-02
3.239891673401307237e-02
2.206808773249058220e-02
-3.970009842845412251e-02
-2.463119027941806927e-02
6.299824323858649322e-02
-3.152318741243465006e-02
-2.956641133424242618e-02
6.780040028627154491e-02
2.919429114228067057e-02
-2.693620225785209321e-02
1.092458014578090442e-02
-8.589640763432493387e-03
3.271657559579765895e-02
-4.262362871849445511e-02
-2.399006476575760161e-02
5.269124355876275700e-02
-3.440066732306057418e-02
4.023717646467250830e-03
8.169303244728820523e-02
-4.291086318527037591e-03
1.929431673262871350e-02
1.054982303612872485e-02
1.211320178323083141e-02
4.921288558931724566e-02
-2.528576068481624972e-02
2.324794841130284340e-02
1.894916624476783440e-02
3.630897491403484167e-02
3.162984811801683449e-02
-3.107658909349453324e-02
9.361626657600030654e-02
9.642542968932410474e-03
2.574272163778834610e-02
-8.656340405708284891e-03
5.637687404760782783e-02
-2.200521349905004698e-02
7.740216613693773340e-02
1.177645828071494094e-02
-4.064874738614987493e-02
3.208940431379625480e-02
2.611289032947494704e-02
6.533944979901518124e-02
2.229077585635863556e-02
1.001905514363818916e-01
6.570275160112615254e-02
-4.028780725933689411e-02
3.365575347641502901e-02
7.365103591469468469e-02
-4.280190623719182241e-02
3.500770991834167845e-02
-1.280300284682844847e-02
7.270537942187615954e-02
1.223299923545706491e-02
4.409274478302194211e-03
6.112537688193819818e-02
-3.651314696935736848e-02
2.431677435232426632e-02
9.651384656183203958e-03
8.559575161027233037e-03
2.628038762902429326e-02
8.408005523581341123e-03
3.618408705658460178e-02
7.145821964671528193e-02
5.697953746236583683e-02
-2.412311925749932584e-02
2.540841868440457674e-02
9.099228621002319883e-02
4.479294921817977837e-02
-8.798015288059790606e-03
5.386727818015701885e-02
4.308481166288391506e-02
8.529765651344689559e-02
1.827433689794366600e-02
3.702672998240519320e-02
4.518045001838233432e-02
2.830971740069010423e-02
1.697066381633804966e-02
4.133346645485147519e-02
4.208233339748623791e-04
3.564778152658343302e-02
1.075644137713815951e-02
6.070299773770004848e-02
-1.748828408266067669e-02
-1.511636747951294879e-02
-6.317736610889301829e-03
1.016065027858195080e-01
-2.746384015668290601e-03
3.610670754774014668e-02
-1.539846509120845752e-02
5.681341262031036621e-02
-1.658391061139274925e-02
7.205719490686046669e-03
5.617739076813377253e-02
2.829372888192471791e-02
5.799442689502409820e-02
4.081502210593779267e-02
-2.427953690065232095e-02
-1.319955918429105424e-02
1.129766667656832979e-01
8.274137353145771812e-02
1.861327787226496611e-02
3.481507868653777038e-02
6.953000879866610973e-02
7.930779091734141417e-02
7.601652489834798132e-02
5.008809646819623040e-02
1.653243974849916142e-02
1.024267613290441581e-02
5.285116557939062432e-03
9.798901675637439190e-02
1.325509490085277076e-01
-1.542325392826815467e-01
7.359052464286808259e-03
-6.880795318472299194e-02
7.141595285547941430e-02
-2.359677309361885023e-02
-6.431431741164561622e-02
6.070959219251315098e-02
-1.882355110446520818e-02
-2.480826080126119493e-03
3.045040414119615235e-02
-3.233007333535264927e-02
3.641226407629605255e-02
4.365226732432336831e-03
4.030250999965723224e-02
-6.288987100033782696e-03
9.878025975132898040e-02
-2.118265160063304009e-02
2.494940319439198362e-02
1.565232563834095814e-02
-8.725991658154108599e-02
1.064397069530109707e-01
3.584219102593899642e-02
-1.097683633001156345e-01
3.444760559307735726e-02
2.834340303462790089e-02
-1.925372925325641305e-02
-5.048698538367557553e-02
2.733395496628565624e-02
-3.231611363281716720e-02
3.500576384039022493e-02
-3.070054838079760984e-03
-9.786208871310542179e-03
-1.346521137448819516e-03
-2.207798278779327106e-02
4.192212875392420379e-02
-6.681538547261189898e-02
-3.538128411416208152e-03
1.951642806517406292e-02
-3.887550592684529960e-02
3.336171013136812746e-02
2.271945898948257714e-02
-6.046612569958753625e-04
3.183658019213453372e-02
-6.495123607235031571e-03
2.828731616615010047e-02
1.306394101332775115e-02
1.113701594015581442e-02
2.548623636767144429e-01
-1.206415355914971510e-01
-1.024865005807245044e-01
-2.643281685058340713e-03
1.796311446402198975e-02
1.028409747930081330e-02
3.697392215267369942e-02
3.881367932945467558e-03
-5.439865985774838819e-03
1.723717951932801640e-02
-1.628010071058128005e-02
1.944882730915220570e-02
-5.287130365331083048e-02
-7.402794684848057472e-03
6.877619995267436614e-02
-1.835494679080285074e-02
-1.669063691017314000e-02
2.724684324226034349e-02
2.075730169764922195e-03
-4.277110186108368239e-02
4.833414040011185797e-02
3.685160414150767672e-02
2.127906671162271834e-02
5.417112208563157338e-02
1.916935595103730350e-02
6.662774746641630941e-02
-4.058657305517732183e-02
-3.238422120430395346e-02
2.397041517303266644e-02
-4.392446197957777798e-02
8.702235574042216371e-02
-4.339175294189701049e-03
3.932077424291646750e-02
2.182317951266110612e-03
5.244241336260779818e-02
-1.165443842470592628e-02
-9.001000731736485960e-03
1.708600844030261356e-02
3.999550575712751410e-02
2.758927348775452870e-02
-5.677781531038439411e-02
6.028702099433846939e-02
3.140178589567499401e-02
-1.098438475905494371e-02
3.350088573451337481e-02
-2.648404608340415578e-02
4.352709441053059791e-02
5.196707459650617977e-03
3.767353985374199965e-03
3.133893635905238284e-02
-1.530968835005763751e-02
8.374184523083716414e-02
-6.942553454778721544e-02
2.068873830352258025e-02
2.504813101556369048e-02
3.423085670051273510e-02
1.134985058399906599e-01
-2.144327271014301317e-02
2.658341885686432704e-02
3.137127847717602336e-02
-5.725686152326936451e-04
4.438702950087325405e-02
3.348238897381938806e-02
5.408373275601419117e-02
-6.184283041364135869e-02
1.269112309174753594e-01
1.993291812740971558e-02
2.040586408152234021e-02
-8.570093448374116463e-03
-6.900914119999379537e-03
2.948123404048064167e-02
3.840844915197205722e-02
3.001918603934505825e-02
6.557377493502403176e-02
-3.040606218370733860e-02
8.380078106067045951e-02
-4.167422246839636024e-03
-2.050541450693399437e-02
-4.717091129874850797e-02
1.249186115951583798e-02
7.978323518271768222e-04
-1.324407910011315970e-02
2.130742552609810048e-03
1.156807275243676436e-02
9.266626016113388431e-03
-4.045623762660710554e-03
-7.122431842636611776e-04
-3.765461572723372008e-02
-7.013818895464041248e-03
-1.812251517847585092e-02
-5.901399414355279482e-02
-9.608610128416317231e-02
-5.151939759382262451e-02
1.022053270563689775e-01
-2.153158932429577455e-02
-1.747267654936601744e-03
3.079031116143626789e-02
-2.528475204530944431e-02
7.216785555589799728e-03
3.234318823222159800e-02
9.511177419959659929e-03
8.841445538352310507e-03
-2.752844355120953601e-02
-5.919279841088975758e-03
-1.959982789751268939e-02
-5.170026354086587617e-04
3.027351172732672957e-02
8.471878075930971974e-03
3.848260666632041804e-02
-4.939605638155830647e-02
2.270907415544121122e-02
-1.920150097070161266e-02
-2.242970913125263976e-02
-1.582816632831951509e-02
-7.263739053732010120e-03
-8.748709628325634924e-03
1.282556307841131726e-02
-3.069220532359073772e-02
3.648408996052898701e-02
2.512454135060604443e-02
-4.044627546161194687e-03
-3.975658732988929245e-02
2.058905702512126012e-02
-4.507773502479661687e-03
4.535535325483941449e-02
3.611088266178619222e-03
-3.107270364485437142e-02
1.840764533773819878e-02
4.630433885248308457e-02
-4.406732258864654028e-02
-2.125574594143841978e-02
1.191458551669777322e-02
8.737215470021375552e-03
-1.996685021525035353e-02
6.905094817464840773e-02
-4.499199955279920005e-02
-4.745939950559696641e-02
5.848207142825456728e-02
5.525240093520666917e-02
-4.294286813235315137e-02
7.837903741066520880e-02
-6.922005692290511547e-03
4.703793606343653622e-02
-4.918349639657693118e-02
-2.256426459635241244e-02
4.032188591306740122e-02
-3.876515165545191266e-02
4.157656542894194729e-02
3.484766763816393720e-02
-1.062297665750158160e-01
7.275053022737587582e-02
-3.479317802080039712e-02
5.492210109489858993e-02
-1.213372232242937443e-02
-9.895848143575136646e-04
-2.288228821726390194e-02
4.737787349414990246e-02
5.264387416263005548e-03
-3.232504557016291358e-03
6.277212328100034711e-02
-5.532325500184720468e-02
2.690671870777538999e-03
3.669603919542741011e-02
2.373283152601546320e-02
3.233228654880226927e-02
3.201534916730119917e-02
-1.885473640035773002e-02
2.710275585540111720e-02
1.638522241676243496e-02
-4.614901217550038126e-03
4.756142252700401585e-02
-4.705597992420429421e-03
6.144956590361960735e-03
1.842405708340599801e-03
-2.236590067286714500e-02
6.184977454238183014e-02
-1.260253806116073960e-02
5.542828755075701608e-02
-8.219960578076213054e-02
2.761784123564892113e-02
3.527739458180345622e-02
-3.131934955164705769e-02
-2.207584348038249544e-03
-3.429527180224312133e-02
8.268046158930175693e-03
1.453519058132490827e-02
3.956733767537468083e-03
-1.525223607548342741e-02
4.333200929714964289e-02
-8.148847616361054591e-02
1.045670744931102014e-01
9.047504723041033259e-02
-1.493858215294983083e-01
6.703170684421078107e-02
-2.162033337007729372e-02
-1.068415815807677305e-02
-5.656915368999193561e-02
9.614196780471928605e-06
3.594124979025004052e-04
2.214838583054268284e-02
2.561081029554879152e-02
1.988646800471638443e-02
2.101238557194973211e-02
3.611947262091463884e-02
2.214924380572469431e-05
-7.362621885979692138e-03
1.415578545028495228e-03
3.248035560596607141e-02
6.817425324831960509e-02
-7.029654975574795017e-02
4.793831503787071568e-02
-8.878750231315901686e-03
8.613473417545147726e-03
2.910834627987402001e-02
-1.940744312104891733e-02
-3.148287893663859194e-02
8.275546272506595358e-03
3.500037209291040341e-03
3.109017114968581907e-02
4.840872885733116249e-02
9.938084739817387714e-03
1.820974992539303727e-02
-1.910322271125641791e-02
3.239704376817176268e-02
-1.337643446588909768e-02
-3.962910750704917717e-02
5.773460719884049297e-03
1.547217577602104654e-01
-7.408599402056825767e-02
-4.712466329631315176e-02
1.010046751520623509e-01
-4.392308360044250293e-02
7.006688084303824837e-03
4.708703577618589264e-02
-1.342682195087707697e-03
6.625307697397886386e-03
-3.416167868909925076e-02
6.001150441918579048e-02
3.499909848945126356e-02
-5.104576003613914281e-02
5.003171249779247987e-02
1.350707642757109639e-02
2.359241268573786243e-02
-2.160897172378684061e-02
1.551359518400463600e-03
-1.209829127611472543e-02
1.729692716677666553e-02
-1.039389312199201498e-02
-4.339452906141572086e-02
-7.702488496759496428e-02
9.943516744035552080e-02
-2.797836625538341337e-02
-1.491089610623097528e-02
-8.986754579130451503e-03
8.006595913956804367e-03
-1.394288677590482806e-02
1.423505989549811446e-02
-8.034489811655554092e-03
-4.079400199550331507e-02
4.366075571415484191e-02
2.578152567084490698e-02
2.108943087973180752e-02
-4.616836271047475293e-03
-3.646711658320178628e-02
3.342557135606494256e-02
-3.729310839764377050e-02
4.737379990203027802e-02
-1.881581630314421716e-02
5.415659834177910525e-02
-6.814126044144241945e-02
4.595090035966276076e-02
2.622293901387218185e-02
-4.191046120964125876e-02
-1.712901932933519333e-02
-3.428425172287985490e-02
5.400265192143471893e-02
4.590793000424220338e-02
-1.082457158828824539e-01
1.016698379415208464e-01
-4.365461219043353935e-02
2.641836683060594382e-02
8.593883379113709253e-03
-8.020005865608137441e-03
1.187084139009852990e-02
9.276526149849306790e-03
2.037724377341953996e-02
2.388919716804016602e-02
4.246846013392868713e-02
4.081546085001752644e-02
2.123475156396192887e-02
2.685248920416816176e-02
-3.485720219653476448e-02
4.691731700480827882e-02
-5.654103173103308677e-02
3.152480314257211091e-02
-6.825070324113280407e-03
1.246317758891546390e-02
4.062307458197045307e-02
-1.094718979796782676e-02
5.242940248761929212e-03
6.072456376971535619e-02
1.780952974224625507e-02
4.267459109261695360e-02
1.863360886702558616e-02
-1.127823579358988582e-02
-6.506829453376727912e-02
7.741507957045268284e-02
6.209561496813220671e-02
-4.065926345736814440e-02
-3.691540540179572005e-02
5.066158395571518369e-02
-1.829215555919816438e-02
2.965776293107502681e-02
-4.357904961217240469e-03
8.941206987778116400e-03
2.281029200642326060e-03
3.418428939815054690e-02
4.617260583140403440e-02
-8.181689320844398594e-03
3.534304284613076774e-02
-3.408989769551551419e-02
4.947412455075150817e-02
1.829690636133252113e-02
-2.549820774585231931e-02
-3.214167628792719000e-02
5.598958273712728584e-02
-2.307493288760920080e-02
9.055952241865039554e-02
3.285928749510169666e-04
3.222264699581289804e-02
3.386363448564511103e-02
-1.442297087092736518e-02
5.437430703061041370e-02
-2.048579384154702865e-02
1.703428897860792546e-03
-5.964515584148788463e-03
3.424622157048862192e-02
-2.661982060926604277e-03
-1.004550861565567388e-02
3.595034666828622605e-02
1.292554599874895516e-02
3.719733391876944850e-02
-4.515187749068649836e-02
1.248494159326063446e-01
1.105087077578348342e-02
-1.231890548587277756e-02
-1.546519078794128532e-02
2.601244339077712908e-03
1.745192405849582684e-02
1.775267137251335114e-02
4.061323986800857710e-02
1.077897239935461382e-01
-7.061052225380293201e-02
-1.327785451615270951e-02
-3.290681662268513108e-02
2.908015376837425059e-02
1.971101383819817698e-02
1.355913676069930851e-02
6.265213835698801859e-02
9.262313329129190365e-03
1.655394432450107978e-02
3.339484769998302127e-02
6.725724949895295346e-02
6.851097131931771500e-03
5.786159746769348189e-02
6.953426460053480085e-03
2.752347991109993508e-02
2.114675050233372211e-02
-1.521488658451231046e-02
-5.793864491507871861e-03
-3.302197707396814508e-02
9.459331965940820375e-02
4.176112601603332308e-03
-3.156794687440833691e-02
-6.484985386423125497e-02
3.337452988156686118e-03
2.659206223299626082e-02
1.761874837342958244e-02
-1.376054205733180380e-01
-2.190850066291273324e-01
-1.119832854643698639e-02
7.532764273860736992e-02
1.825102868205259465e-01
7.649227001021308148e-02
-5.931639036242142282e-02
-6.844355121986467339e-02
-1.238024233850332223e-03
-3.289188172759804907e-02
1.535936248630220824e-02
3.506717495081490554e-02
1.863253149144306064e-02
9.159494339969320720e-03
1.880064192417130187e-02
2.636005821727716025e-02
6.925231184956803787e-03
-9.128418715036445974e-03
3.812184743878122006e-03
3.378793579981520523e-02
-2.824021895676120941e-02
-4.062320433517285778e-03
1.899837365964174296e-02
-1.466144162793248107e-02
8.688293741932806569e-03
6.416085088677858650e-03
5.433777525962568689e-02
7.014103913118407974e-03
-1.333228512712114622e-04
1.114147632445905423e-02
1.298698836250000710e-02
3.366235905973180564e-02
1.217514744961878392e-02
9.301894841309277240e-03
2.532999408110137018e-02
6.660138004959570424e-03
2.355475910054516397e-02
2.219478784008099836e-02
4.931348496011778160e-02
1.037398497586961010e-01
7.223227998901737834e-03
-8.299155631747012762e-02
6.015029152400463985e-02
2.011003072502792755e-02
5.726620925591063838e-03
8.847589499237695776e-03
-5.115595373511627741e-02
-1.417360811008772092e-01
1.263016188462140477e-01
2.516316137056791025e-01
-1.171800112120091608e-01
-1.315165870569006135e-01
3.117340846818583699e-02
2.132915440346971891e-02
-5.406928732184757003e-02
4.751402560339346159e-02
1.347708373095102274e-02
-2.541507892263195068e-02
4.621046010548823801e-02
-1.931245658458191627e-02
2.598339741621291665e-02
9.922147622592136784e-03
-6.030130099335284655e-03
2.735258789472783114e-02
1.574124879743266092e-02
-2.361034207910339688e-03
-2.073190872713936983e-02
2.736111222884951566e-02
8.607998648974657385e-02
-7.779164213770983771e-02
-9.670773881477634504e-03
1.255363376868667835e-02
-2.374887961795435487e-02
8.217546013566745522e-02
-2.575900063203184764e-02
-1.125071749055184256e-03
3.079228645496812078e-03
-8.514957897908459472e-03
1.846641378473101724e-02
2.501178226056066656e-02
8.978662530685022070e-02
-4.626634085904557381e-02
1.867328035387716412e-02
3.495210071115417705e-03
-2.596889381965716836e-02
-1.082140951746857205e-02
7.623968766194155755e-02
-2.860398139629238834e-02
-3.637279440507601436e-02
1.073710665903226946e-02
1.143910819916100774e-01
-1.915289521527463457e-02
7.601392265202067122e-03
1.109604675255140283e-01
-2.778201105122790615e-02
2.179954747607060206e-02
1.286421520437786015e-03
-4.368785349541326468e-03
-6.188338014482264171e-03
6.375750818978798140e-02
-5.127292343493417004e-02
4.606774533538871008e-02
-2.585661346964884810e-02
2.514656012876947955e-02
-2.137729599915871859e-03
-7.491257373526988284e-02
-3.292026587601770693e-02
5.314720770144465423e-02
1.136089773219317589e-02
-2.189931245216492073e-03
-4.335208064142992423e-02
3.616606972117897278e-02
-1.119006726544163888e-01
-6.180737381533729646e-02
2.046033208007591586e-02
-7.446228666730614343e-03
-6.313253112555494706e-02
-1.499395135742775942e-02
-7.532670730441726192e-03
3.617031648232549301e-02
-5.043894198527421047e-02
-2.617252365946476367e-02
-1.864088658075790939e-02
2.030169413353366537e-02
-1.397136723789205170e-02
4.074031868673766432e-02
-1.326151376363493561e-02
2.559850573046662525e-02
-1.935096724936391510e-02
-4.058772336497140643e-02
3.457746125130856107e-02
-1.448685594983789571e-02
-2.262864916879436805e-03
-6.728886856841254094e-02
4.746365619946324443e-02
1.358748378472429685e-02
3.175702460634921565e-03
1.999425185928327409e-03
-4.082120233312180879e-02
3.160783269690714548e-02
-1.476388464856803751e-02
-1.270609953666790304e-03
1.164711813867236323e-02
-1.231845425687438933e-02
1.163107014117414906e-02
-3.008240085197244618e-02
2.958580838106072974e-04
-9.483282478206511712e-03
1.064698062370039722e-02
5.118102273238278599e-05
5.381248478946876190e-02
-3.193706666099949132e-02
-9.999783111679816372e-03
-3.729592787278246391e-03
1.424432886494964023e-02
2.738202550367474508e-02
3.185724989561067311e-02
2.456647284369806172e-02
-5.169485948580909707e-03
8.516866959656188563e-02
-2.534584464410172266e-02
7.677924067049035628e-02
-7.289942566087614928e-02
6.647968601356968321e-02
-1.886309471347424882e-02
8.743609494365967016e-02
7.027898218026296107e-03
4.911171905489108980e-02
-5.029722065172426149e-02
6.624457631606883723e-02
-2.899451714145540038e-02
6.909239607625794477e-02
2.092108954979976509e-02
-1.657049160698176316e-02
-2.322737720044121268e-02
5.935534086978089263e-02
2.436484036414499066e-02
2.620664377951742452e-02
-5.305559001781978701e-03
2.519236084562670452e-02
9.314895050541838195e-03
3.173652931431059088e-02
-2.378274733764484949e-02
1.777329285061535202e-02
3.187325353667447292e-02
1.790722100224328983e-02
5.858905232237865413e-03
-2.797076323864844394e-02
-1.593028232553783674e-02
-1.817644976082155583e-02
2.829084851853769234e-02
2.171386774890338156e-02
-1.843486250519121850e-02
3.150310458408189795e-02
-3.403013540151822447e-03
1.565383205967407765e-02
-5.572220315730580520e-02
-1.611663940203389433e-02
2.938644119122424403e-02
-2.215076882088473642e-02
1.510213249886027675e-02
-4.106305141010346826e-02
2.944862140648840665e-02
-2.314253711763336607e-02
-6.515203700839689027e-03
1.869298032860511327e-02
-8.774516294146716966e-03
-5.689817133526231530e-03
-3.100207500001928018e-02
4.154309340129236361e-02
4.331380723385458431e-02
1.404757681920276724e-03
-3.191322144304731268e-03
3.679786972278686896e-02
4.046362793311164552e-03
4.045494514139114095e-02
3.753532129371117687e-02
-4.786013106298558917e-02
7.980101130567796019e-03
-5.425166984394103054e-04
-1.700904420323423594e-02
2.570749388459869778e-02
-2.129616396454880878e-02
-2.833307709740884306e-02
-8.061921626691725962e-03
7.141865535554181577e-03
-1.497072334581717179e-02
-3.897562493247574977e-03
3.798745460930375017e-02
-1.785291626430396406e-02
-2.590997018629970228e-03
2.857202889587040495e-02
-8.938194690607526027e-03
2.545470550096640139e-02
-1.988173365654799518e-02
1.537421186313658872e-02
1.378992123195255104e-02
6.581408838411584306e-02
3.805857778166710226e-02
3.164009594418204507e-02
-3.725548769456699105e-02
5.867457598112468808e-03
7.313160819660080580e-02
6.381505749560600904e-02
-1.828613608042128913e-02
4.690746539106027679e-02
-3.435819238192605596e-02
-1.536372048434564430e-02
2.991559561528245315e-02
2.945393075481705925e-02
4.935815329274451102e-04
2.179458359616137653e-02
2.472923477826827199e-02
5.038464240787288162e-02
-1.843802498776703214e-02
-2.804302449295081878e-02
9.840960178353674870e-03
1.777868512450764271e-02
-4.602989861347328571e-03
2.694248416630939946e-02
1.221654030851171413e-03
3.009260523964751854e-02
-8.790996450260823991e-03
2.625243909482077864e-02
-4.936919131113159942e-03
3.118304677050742768e-02
-7.168109194082283864e-03
1.351114115951157491e-02
2.883278543115463943e-02
-1.746087197412982128e-02
5.620645185366757168e-03
1.114345485927326074e-02
-4.043698237325310529e-03
2.993238180351043276e-02
-5.140105349334000984e-02
3.808228434896743231e-02
-1.724182057575274207e-02
8.156587858330954788e-03
-5.813384217984796098e-02
-1.798854384575465648e-02
8.954737874612073156e-02
5.998041268351417266e-02
-2.180208436628927604e-02
9.517622171357431604e-02
-8.614876781358504765e-02
-3.509923040411799811e-02
-3.533506502127758964e-02
1.456286430221331862e-01
5.188434837786748410e-03
9.460428577132140582e-02
-6.528347413676360844e-02
1.890457644096332768e-02
1.855682774120182010e-03
-2.628750226422671421e-02
5.706370619987133352e-03
1.032646150624237924e-01
-5.575610625052740410e-02
3.457590727227588534e-02
-4.702633833237146455e-02
5.032846502529475519e-02
-9.573175823296420361e-04
3.199280354240618962e-02
3.153845865869242537e-02
2.580676194693420911e-02
2.782519276723538493e-02
-3.605859376060849275e-02
1.202835322937922946e-02
2.999349915001781053e-02
2.131401480736394571e-02
2.585133927955340916e-02
-1.993543595490010478e-02
4.759034672832351820e-02
-4.193594004010536835e-02
5.344696998673237331e-02
3.991101074268754711e-02
4.158409907076288103e-02
-3.670342006105153931e-02
4.804673415588123220e-02
5.665314368581342297e-02
-5.927563061425278335e-02
3.726016283315669586e-02
-1.231307967574435391e-02
6.194392350050703655e-04
4.013417082032466610e-02
-2.140993984735894973e-02
6.503705611772292450e-02
-4.375549100813691528e-02
8.890232233546457863e-02
1.226889157107002859e-03
1.128762176691067154e-02
8.369181311196616235e-02
-3.733862648053709599e-02
2.640053149903986984e-02
-4.691147602937428829e-03
-6.553392319106565722e-03
-8.103046886405618210e-03
-2.303772058566577741e-03
-9.459966964653343524e-03
-2.078515569940897478e-02
-2.485889914867911443e-02
4.725169101548876149e-02
-1.077135611202684196e-02
-3.294264482963438212e-02
2.591346671940741864e-02
6.134716960865782553e-02
-2.428681605294746859e-02
2.984494918346003445e-02
6.945406232420836545e-02
-4.254751332540895881e-02
-1.303036579729588418e-02
-2.899201819755692355e-02
3.618068544074870552e-02
-5.754628711387588247e-02
4.899198203240140437e-02
7.338664486600654513e-02
9.034359205641662172e-03
2.589702371275026671e-02
9.063108324702584540e-03
1.227163656107932432e-02
3.136771698193108193e-02
2.062910170204523830e-02
-1.066205336220305000e-02
4.239030770914964386e-02
5.342574727504878496e-03
2.607436882976110759e-02
3.143259621985583507e-03
-2.028941150057805842e-03
5.898940820287035258e-02
4.220601818112146297e-02
-7.873156207241827076e-03
-2.757179160215517122e-02
8.944632267829022432e-02
7.842272024969365596e-02
1.727834160729746493e-02
-9.472728989788259391e-02
5.200589893391316387e-02
9.856863893805822840e-02
1.289456875001016023e-02
2.356166057606468023e-02
1.660115130039541143e-02
-2.795488381848754145e-02
4.674896796627092677e-02
4.811003886983811206e-02
-3.021526479726865944e-02
6.925271597395976642e-02
3.615735018327925765e-02
2.284244737736540465e-02
2.629237439243370389e-03
1.768038159154450284e-02
5.596839161751043790e-02
4.719688626363005568e-02
-3.406306084961685521e-02
2.614645941843618537e-02
4.492324371126166227e-02
-1.299773880325094666e-03
-2.947501185750489583e-04
-2.033771227704161966e-02
3.981504737339247590e-02
2.330586962791891814e-02
-6.060314964053481468e-02
7.362424290243874125e-02
1.318372875126772037e-02
6.874011818140957075e-04
2.454512189430446689e-02
4.001152309107247618e-02
3.592149111045017662e-02
1.079316758972193036e-02
3.219124289305130837e-02
1.273257931665505716e-02
-1.207724632972828616e-02
5.372941444810308553e-02
7.474715024369049665e-02
-3.739470344298934101e-02
-5.397557886105475156e-02
1.435222658464585521e-01
-2.286509002323455775e-02
6.160325302420788240e-02
6.385465085325359169e-02
-2.882196361211386559e-02
1.971991082492063896e-02
7.979112234963992023e-02
2.543516396717637740e-02
-5.539078795017027268e-02
4.483111611147005959e-03
8.978051836724576518e-02
-2.498744793864249303e-02
4.918186310445227249e-02
2.798207030419530561e-02
-2.870467769102136302e-02
3.991807092727173156e-03
7.249118777996388374e-03
3.468591813858123984e-02
4.654995370940429034e-02
6.300368432807434971e-02
-7.523887764457692917e-02
2.754962574710795309e-02
1.632997131603286523e-01
-1.395351823683605996e-01
7.307548591424972706e-02
1.816472235438659766e-02
-3.707799582644666359e-03
1.860314717980604549e-02
-2.432204450434882759e-02
4.025828278363663415e-02
-1.489981934879591741e-02
-6.899988462106376730e-03
-3.204747226344561994e-02
6.362420512153077468e-02
1.644585996457159638e-02
5.595875282048190513e-03
2.046526233768863889e-02
4.871343881065093306e-02
2.564967981285204424e-02
1.836883605172112688e-02
-3.281264227549085533e-02
6.143148281164712010e-02
-2.116092232663513428e-02
4.833466057723678766e-02
1.164592252685947571e-03
3.810756622401401117e-02
-1.885576093511387441e-02
2.195986155097862103e-02
4.339844427925898529e-03
5.176835820306147085e-03
3.517760438470429740e-02
3.292775718460227985e-02
1.997956186351901309e-02
3.930518185945297560e-02
8.639796737721194830e-03
3.253696476580780761e-02
8.373508955915598406e-03
-8.584246187670174777e-03
4.041067492544025974e-02
-6.060911081218423035e-03
1.298274075117666904e-02
-3.419206661534612834e-04
-1.994972459245158980e-02
8.961057218022761006e-03
4.754408849469982101e-04
2.479658615536184385e-02
-9.277756593527808349e-03
-9.466867735639983295e-03
2.171061437297772123e-02
1.036166773481617120e-02
3.350753870350242636e-02
-5.281071080234234216e-04
1.714718785737145978e-02
-6.104873334845883903e-03
5.606083010009532686e-03
2.169446084699067079e-02
-4.485940171689017930e-03
2.525064435959500919e-02
3.078255665071205627e-02
6.024377010446468894e-02
2.120988569389625766e-02
2.479749384674279078e-02
5.855163060602297520e-03
2.376986918422963058e-02
2.514146491895830060e-02
-3.232380090216935287e-02
5.096904744213937022e-02
4.372350854039586121e-02
-9.370413142364752979e-03
1.741841941532751292e-02
1.897909105120698658e-02
2.892682816574110305e-02
3.517042554920152275e-02
2.944479482724121633e-02
-3.648264439386150748e-03
1.904135570833598301e-02
-2.454294260595263344e-02
2.557027284203367001e-02
1.779250084335681770e-02
-1.276640999837436175e-02
1.892964599703822470e-02
-4.214508496542063165e-02
3.371123082972271590e-03
-1.264759163313883272e-02
6.313463407216501899e-04
7.620239257879024564e-03
-1.026496462363657436e-02
-2.914459112709988364e-02
1.998971557500661689e-02
-3.134288928511197447e-02
3.222796707544550721e-03
7.783970055254108011e-03
2.147827575487037954e-02
-5.170965285238582343e-02
4.972106169671364206e-03
-1.127192964486711801e-03
3.264946308406235786e-03
8.332651038414073952e-03
7.788456577018987304e-03
3.378026690012969624e-03
-1.247882251264798015e-02
5.569343087555611582e-02
1.836397641656439816e-03
-4.318901160929988770e-02
1.165626256890661683e-02
7.573944374732743956e-02
-1.034415742993455289e-02
-5.247897597845718742e-03
1.278956366655248367e-02
1.285491563482010768e-02
-3.527001310638999687e-02
2.629581794751034707e-03
-3.454214172738012678e-02
-1.749894930947792915e-02
1.285062254816993210e-02
-2.252316171138857293e-02
-2.556714135314874792e-02
-1.426788822729285755e-04
3.847194222916683337e-03
-2.619673130175304010e-04
-2.101661938101906379e-03
-1.026779289106749538e-02
3.802792790590181493e-02
9.762261604848498919e-03
-2.029463910199247323e-02
4.723349855135516862e-02
-1.907137428324645612e-02
-8.654437500542844219e-03
3.096961361067185337e-03
-2.028384131534055612e-03
-4.451827693031673583e-02
1.530534947595652007e-02
-2.872646688050939368e-02
-6.335615135309780044e-03
-4.619376328671065401e-02
1.726769197265554112e-03
-7.605492367076305271e-03
3.449223917133559247e-02
-4.029391439592000523e-02
-4.936079168057938560e-03
-3.069009855753668248e-02
4.588171482984293448e-02
1.905024329779947401e-02
-6.887519073577763606e-03
-3.524524268654527503e-02
-3.734911143331087757e-02
1.537701215710174374e-02
1.859377918725746426e-02
1.184696480771996185e-02
-5.577415986900513545e-02
6.684638665450215456e-03
-2.044327847056881531e-02
3.609191362041697104e-02
-1.069889314135852310e-02
-3.602425964992161944e-02
-2.429551308099808793e-02
8.107874059521957832e-03
1.287353264488455551e-02
2.265803354491602306e-02
-8.883402555180719418e-03
2.555933064804394306e-02
-1.160889489607797032e-02
5.254200492732508110e-05
-2.625416137296276986e-02
6.891560807262386845e-03
-6.193227775319165573e-03
2.663058425602082835e-02
3.030265383039409954e-03
4.155380962804455791e-02
-1.761916795127937974e-02
-2.241038479942369932e-02
1.711968943108654884e-02
7.186479446519733472e-02
1.731673155933188823e-02
-2.060388554427472485e-03
4.972824692154542703e-03
3.924675410993927471e-02
3.822826514179311630e-03
-2.075096143419008499e-02
5.322834216564098497e-02
5.520432375707429173e-02
-2.103084211697758832e-02
2.356673402740394607e-02
3.411852570463169698e-02
5.776394939649120985e-02
1.761081541477604873e-02
1.040379840396088440e-02
8.054610677697038312e-02
8.088349357424595709e-02
-3.148849034475542652e-02
-7.497639405881217911e-03
2.315962960550876915e-02
1.136881338495987492e-03
4.444613233364824723e-02
1.864278309573963455e-02
-1.577371254590054228e-02
2.044582898821212247e-02
-4.257750314785746504e-02
3.841789507225579214e-02
-3.919624468226690084e-02
6.165578777016755829e-02
-1.690642145799547968e-02
5.732214327465623427e-03
-6.561920662522235936e-02
3.257467048839801649e-02
6.591300088034213189e-02
-1.352179182022861248e-02
-2.745328353212950212e-02
2.503796669480684578e-02
2.523260396066762112e-02
1.054196458051626095e-02
1.085302791031783620e-02
2.971034847936993017e-02
5.580211568438686598e-03
2.205049686428961486e-02
-2.769334990475780245e-02
7.354549684201971971e-02
-2.898203596717419117e-02
7.888241723021716112e-03
-2.584556984361996435e-02
6.001219880752084457e-02
4.288599222437161629e-02
-5.056922776973005185e-03
2.379935995880777533e-02
-1.542103340386780097e-02
2.907374113666483240e-02
3.540222032667994512e-02
2.182373041855933948e-02
-7.109312435369474770e-02
-5.309759971136696066e-03
-3.646093133176764312e-03
1.375350714116652107e-02
2.169250639026154559e-02
7.291594089655628608e-04
-6.785678397194105926e-02
8.224342218539093530e-02
1.817975143984162933e-02
2.593490524328134761e-02
-1.996457163637144205e-02
-1.487917019098072835e-02
7.084487433004893475e-02
-2.503473773597608698e-03
-6.776544984818233530e-02
3.833510812131457612e-03
5.831343036373581867e-02
-2.389845734721696147e-02
7.390753629943347391e-03
2.177418257737873120e-03
1.446859686024604130e-02
1.298993840164497371e-02
1.665035017847182885e-02
7.420672548719631223e-02
-1.238535913786398268e-02
-1.514511280188512998e-02
3.136643433411689941e-02
4.000476456521706581e-02
5.771337926399766616e-02
6.372315595714539427e-02
6.778361058569881692e-03
-4.294365138810896099e-02
6.402570594010326133e-02
1.311188602426127670e-01
-7.605936717162720129e-02
1.544371583191450625e-02
1.079853848850103049e-01
-1.102020022116279030e-02
4.629894176409021789e-02
5.875905467185238429e-02
-1.188310780854306969e-02
1.488100046049478653e-01
-4.218182440100304298e-02
1.804651753930164304e-02
1.273309357452623303e-02
7.262016818994321277e-02
-1.318355599856668725e-02
6.220006789568643946e-02
5.112470446746897323e-03
2.846299592803958056e-02
8.383621692667309055e-02
5.216794054176521200e-03
2.052195066048545513e-02
-1.197583077809127872e-02
3.349276999972250479e-02
-7.648300637745464314e-03
4.310256673855628051e-02
5.837133880052913781e-02
7.261317384503174210e-02
3.668476131002118557e-02
1.427940898063466690e-01
-1.124403403831375492e-02
8.566766071465203858e-02
2.467864079580572856e-02
4.796922724018659601e-02
-1.814018795800875772e-02
4.157421181220399831e-02
-2.712159997096197372e-02
2.422189834963250910e-02
-3.005712874407651114e-03
3.640590892887130003e-02
-1.320361292308103174e-02
3.433033163198784266e-02
-5.548838558705115886e-02
3.691582852654562430e-02
-2.075415753555542864e-02
9.893476016677116291e-03
3.372372568693693395e-02
1.115406731121093564e-02
1.307569906013017480e-02
-1.824737292159572810e-02
7.315051918581727541e-02
-2.015783185812591860e-02
3.228677390987666485e-02
-1.134365929444602905e-02
4.678607001267520715e-02
-1.916706505426235552e-02
2.651620934588816425e-03
-1.298546011021972646e-03
2.038008275202507491e-03
8.863631293452023385e-04
-5.019152636714707683e-03
2.818885143786253877e-02
-3.055453779619732302e-02
3.023677582280814846e-02
5.673799892761088870e-02
-2.190215822117025368e-02
1.183094714247800994e-02
2.819765001245011504e-02
1.531040332999777931e-02
9.524296677096977248e-03
4.065972022132546826e-02
3.654704414876075447e-02
3.177928270996943638e-03
-2.767988770479856697e-02
5.615330065916701585e-02
-1.040491899499285111e-02
5.142537688503789894e-02
4.732520484781721493e-02
5.150875359278073162e-02
-2.709239700312915389e-02
3.231893457614454235e-02
-9.470989175583977016e-03
1.264527114794766760e-02
-9.908336620994884214e-03
4.543073198235436649e-03
6.236752122484823246e-02
2.563325260177506948e-02
-1.707350061133094954e-03
3.418253858531139500e-02
3.079205663165707207e-02
1.102642698156792722e-01
-8.705250565752997716e-03
2.147608982259630039e-03
2.633610781303885595e-02
4.021175432705081931e-02
6.003748144013987265e-02
5.935446105458686006e-02
6.325512494368967786e-02
-7.694312763668076371e-02
-1.925670251012223666e-02
2.948127592553162479e-02
8.869556677217227403e-03
2.466455794759081499e-02
5.132649954536194770e-02
6.054140229560234232e-02
4.859970375203470638e-03
-3.119148642816882422e-02
2.333543278184269099e-02
2.902839219917296987e-03
3.851013340598741230e-02
3.155601545225494853e-02
-2.571185153484623065e-02
4.997571014372170772e-02
3.421670910464280624e-02
-1.384444520452876581e-02
-2.833342119787740643e-02
4.906908350493877080e-02
3.586626963278716218e-02
3.895326187410530494e-02
4.096084297443569611e-03
-1.228480108249534464e-01
-5.094077067495450528e-02
5.061631486008999481e-02
1.630874705284246495e-02
-6.839437522831381955e-02
-2.389429329793246737e-03
1.066095580133461507e-01
9.102760818317912062e-02
-5.279066492092754359e-02
-2.909177173191079824e-02
-6.631967406504735152e-03
-8.797672420884250499e-03
-1.550660083355470675e-03
1.341929202376968000e-02
-1.770310756528048479e-02
9.514415248278007553e-03
4.115951528272043802e-03
-1.877993758748974784e-02
-3.910654782448430566e-02
2.129193162082998469e-02
-4.315629434690482213e-02
8.147630772575631397e-03
1.899819752137377193e-02
-2.280648676048135925e-02
4.194629799167337580e-02
3.992486542731610299e-02
4.072225905681259306e-02
-7.352267725614591853e-03
-5.206226136995395493e-02
1.258545347697648253e-04
3.528523779627823487e-02
1.059971189971209427e-02
3.933692361282314920e-02
1.339819419698251579e-02
-1.797071903765523615e-02
-1.926327901292701483e-02
-3.425815122478725883e-02
1.016947680242052954e-02
2.087714830408238242e-02
-2.146624860524770639e-02
-1.734937217544718635e-02
-2.584376892112771884e-02
3.949078601451416759e-02
5.392025845724734978e-03
-2.541964103615113046e-02
4.821178803555214998e-02
3.146398092628688303e-02
2.062065631466891702e-02
-1.287173383031392504e-02
-9.704976326514458407e-03
6.613275223942682857e-02
2.731194745546794422e-02
1.105238632835048307e-02
-1.008395046706374032e-01
7.940836568413267571e-02
4.281652786251166631e-02
-1.984941254524397181e-02
2.703151011160631612e-02
1.858428107443854671e-02
-2.382627899941347493e-02
2.497006451123340298e-02
-2.961325447570972713e-02
8.274538195842806587e-02
2.656733061120464257e-02
-1.450215346471361855e-02
-5.084000817410716522e-02
6.414978048311592573e-03
4.441107151243706141e-02
9.135224710955291982e-03
-5.457108048665126887e-02
5.104879625373381913e-02
3.971470679007671478e-02
-5.786575419182993230e-02
2.346863018878275753e-02
-3.846924707170629176e-03
2.400144270650805822e-02
-2.527044691467139614e-03
6.251511032414391877e-03
-1.134173234173285749e-02
3.894622320360419110e-03
-2.932299803699267571e-02
1.129365790439562645e-02
4.911729156867838952e-02
-4.332482455961628176e-03
-2.035196060201238666e-02
-9.056390830648908263e-03
1.380916683632849029e-02
4.166283784768465281e-02
-1.210242533506100671e-03
-7.882041649009519091e-03
4.617976605501050713e-02
3.254104487232334364e-02
3.938439836037987973e-02
7.120281185646493149e-02
-5.321160317106099491e-02
3.367008034073060152e-02
6.086652030115757839e-02
6.573707475724610561e-03
-1.036438419078189455e-02
-2.575915935303729754e-02
-2.372786422000383588e-02
1.650345879289805140e-03
1.227142807525449797e-02
1.758428837509895537e-02
1.761912599807446966e-02
-1.846464125448799010e-02
1.488555546045300382e-02
-3.076453499750497755e-02
7.464338816640214702e-03
-3.561614606579244224e-02
2.161193762749369363e-02
-4.867752012177350984e-02
5.559060455171827009e-02
2.379255236705413168e-02
2.891246604834774026e-02
-1.146282863245073891e-02
2.561734406007820652e-03
5.456103458087557811e-02
-4.867033950778387741e-02
-2.018673972164597430e-03
9.591517270527649686e-03
5.571225202515606156e-02
-3.378007728035936630e-02
2.706974325191713326e-02
-1.882700115001201269e-02
-2.728911531767908016e-03
6.255887239915125519e-02
-4.305398289776252163e-02
4.274828770045124848e-02
-3.185885482615979925e-02
4.393960677743069532e-02
8.679312320435061956e-02
2.571266977809516519e-02
4.715242392484997325e-03
1.695506925962164679e-02
2.026702653327205894e-02
-4.691746145841468874e-02
4.235397787220773758e-02
-2.692253436683134105e-02
1.554856072087762442e-02
2.172409404901110008e-02
8.078460425969224978e-02
-3.434674893278133467e-02
6.132893105484926721e-02
-3.223107667286018163e-02
1.014327258875169502e-01
1.119266075482405753e-03
-3.163346227586294468e-02
-4.779622609295985924e-02
5.351851317512767992e-02
3.797779626445896284e-02
-1.278212237333820056e-03
-2.982464282063790328e-02
-4.123084550596423092e-02
3.035001438335571677e-03
4.604737543673786959e-02
-7.739974265016957844e-02
4.815550740985186096e-02
3.565741330575367130e-02
-1.751416926722115797e-02
-5.010801929659058906e-02
1.018282164067612072e-01
-4.834454670035936985e-02
1.544217336730713264e-02
-5.193531328368994338e-02
1.169577323517390077e-02
4.751208741715418071e-02
-6.638818872493401635e-02
4.985230560277886802e-02
-2.972358627178439683e-02
5.986742393242705518e-03
2.641492213921070586e-03
-4.408009892721787004e-02
2.327545457499580195e-02
2.121402632627722440e-02
-9.996150195387576431e-03
5.090768022691261052e-03
3.236672794297668077e-02
1.434955163959772406e-02
4.825065927123817211e-02
-8.422179612869173937e-03
3.094807319371239984e-02
-4.831537390715201497e-02
2.534812860890345299e-02
-6.402790093632448887e-02
7.692550230553729662e-02
7.397851985627257321e-03
3.982049377564855774e-03
2.284830657572278767e-02
1.253283617468126110e-02
2.587127041684400552e-03
-2.338769144901542418e-02
1.515813370697971507e-02
-3.437338795559519156e-03
-3.780481198707219548e-03
2.003245642434436924e-02
-6.863865588838446996e-03
2.370569873870120858e-02
-2.454782458810744750e-02
2.363485962529576767e-02
-1.839181248532839597e-02
7.092072372939517422e-03
1.170196884665708481e-02
4.366456849642741389e-02
1.478399390405593650e-02
7.040933540529414891e-02
8.663037022286457223e-02
2.848555589245260755e-02
2.578133226430956437e-02
-3.107567840464520170e-02
1.000771295570634933e-04
3.913697175695662889e-02
4.218046900713523506e-02
-7.339363337236159968e-02
-2.123649008360561918e-02
1.168593028001108092e-02
1.018737417130544110e-03
-3.272447311821369276e-02
-2.184050364645773179e-02
-9.324383966890170683e-03
1.121211819760059569e-02
-8.451828724161281059e-03
8.837792305399938542e-03
-4.157565688014996930e-02
8.292457420678411850e-03
-2.154286557512774536e-02
6.197342030887953435e-02
-2.354809808500957224e-02
-3.400229242019947584e-02
2.399620006841574060e-02
-2.824321102926474758e-02
-1.308528655997043266e-02
-2.317502942287252843e-02
1.870012302844781260e-04
-7.368434366946674530e-03
4.065362830149688023e-03
-2.389691627485635017e-02
5.696974247122410517e-02
-4.229091350463343169e-02
-3.817779344189764501e-02
2.015444609394778652e-02
-1.284644531369960596e-02
2.809192098798041215e-03
-2.990738428181050068e-02
2.120827053495522030e-02
3.913743373282896343e-02
-6.245471076234010432e-02
4.506225271700525781e-02
-2.797719174998003488e-02
4.013187796822070830e-02
3.870307453573063050e-02
7.887555631396359068e-02
-3.995354975346665505e-02
-3.121869466813054217e-02
1.959831479488882700e-02
4.929733665829916234e-02
1.518410251935176092e-02
-6.302062897546090170e-03
3.557610189989079963e-02
-6.208218882137184202e-02
2.486858444836381743e-02
-3.186528071477212620e-02
3.351668956838382840e-02
-3.180544991220402018e-02
6.254402185504304157e-02
8.408221991956499330e-02
2.535154864703814681e-02
-5.652516843960952997e-03
3.508523487594272794e-02
1.040570370122395616e-02
2.827601860662309896e-02
3.530102965160875073e-03
5.947513177004593032e-03
-1.985235436459897862e-02
-1.832167546523422175e-02
-2.366484411759484097e-02
3.779369845418956153e-02
3.473179547179694460e-02
-3.827873743209564417e-02
2.522845778097204672e-02
3.986686800884786663e-02
3.529356010789852505e-02
4.677494500835210900e-03
-7.673590954038900236e-02
7.019174616759804586e-02
-2.385711370595400282e-02
2.531138487713469054e-02
1.745084817119479936e-02
-6.633309048271085473e-03
-2.864791744535466478e-02
1.578776834423090136e-03
-3.926104708910105323e-02
2.300857817606427602e-02
-1.177363355685345780e-02
-3.807272320228216600e-02
-4.036106514569182124e-02
6.588709711929929824e-03
3.469106651975950584e-02
-1.021868959500205065e-02
-4.817815262570857016e-03
1.739033385144850286e-02
-2.541072975688640767e-02
6.577077933519248631e-03
1.025321292419478780e-02
-1.187954004229929694e-02
9.128132803944755125e-03
4.935545373501604161e-02
-1.783795040849245339e-03
-7.140700812738653980e-03
-2.248819596483064842e-02
-5.228250393880751190e-02
5.421865127057134970e-02
6.878668461263615086e-02
-7.148000233292428618e-04
-7.188262224036012782e-03
1.552910426612630346e-02
-1.555522993245306296e-02
3.632052693267162624e-02
-2.066440825331294917e-02
-3.848688295705304796e-02
3.984669539261620486e-02
3.231818493219851263e-03
4.234706495492179812e-02
-1.537014835883132591e-02
4.985702310344342081e-02
2.999713979035734113e-02
2.436865511145525076e-02
2.705228315882202139e-02
-2.399047484112681872e-02
1.869386249884330553e-02
-2.754903430782285056e-02
7.773549316217653882e-03
3.705252327649999344e-02
-8.488597061943714550e-03
6.802654494326798584e-02
-8.708398116636928421e-04
2.050931350558604649e-02
-2.198351084013516754e-02
-1.664845834139505598e-02
4.231629618014531857e-02
-5.146095443220755072e-03
-1.300669279673405399e-02
4.602936383449618418e-02
-9.684557549921368746e-03
-1.873301097248658564e-02
5.307844487868140781e-02
3.431114021427283944e-02
-1.305990208268537067e-02
5.099265335606606442e-02
2.594713271971071933e-02
3.093391390333621871e-02
5.854342618564012390e-02
5.841938132949997531e-02
3.910720614068252665e-02
1.707004885564988861e-02
1.017429374643081808e-01
5.733788029328201752e-02
-3.986406290372279670e-02
-3.628404497415593788e-02
-6.524792959443637130e-03
5.396723129760983007e-02
-1.066894823275332804e-02
1.369225924164707564e-02
6.127678914191747594e-05
2.231099249305334986e-02
-6.335090378726260241e-03
3.383353925049403799e-02
8.416281536203462643e-02
-1.365215073343728491e-02
2.628818621164885627e-02
3.302709649789248303e-02
-1.460985004646642160e-02
3.857263520084774910e-02
-4.167108950500986175e-02
7.193566647196281139e-02
-5.620438789452952832e-02
-2.780806490921383656e-03
-2.433960795371770125e-02
6.888887170335999954e-02
3.171198294946275809e-02
-1.275008469803107225e-02
5.536272105070239036e-03
-2.529916886990513092e-02
2.008516639462287756e-02
2.265514743280183652e-02
2.492751055734210297e-02
2.945972930237283904e-02
-1.001441507843559009e-02
-8.071194567745632042e-03
-9.313511601924950867e-04
3.083678766715269859e-02
1.747957086431384255e-02
4.492237300240420339e-02
3.393551028275343384e-02
-3.703748365140935306e-02
7.862893683338700868e-02
1.813162549383617872e-02
4.912392872631343721e-02
-2.170914636929754948e-03
5.953369620106796489e-02
1.704073364297986615e-02
2.170634246829727942e-04
1.851712640743041760e-02
3.178957059599252233e-02
-5.344742038576555387e-02
6.614363410135659649e-02
1.782395873971553968e-02
-4.242961616213847265e-03
-2.210401943430317928e-02
-1.505966906768030356e-02
8.072813114179711036e-02
-4.948113412602639372e-02
-5.858927825762627606e-02
4.824318936189753160e-02
4.585247915461110324e-03
4.903267400167710122e-02
-7.572857368204699569e-02
-1.669356216689887873e-02
1.676793125461450984e-02
2.033752420135037653e-03
1.161572767409690954e-03
3.250467874144247205e-02
1.700916532839924500e-02
3.027357602205427156e-02
4.728664732160714479e-02
1.709379438613911617e-02
4.086328163318775353e-03
4.473992943502036468e-02
-4.354581546285074545e-02
-2.518238778978743042e-02
4.912975679832110032e-02
3.221300006392935344e-02
1.075626874563084812e-03
1.539817596666015476e-02
-2.556584038443721063e-02
4.304014933650490704e-02
-1.536750725690860797e-02
-2.338594338033828102e-02
7.653574982347599587e-02
3.513376367840215231e-02
-2.790300614973539872e-02
5.212329325747666608e-02
-2.833897852556654939e-02
2.980176678083035213e-02
1.843136806102019243e-02
2.421511786775276676e-02
1.050342330144848901e-01
6.293682205200212820e-03
3.938716301472244830e-02
2.101192640640392462e-02
6.096492205218573268e-02
-3.332418680455528914e-03
4.556556895541619134e-02
4.297003779188468542e-02
2.549839304935441753e-02
4.172279274641321756e-02
3.677192067508161522e-03
6.553728309188500134e-02
5.793460911299175287e-03
-3.098826993699788090e-03
-1.242576608693823914e-02
4.170290550005018027e-02
8.610390308135862369e-02
-1.048296763405320853e-02
1.179812413958730710e-02
5.762500781223389712e-02
2.895640610039496021e-03
6.142877403071786424e-02
4.252847403274662152e-02
-5.453932093365834732e-02
-6.115978931280519060e-03
-1.894882717792162330e-02
-3.041671080335484056e-04
1.638339718946973944e-03
-3.192807596303004480e-02
-8.154195997936375395e-03
2.124787793374438571e-04
-2.280542465870061264e-04
-2.882739846492193836e-02
-4.586131352525080196e-02
-3.220641717857286590e-02
-1.229964712197806342e-02
-9.607173442463201596e-03
4.479111199851804059e-02
6.520292034602714892e-02
-2.992228484635117702e-02
2.697198156430602456e-02
-1.441819381805398148e-02
3.820153390418590256e-02
8.831030255888583369e-02
1.179479784185473168e-01
-2.516490437810769976e-03
4.454185991432368930e-02
-7.745546404707692734e-02
-1.088626806138781600e-02
5.099244454774454205e-02
8.745041880933179801e-02
-5.095417308283767266e-02
-5.285161159060147718e-02
5.280181475485390408e-02
-7.247672758894374567e-02
7.531863028797136650e-02
-8.200982868308259732e-02
3.614592582387832209e-02
2.385868166853333250e-02
-9.879248870161783103e-03
7.870027864680384511e-04
-2.737018490685660943e-02
2.953902961333709776e-02
2.348634955933182056e-04
-2.458495138057870122e-02
4.824829916771267158e-02
3.292170754744794259e-02
-3.557980463464605059e-02
2.091672153536050516e-02
-1.157592739872703724e-02
3.911365566610092159e-03
-2.429463438514467555e-03
1.186025388289795313e-01
-5.223143227890947315e-02
2.154211558980811958e-02
-1.807946236634938586e-03
8.215848621726729029e-02
-9.450323957042261469e-03
1.352909946111902073e-02
1.146343643746106089e-02
-2.085414103798277630e-02
4.040855043708657668e-02
-2.579023065923191638e-02
1.482855796461723941e-02
1.311569682850333152e-02
3.408022988439229906e-02
-1.459993579821672327e-02
-2.193561257478382487e-02
8.376051371434556359e-02
-9.987282963630939037e-03
8.672290410105532033e-02
-4.345465982492857648e-02
2.748950829572383014e-02
1.753243846014318486e-02
7.994771906942510498e-02
3.179327383747021507e-02
2.427186352778964995e-02
-5.888557757555146210e-03
4.996037540190867432e-02
2.360461468241314975e-03
-2.220805439311357432e-02
9.202625867250846525e-03
6.157120217028877462e-02
1.110677193252751493e-03
-5.539908064035214963e-02
4.886770161999232087e-02
8.040554575181824148e-03
1.781062927717402822e-02
-4.357845344344202232e-02
2.289214258231275778e-02
6.006216459652247153e-02
-4.385676912424085749e-02
2.834121744685336175e-02
3.229738764756762137e-02
-8.242438740118096518e-04
2.122513360086575318e-02
-1.122573776177748783e-02
4.182385713034486585e-02
3.210217544613591656e-05
6.528817492729466210e-02
-2.163939414142679318e-02
-6.888084523089199607e-03
-1.723104242905204586e-02
9.019495654847542454e-02
1.842488764241312360e-02
-8.880005861838791148e-03
4.368994512340407255e-03
-1.253493789270310188e-02
3.406383058519990570e-02
4.474431775711340542e-02
-5.471801377546436917e-02
-9.078132367508873202e-03
5.430826615513617561e-02
-2.710770258786965314e-04
5.364085486326253260e-02
-6.761655072156091961e-03
-2.386423686417504797e-03
4.233631477382737707e-02
-1.698023680581695061e-03
-9.834120332996576508e-04
3.818147869112964443e-02
-1.144453406566947606e-02
5.235896460569056110e-02
-2.967769635347083934e-02
1.011510204735732721e-02
-8.103072099700403541e-02
7.255527319707666400e-02
8.676301741171621451e-02
3.548511525740138950e-02
-3.689102762729512541e-02
1.594746980833794403e-02
3.915508185839255972e-02
5.647070209169258170e-02
1.451684461558166994e-02
1.281161776489292414e-02
3.412159816281401525e-02
2.778043762101600755e-02
5.066444706246509000e-02
1.870184303955739757e-01
-3.367332408781820163e-02
-7.827975786300833683e-02
3.021100147990107843e-02
-1.259074431205076117e-02
-5.731641094673856074e-02
1.392550611576615083e-03
-4.109427618239047675e-02
3.416875463636559473e-02
-2.234841906231244124e-03
2.532462409666180747e-02
3.646531579757850139e-02
-3.171317459120759352e-02
3.183369570054983555e-02
7.381042632459022812e-02
1.160543790830170785e-02
6.601813741964002169e-02
-4.187160969432834889e-03
1.262967855819296936e-02
1.808368837921503491e-02
6.058866200531864976e-02
9.793489806366739714e-04
2.771769212349051159e-02
8.509407451069184170e-02
-2.580082959861185188e-02
3.478439103110808617e-02
9.707789388671006492e-03
1.206606865168291520e-02
1.095450491685068251e-02
7.611137618669450156e-02
-4.521216472617384241e-02
1.289361036056997367e-01
-2.676211140518947040e-02
3.898856145389273387e-02
6.176484959234396221e-02
-8.472661628611044549e-03
4.321713516938752164e-02
-3.569067739879383527e-02
7.837560744099469900e-04
7.055377461547240880e-02
3.750919038516742354e-02
-7.095787265714303960e-02
1.147931393401513400e-02
1.583082690644854740e-02
-4.994049478492712524e-02
-4.262863021827767440e-04
9.864503976408889319e-02
-4.281862279197556909e-02
4.994963322292023111e-02
3.620291071148840079e-02
3.725021239748160795e-03
6.894416644774303826e-02
-2.505121702400026074e-02
-2.550448631240953556e-02
-1.325806400255391537e-02
-3.630760395759335957e-02
-3.146384275046298917e-02
9.192430041237953375e-02
8.026464730828797300e-02
4.885432282519941438e-02
-9.200741250317068243e-02
4.850777281302076638e-02
2.494644024915526614e-02
1.710034756649303489e-02
2.086482602760453275e-03
-1.388359352549661807e-02
-3.486211765458580025e-02
3.057569712304974985e-02
1.703616500965066116e-02
1.142667082313786331e-02
-7.421489191496988269e-04
3.234761017301068797e-02
-2.993013733711435975e-02
4.634323475153334648e-02
-1.885322447982962224e-02
1.419541959067016634e-03
4.626754902253060742e-02
-2.364857981302304069e-02
4.792746601444175525e-02
-6.117072005255685951e-03
8.481873633223280251e-03
6.243479625303582914e-02
-2.387985807632730939e-02
3.580879503536671393e-02
1.773439548467448112e-02
-1.024457846019057872e-01
8.730442117082071185e-02
-6.039802124575999187e-03
1.112476559811468313e-01
2.283315983338418675e-03
5.993213025491761492e-02
-1.998297441081886561e-02
5.943768460266407594e-02
1.243034291814339998e-01
-2.071971736294897504e-02
-3.196058595227380117e-02
1.172663908267206345e-01
-1.136276504607591775e-02
6.206281731761542630e-02
4.655655758031684854e-02
-5.756470962789972390e-04
-4.701920492388711459e-02
5.878497379391833810e-02
-6.696139681590573822e-02
4.328212108570839156e-02
4.277063174547901525e-02
-5.614580700014060177e-02
-2.286562963093796697e-02
7.685104582455526412e-03
-7.227069122304707882e-02
-1.396880848083048576e-02
1.482452950788393231e-02
-1.563323169682639957e-02
-4.708155987449869073e-02
-7.310634151440842388e-03
4.788494381621433149e-03
-1.466892602478431229e-02
-3.645479599145096117e-02
2.911259833650703399e-03
3.296532860771250739e-02
-1.103367719945524961e-02
-1.067042774393289761e-03
9.124398255444532424e-03
7.368231818456916216e-03
6.083155801905881788e-03
4.553532143344529715e-03
6.549303367715797464e-02
-2.826355406693314976e-02
-5.900213311131441429e-03
-2.920824711436020849e-02
5.125085879344126738e-03
3.469823618475409432e-02
6.659256469755625574e-03
-1.807690358438174272e-02
1.279549527012679988e-02
-2.107119369328191993e-02
1.648500587332524248e-02
-2.355407691029487438e-03
4.279011296602241998e-03
3.096046063648350000e-02
2.084717886388176566e-02
-3.068411767894341224e-02
1.267556767003430451e-02
4.268475961414441855e-03
1.471577664854484269e-02
1.397105734111114828e-04
2.516849985487557007e-02
-5.105499839493310432e-02
1.628730447928417036e-02
4.179001500345780329e-02
-2.383287526831745495e-02
3.460999401309594603e-02
1.602213955818854174e-02
9.289694727059316648e-03
3.036946193937328786e-02
3.765683191786273198e-02
-3.648401798928446738e-03
3.911976366213654188e-03
-2.033775163698914312e-02
1.935282014393191474e-03
6.020793575586358415e-02
3.571371488470953537e-02
7.882262289138353140e-05
3.462241540901356274e-03
7.249871150876652237e-02
-4.034425750995129789e-02
7.158011609972758649e-02
1.368586933349291712e-03
2.928329602564794243e-02
-9.447376653142214309e-03
8.676994588836040023e-02
-1.748710909291473214e-02
-3.827637550558948831e-02
7.036911146411206630e-02
-1.224307790329248746e-02
4.733212549875309705e-02
-3.735930638848072860e-02
2.404049890022097458e-02
-1.998387403843171484e-02
3.556139845321193427e-02
4.896285899240737649e-04
6.333698523732778085e-03
-6.294608661515588288e-02
6.968716860665402635e-02
4.240220317175413811e-04
-1.594146312524680198e-02
1.530930209774439277e-02
3.342291700568544854e-03
-3.971676704403326319e-02
3.121378055059165213e-02
-3.344283141619053268e-03
3.164473264625433657e-02
5.974078672581484284e-03
3.321944795139986084e-02
5.531602641766286688e-02
1.633770147851976162e-02
-2.569186333244810605e-02
-7.696930912112431855e-03
4.444741386745909573e-02
3.723492298193242789e-04
4.367914085668012092e-02
1.986756456091365308e-03
-3.016380632812087903e-02
-8.732815167701857284e-02
2.152897599050724864e-01
7.724728333412866910e-02
-6.253875227389293912e-03
-3.920023993014565278e-02
-5.048245524936256778e-02
9.214021565442886974e-02
5.588490751428731862e-02
4.357326944548511882e-02
4.205831474049259722e-02
2.016503752345222278e-02
-1.765562023065847530e-02
-3.256487165550248086e-02
-2.048059648368782959e-02
-2.083625389238563663e-03
2.879501762603109416e-02
-5.697494618560505764e-03
-2.362813096786620104e-02
4.791267244697017258e-02
-1.502372670344287453e-02
-4.614008058660079570e-03
1.596015591606403383e-02
-2.473287053857164963e-02
-3.040519763994131708e-02
-1.000547022205289238e-02
3.886636278149335766e-03
3.358710012097609887e-02
-6.178897399247307298e-02
2.638648536268228817e-02
1.220538958450179123e-02
-9.364468160981687106e-04
1.945509368215914137e-03
3.997593156939505121e-02
-2.585863758072903806e-02
1.008960671389846908e-02
3.803044174336633887e-03
-3.267914797563742368e-02
4.444014886077107818e-02
2.068891151799201467e-03
2.241432065147819230e-03
-3.113676567250456273e-02
1.499920420932454590e-02
-8.519435039487710526e-03
3.525396268412750445e-03
-2.506941089513547993e-02
3.081326850254972882e-03
1.293546923725186204e-02
-5.398270786981584912e-02
5.091466899356156262e-02
6.400948600036926450e-03
-1.155900910034435292e-02
-1.492009000243488259e-03
6.695867271442268454e-02
-4.189514407135153107e-02
5.029311426061000567e-02
-1.393249566368413017e-01
2.854719462061854340e-01
-1.379057193773447487e-02
-9.555030831679989234e-02
-7.380299046237737137e-02
7.231083349974931629e-02
-1.650828743298227153e-02
2.072224944255207646e-02
7.773027555648015507e-03
-2.887864805517237343e-02
3.257791916303398594e-02
-9.349809292586774845e-02
7.375318169636657650e-02
2.821930070949552061e-03
2.414347791257309694e-02
-1.178287410510470146e-02
2.005289391279108102e-02
-2.784882171330327338e-03
8.284039320761049652e-03
5.150407065251605410e-02
-6.670120220022113244e-03
-3.648377746032127611e-02
-8.881278115386637140e-03
5.525466812390567029e-02
8.799079968063283630e-03
-1.396031443258038962e-02
1.499777662376620135e-01
-4.560206815851275408e-02
7.998157857292742534e-03
-2.366949246853367050e-02
3.258018752497116033e-02
-1.439936118049933711e-03
1.234274594743434150e-02
7.299981702986513277e-02
-2.344952421781121288e-03
3.106530279195207633e-02
4.730448724226121726e-03
2.628613246222233357e-02
3.802789299314213167e-04
5.266187263055233103e-02
-2.744187006669829287e-02
-1.449291210289560539e-02
7.334007755343208146e-02
5.313245947279243708e-02
6.656620619111652815e-03
5.356262163361158457e-02
-2.014916709576475284e-02
4.834772521869101780e-02
-7.527177993812217416e-02
3.711272823693523293e-02
-4.751530028651274051e-02
2.423022042352629413e-02
-2.431464669150584790e-02
2.825017285420994284e-02
2.895081580696334811e-02
5.096905100401638578e-02
-2.162621428737043772e-02
7.756966598381587197e-02
4.638306749352594238e-02
1.172650224959825849e-02
5.857774973223306425e-02
-5.201393680249633000e-02
9.683607877041389145e-02
1.334262083620973982e-02
6.030641856587726224e-02
1.362744173548335880e-02
2.678920810336982150e-02
-5.747947258683261396e-02
8.329426959155972199e-02
9.054446762227041923e-02
-3.808745155494341894e-02
-1.520164375903210185e-02
6.001273935117357183e-02
3.766576555111544877e-02
-4.299066345369917386e-03
1.982491244194783953e-02
-1.566555342135678153e-03
-2.640867918519052004e-02
3.214445648506258912e-02
-4.782964118194565906e-03
4.846592128098248242e-02
-1.625593281620152375e-03
-4.203656106753994592e-02
4.311492306293684962e-03
-2.266317878529688912e-02
7.719277943411273490e-02
4.106410327327769672e-02
1.172662588660278171e-02
-2.897874069556283239e-02
-1.925605669302732359e-02
2.111874328944662871e-03
3.201534430827246425e-02
-2.269509638194699974e-02
-1.890280804979904694e-02
3.000476168984611558e-02
-5.263141476835153654e-02
-2.493895516956967651e-02
3.190032430994138579e-04
-8.589018368029277539e-03
-6.738232005370770050e-02
-3.567052280812754717e-02
3.781106724769500715e-04
-2.380083444765457301e-02
4.533245251258977149e-02
-2.855238893890565954e-02
3.827533176602715415e-02
-1.424652371161183595e-03
-2.001682360706635855e-02
5.119310863706294512e-02
-1.863506910372958458e-02
3.472327123699159301e-04
-2.715295665425387917e-02
2.013784983064526024e-02
-3.947803243006031693e-03
2.757001118736557288e-03
-3.990945818816316049e-02
2.946177210567002547e-02
-5.595527170636493963e-03
3.033649801201443452e-02
-5.689138160718032466e-03
-3.867999048429560105e-02
3.055670700081281055e-03
4.622584043602495640e-03
-2.548344794960222259e-02
-3.109170556625229231e-02
2.568805820669251005e-02
-1.291348498084765595e-03
-2.282030487211939018e-02
-2.567006517737424609e-02
2.239496771743176851e-02
-1.799846481654832075e-02
1.812113699591999527e-02
2.265087367230944615e-02
8.152646500970694987e-03
-5.376229420925637825e-03
1.841684375634566884e-02
-7.044600346921559009e-04
6.277208470144790553e-03
-7.899014270603244015e-03
2.085358546737858809e-02
-2.433151603183691947e-03
9.321890615814343306e-04
1.313622705422012871e-02
1.024252014524185128e-02
1.223593106294229571e-02
9.413374483567826800e-03
2.492514244043775307e-02
-1.247987794028393438e-02
-7.031439428433428063e-03
1.860990236547177545e-03
2.064191155177286241e-02
-1.143220443732673175e-02
-2.042810014175011624e-02
5.019494322288697852e-02
1.982626625859351677e-02
-2.095951377923066516e-03
5.671303137735339561e-03
2.436999972707276640e-02
5.386768445688527862e-03
8.755236962718249139e-02
3.920451241954014954e-02
-6.264301704239016999e-02
-8.162031719124218654e-03
-1.063683509478163813e-03
3.078143870347838096e-02
-3.084676494426275006e-02
-1.920937697084079687e-02
8.073308315526928070e-02
1.270829485418849547e-01
-1.272334267613091097e-01
-3.375894415011204686e-02
1.809093114917281753e-04
3.098049487896070708e-02
6.300205961895732898e-03
2.412705893808242408e-02
-2.800276455336536685e-02
4.244015904045195242e-02
1.618745598120896467e-02
-2.954620418060449616e-02
-3.678278292261083493e-03
3.677849075875894158e-02
-3.744150179801120082e-02
2.972867097911180423e-02
2.928402213613146010e-02
2.131910743262355190e-02
-1.837829401098334259e-02
-2.015080670120883433e-02
3.062120154375169712e-02
1.507404079350993520e-02
-2.543279708386858573e-02
3.937566026903605021e-02
2.689513998653447757e-02
-5.772980964128704429e-02
1.989226053875392530e-02
4.895399909038133934e-02
-4.977370735743802399e-02
-2.236453004350358320e-02
2.601019268236193227e-03
2.468056107767990781e-02
1.019218219866546704e-02
-1.674612849758005950e-04
3.218556087086321682e-02
2.775175922083628066e-02
-2.342159310222458046e-02
1.839911041058295282e-02
4.942485099747484512e-02
3.534987647404363997e-02
1.029926218982213371e-02
-2.869655195664488900e-02
-9.612022821031906972e-03
7.099075853106517897e-02
-4.274442402535250096e-02
-1.334557141891701271e-02
-7.748056052617302569e-03
2.162240255994651861e-03
2.536466640263723704e-02
3.194632657338658532e-02
-1.209671093353636984e-02
-9.927183827232566316e-03
1.877610304290033838e-02
-7.100143174657103096e-02
2.781818921114576071e-02
1.287695462378244393e-01
3.065674798672013424e-02
-1.851482487083233597e-01
4.763465436298508493e-02
5.498539414885916798e-02
-8.612637675312062591e-02
2.786650462352269209e-02
-3.518513216858143444e-02
2.870035755971889202e-02
-5.509101548356598599e-03
-3.918554611189262182e-02
-8.677814774729064595e-03
4.512187068116180200e-02
-5.828493193249517645e-04
3.720010610519008942e-02
-1.581489846542893929e-02
2.187511797636476629e-02
2.583289655373688376e-02
-1.313987616914369383e-02
3.823123927643656828e-02
9.616563697141478073e-03
4.061651946803102042e-02
4.179220522674409466e-02
-8.726813282812884154e-02
2.500491592557829712e-02
3.107352851383127224e-02
4.383342524094446802e-03
8.610589064419471583e-03
-4.272037848183973807e-03
3.528145506874436066e-02
1.809903023390080357e-02
5.102062476947466507e-02
5.837131889672808605e-02
-5.668727778670445971e-03
-1.331822336141996743e-02
3.889370120504587192e-02
1.451802460285245289e-02
1.162246648657117021e-02
-1.758246905596116960e-02
5.954187127679344549e-02
5.143856033491545077e-02
-9.087317186196042229e-03
2.379575520483268036e-02
4.072028654170156692e-02
3.240094269918170067e-02
4.961710097509275386e-02
-2.825750639457047519e-02
1.648633129993670732e-02
5.255873768273799929e-02
-5.623464823056867345e-04
9.569364209654929176e-03
-2.150285225660519828e-04
2.313182819160608528e-02
-2.884234141658881256e-02
4.179101768797544025e-02
8.083796384356078946e-04
-3.085382662973434886e-02
3.052483864683375181e-03
-3.267965104628034467e-02
3.867083264284587596e-02
8.660320042188140999e-02
1.321118963247536193e-02
1.889130160674390435e-02
4.079297494934397417e-02
-2.936702562101989322e-03
-6.885402034637400082e-02
3.338375769247448055e-02
2.940971812074577585e-02
-4.414665962794683818e-02
1.341227903367392393e-02
2.672030913894085646e-02
1.263584321494781726e-02
8.408898151171184665e-03
6.136504689729049833e-02
-8.152074571375234058e-03
8.715669810335779921e-04
5.030361704342023454e-02
1.928068402294036421e-03
1.751541256155342285e-02
6.803483491649220394e-03
2.239786707130861365e-02
-6.780313326185477552e-03
8.334064609796382195e-03
2.461679776317404755e-02
2.345071966604080765e-02
6.325788989847417297e-03
-2.077349653418420275e-02
4.700457937393079724e-03
2.761528922938444926e-04
1.446939306859575634e-02
5.930228970148168459e-03
