2.995370498585418595e+00
3.310110309496855585e+00
3.596069505802327093e+00
3.848722325729110771e+00
4.159866013388159089e+00
4.493613521120868981e+00
4.769502388987706176e+00
5.067706187309277688e+00
5.321357691626418251e+00
5.475486081216581091e+00
5.598252605745456911e+00
5.723272140232091409e+00
5.819759413576167439e+00
5.904775567440935902e+00
5.961831430426550504e+00
5.959612715865175936e+00
5.967490524939245589e+00
5.860515726141444226e+00
5.878127278640928211e+00
5.839876311371103412e+00
5.806724348686125303e+00
5.772676735570889228e+00
5.721113200290202094e+00
5.654307179655656768e+00
5.665041254927407621e+00
5.636221738608262477e+00
5.571366259246639530e+00
5.594038748174814835e+00
5.557108718660932034e+00
5.606958296908378436e+00
5.577419269057479312e+00
5.648591617521427466e+00
5.728673095773900492e+00
5.817436507142661029e+00
5.884724329580113711e+00
5.938061224285307027e+00
6.042056204429694155e+00
6.101445911396337962e+00
6.198003057464267940e+00
6.341200110565466730e+00
6.434309117857990756e+00
6.576823609905942725e+00
6.676385956303740876e+00
6.801447173524590717e+00
6.889321031876188606e+00
6.993530326233400096e+00
7.131324673795877978e+00
7.189551709992000994e+00
7.303887806992100273e+00
7.375601032872523000e+00
7.466333996617459334e+00
7.568866356345027135e+00
7.649338622675153410e+00
7.650135660340590782e+00
7.655555095118566022e+00
7.718840318695270319e+00
7.684056838083555441e+00
7.639917261491874001e+00
7.577411675725031159e+00
7.471039001112556477e+00
7.401070465769969964e+00
7.338418559972998523e+00
7.217835485004068019e+00
7.167341278309362629e+00
7.101438859347172894e+00
6.990825137159897729e+00
6.908330013746836862e+00
6.930089062188708127e+00
7.024154018987800896e+00
7.011412836968264450e+00
6.999770921974590721e+00
7.048362839863318463e+00
7.111540323422272714e+00
7.186920789641016327e+00
7.203255171115952038e+00
7.326981387989127015e+00
7.363340604030687686e+00
7.400406730217278017e+00
7.462071707738047621e+00
7.421504638295360223e+00
7.401491025655193567e+00
7.350063438316227327e+00
7.286157725017233133e+00
7.175704887561180634e+00
7.116442487265933536e+00
7.065630037457887092e+00
7.071074380149360294e+00
7.083690173429508796e+00
7.089680212882816690e+00
7.280422720225215194e+00
7.432471804284881856e+00
7.497048152497543860e+00
7.605265316598128322e+00
7.727236771038364260e+00
7.769789110956319078e+00
7.880456982447308967e+00
7.922180256221348138e+00
8.028604601457255185e+00
8.071532101097316669e+00
8.049462993994984217e+00
8.066612679097348249e+00
8.122029183149898302e+00
8.177419332235551508e+00
8.224012357983010446e+00
8.192578060372721183e+00
8.137908613497636168e+00
8.015211141334541267e+00
7.939401571681427683e+00
7.880644460430693776e+00
7.604520638113883457e+00
7.663112697850150035e+00
7.808060731626513373e+00
7.968359529324288815e+00
7.977313093548628053e+00
8.007565729509373398e+00
8.052743520870196292e+00
8.047182264983263167e+00
8.113147082391511944e+00
8.203112659843693422e+00
8.289623759231877997e+00
8.338685156410868160e+00
8.462635711153398077e+00
8.439613530710698086e+00
8.357230605134745360e+00
8.291559885405680674e+00
8.207307720859306599e+00
8.094609466801582442e+00
7.965264775423374743e+00
7.887914583662771761e+00
7.747325795072468324e+00
7.596058177978987302e+00
7.507424693461413945e+00
7.423359935175398050e+00
7.408884982735632008e+00
7.394947007415712648e+00
7.357872563570882818e+00
7.518972831255677391e+00
7.673503983648215510e+00
7.815310781069882751e+00
7.803751710215125037e+00
7.870130813791651470e+00
8.019639874907303678e+00
8.109641477219927452e+00
8.209521923137575783e+00
8.252020194092475336e+00
8.329764761577717280e+00
8.404172629623650081e+00
8.560782172620703179e+00
8.663099085231769081e+00
8.710920359241036692e+00
8.776194556296060156e+00
8.773355809903613078e+00
8.822507549833549234e+00
8.847590227740672830e+00
8.888717710852457543e+00
8.859240029961732432e+00
8.745437677963243672e+00
8.790684354168531556e+00
8.625268432819174436e+00
8.540282327031485821e+00
8.507404450463615930e+00
8.521520647629396095e+00
8.394716664452881005e+00
8.467717002619380651e+00
8.615308042755032147e+00
9.060704775160706603e+00
8.528987812605238972e+00
8.837625870986794752e+00
8.951866320266180566e+00
8.947888261822109612e+00
8.969899194425776656e+00
8.971304056581795194e+00
8.944294580144394047e+00
8.915706104199591309e+00
8.943036159578806377e+00
8.762062100176274626e+00
8.709072331946583034e+00
8.629671482857487419e+00
8.525120204569772042e+00
8.333983608539339727e+00
8.197149270165851931e+00
8.229962876876504296e+00
8.209457246203147207e+00
8.220658290368804799e+00
8.162459829549593593e+00
8.213704291099784172e+00
8.152648189069360285e+00
8.163057065612623120e+00
8.146584632231443024e+00
8.092638482945984535e+00
8.027077023862460692e+00
7.929709091460761528e+00
7.852774377421719798e+00
7.730189225522791752e+00
7.779646047936516595e+00
7.748014184785735559e+00
7.864982322136812698e+00
7.743126940359072563e+00
7.855464814579043775e+00
7.967108731048039516e+00
8.040152909890444732e+00
8.104092699169697767e+00
8.118913681095943247e+00
8.299207058847006380e+00
8.434538863933752850e+00
8.382979559930063829e+00
8.359531529983463827e+00
8.248907557256339729e+00
8.171972071503956769e+00
8.067812800740538748e+00
8.065786747825059777e+00
7.764490120298345843e+00
7.792660408147403572e+00
7.538058493031176255e+00
7.724933555099361193e+00
7.870195494168669370e+00
7.994356461000134750e+00
8.024293239324908456e+00
8.097173856868735697e+00
8.212963670930264470e+00
8.296154785509735063e+00
8.378620398536041236e+00
8.464147530176942880e+00
8.539934052963262801e+00
8.576922526552626991e+00
8.684462236794820100e+00
8.745090543161046170e+00
8.734871186354304484e+00
8.808628950081594411e+00
8.827343194112613034e+00
8.837147873912174489e+00
8.734802159596441129e+00
8.656267127537521588e+00
8.579210674286953164e+00
8.472585992024965762e+00
8.230657641321100115e+00
7.918599510669813490e+00
7.487480825051193278e+00
7.088148616235857347e+00
6.805613151149620066e+00
6.772247963043064978e+00
6.634914517846313586e+00
6.412248349857646801e+00
6.338469844716891899e+00
6.336509221040222961e+00
6.362737322564555598e+00
6.289448802181278886e+00
6.193862080362222855e+00
6.118874794339879131e+00
6.006794475455842885e+00
5.807232703489711767e+00
5.607315348483701278e+00
5.460605777949549378e+00
5.381622106073903566e+00
5.269349787947984254e+00
5.122060473949560766e+00
4.940216477640475112e+00
4.758558698953831545e+00
4.547037156607938613e+00
4.362189319111327457e+00
4.255536163361631985e+00
4.274498133164685854e+00
4.173568239160005966e+00
4.186124252800914824e+00
4.158752186279576435e+00
4.152273112386370535e+00
4.194452318157338766e+00
4.237898472314064691e+00
4.326534214847450599e+00
4.461281339732199314e+00
4.577301978651859393e+00
4.800472329053458331e+00
4.946269916671111488e+00
5.016757114958609876e+00
5.216745961737738746e+00
5.476256282841655221e+00
5.728024618183008343e+00
5.867595181345449440e+00
6.075192234841809480e+00
6.197656029991181370e+00
6.354962165198483781e+00
6.548160843497848660e+00
6.749974571532950662e+00
6.873379653369195097e+00
7.027497622539053523e+00
7.191882106389344109e+00
7.352248670677449915e+00
7.524558488421411617e+00
7.696607432057673392e+00
7.824403701308357384e+00
7.976357295452271678e+00
8.076128022424805764e+00
8.088334090802273835e+00
8.146830772745943250e+00
8.247670488804459410e+00
8.175703104328484017e+00
8.472892794385824544e+00
8.468953461803751637e+00
8.505772521762143157e+00
8.495867023577361010e+00
8.474293944179061455e+00
8.394823683813131154e+00
8.327980666932889520e+00
8.212644943914064299e+00
7.904107706487327079e+00
7.571006878215873037e+00
7.197164913925151453e+00
6.923969176528300018e+00
6.510087905122838414e+00
6.473709872591559389e+00
6.368530289386324483e+00
6.292831601350251880e+00
6.250158862824980233e+00
6.141969836044803621e+00
6.065010189328283730e+00
6.264610214117205089e+00
6.307633938121096406e+00
6.429560869728803141e+00
6.440509288354051343e+00
6.549785285855745265e+00
6.624855830965104886e+00
6.614995354717310150e+00
6.649666135046781612e+00
6.599784317111183185e+00
6.538302618299402624e+00
6.469668118913917354e+00
6.430151069315685142e+00
6.387065801136248666e+00
6.324341266623951796e+00
6.274623963664437198e+00
6.243426091810637679e+00
6.117509707515179862e+00
6.104666023027632171e+00
6.252338106220856062e+00
6.197110094463306851e+00
6.277807947512431319e+00
6.282398442719633103e+00
6.272350182340107771e+00
6.337467848334767950e+00
6.360538237614161261e+00
6.360578946183095717e+00
6.431547926831274964e+00
6.459187090984531032e+00
6.347504060721980146e+00
6.520182627113779716e+00
6.472610401405719749e+00
6.571081696265318683e+00
6.589312477489569275e+00
6.585212644421218897e+00
6.527778867411634600e+00
6.477748029760443060e+00
6.360452718393471372e+00
6.308406783127234796e+00
6.235618373816280702e+00
6.230912452557027414e+00
6.230602714384859908e+00
6.259816819154597312e+00
6.281273134937555014e+00
6.244795179084659864e+00
6.273686816205192862e+00
6.273308040891472537e+00
6.271200336386862695e+00
6.329035614661282949e+00
6.272230392672460297e+00
6.359804988670176407e+00
6.343062942836430018e+00
6.415778593047929412e+00
6.448800218730821321e+00
6.526582146720361521e+00
6.593448934485594215e+00
6.685184069360777137e+00
6.705281754636780889e+00
6.778151941032437122e+00
6.813947946514244514e+00
6.826773572859366368e+00
6.879795019012536983e+00
6.957198592899047185e+00
7.105206284594493660e+00
7.214284595101191577e+00
7.285311162748572933e+00
7.590473226509658389e+00
7.759667595152277109e+00
7.905862955424383109e+00
8.056611951567036911e+00
8.151161969644038052e+00
8.265257436383929956e+00
8.421895914494990976e+00
8.558957404484711873e+00
8.789794454934405366e+00
8.976542217640039567e+00
9.064101522642262765e+00
9.232170924347368413e+00
9.545603004442439143e+00
9.354361633451453883e+00
9.652522344002470334e+00
9.769742355928025646e+00
9.760847146926689533e+00
9.853633585808630357e+00
9.856156662845060978e+00
9.811547098423297086e+00
9.787387513764432612e+00
9.778767031765790207e+00
9.695779492075748962e+00
9.641420053238670462e+00
9.547669386296847804e+00
9.445103111079479419e+00
9.276400244904330350e+00
9.112014303607116616e+00
8.885090154602217183e+00
8.693696603285474112e+00
8.459605614771360749e+00
8.235214992844509752e+00
7.927819910287784211e+00
7.665544078793173455e+00
7.291267597362724118e+00
7.065788440931123127e+00
7.017923900852982122e+00
6.933680418739254669e+00
6.886969026189510679e+00
6.924627447640458122e+00
6.917044360596884545e+00
6.958870566927503276e+00
6.959956416730167739e+00
7.022060242208891800e+00
7.101162613741033525e+00
7.155173350080959338e+00
7.268227841773224007e+00
7.347250727636473577e+00
7.450666813751088746e+00
7.582569260821369284e+00
7.568865769097005369e+00
7.732623362784332599e+00
7.816742738747647579e+00
7.910277454692180577e+00
7.978880639389045903e+00
8.030315763949696262e+00
8.009480475330352789e+00
8.053961788340780359e+00
8.004441934456462349e+00
7.980910198648848208e+00
8.049666601321806780e+00
7.971506895503320145e+00
8.037535014882923434e+00
8.010515695107656597e+00
7.954300201843161666e+00
7.914858710918202256e+00
7.848932943139863561e+00
7.648288067016012270e+00
7.386702114415827580e+00
6.973415806393564509e+00
6.706526488067392044e+00
6.473924419842404632e+00
6.299019007495868294e+00
6.223049897661236507e+00
6.209222138604814312e+00
6.181980791388979490e+00
6.055528988298981119e+00
6.022243097820571656e+00
6.188800450374938755e+00
6.319932958006946322e+00
6.413991126599522197e+00
6.489065186629661142e+00
6.514239362673114542e+00
6.659361268930235944e+00
6.776908637154025250e+00
6.854854025043410459e+00
6.978967309782138528e+00
7.081654614328501296e+00
7.249577393020439686e+00
7.419059409543748984e+00
7.535939118743285370e+00
7.668736546878699656e+00
7.839082827770175399e+00
7.953751370269276144e+00
8.112109202874188796e+00
8.259011316226905208e+00
8.454293359541075858e+00
8.648550860717815425e+00
8.829219428828732674e+00
8.985678228794721889e+00
9.133363741323048401e+00
9.358958368385458471e+00
9.451848007882112768e+00
9.669067451333681618e+00
9.845991398957197660e+00
9.997604241812902970e+00
1.016465315945496073e+01
1.023496833553281071e+01
1.032196050579086766e+01
1.059622451703127233e+01
1.036229347964024505e+01
1.050769181140840480e+01
1.047320366395951474e+01
1.042233969298846397e+01
1.038767095683618535e+01
1.034593574965557394e+01
1.027684395166092379e+01
1.029077536549565508e+01
1.024733543788218881e+01
1.026610091809824965e+01
1.017466076839983025e+01
1.013602847124915840e+01
1.018416820610631213e+01
1.014962222922448376e+01
1.017553318433878751e+01
1.023751808599747548e+01
1.023137673772909118e+01
1.025721187005781054e+01
1.019509294751957817e+01
1.016790552787306368e+01
1.027815575614006249e+01
1.036428625034709050e+01
1.042792372196102946e+01
1.048276027012185452e+01
1.042603019617808435e+01
1.032795515525136487e+01
1.030798273231010143e+01
1.037244250589890804e+01
1.030339080219361136e+01
1.030350680768332339e+01
1.024498219932092269e+01
1.017095601392575333e+01
1.010466408866356680e+01
1.004995953810111686e+01
9.957363053906009398e+00
9.861693872850990417e+00
9.845259077177946239e+00
9.730238351545278164e+00
9.633945651303298163e+00
9.550458033113450540e+00
9.526367196567779416e+00
9.401897839747277885e+00
9.392077328024502236e+00
9.231458420034082124e+00
8.927724690462309098e+00
8.602924444775345236e+00
8.236818245144716499e+00
7.900321907850683445e+00
7.655539627560527194e+00
7.274968275424829933e+00
7.074325207102845958e+00
6.643849156598057526e+00
6.268865710826657001e+00
5.850341289263728761e+00
5.400710512586767820e+00
5.113722065383622173e+00
5.058448144148066206e+00
4.991837166137107040e+00
4.872178183637936755e+00
4.869279187288292121e+00
5.056524223916019523e+00
5.067260093536694932e+00
5.198776948373627249e+00
5.331622871384613660e+00
5.446450413571071181e+00
5.604279094338721734e+00
5.762584997040534063e+00
5.915425793774329755e+00
6.067736208523525576e+00
6.216943407150334444e+00
6.368540886015635394e+00
6.507398356900487180e+00
6.670593836053122061e+00
6.792622627277435932e+00
6.912659011637497741e+00
7.045103767016866136e+00
7.163189635337680272e+00
7.267759985372817866e+00
7.375783098229591772e+00
7.482361356530432772e+00
7.558658715816148010e+00
7.664246856729525881e+00
7.701300822917712452e+00
7.760597526245557098e+00
7.817177033275542364e+00
7.829742699886070412e+00
7.882009723402505053e+00
7.895370490364408411e+00
7.950631507905694839e+00
7.958298115388785732e+00
8.032439222044009952e+00
8.089948890672237880e+00
8.128636662687052095e+00
8.272834366538058148e+00
8.354520818778027547e+00
8.448762636760751121e+00
8.625402691663014210e+00
8.527349943689237932e+00
8.529669497050788252e+00
8.476588660315037771e+00
8.418938330582564689e+00
8.352399292609256065e+00
8.280387303775384567e+00
8.181203534060225380e+00
8.106992337338859045e+00
8.103341267774171186e+00
8.162713822985427470e+00
8.176817955843642238e+00
8.213092748998768400e+00
8.284570880453252073e+00
8.269610552414354387e+00
8.398191653225119069e+00
8.427472785255597287e+00
8.458370916768398473e+00
8.486048426666069844e+00
8.562496255221384800e+00
8.582638894589319278e+00
8.521329165327102828e+00
8.445420596123833334e+00
8.444779248471631306e+00
8.343931657784798617e+00
8.153926649914536640e+00
7.846277182943159012e+00
7.425522080172806128e+00
7.069724833853071821e+00
6.998368744283798293e+00
6.772353143361234729e+00
6.815312900307769262e+00
6.701817167861000790e+00
6.644234663568695076e+00
6.533019263505150498e+00
6.515663977275853114e+00
6.437064350393885803e+00
6.366991500218203370e+00
6.312090518330651712e+00
6.194313856566906473e+00
6.090725752088959055e+00
5.939452745651242260e+00
5.805928802539684241e+00
5.746816353646008402e+00
5.632522062096867899e+00
5.546518624703682399e+00
5.403849387345388777e+00
5.319241064483883896e+00
5.279945561952670730e+00
5.207633903433854350e+00
5.224981017681941786e+00
5.238818596936253513e+00
5.255501474238342574e+00
5.199432332538548529e+00
5.290317723894425228e+00
5.264153384470325214e+00
5.330369585065885651e+00
5.408831665087364016e+00
5.406329305798431406e+00
5.517560681977610848e+00
5.613684290519729281e+00
5.711275354668511994e+00
5.836870705925533365e+00
5.889057117467184632e+00
6.033713788319664317e+00
6.079344791498876077e+00
6.112813206164351421e+00
6.067590223044805775e+00
6.004105114384890030e+00
5.918648799930162241e+00
5.738207388204225268e+00
5.475941680766885256e+00
5.200741313521606735e+00
4.962377841365328557e+00
4.679838969867751608e+00
4.449444640286303709e+00
4.177178274453519968e+00
3.909620668481569083e+00
3.662927001655312154e+00
3.419967032465966561e+00
3.177590023637695715e+00
2.963328245260395732e+00
2.715191074691708284e+00
2.611165541958377467e+00
2.557640898508733329e+00
2.533770645523770959e+00
2.514228928182024259e+00
2.568553452142020799e+00
2.667440652184282168e+00
2.805089433085750983e+00
2.913256933921407388e+00
3.096428797601642469e+00
3.295388036699658851e+00
3.461754493130901889e+00
3.685734969958062823e+00
3.862540105677209734e+00
4.050356488232752739e+00
4.314679819036754793e+00
4.498445684525433919e+00
4.765975624375863084e+00
5.020430716204568711e+00
5.269980152961323050e+00
5.494452723600120159e+00
5.772155039347634187e+00
5.984522735123513293e+00
6.233935741841410305e+00
6.426022450679211850e+00
6.688871741293623607e+00
6.881646387675287357e+00
7.086422468471599956e+00
7.233265770467317779e+00
7.353898160002957596e+00
7.432524098050452999e+00
7.507919489078126674e+00
7.545380868978512900e+00
7.674889560649690523e+00
7.766501884435575320e+00
7.867301464316484250e+00
7.940116390110681266e+00
7.965225383084018951e+00
7.948005497331259939e+00
8.036932601806874743e+00
8.054635997370541034e+00
8.201705353487096062e+00
8.308250236337450190e+00
8.381961638998756570e+00
8.411701150015971962e+00
8.490628028353352619e+00
8.533775764697551836e+00
8.572248132484224570e+00
8.666370119108442793e+00
8.727563977605038659e+00
8.799001956036455852e+00
8.884423590986633812e+00
8.940388741015045326e+00
9.033893579633355486e+00
9.100748995112207140e+00
9.181593977517954031e+00
9.258061556906103107e+00
9.166179562594678032e+00
9.111632284275017923e+00
9.063680114761439199e+00
8.924356316854796134e+00
8.856598556392864197e+00
8.768070027332193206e+00
8.682280980638703127e+00
8.624051875508580878e+00
8.497501966841104704e+00
8.445339749915545369e+00
8.324908072247136914e+00
8.234682793711824544e+00
8.114951064844218465e+00
7.883068575593398464e+00
7.642770688152618064e+00
7.360590245771319928e+00
7.067345434451446806e+00
6.789224834075135107e+00
6.470582171668710636e+00
6.179054414564387088e+00
5.861577322141505952e+00
5.786629242461046374e+00
5.670905445784907961e+00
5.635075759099530401e+00
5.617848432901804578e+00
5.637850015132104708e+00
5.599775467492733583e+00
5.604978747891014024e+00
5.625969591855914942e+00
5.714490288417150232e+00
5.780817509647485863e+00
5.906055332746758424e+00
6.011968773969539548e+00
6.145504519033915258e+00
6.277051691739829131e+00
6.406077647512207207e+00
6.561516082647893988e+00
6.711929560835364406e+00
6.878576581174667304e+00
6.980326634702032962e+00
7.125172656329389120e+00
7.293605400585581933e+00
7.448358494415534103e+00
7.577796227896268277e+00
7.780215539543690717e+00
7.914988454684238839e+00
8.065648431445779920e+00
8.217091898595693777e+00
8.332959065127495180e+00
8.435538146570612739e+00
8.627553713266577162e+00
8.749614134971313462e+00
8.913965616071468645e+00
9.044624963477275514e+00
9.164536028615110297e+00
9.331422734931603458e+00
9.461549584109349098e+00
9.587158555659639703e+00
9.691539433804067016e+00
9.789471557228836218e+00
9.850177850967860138e+00
9.915217126499724642e+00
1.001334128885668129e+01
1.012472962476173777e+01
1.015999985173422537e+01
1.030337045917316630e+01
1.033054725938418805e+01
1.043032238206939333e+01
1.040334433475670650e+01
1.039184827800911748e+01
1.040722490230226782e+01
1.036677460289354968e+01
1.026493653378449444e+01
1.018127164291804831e+01
1.006820664264774123e+01
9.999511431271624673e+00
9.951481268413843395e+00
9.821798922068021298e+00
9.735658543287366129e+00
9.705866509639763606e+00
9.629180153554910859e+00
9.575766375971051403e+00
9.566394809492745566e+00
9.541323144857274841e+00
9.533485235838973892e+00
9.544294162372079171e+00
9.454115442644429379e+00
9.386248932834469372e+00
9.356331652227817486e+00
9.289509081055129514e+00
9.209571210745034264e+00
9.169550494723139877e+00
9.116908345925251567e+00
9.099134495042067172e+00
9.102591155454438976e+00
9.057382131937732339e+00
9.021973289837251997e+00
8.934275616747115123e+00
8.861422808710733179e+00
8.845099408493556581e+00
8.857632868728790854e+00
8.751576114872142043e+00
8.747301341358967974e+00
8.681294696812923206e+00
8.666170537146866693e+00
8.577081461945978091e+00
8.576335372713934646e+00
8.560966223112790985e+00
8.543035189280359987e+00
8.510366215168112092e+00
8.473731074575114874e+00
8.443944146557598174e+00
8.408184564155503082e+00
8.381365541060704416e+00
8.417850046340680237e+00
8.397077485562808974e+00
8.410667012928627173e+00
8.544314162222228504e+00
8.533252342916430422e+00
8.572295772293404781e+00
8.592716312472557405e+00
8.502993282789416796e+00
8.465646777049503413e+00
8.410546550924006937e+00
8.329598152537020184e+00
8.226512299192858535e+00
8.250537355546972762e+00
8.078460147071185204e+00
8.059003943045249585e+00
7.967014150252403226e+00
7.920783615039544756e+00
7.833525088533584757e+00
7.735182530683400337e+00
7.674897723429919161e+00
7.602421216750693489e+00
7.571949572414051310e+00
7.509138029861597730e+00
7.471648522289987326e+00
7.389328472891722122e+00
7.401922958918055961e+00
7.343926363276209734e+00
7.298631599937839276e+00
7.259387410213893332e+00
7.201874210187349412e+00
7.112409158623971273e+00
7.083640414627157433e+00
7.031247903869529026e+00
7.006209148229786798e+00
6.928110494382145212e+00
6.790758209159842629e+00
6.735801173797893782e+00
6.672323386678563395e+00
6.663175775899710551e+00
6.648436236380820041e+00
6.606016392381488522e+00
6.660402965000439046e+00
6.663461978137397601e+00
6.670518955498655700e+00
6.696644093094867856e+00
6.666785474687305424e+00
6.683410472521522649e+00
6.648641799602007296e+00
6.627952327036636504e+00
6.578665459318806974e+00
6.532517030659319879e+00
6.487770250954435269e+00
6.454154418378403868e+00
6.401810664949678653e+00
6.355692275137428737e+00
6.325932279970580829e+00
6.307046931602989126e+00
6.290028336956507538e+00
6.252392840097970250e+00
6.210435008004129287e+00
6.209276607982669560e+00
6.174324204544896055e+00
6.162062147571504056e+00
6.149277733577812377e+00
6.121367931463279177e+00
6.072145622588885239e+00
6.020641081895919733e+00
5.947210889851149318e+00
5.890082438481107019e+00
5.850783217646847945e+00
5.844160158440338648e+00
5.790754871710809049e+00
5.892816396908207466e+00
6.035375287277281231e+00
6.221167359328502400e+00
6.465455139299109533e+00
6.675593093011043422e+00
6.838480186593364429e+00
6.974798590658007669e+00
7.054697894715843631e+00
7.149634601516897447e+00
7.173050580909861473e+00
7.288761653618871073e+00
7.303496952507007478e+00
7.227924124220825419e+00
7.198775304420262700e+00
7.133465058068542142e+00
7.138892204971371669e+00
7.050378263232520482e+00
7.024662351627546819e+00
6.938241914331910287e+00
6.918256441031120474e+00
6.866792875948751096e+00
6.829730199648644806e+00
6.820993674858008227e+00
6.838870086091230149e+00
6.746767073019507954e+00
6.773530001726729921e+00
6.772826614504143805e+00
6.737942656966538379e+00
6.814064757592135813e+00
6.587903414328808438e+00
6.647375503051225820e+00
6.641195778038079034e+00
6.710776085860338469e+00
6.771596988823040952e+00
6.855604326958930628e+00
6.931117820116212691e+00
7.016792685643267191e+00
7.135179399115695098e+00
7.232922264893719699e+00
7.288465248240703076e+00
7.376187641560672859e+00
7.315846035482085341e+00
7.270640404157455272e+00
7.201645913979933589e+00
7.116394121817618768e+00
7.064378015891943363e+00
6.967084363533832203e+00
6.882927362832768736e+00
6.804532463365919881e+00
6.738041661582908404e+00
6.569611525101264782e+00
6.416633406991655519e+00
6.252706735070152178e+00
6.028674213263311543e+00
5.826314752531588148e+00
5.587561166597951434e+00
5.444976660576655192e+00
5.370669710036723110e+00
5.258062903803814692e+00
5.214000094528436158e+00
5.150409958572073066e+00
5.169033115758400854e+00
5.155962422185555560e+00
5.170102445697859039e+00
5.185110823308249017e+00
5.250661661953753168e+00
5.310092616325360559e+00
5.373608850835028150e+00
5.504191509663448834e+00
5.605272506587831494e+00
5.708242521131698943e+00
5.858506621807492820e+00
6.054987203394291306e+00
6.122822279195775153e+00
6.312035823584931649e+00
6.491729004809702275e+00
6.661481761772217958e+00
6.789626390067156514e+00
6.903008392028168849e+00
7.031776657222666316e+00
7.150946026158886859e+00
7.210138979881649313e+00
7.280529371226235114e+00
7.264651358215717281e+00
7.228640828881805369e+00
7.176914533911461724e+00
7.125746164650511361e+00
6.996826703821693805e+00
6.817492281543012567e+00
6.677658263376001990e+00
6.400729980461625779e+00
6.160813614806458283e+00
5.844909875280355216e+00
5.490327802653392375e+00
5.141873330673422338e+00
4.689839806533148803e+00
4.290999025585157334e+00
3.907241482197715055e+00
3.604933243708622115e+00
3.355831356454296976e+00
3.183526450410017805e+00
3.018555251238664638e+00
2.974486745407288524e+00
2.980893950822051774e+00
3.014560646903448049e+00
3.093396237647135560e+00
3.206987739172372009e+00
3.288507596290403345e+00
3.404542117632855192e+00
3.492875022648476602e+00
3.625948786305444926e+00
3.771003303669912654e+00
3.902770045243458608e+00
4.048949821328365672e+00
4.210388529594323970e+00
4.357975185558391473e+00
4.501131919089372602e+00
4.639262337304384864e+00
4.871714778314371053e+00
5.027115742888020655e+00
5.111722961354927541e+00
5.428630569220637803e+00
5.654013853727470895e+00
5.814008910839302935e+00
6.076271049341951169e+00
6.165496289006392239e+00
6.386292967665331055e+00
6.581593463605037719e+00
6.682498685782936043e+00
6.880084051699118852e+00
7.038722421469694623e+00
7.077873055235050614e+00
7.172249586301912672e+00
7.256028314905664800e+00
7.339956148861461749e+00
7.494377237403845982e+00
7.576696012086125975e+00
7.706007820992583746e+00
7.831907533783782682e+00
7.915530001271385174e+00
7.987795826511722375e+00
8.089374217960068947e+00
8.227035261751293405e+00
8.303746040607586920e+00
8.480879242765198001e+00
8.408575324629287806e+00
8.571809236751981587e+00
8.648164765544896326e+00
8.736788263260942600e+00
8.787943438308271737e+00
8.839973394753585012e+00
8.995218809314843966e+00
9.079348593551605617e+00
9.139538101542223458e+00
9.172247214131857618e+00
9.152751798000414496e+00
9.264967037019886220e+00
9.384520253953024138e+00
9.504473842240786396e+00
9.522686125413223124e+00
9.564925151893822530e+00
9.604128378195781579e+00
9.697308531954464073e+00
9.768426334409035405e+00
9.859929120754769016e+00
9.903384231444606556e+00
9.966629642769268216e+00
1.003895458470533875e+01
1.010556947623524238e+01
1.017681678349851282e+01
1.021446041427487650e+01
1.028765705632354255e+01
1.035549570961001464e+01
1.039018041167589068e+01
1.045173162898627872e+01
1.051604469925163521e+01
1.058060052380045768e+01
1.065021263058827472e+01
1.069083655069213101e+01
1.074204204605857704e+01
1.082108594858682160e+01
1.088395427605964727e+01
1.095704619631024457e+01
1.099298339609815400e+01
1.115199017948515170e+01
1.106484366897091220e+01
1.112773404397400157e+01
1.106235759678416031e+01
1.103404940793240741e+01
1.101238021226431130e+01
1.098188626421550396e+01
1.101306004308780118e+01
1.102040772864865481e+01
1.104237454222544912e+01
1.109284099422463399e+01
1.106810977093311621e+01
1.110494246116519612e+01
1.112949050418047747e+01
1.107953263476280981e+01
1.111252411563915388e+01
1.117636212944256258e+01
1.120159015816331127e+01
1.118268645862092647e+01
1.121649584692666402e+01
1.124263053469975127e+01
1.128366625274458457e+01
1.123531165124259168e+01
1.119859917546404304e+01
1.115635649606441859e+01
1.109178457444771126e+01
1.107058123248917880e+01
1.101115342833752564e+01
1.097219601088857388e+01
1.094509771135606435e+01
1.090867446630462645e+01
1.085005008704920471e+01
1.082292605088067994e+01
1.071179514828086710e+01
1.058984054342501047e+01
1.033379322072892315e+01
1.004634761168350821e+01
9.698361247371394711e+00
9.147424000025624835e+00
8.543676476652303009e+00
7.907826047152259896e+00
7.227451482171209918e+00
6.754903238327879755e+00
6.619720834101380014e+00
6.550905662311806488e+00
6.292578618260389334e+00
6.509366499375577320e+00
6.505252054648115845e+00
6.594844725094620941e+00
6.597032935843985868e+00
6.673243670676831663e+00
6.762597183728829009e+00
6.871231138966344076e+00
6.884523006113218102e+00
7.005805026023090853e+00
7.046574653977626390e+00
7.079405630525402060e+00
7.139517849117913428e+00
6.943270348279775739e+00
6.917628754980565731e+00
6.687797337417828558e+00
6.365470316600818634e+00
5.985577615607032165e+00
5.818188924554548613e+00
5.745082821675564055e+00
5.719210934997153828e+00
5.634176394420770784e+00
5.520760142661111480e+00
5.718933487746845401e+00
5.822412673880037914e+00
5.904842406258111076e+00
5.989936398107434279e+00
6.046922578680779203e+00
6.213710935584570549e+00
6.300971425073814025e+00
6.409811227065457473e+00
6.528495631507412966e+00
6.611621652637259317e+00
6.715011708186469086e+00
6.807092573785759271e+00
6.893268723967427292e+00
6.971295279040833570e+00
7.041737831831270888e+00
7.035980685968997506e+00
6.987790222439475230e+00
6.897588504543219479e+00
6.771096755416796675e+00
6.556716622273584427e+00
6.346701460339340350e+00
6.268047862402760906e+00
6.201863267619509124e+00
6.087848177700843522e+00
6.110953509953413132e+00
5.845304923851720957e+00
5.970318899136055180e+00
6.187316921330028308e+00
6.080792516287701233e+00
6.313770296122670267e+00
6.284973196900813797e+00
6.422145115811223270e+00
6.488624944154680385e+00
6.619285846311822930e+00
6.632457048813598099e+00
6.786026729077677011e+00
6.878408618044784539e+00
6.970828424162618830e+00
7.054221584307388326e+00
7.153821365765341334e+00
7.219162447286564976e+00
7.280888769559374474e+00
7.349286196194597665e+00
7.425685033747127406e+00
7.447032453259143203e+00
7.522635392803003640e+00
7.575215308563524985e+00
7.644594810669000928e+00
7.691488484930062874e+00
7.763358660302117187e+00
7.803530114939905005e+00
7.851838260826294658e+00
7.940802784439446427e+00
7.998139268949796765e+00
8.076689797446338304e+00
8.132719724464857691e+00
8.126638423130287947e+00
8.179291171290476115e+00
8.212345828614939336e+00
8.356879141500858310e+00
8.417752002600636274e+00
8.532364030688020407e+00
8.577500684710468448e+00
8.599453958641248619e+00
8.697567992229441103e+00
8.716683022085252475e+00
8.768992508044863854e+00
8.770341519722112622e+00
8.741003339845645925e+00
8.726797957095261182e+00
8.725481086716492030e+00
8.708005398511941664e+00
8.674361010624963342e+00
8.616416220023674910e+00
8.589976772463053578e+00
8.501547846791858376e+00
8.452921180114984168e+00
8.348670181069845597e+00
8.294871323854204448e+00
8.245222933102649421e+00
8.163184175231407380e+00
8.044605593949809119e+00
7.770839095343048619e+00
7.532141141335471524e+00
7.184241307898141748e+00
6.925529354566052120e+00
6.746363165507309745e+00
6.201488663627253928e+00
5.972351377558819507e+00
5.802452404393218188e+00
5.731062302893613847e+00
5.510958211538163454e+00
5.460008891578302048e+00
5.300965143173935523e+00
5.061402541930758225e+00
4.831454225356559995e+00
4.434230011329846732e+00
4.182058573700935256e+00
4.125414123536728539e+00
4.053739494025171197e+00
3.992755867803623904e+00
3.943816966701001903e+00
3.893674874670282726e+00
3.868126056725621265e+00
3.908075591301294782e+00
3.974894981311337006e+00
4.043877795441654044e+00
4.075552634005330077e+00
4.148001959146281337e+00
4.250433239476019587e+00
4.314587415990990493e+00
4.425008196199159194e+00
4.547713930100487190e+00
4.626432586494320098e+00
4.786467495508447634e+00
4.868221422907521578e+00
5.010673589610613377e+00
5.171182737878571523e+00
5.291856079089503950e+00
5.464264218204370138e+00
5.679586659566661311e+00
5.903332095901658860e+00
6.110908908882542789e+00
6.286433616061809282e+00
6.462539675973614450e+00
6.651996629767948477e+00
6.809720917536611573e+00
6.990977950432920807e+00
7.147142641994570056e+00
7.337455258038773742e+00
7.484213579632310598e+00
7.644859371127198600e+00
7.733790721488624342e+00
7.889104531314630187e+00
8.044415365136181606e+00
8.218249576053255012e+00
8.443032373546502711e+00
8.567390801174305182e+00
8.712907180271573182e+00
8.852411408946165849e+00
8.931560985426656885e+00
8.970893173662581432e+00
9.015085555226113101e+00
9.006704600526536098e+00
8.906981847241995709e+00
8.992503499091371921e+00
8.912170593657258166e+00
8.911963014148726714e+00
8.880953740449978540e+00
8.866503509372300584e+00
8.903955169666570413e+00
8.861690610803568902e+00
8.830850920418052752e+00
8.849032005787659472e+00
8.831985716556634003e+00
8.863037746944934625e+00
8.894521388047113675e+00
8.989093131951463533e+00
9.046025471570253274e+00
9.085539130483535786e+00
8.992951861936074209e+00
8.924252287577449039e+00
8.879329173853815149e+00
8.816085484294902130e+00
8.676830339840334361e+00
8.633794673971220135e+00
8.588144686258903704e+00
8.530728677503825352e+00
8.415666831453174623e+00
8.462100247305135881e+00
8.422484912476830843e+00
8.423492620622388571e+00
8.338287041229799357e+00
8.320654634471098987e+00
8.416566715739321580e+00
8.589969954133952257e+00
8.661215921987967192e+00
8.708371801665695244e+00
8.836144006262491857e+00
8.909070436150020811e+00
8.935751729556878686e+00
9.038951691234469621e+00
9.143826165867098510e+00
9.168553071761785134e+00
9.252532967239506689e+00
9.344882238690967569e+00
9.443531336235654550e+00
9.503774802587077630e+00
9.453255535758811945e+00
9.514982664396804068e+00
9.573806559214075307e+00
9.547669308692075418e+00
9.644044297706317437e+00
9.604494188151353029e+00
9.614149177955448877e+00
9.575026494589245374e+00
9.532832471773984295e+00
9.536193585305278830e+00
9.507380929103959488e+00
9.481297692781186726e+00
9.345663092081011314e+00
9.418662342255974096e+00
9.365480670058843771e+00
9.314776483218718539e+00
9.319604756705786031e+00
9.248321678676436619e+00
9.196979203966686001e+00
9.130932057940084334e+00
9.124653678368561671e+00
9.112749319223446776e+00
9.074824019155457222e+00
9.056719343588044424e+00
8.990916883000343418e+00
9.051111868339617672e+00
9.037745460376948259e+00
8.967907350252801280e+00
8.941287293641607903e+00
9.032485157010883725e+00
9.072934059247202754e+00
9.111993432474681853e+00
8.989691932489524362e+00
9.118599568794003574e+00
9.127284738500343053e+00
9.095651348229928601e+00
8.936274194195595655e+00
8.894180809556290868e+00
8.846637021774659715e+00
8.766609829224393025e+00
8.647146875773437102e+00
8.622350181664067748e+00
8.531175626112824872e+00
8.588076744663027284e+00
8.552852930578536572e+00
8.586995541745380933e+00
8.735589681669431172e+00
8.844433281694438875e+00
8.934106663623174072e+00
8.929260881365101099e+00
9.089743720384575454e+00
9.198693852409869365e+00
9.141729923780374634e+00
9.232251017364548673e+00
9.279808169519085936e+00
9.309645393644442990e+00
9.196512694676584942e+00
9.127254176047555845e+00
9.068272542165123795e+00
8.996545634710543027e+00
8.871765992415074464e+00
8.805426812096051492e+00
8.720482399908696891e+00
8.696474881032719040e+00
8.409479833327159426e+00
8.480163720409127137e+00
8.514975835624390754e+00
8.637654046578429501e+00
8.534037314996227863e+00
8.610919687200457417e+00
8.655191208804517089e+00
8.664436704704797876e+00
8.702357760368379047e+00
8.774019173474194133e+00
8.835969251423264836e+00
8.850961826829882639e+00
8.904521193128530854e+00
8.981178386536774028e+00
8.961509764172372883e+00
8.967864587824122324e+00
8.930938291595259315e+00
8.851658145200872241e+00
8.750238686236549768e+00
8.660171162611229434e+00
8.572541362455998737e+00
8.546962670232321813e+00
8.564706400684769960e+00
8.543252737256596063e+00
8.524071471656336385e+00
8.637674801150433623e+00
8.825031115949075300e+00
8.877694420133774855e+00
8.833161143878056620e+00
8.963952671455167831e+00
9.003928813455347679e+00
9.090143836581773940e+00
9.170614417714887168e+00
9.275713705562262490e+00
9.332184413073804308e+00
9.460867767818355034e+00
9.472758826230531781e+00
9.621801325470549671e+00
9.641231116727047024e+00
9.729716743522722311e+00
9.632260014706721662e+00
9.645773522520386223e+00
9.580208945151161615e+00
9.471383493382285579e+00
9.398593843088699273e+00
9.462200810922652749e+00
9.483572424145691571e+00
9.465339367343695187e+00
9.377019069841363574e+00
9.450053874384675368e+00
9.477977371836157516e+00
9.774955023638835172e+00
9.607349887485963080e+00
9.631490937716606027e+00
9.753545796411726698e+00
9.707479444916389255e+00
9.655496753490613315e+00
9.701585459528754285e+00
9.606797451163371804e+00
9.493101175963747806e+00
9.362443878755492221e+00
9.258898051639945947e+00
9.188044216559273281e+00
9.147972623608444209e+00
9.022661814337089581e+00
9.038248371363426514e+00
9.051838630770744132e+00
9.172617562838681238e+00
9.144553209458775811e+00
9.184917286880054377e+00
9.264925960485346224e+00
9.254976430164019163e+00
9.261961541187215374e+00
9.274836639603982746e+00
9.140133973700205416e+00
9.063914447817646547e+00
8.900318303516925766e+00
8.849857626827494883e+00
8.742526823452157814e+00
8.713493729618775774e+00
8.469452596176040515e+00
8.600167849749723814e+00
8.666512177459569699e+00
8.826313878897016352e+00
8.760251011397672372e+00
8.826193207774107208e+00
8.859925864162294218e+00
8.804742017250116959e+00
8.714509986734567448e+00
8.769920635448492874e+00
8.802528970231739081e+00
8.741221804161366293e+00
8.787955820095122661e+00
8.834868034063596554e+00
8.832970024090194272e+00
8.808091733435448489e+00
8.933544399518575929e+00
9.051502327067963094e+00
9.274675547579253276e+00
9.062734069180551799e+00
9.052118513055162907e+00
8.979249934280673529e+00
8.980667115745101015e+00
8.937409305502860946e+00
8.884310395908967095e+00
8.866700635560512467e+00
8.814455666397732259e+00
8.781273419950093029e+00
8.734968108399852937e+00
8.712498898139946490e+00
8.681557082829050032e+00
8.641845856248007607e+00
8.514513073875869864e+00
8.482880906169075530e+00
8.375131868568168159e+00
8.129311349455120350e+00
7.753694658312678456e+00
7.333765894319596690e+00
6.922006162681961783e+00
6.592245217987616535e+00
6.564621901728185271e+00
6.401232078241302581e+00
6.371065940460544752e+00
6.093747518754039305e+00
6.061245480370904382e+00
6.096107436570942006e+00
6.117073709735259435e+00
6.099549585759783454e+00
6.020746654995506653e+00
5.953826361649686483e+00
5.798757562402644616e+00
5.765474500774192101e+00
5.673796671967672900e+00
5.691770666113843191e+00
5.271755437767012609e+00
5.266667407553486058e+00
5.041725936075629022e+00
4.798101557281859719e+00
4.589618394307080074e+00
4.421895482595680882e+00
4.393795228617596749e+00
4.290336424993141939e+00
4.292565496985000451e+00
4.210774144839738220e+00
4.159622933800098288e+00
4.136913195626785722e+00
4.062148749124865788e+00
4.014812589832762235e+00
4.051952551238326095e+00
4.097964811449656075e+00
4.164603865041025976e+00
4.259754748877706554e+00
4.388211135274864283e+00
4.532791187895366392e+00
4.605291812443335964e+00
4.662695066148560663e+00
4.770556349898099846e+00
4.956417257505438378e+00
5.209261395430281105e+00
5.335309689889266238e+00
5.520017189232354404e+00
5.669897970188642944e+00
5.782752070954006562e+00
5.932592429292049552e+00
6.036504049469010980e+00
6.180327910361079091e+00
6.312133101076398134e+00
6.413898711175279210e+00
6.560380462971258098e+00
6.686102106699816972e+00
6.839972751678623730e+00
6.913896334192918047e+00
7.038424097442497640e+00
7.107032917033476949e+00
7.179624312477502990e+00
7.304538212926957819e+00
7.378132158013625208e+00
7.473640370745619599e+00
7.574920011135026776e+00
7.621785570703114132e+00
7.706516101349829562e+00
7.725398521400044238e+00
7.552106031472431091e+00
7.574607471769531308e+00
7.428710079273794342e+00
7.377543444476956758e+00
7.285807253898772373e+00
7.216516869132473033e+00
7.161320713913728930e+00
6.942416102939994005e+00
6.665996203398061759e+00
6.336940745939417141e+00
6.182400132761528333e+00
6.081403636170819915e+00
5.916972581447763169e+00
5.887953681074946211e+00
5.797684770106130259e+00
5.768598737508622065e+00
5.747019300491349014e+00
5.748859052010236503e+00
5.597319040257342060e+00
5.746289734004218275e+00
5.855985280990577913e+00
5.843802630265772180e+00
5.932707274249725771e+00
5.979419399770994126e+00
6.069752736374537605e+00
6.184898926478202164e+00
6.249582174372396715e+00
6.325943353357978083e+00
6.309283790520965773e+00
6.270072598944230080e+00
6.203998340298472414e+00
6.132788874582216110e+00
6.085146106578174674e+00
6.016181417734924430e+00
5.970206255653134342e+00
5.901696064593626723e+00
5.860855012432657496e+00
5.701458151866590107e+00
5.847915095710820133e+00
5.944843357082677748e+00
5.908040818879000788e+00
6.001153801232175233e+00
5.952275902401491514e+00
5.933920206279737819e+00
5.857813447278133800e+00
5.793138271136916373e+00
5.743977833498661312e+00
5.621644987749001565e+00
5.485170794606802680e+00
5.358463375597181333e+00
5.204727860887100377e+00
5.350631054375917017e+00
5.144010870672151903e+00
5.217982888999499913e+00
5.151230531896719533e+00
5.122967381028997735e+00
5.090366423542843854e+00
5.022753393525891674e+00
5.009788117895232595e+00
4.884136732799737146e+00
4.759689866099088285e+00
4.570915075142112372e+00
4.331336812887944809e+00
4.143060822973514412e+00
3.894679606599111832e+00
3.646914588198177487e+00
3.405994174674679353e+00
3.168867193442141073e+00
2.909799187449917834e+00
2.620154858480467475e+00
2.386321113911304082e+00
2.303267259712387993e+00
2.213841615474798186e+00
2.191610545048144232e+00
2.160061187270769345e+00
2.191655368133903270e+00
2.261664932998571409e+00
2.373569087170750436e+00
2.496502759862356591e+00
2.658552297855515612e+00
2.850381106689185984e+00
3.057610686096292163e+00
3.258686403753548344e+00
3.477128033517372874e+00
3.613771032427241625e+00
3.836456117882829808e+00
4.014935273216011957e+00
4.171403110508216550e+00
4.383729134166935992e+00
4.570953920064905418e+00
4.748055348721044844e+00
4.918763805788023191e+00
5.039720967706067256e+00
5.164698750161996088e+00
5.315673216348811181e+00
5.429078873101740754e+00
5.561939066580186442e+00
5.665124397091844344e+00
5.724144018449194071e+00
5.800450270731000835e+00
5.796384624404276487e+00
5.817119422271733065e+00
5.810096910573493645e+00
5.876191862356554552e+00
5.836812216322336155e+00
5.886375091260466874e+00
6.128168320843502492e+00
6.080355457368046501e+00
6.307295940185220218e+00
6.356690434651699029e+00
6.496316841463245950e+00
6.621967219906680135e+00
6.727743647642382641e+00
6.862678649617429016e+00
6.916503907316536193e+00
6.901772949408428559e+00
6.947745947074462691e+00
6.925289626153824152e+00
6.933516951989758148e+00
6.926107354667270677e+00
6.885707416733631625e+00
6.875370388274947508e+00
6.860922182822408288e+00
6.801735250417687340e+00
6.794234998423205774e+00
6.778619435699100748e+00
6.581139525293345116e+00
6.397829809985086769e+00
6.213113186232879670e+00
6.095895537478631887e+00
6.082596072553355881e+00
6.001053196391215927e+00
5.927579666191711283e+00
5.868272229855950428e+00
5.752543833390284078e+00
5.639881362146311972e+00
5.489771877237346054e+00
5.363482352349921101e+00
5.202700380610189690e+00
5.012030059439188001e+00
4.798051361711967999e+00
4.638964340400601571e+00
4.460738304208105909e+00
4.298885345597244445e+00
4.208026440460548301e+00
4.177398018910308153e+00
4.108633787655294967e+00
4.003060962135482903e+00
3.980109467402817458e+00
3.999989771917805914e+00
3.709371763832548297e+00
3.738474612414647513e+00
3.674382948331234466e+00
3.608152592245216006e+00
3.608441087043097184e+00
3.592680950456266675e+00
3.582806338292042092e+00
3.583179452985781221e+00
3.599049537128590881e+00
3.555711174282574216e+00
3.552959001663678062e+00
3.555145313988494316e+00
3.536726700783510591e+00
3.562441617838699059e+00
3.529063290598669411e+00
3.533935693519710153e+00
3.520683102367828887e+00
3.515077596247633274e+00
3.504022042482848764e+00
3.532450240121144613e+00
3.579583550029844297e+00
3.617709805469518258e+00
3.648867801580888859e+00
3.680118045964265061e+00
3.717814516361293453e+00
3.758820396778917328e+00
3.831114732972435988e+00
3.892393757924200948e+00
3.952285859166322357e+00
3.993474667159219837e+00
4.025746821100999462e+00
4.074343988619174795e+00
4.082461630485897608e+00
4.064240585503014813e+00
4.057490252366663164e+00
4.031954946497794623e+00
3.996492335901396853e+00
4.016060547801886926e+00
4.056039835644219771e+00
4.069401680699868962e+00
4.140913269340256164e+00
4.222357030923796550e+00
4.293184418249453849e+00
4.386924508065106032e+00
4.462452660742536104e+00
4.551966936102451733e+00
4.701458906852383102e+00
4.787388015615526626e+00
4.893194011486357020e+00
4.984793853242591943e+00
5.017296742155667566e+00
5.052864861991031908e+00
5.047642224765644947e+00
5.047522982268199954e+00
5.042885669912408275e+00
4.988369737658166159e+00
4.924925447553237134e+00
4.759526098994549592e+00
4.505576113562909768e+00
4.291784610452761939e+00
4.013023914634207046e+00
3.699724248336748733e+00
3.458012432393365643e+00
3.237789678719253494e+00
3.179991793867086081e+00
3.162157250773244499e+00
3.159121970170858607e+00
3.138747688333757502e+00
3.148625057348494405e+00
3.060002227939302433e+00
2.996640533811059548e+00
2.872352984371703499e+00
2.751540219923464647e+00
2.626337097167354084e+00
2.590032941692997692e+00
2.585347558283030978e+00
2.565642561275093492e+00
2.556254100602699975e+00
2.524816585811001879e+00
2.442102426558773409e+00
2.314116595852321101e+00
2.223755910514564782e+00
2.204827609904646657e+00
2.193050754221703258e+00
2.198119292506207856e+00
2.219950696708992588e+00
2.241318079706785760e+00
2.286709411518889290e+00
2.421537573006581123e+00
2.581909097465877601e+00
2.726081704960914287e+00
2.883014166772424947e+00
3.048043008172933721e+00
3.200889935900219641e+00
3.340023107457917195e+00
3.450784438537779497e+00
3.589135766240936665e+00
3.618094370665685400e+00
3.740972881703731101e+00
3.764904341888350547e+00
3.774854266278871773e+00
3.923671764636234460e+00
3.942054231543727028e+00
4.051237424592771141e+00
4.139968560899557559e+00
4.158378789559018074e+00
4.113755756451963563e+00
4.022505740284949560e+00
3.870704730909152236e+00
3.766391937451587513e+00
3.744521889029338801e+00
3.752265723503272810e+00
3.750026787723266253e+00
3.744181887205694892e+00
3.709715212429314679e+00
3.732436592870810088e+00
3.773410468213425517e+00
3.859178799142509053e+00
3.966471907321222901e+00
3.953178274877835907e+00
3.948795273207504231e+00
3.964165854883860973e+00
3.884661104295327405e+00
3.810830402730279065e+00
3.722834240065038269e+00
3.701722884768351651e+00
3.690150133907815988e+00
3.660680788185888268e+00
3.702389930181463118e+00
3.712503531360844100e+00
3.686056462069395412e+00
3.716536084489234337e+00
3.670617825734524331e+00
3.544593362215354038e+00
3.397800113694283919e+00
3.340220765669312364e+00
3.372590337655445136e+00
3.375739569231609671e+00
3.437602662445853774e+00
3.507094594082033723e+00
3.610975997664722659e+00
3.744063113388710562e+00
3.833937656154602358e+00
3.930147864644660594e+00
4.027806414994129725e+00
4.116781013255291555e+00
4.150023541542945615e+00
4.160160463586842106e+00
4.146760292911604751e+00
4.152349695116370754e+00
4.121563532349728831e+00
4.106129826818280648e+00
4.079387624251972433e+00
4.095002192432435351e+00
4.076948504722900601e+00
4.090931917320042466e+00
4.092285002602843669e+00
4.086132932075056345e+00
4.121258854287387585e+00
4.216528590528930032e+00
4.355832636210513087e+00
4.489251193559736564e+00
4.667564684043099099e+00
4.918583047629779159e+00
5.092820175404108696e+00
5.330542693286732359e+00
5.542878440344336965e+00
5.768442536421314770e+00
5.983616458625676593e+00
6.181166574054564933e+00
6.362799334553039365e+00
6.524399281331417555e+00
6.681600826202027221e+00
6.769239023133531319e+00
6.811988277236907585e+00
6.862255461119912248e+00
6.920161014439257130e+00
6.905496243828713965e+00
6.977319447645980333e+00
6.966285094451420079e+00
6.987536565045827430e+00
7.034258032837906072e+00
6.865699132763508850e+00
6.896192787594380036e+00
6.874639798497549137e+00
6.913590065547090546e+00
6.929458273664648615e+00
6.960604785938874883e+00
7.015784343397746703e+00
7.076161889991266385e+00
7.098646118165665264e+00
7.196212637665470702e+00
7.190692616182769115e+00
7.237417764904201078e+00
7.266126730726338856e+00
7.243252022633845932e+00
7.214738114192306817e+00
7.148440228907976035e+00
7.107954941004589244e+00
7.076852994110946149e+00
7.048295242198769905e+00
7.032796539738783714e+00
6.826144784356922735e+00
6.701067896088360065e+00
6.437911550305130959e+00
6.245158382937012753e+00
6.098628899096880218e+00
6.067658344857823849e+00
5.978708669016678634e+00
5.911043581427896321e+00
5.893989389144021374e+00
5.830776443900151484e+00
5.819690391529746876e+00
5.737074224056651239e+00
5.733686397737366214e+00
5.690417253888823801e+00
5.673317281519552502e+00
5.670115458413915732e+00
5.672177549063832203e+00
5.695040419403657239e+00
5.690188961717393745e+00
5.749273302556694887e+00
5.765092601493390312e+00
5.852918920335921094e+00
5.901760530487568879e+00
5.997816944157537300e+00
5.986743615134669128e+00
5.963262878834281189e+00
5.952657482576268144e+00
5.932760593627348200e+00
5.924775504230768597e+00
5.937125778760078632e+00
5.979957149377659320e+00
5.922008012916326614e+00
5.970707512215685853e+00
6.001487069415148312e+00
6.019637738749632483e+00
6.022104052304999122e+00
6.015856049738276035e+00
5.970312226563154745e+00
5.915814604288585521e+00
5.887918162208154449e+00
5.823103250058443869e+00
5.769521254019960743e+00
5.746385022524122199e+00
5.589909576262761526e+00
5.600330590964309074e+00
5.537407788688226695e+00
5.516160035896320757e+00
5.534697172214059435e+00
5.463184141005338113e+00
5.408320099368120637e+00
5.337818232288141118e+00
5.327758932454854879e+00
5.348366151108223221e+00
5.175258919287305304e+00
5.343479683209361397e+00
5.538835229874046640e+00
5.447131838097234002e+00
5.640987205056294584e+00
5.658001144713201036e+00
5.741097129765659446e+00
5.836890521884919636e+00
5.863823024272168283e+00
6.003407221721892562e+00
6.027245491572826630e+00
6.149312983614625416e+00
6.137812950216455121e+00
6.293644324565568660e+00
6.354060202493014842e+00
6.443175713598741083e+00
6.538455017962374605e+00
6.621131839489457604e+00
6.689339692564578499e+00
6.772917324723240817e+00
6.849940875188379685e+00
6.930917880100503581e+00
6.964545658745257661e+00
7.021832164092189466e+00
7.088935694556314893e+00
7.176672035724059207e+00
7.166748380391006812e+00
7.269176344488258223e+00
7.288891231903229517e+00
7.256326563078016711e+00
7.244240081348662486e+00
7.192617783615867566e+00
7.173364618276432125e+00
7.151800750097515369e+00
7.136556371474056526e+00
7.210669427214362770e+00
7.150647536913339763e+00
7.154627560415937282e+00
7.189106671879331500e+00
7.109439402750552972e+00
6.980669859777849595e+00
7.016001869235427790e+00
6.924001362480512789e+00
6.859492919765622254e+00
6.769103169312135293e+00
6.771095605955732566e+00
6.665828710674330360e+00
6.612648049791046923e+00
6.522846603031683621e+00
6.450077471292011033e+00
6.364259623750459838e+00
6.218475242401182435e+00
6.065962983208663672e+00
5.831937000182821684e+00
5.643888270271459895e+00
5.410182001895412540e+00
5.132612663008530696e+00
4.909948363997461485e+00
4.662841033089882181e+00
4.434833781467856006e+00
4.254158263875642554e+00
4.145169627292420778e+00
4.153461824238958933e+00
4.084620283220370851e+00
4.065635646982383555e+00
4.004355065857874152e+00
3.801348372601659253e+00
3.491221230573954060e+00
3.140926339656784805e+00
2.740310137913782196e+00
2.337028489664601416e+00
1.940835314999652450e+00
1.630992407004207445e+00
1.478561850793923549e+00
1.435785898453594056e+00
1.416770645552257069e+00
1.394514407866465744e+00
1.381390931495623864e+00
1.391569728561796282e+00
1.418448706360142975e+00
1.436741794959953689e+00
1.489400273047714718e+00
1.606036914391862469e+00
1.771653466952090028e+00
1.930700394332606207e+00
2.102789908183481771e+00
2.299486544307853375e+00
2.484969787350923109e+00
2.661919617066316857e+00
2.785803337465939666e+00
2.892632171339136526e+00
2.979049141057415362e+00
3.073531073438386052e+00
3.154488771592021568e+00
3.194686695297535461e+00
3.205605434475622406e+00
3.149850718149993067e+00
3.124751887614013679e+00
3.095937174245071422e+00
3.070122037013140126e+00
3.047143587277465038e+00
3.018277657317672169e+00
3.016119915442034838e+00
2.958246737881269794e+00
2.920704927541941665e+00
2.935546439931398854e+00
2.991996067911850243e+00
2.988508638234809389e+00
3.066772343509196030e+00
3.085573797667009899e+00
3.193088124194912503e+00
3.207664458504221994e+00
3.294429521654746118e+00
3.380319087536185485e+00
3.441990712081038239e+00
3.529096936242976934e+00
3.610220565077461252e+00
3.709946371571613444e+00
3.795916877732446792e+00
3.882553528283668509e+00
4.050213305399843478e+00
3.937798484044807257e+00
4.129419349033698339e+00
4.263302416615463386e+00
4.400247417665714700e+00
4.548400182212356313e+00
4.735805017436516273e+00
4.821532620659140456e+00
5.027596956391890970e+00
5.158722230008165432e+00
5.292732412798486941e+00
5.484885228129726009e+00
5.579803510428082980e+00
5.712349932747453174e+00
5.838308892337860989e+00
5.948567199129113803e+00
6.053534078011323594e+00
6.219287784694103927e+00
6.269646583682205510e+00
6.398314328733632372e+00
6.456311668035898066e+00
6.498949380496457096e+00
6.609664738935342676e+00
6.659279439715024118e+00
6.697453180144108842e+00
6.655996028932201547e+00
6.816670309362395486e+00
7.123543745416680117e+00
7.284897143194808855e+00
7.404589253964221740e+00
7.496044325420351484e+00
7.709418644257126196e+00
7.840996104623215501e+00
7.977494437409682781e+00
8.196604103153170229e+00
8.308401814230945703e+00
8.382527735757763665e+00
8.492605346218828899e+00
8.662916228098319849e+00
8.863915416373426837e+00
9.080633400496227026e+00
9.194489300576393020e+00
9.348630979482896564e+00
9.331374497105908716e+00
9.518382558854698416e+00
9.533177267433202928e+00
9.606792715261002868e+00
9.622358417025610677e+00
9.705607270806998699e+00
9.679921498271365721e+00
9.640996694947702395e+00
9.580496760256655975e+00
9.569039284463446648e+00
9.474786258619225521e+00
9.490385766977205151e+00
9.426621006953840975e+00
9.400870511850767386e+00
9.393893328063388282e+00
9.300447627416177809e+00
9.291958590867093193e+00
9.285151894885668611e+00
9.233088167340596897e+00
9.182283617146742571e+00
9.067605683809652817e+00
9.080991803485865432e+00
8.983955993616408620e+00
8.811747916331736263e+00
8.514764808347255354e+00
8.195472791954328429e+00
8.014428220712481732e+00
7.978368727566120810e+00
7.729728240047445631e+00
7.627144111355351974e+00
7.485027351247178551e+00
7.346290505475644217e+00
7.178288046808584788e+00
6.971982851238929690e+00
6.802809549405539613e+00
6.581866504502830395e+00
6.554028146035324909e+00
6.475663373665907052e+00
6.406185462229077920e+00
6.379187778870356595e+00
6.189913815534630714e+00
6.355206809863232387e+00
6.364747313246345684e+00
6.530914119978661780e+00
6.535345474942131361e+00
6.676347734054414396e+00
6.771581192677380123e+00
6.870815807650764384e+00
6.878079150981966983e+00
6.896106151835486031e+00
6.923157460425630738e+00
6.848586548662902729e+00
6.895029211698781246e+00
6.836546007208472275e+00
6.848291509748368533e+00
6.915030471746536733e+00
6.772440764173410344e+00
6.965107164074700208e+00
6.954834915511527882e+00
7.125890272240289036e+00
7.130810217655494831e+00
7.170422750333364625e+00
7.283036792693716066e+00
7.281558755168894059e+00
7.359104847939692107e+00
7.424918605933820359e+00
7.463213795682887230e+00
7.533717066856012501e+00
7.550423442687170805e+00
7.668893551552547372e+00
7.619437068629612675e+00
7.692233087977625061e+00
7.712815898739978415e+00
7.714260847890385797e+00
7.785286674010043484e+00
7.837075474059519209e+00
7.873563193081438705e+00
7.959695597580654258e+00
8.037363313667821529e+00
8.134496729532985526e+00
8.144443916758181246e+00
8.324981032217783294e+00
8.327750601737644587e+00
8.393475171119964884e+00
8.364399850786281121e+00
8.379102061090144105e+00
8.354948473869304948e+00
8.284785889752292576e+00
8.254594260393863792e+00
8.159991425309026880e+00
8.060205689829935238e+00
8.071272416853904730e+00
8.064022602297891140e+00
8.096632168970844035e+00
8.033854442210413893e+00
7.981331272576807301e+00
7.932386644172571444e+00
7.870211464165695503e+00
7.840456098613115543e+00
7.835650719031222344e+00
7.829272848739124768e+00
7.833486963052811447e+00
7.828598799492774596e+00
7.851175658105607802e+00
7.894832261102163073e+00
7.925409536354493412e+00
7.943352066068063877e+00
7.957636144973244896e+00
7.962176534521450577e+00
7.958893375925355507e+00
8.004487353398536342e+00
7.993900078786778884e+00
8.023662251697574632e+00
7.966165419804582370e+00
7.875647735037663466e+00
7.784289575477700396e+00
7.732222486918929327e+00
7.637898750313459217e+00
7.579310790771037531e+00
7.484334307961057142e+00
7.334485041387450721e+00
6.994910570752427503e+00
6.623608267775243696e+00
6.217730743942344596e+00
5.826903922782878276e+00
5.423619880604150900e+00
5.115870502909076301e+00
5.019146968402718123e+00
4.981481075018681537e+00
4.951090179648538481e+00
4.961780351745196604e+00
4.992530278552958833e+00
5.052492262141349499e+00
5.096974877207354204e+00
5.239174870842703946e+00
5.350524531310109744e+00
5.451290422003188141e+00
5.615962013486892168e+00
5.760560919395820711e+00
5.874446663028274784e+00
6.055934014229650053e+00
6.212892402421317684e+00
6.410792967976033374e+00
6.584337889214976869e+00
6.775921328866679971e+00
6.982637044988048380e+00
7.154808195979975416e+00
7.369370982402393189e+00
7.536561450256784589e+00
7.773934363155003524e+00
7.898562950715787068e+00
8.064126701765859551e+00
8.213033611318623528e+00
8.334038107436050780e+00
8.472688972521646988e+00
8.593945443599077194e+00
8.663350755592436059e+00
8.792904261758435425e+00
8.881651282693384886e+00
8.944770271619271185e+00
9.075884205201081301e+00
9.112827997605428720e+00
9.166880143926290359e+00
9.238694803395080868e+00
9.291592660158183747e+00
9.354084092669751271e+00
9.449543279747679492e+00
9.517471970086891275e+00
9.559535083133342326e+00
9.608823902285779539e+00
9.696151382864336199e+00
9.643191663373471556e+00
9.552536459165921201e+00
9.513799593891084427e+00
9.463317873272165670e+00
9.360706552837578798e+00
9.302051698328012819e+00
9.220543704315133482e+00
9.104230409607357188e+00
8.944016885675882378e+00
8.774419317487902603e+00
8.498953192033091852e+00
8.300406062651809691e+00
8.032919662395270777e+00
7.747421767364998324e+00
7.296415781996996586e+00
6.893356854384491861e+00
6.510585108339102867e+00
6.095205389632311288e+00
5.896277914365268380e+00
5.629008769720472039e+00
5.361172181868155029e+00
5.447504449794470460e+00
5.348426292278848138e+00
5.288173355001504206e+00
5.241648438179494995e+00
5.120576619870585766e+00
5.074086492569293227e+00
4.964447793958304267e+00
4.862116936850854110e+00
4.794993002632521595e+00
4.673768344347951853e+00
4.682164395272464752e+00
4.564747342255066620e+00
4.581142135806263838e+00
4.560417820773058573e+00
4.491018591076517907e+00
4.462980421554511246e+00
4.460966536484997746e+00
4.432918208407253147e+00
4.436844023104210777e+00
4.506516218957361986e+00
4.520304232670008915e+00
4.619542691434626036e+00
4.732739665645355309e+00
4.799830593924509614e+00
4.909611186416527495e+00
5.020804239522423273e+00
5.139151404123406763e+00
5.286707283998227425e+00
5.204168749203812894e+00
5.445953961930538156e+00
5.741255593213566044e+00
5.875957345186250791e+00
6.107652165406094014e+00
6.218365339284686044e+00
6.397963498990502984e+00
6.584207898338324760e+00
6.763836802061224063e+00
6.954198100051667275e+00
7.074366023461576169e+00
7.281872350549997819e+00
7.439922066501559073e+00
7.591167570278430254e+00
7.768169938415618425e+00
7.965571396946407035e+00
8.119434414018398272e+00
8.219523243585049599e+00
8.362756095538943057e+00
8.445279686734851410e+00
8.574257642664990797e+00
8.713552312174345005e+00
8.888143281822747710e+00
8.970816812452257594e+00
9.095539770585514106e+00
9.115318177009694267e+00
9.224635971111192490e+00
9.326855446422710472e+00
9.414329840263699012e+00
9.494060030997744093e+00
9.666182763651628207e+00
9.699681169996448915e+00
9.732396237989902943e+00
9.785548545937453824e+00
9.965241061521879828e+00
9.922679219564853881e+00
9.886853409864725606e+00
9.846020630099930671e+00
9.753019428862323537e+00
9.731214942300086435e+00
9.644651532321777410e+00
9.651630660924491067e+00
9.618178019714980209e+00
9.631383602389297138e+00
9.586831939379285572e+00
9.591779731127816788e+00
9.575908316653206853e+00
9.604902929185911375e+00
9.872798138792077793e+00
9.098228844626738976e+00
9.523450067740547809e+00
9.464873905518988551e+00
9.456746843045172213e+00
9.382416487782101910e+00
9.377209192675676874e+00
9.326547203896495830e+00
9.336612733238306205e+00
9.240968729878103360e+00
9.223220432189572549e+00
9.207686568784072989e+00
9.200163647143194012e+00
9.129018755712070998e+00
9.139847842942385725e+00
9.115818187301444553e+00
9.154484297040928809e+00
9.121382187527320440e+00
9.181855972063535987e+00
9.211442517212454106e+00
9.234098669426849426e+00
9.192167926809561962e+00
9.224485769510168964e+00
9.286748459051850091e+00
9.184639258416277485e+00
9.209135883213800611e+00
9.195651435635829429e+00
9.187683595442937445e+00
9.108350667951381041e+00
9.016075276426962049e+00
8.964534205683163393e+00
8.909020938318686689e+00
8.850547327584960655e+00
8.752550010077216669e+00
8.640368119729256335e+00
8.664027276687853885e+00
8.542296594325103243e+00
8.385321062706315942e+00
8.160327936397706594e+00
7.837850505277328850e+00
7.572241146022086866e+00
7.216889761521893654e+00
6.869205367777609261e+00
6.499513026506002156e+00
6.218470874077629773e+00
6.108878817538618833e+00
6.059880197906213795e+00
5.942530428399114939e+00
5.851025621079281258e+00
5.752246600148433586e+00
5.602403853801719791e+00
5.551275471660768623e+00
5.469153030927590642e+00
5.403438897215619541e+00
5.384998080511419261e+00
5.482162051333564712e+00
5.515005944962507733e+00
5.628115050592019664e+00
5.775231739209185200e+00
5.940417523477372619e+00
6.035383767679703304e+00
6.160135294997206579e+00
6.301040340150018793e+00
6.400328778866052559e+00
6.563259565328518619e+00
6.720195004970110020e+00
6.784300573402680001e+00
7.016155322335894340e+00
7.126613049072252792e+00
7.258705721271775602e+00
7.397327151492366859e+00
7.475386997523941979e+00
7.565343750139124523e+00
7.560858134629857119e+00
7.495831756784214761e+00
7.445574918285144506e+00
7.362934762423552826e+00
7.260400650683999757e+00
7.032580188840309887e+00
6.720700850654981018e+00
6.430552473266358149e+00
6.177751013639438682e+00
5.833905443229107313e+00
5.642868359777739151e+00
5.542076262694662248e+00
5.501292520133048924e+00
5.382591517095742795e+00
5.309235202314623869e+00
5.329935125552943909e+00
5.183231234865520065e+00
5.171227118508568310e+00
5.024371407301208237e+00
4.913606087933697353e+00
4.884348656233351349e+00
4.801585229208568784e+00
4.704354432530302610e+00
4.713800646606440381e+00
4.647148066941672262e+00
4.659919391014330614e+00
4.585401734716740840e+00
4.551140673037917139e+00
4.529607348175810344e+00
4.546268203521665718e+00
4.560635853754465785e+00
4.603135020731439653e+00
4.653583063544322940e+00
4.740868341956050891e+00
4.827073463203589654e+00
4.920958542766131316e+00
4.990657701615062614e+00
5.138072968539302288e+00
5.232682109703818085e+00
5.344950753088076212e+00
5.479158215333982618e+00
5.595344180362447517e+00
5.674624928952026970e+00
5.782393701925106377e+00
5.836809976514417464e+00
5.919431726571856345e+00
5.987145809020652187e+00
6.038880189021404554e+00
6.025665572558653871e+00
6.010677724923541909e+00
5.958325756247107030e+00
5.908272730713268750e+00
5.862679975257171883e+00
5.772975086403669742e+00
5.766958605991527875e+00
5.702407375399748624e+00
5.706480493387757313e+00
5.713270948816489891e+00
5.669553692265643541e+00
5.648031511486984790e+00
5.599765043198308589e+00
5.581903759579687652e+00
5.556888644352362405e+00
5.580258464493505599e+00
5.535383404450280764e+00
5.574928584132207376e+00
5.519031385259483002e+00
5.558872457393407629e+00
5.561187848299281811e+00
5.550707790868196767e+00
5.547543063253389306e+00
5.525866052868291689e+00
5.497974646180861846e+00
5.437824633843534983e+00
5.386937012857824669e+00
5.313696596363432612e+00
5.198200559868241477e+00
4.959382277299043018e+00
4.716482120998659155e+00
4.441053344742971198e+00
4.102554236990637371e+00
3.741379725369719633e+00
3.499451422661779443e+00
3.439141519118705581e+00
3.405041370468090189e+00
3.408586443493408336e+00
3.402800185344156070e+00
3.379148787624672856e+00
3.414649745933127534e+00
3.564835883097104308e+00
3.695964669946522729e+00
3.841182576558731299e+00
3.983797145879208301e+00
4.097182558676215614e+00
4.245721432262098638e+00
4.421442617725157120e+00
4.585213135122314654e+00
4.756681598905438513e+00
4.915423210148015087e+00
5.090028975037762748e+00
4.965290386157074742e+00
5.354422347831433449e+00
5.381271431937375560e+00
5.430499869262338741e+00
5.449423659795222363e+00
5.452673893852908016e+00
5.433262178328480019e+00
5.477506044326626800e+00
5.504769749683934954e+00
5.549648295071277992e+00
5.597877515438417717e+00
5.641115927417293285e+00
5.681354858520340834e+00
5.762259342108554172e+00
5.799229954113313212e+00
5.835814921696285573e+00
5.863853362319738416e+00
5.880375184269131417e+00
5.778108882313284234e+00
5.884481007718391332e+00
5.852546900395500629e+00
5.889994848876322742e+00
5.843156046926049285e+00
5.869933690394491421e+00
5.826787333634441346e+00
5.856322861528837187e+00
5.815938297239457100e+00
5.761434980526222382e+00
5.701162921452421983e+00
5.607835290450094767e+00
5.507044237122962649e+00
5.522994094218493188e+00
5.448282150051822370e+00
5.432034610779203021e+00
5.431130420266790715e+00
5.419367082831048954e+00
5.381955307515107201e+00
5.367455118325191954e+00
5.242474454985702970e+00
5.137548855386831370e+00
4.932076864385571469e+00
4.669848134151162178e+00
4.396935812803122623e+00
4.135451078519479573e+00
4.157358976312963250e+00
4.151388636267594023e+00
4.140555774398253952e+00
4.156000106467907962e+00
4.159619226292466720e+00
4.322739114284697592e+00
4.412439291008491082e+00
4.564871760637197795e+00
4.745904638927130215e+00
4.905991177428326466e+00
5.055072781207927690e+00
5.182549162289663336e+00
5.374339559148604728e+00
5.567525130864525273e+00
5.735923409353342883e+00
5.952338451820358145e+00
6.075147075016539056e+00
6.299103426267180339e+00
6.456634794210095230e+00
6.669741130336857005e+00
6.847754952654919514e+00
7.010654717219295229e+00
7.200032476952788585e+00
7.261309714696532858e+00
7.480900209287399960e+00
7.641292073696889453e+00
7.662345546509714111e+00
7.980801846128104060e+00
8.083594405466797639e+00
8.280238374300344262e+00
8.341999230703626367e+00
8.549101131834973444e+00
8.670312397319209552e+00
8.845666785048743819e+00
8.989811836429083769e+00
9.088833889252105891e+00
9.216246981070394639e+00
9.208556122236009500e+00
9.389361697268816087e+00
9.402223414639628629e+00
9.249295287854616632e+00
9.191930074810148454e+00
9.100146444031086190e+00
9.141997024635012181e+00
9.189937038275155956e+00
9.208223498044405986e+00
9.297502066021008815e+00
9.284918721895962790e+00
9.294903611301803537e+00
9.346142609933224321e+00
9.333758784216062310e+00
9.257724952963700460e+00
9.190792667690031337e+00
9.162723454281200830e+00
9.142729503885329123e+00
9.087443676895494704e+00
9.100066229941562668e+00
9.131728463301174159e+00
9.104856447569744660e+00
9.036436339410913732e+00
8.935930928365227288e+00
8.787348027429761288e+00
8.775621832373200704e+00
8.728521532680332484e+00
8.696704927952717767e+00
8.601298199055705140e+00
8.601054317646763536e+00
8.539706187031319118e+00
8.509661814043695927e+00
8.476184461905699408e+00
8.437510076098236667e+00
8.377745167526413184e+00
8.281691536408510856e+00
8.215419046614371723e+00
8.110483633213526389e+00
7.839475279050715173e+00
7.568063391734142442e+00
7.273639058816891101e+00
6.950142947691836603e+00
6.626408626102899824e+00
6.204655771125326957e+00
5.792764658593469562e+00
5.441831004998936905e+00
5.349838076395701414e+00
5.304736393313578269e+00
5.235903479873659450e+00
5.133252086900255584e+00
5.051768741903343241e+00
5.264106592248715799e+00
5.361294753343876174e+00
5.353067320445800803e+00
5.484985915729875927e+00
5.507747686806018450e+00
5.622206565362757757e+00
5.699004556239305685e+00
5.788178666484062873e+00
5.853014761704729452e+00
5.973340277343706539e+00
6.057311131538363647e+00
6.203427773517618427e+00
6.348158732752151145e+00
6.459954860765321882e+00
6.620482885842610798e+00
6.776425979012994816e+00
6.927491855438787205e+00
7.084883257049537697e+00
7.208756258758158175e+00
7.338671746296752119e+00
7.474210709084162296e+00
7.570257750529031604e+00
7.723566657327814333e+00
7.942080900717629177e+00
7.982304977611919483e+00
8.138075896336154358e+00
8.210460510547584079e+00
8.365763946090961412e+00
8.530006332565687188e+00
8.670710907548068391e+00
8.825122212857678505e+00
8.943310364704490922e+00
9.007436418465438521e+00
8.963684618231120282e+00
8.918189668326556685e+00
8.890874167191107347e+00
8.888277616960516880e+00
8.842139324620715612e+00
8.869724229568044294e+00
8.831276784325195806e+00
8.851533599550871045e+00
8.838497926643968938e+00
8.856448149394303471e+00
8.863943086866632015e+00
8.873260687306014916e+00
8.754858563844758024e+00
8.708856151585539607e+00
8.648348694022654826e+00
8.574387410838669510e+00
8.540854082277149928e+00
8.547196313413980562e+00
8.509509873626646126e+00
8.483123166113520242e+00
8.496987346588266377e+00
8.545326211530543503e+00
8.581590340796271477e+00
8.623753733808500854e+00
8.670498706059101224e+00
8.740469269845805300e+00
8.755424771493744984e+00
8.774374274374814320e+00
8.779615147168636113e+00
8.730309466950275876e+00
8.671720995419793354e+00
8.670772251791118990e+00
8.544350745110254053e+00
8.520856783091490527e+00
8.419660764480758175e+00
8.335737385513384723e+00
8.235438329347957165e+00
8.162873381742013379e+00
8.146134808314583253e+00
8.052609141564133211e+00
8.013866687582684278e+00
8.055231512635719682e+00
8.012362271099924271e+00
8.029953398912949680e+00
8.023123754856948509e+00
7.889296335334404553e+00
7.777574712532100421e+00
7.674783770351237600e+00
7.524800585958968391e+00
7.395794868422486346e+00
7.288008655146549053e+00
7.206823092898051009e+00
7.044220894703788538e+00
6.921413035863459129e+00
6.749282174565673920e+00
6.343492285645901951e+00
6.003935929711741615e+00
5.688166521303561041e+00
5.359394112204804550e+00
5.091785927288370317e+00
4.893859392048796941e+00
4.675776429615628338e+00
4.471642187229963206e+00
4.252271095485764540e+00
4.010822282325664290e+00
3.815454077564612856e+00
3.636764484803123754e+00
3.414507747260972170e+00
3.201512832225279936e+00
2.980393413132521818e+00
2.770787912222714588e+00
2.502650818783094255e+00
2.248370912609305883e+00
1.931453796921718258e+00
1.594051078093875917e+00
1.267221113284076717e+00
9.601817450505476526e-01
8.029337648426302376e-01
7.463081315811942451e-01
7.519205788601455165e-01
7.783774268572068999e-01
8.193477206192131268e-01
9.106153248617834262e-01
1.060270194548646128e+00
1.229887217264391541e+00
1.411982759399230458e+00
1.608781171600810689e+00
1.803382152922307968e+00
2.000228474046138238e+00
2.189007280331407124e+00
2.397488461792478986e+00
2.574426862154740370e+00
2.790949041900678829e+00
2.958748847996976128e+00
3.179416158135213610e+00
3.363427846844332603e+00
3.547329876328406240e+00
3.737808724035851515e+00
3.850048766634326380e+00
3.883035309851907257e+00
3.901700181518687582e+00
3.892847869594596943e+00
3.889772207062809795e+00
3.819472020200005868e+00
3.832337395510374556e+00
3.987331395284122948e+00
4.078747051887326336e+00
4.407231804439480705e+00
4.394090122607095417e+00
4.669851403232731180e+00
4.736147978360635058e+00
4.891580163623557631e+00
5.041273359315598945e+00
5.145208603211520071e+00
5.288258159228105271e+00
5.412797228702102892e+00
5.532705180864327943e+00
5.627770412658785304e+00
5.757567177901122157e+00
5.835925386057618347e+00
5.890249290737084920e+00
5.946661058423719837e+00
6.009949979508813378e+00
6.102649400716139816e+00
6.157299774252315672e+00
6.250326130940571545e+00
6.337646640613844973e+00
6.456243730228893085e+00
6.625568156134133524e+00
6.788214347770835211e+00
6.938433067219744288e+00
7.067670522244738684e+00
7.239237461771968363e+00
7.428409725687130205e+00
7.553914241326024737e+00
7.658629157694567091e+00
7.809658232269921285e+00
7.940574400659123455e+00
8.024897881068381977e+00
8.134539641152139566e+00
8.187791077579763765e+00
8.245988907951304014e+00
8.222753923914757124e+00
8.253218993985017349e+00
8.216345253157150808e+00
8.264363573110868444e+00
8.221834983203221370e+00
8.144503970642265500e+00
7.895992166119114586e+00
7.685000567041232244e+00
7.520903239797550377e+00
7.466558653974368021e+00
7.353850035406630070e+00
7.185000534713037013e+00
7.108236214769667605e+00
7.052438475148409935e+00
6.936806262809374068e+00
6.867891246338404088e+00
6.936928667722594533e+00
6.832416372502688517e+00
6.857199733097829153e+00
6.734391937040691722e+00
6.859876629912786683e+00
6.725384612379328608e+00
6.774006969582272220e+00
6.724277674653566628e+00
6.684142779965571712e+00
6.701656185132845778e+00
6.702673895949975424e+00
6.679388800913956814e+00
6.660021684281518972e+00
6.659352437657822144e+00
6.661438073716933417e+00
6.638586616371785709e+00
6.608348978560916187e+00
6.665641468816269288e+00
6.681187914839064490e+00
6.680887397854757381e+00
6.714730945880954316e+00
6.773143215540923912e+00
6.809088646029728409e+00
6.889873616094287279e+00
6.923355590895058143e+00
7.025160528773257695e+00
7.061071639831953739e+00
7.097810781305128991e+00
7.139852264751959332e+00
7.125271922160990812e+00
7.125944157839645854e+00
7.157229609846234908e+00
7.104350657519836965e+00
7.161035285655609428e+00
7.090068427588572142e+00
7.066324899671414528e+00
7.010624542646927360e+00
6.949740507816754231e+00
6.956644878624866912e+00
6.767589179233094221e+00
6.802176531200147203e+00
6.689065078668319231e+00
6.512239420658365141e+00
6.268263076610408824e+00
5.935637059871579524e+00
5.885309513600658349e+00
5.701632267412986899e+00
5.526537573596223218e+00
5.374283649057833401e+00
5.309729045363270394e+00
5.223587235709356236e+00
5.168075736573159773e+00
5.127396140539997482e+00
5.103617342837974746e+00
4.946236546338233175e+00
5.064514459418676395e+00
5.194780893370262831e+00
5.256273404219161449e+00
5.420106189769590799e+00
5.547833484771787838e+00
5.598875282306251755e+00
5.772738540926869000e+00
5.875664309292221610e+00
5.956001812363969528e+00
6.075123638834078577e+00
6.152489216380923054e+00
6.234191033355282130e+00
6.291236463465743611e+00
6.394550473389109868e+00
6.439854795378177954e+00
6.431420176106705355e+00
6.317154969533980591e+00
6.303384751923176488e+00
6.261104486589428753e+00
6.159210167630024380e+00
6.054373908901638401e+00
5.998978435988772340e+00
5.803713127552736495e+00
5.804721312004206268e+00
5.794502678309026322e+00
5.657175723167610748e+00
5.674790674173722849e+00
5.530524955309460644e+00
5.478565279015653822e+00
5.359599328706752708e+00
5.205155602178027863e+00
4.981288009803219730e+00
4.731502494735893904e+00
4.528247216763842786e+00
4.327535709660719654e+00
4.194316127198035815e+00
4.019336299288569059e+00
3.909821947007245058e+00
3.849293053278886489e+00
3.775747939503317774e+00
3.754336770808554213e+00
3.674140361816179645e+00
3.518136316161781352e+00
3.513803986963143000e+00
3.399693974149311515e+00
3.356748250855073223e+00
3.389671433147270374e+00
3.415544473911568790e+00
3.452900618662237520e+00
3.485649214112665817e+00
3.550394808971059302e+00
3.648254813149209408e+00
3.784404774552229789e+00
3.987353049706092722e+00
4.202127053491361508e+00
4.417465071308835256e+00
4.699587400976112939e+00
4.889014171763939487e+00
5.116641205373865020e+00
5.297912852974400622e+00
5.473142657168474479e+00
5.732302639659999421e+00
5.863377208737648338e+00
6.087907665954662484e+00
6.249827889369055534e+00
6.416860370248052448e+00
6.547946192646111108e+00
6.646584457643717414e+00
6.778319963893253863e+00
6.733995154839685249e+00
6.716142107937901784e+00
6.691974586754953158e+00
6.626282571780508057e+00
6.507420439502405785e+00
6.470453573903836464e+00
6.365450666742929364e+00
6.298555240372614605e+00
6.254114951447120596e+00
6.168509432675357118e+00
6.070761382052519473e+00
5.995184990996189178e+00
5.912286054341778119e+00
5.849724155763758482e+00
5.778484879875032121e+00
5.743442460471337441e+00
5.690533857312437327e+00
5.656408876110869066e+00
5.634529435176045986e+00
5.658130538163419487e+00
5.666828553886797515e+00
5.631047514354675876e+00
5.652263955724940558e+00
5.557275562907343591e+00
5.538389752409556444e+00
5.542088538778441098e+00
5.478747235009133298e+00
5.507151435653410587e+00
5.456512563863389786e+00
5.446303216405707026e+00
5.482238550709067404e+00
5.548937937254883934e+00
5.620197062248464270e+00
5.717645854387742865e+00
5.851657624944621716e+00
5.929671846595669926e+00
6.121496926521391657e+00
6.311891202482231122e+00
6.369028786160885858e+00
6.568051752974001012e+00
6.662074064632545145e+00
6.814807030728273318e+00
6.956824127326159513e+00
7.081499958315441212e+00
7.187463682050702296e+00
7.324992120623644354e+00
7.420422466382206039e+00
7.568616904692212266e+00
7.695786255884727645e+00
7.813467661791472452e+00
7.931293534725615935e+00
8.036512347865452099e+00
8.105683669931766033e+00
8.202261801151600196e+00
8.329671636283594083e+00
8.553042092467714852e+00
8.504825690802476856e+00
8.635038608907125379e+00
8.632423806576117187e+00
8.659802123181309597e+00
8.636754544634168695e+00
8.592408217607893306e+00
8.541918471906591037e+00
8.511289224004746856e+00
8.545136129934126856e+00
8.548765296295016469e+00
8.659758379198033040e+00
8.615110749665735312e+00
8.724702728966143184e+00
8.764378806909064679e+00
8.769641301576500680e+00
8.780289418634104948e+00
8.894973870943543304e+00
8.895418939792543611e+00
8.971154679713977842e+00
8.895540887521411477e+00
9.006649112547753688e+00
9.055218664988620603e+00
9.041955851456677351e+00
9.090227573307478437e+00
9.130063945581284202e+00
9.173357956666091440e+00
9.173709508450976102e+00
9.191993090616774609e+00
9.248123351911562651e+00
9.187614923785156762e+00
9.089989432869982622e+00
9.031558846849977229e+00
9.027667219325929082e+00
8.954427594358183029e+00
8.968210369866135068e+00
8.917677378715488601e+00
8.970777300036903767e+00
8.944917114970994731e+00
8.934706147800218545e+00
8.845476484094103142e+00
9.119660665390560084e+00
8.428178306049435520e+00
8.673147199043318878e+00
8.553614523161904515e+00
8.532925489091262250e+00
8.475991868809513718e+00
8.416990349139854999e+00
8.318049993037289980e+00
8.289374211018422756e+00
8.235071298448517041e+00
8.151312253799760654e+00
8.112164267355277403e+00
8.045729111272272860e+00
8.011671613101031042e+00
7.959439981757919114e+00
7.978353820021309772e+00
7.868568329178966536e+00
7.894879011995845630e+00
7.739808969965883634e+00
7.718985365139480415e+00
7.724421924563196207e+00
7.663934237768867064e+00
7.640666205553678481e+00
7.560850286751949589e+00
7.469045029237628697e+00
7.388792602487446182e+00
7.252655682892031663e+00
7.058155173263088500e+00
6.802869676651265074e+00
6.573382939000696368e+00
6.338431381702957168e+00
6.140297151804950282e+00
5.985512027084434195e+00
5.778739317402365572e+00
5.594046138818841385e+00
5.385269001723095528e+00
5.236326087000038321e+00
5.185675482487956955e+00
4.989021992045601372e+00
4.881931862388502630e+00
4.919510866115537340e+00
4.906138550818644362e+00
4.729766712346926028e+00
4.735238135103918111e+00
4.524954185593608180e+00
4.377935562298120864e+00
4.183280568069267957e+00
3.959103193905920914e+00
3.736975912598409000e+00
3.502221838324887759e+00
3.299483420741777362e+00
3.214491943694141263e+00
3.188934382806705603e+00
3.119255199490538200e+00
3.092757656235646468e+00
3.125949811110871668e+00
3.153497666888670725e+00
3.182139920066659133e+00
3.289158712941508522e+00
3.324485377541261055e+00
3.435686704248646084e+00
3.423995880869789676e+00
3.517390013016270522e+00
3.570527337199064899e+00
3.786667317348567430e+00
3.986893034615877074e+00
4.266941020733843182e+00
4.316074142994710705e+00
4.567377726265593907e+00
4.680519710303641112e+00
4.871544678701338782e+00
5.034387146444052163e+00
5.203669884324674477e+00
5.377800683083627575e+00
5.544695949733301710e+00
5.713580674632472878e+00
5.891448954181274900e+00
6.066078720996978646e+00
6.221429790795859560e+00
6.353523466172896761e+00
6.481098113401753125e+00
6.597050887287514875e+00
6.616263998728487472e+00
6.549567027611213454e+00
6.495577664209698732e+00
6.426255836565077928e+00
6.361406110951969062e+00
6.294003077690333292e+00
6.228344965471014127e+00
6.166473365268275053e+00
6.068616985403417985e+00
6.046425833056365384e+00
6.059379954346478137e+00
5.803555375903286517e+00
5.985875779793433438e+00
6.193162353013992316e+00
6.158995406379168536e+00
6.430116077958342835e+00
6.445662072727762038e+00
6.603859409373699307e+00
6.675699722540283432e+00
6.742653037543212768e+00
6.861544228496076592e+00
6.953905841865068105e+00
7.097973206641493782e+00
7.153960103627235334e+00
7.250594215368158402e+00
7.301434038985150643e+00
7.455624728735809725e+00
7.515949473022119243e+00
7.641475320278359185e+00
7.687188599745219619e+00
7.775505983002466870e+00
7.833729796796307987e+00
7.914133811545663200e+00
7.989370567932021494e+00
7.962869649035397401e+00
7.910866286347816967e+00
7.936448376646515257e+00
7.808190375464845623e+00
7.807204475641595032e+00
7.874875752285035446e+00
7.759372889709118759e+00
7.802098710351707211e+00
7.804442941454190041e+00
7.861743154689063040e+00
7.929003695989444545e+00
7.942301837589454294e+00
7.965063844237330493e+00
8.036847822850603507e+00
8.091900997641635840e+00
8.189753362350202792e+00
8.299598428301475650e+00
8.371863229991795663e+00
8.429939355908709686e+00
8.410138290259409288e+00
8.374541929806582630e+00
8.326174958415025529e+00
8.318721817599612933e+00
8.275240785376793085e+00
8.247557317914450792e+00
8.205898515158319029e+00
8.122232863713522377e+00
8.048689504049800547e+00
7.962254815619587589e+00
7.900116998539826518e+00
7.841310929107772054e+00
7.701528401818356073e+00
7.685382245985271865e+00
7.572533201386067780e+00
7.380843315837372742e+00
7.226862978607947241e+00
6.958240063991516067e+00
6.699246121741140314e+00
6.471527429247295515e+00
6.186648233411760955e+00
5.912070236658272471e+00
5.652948330046614345e+00
5.372542120098297680e+00
5.248371833941237519e+00
5.126770158134928757e+00
4.965651584788381534e+00
4.795229112326683918e+00
4.724547907415709069e+00
4.573260962806852348e+00
4.402767383383092259e+00
4.204315705086839827e+00
3.975891389813142940e+00
3.768442286342756908e+00
3.542011077653338891e+00
3.451927485405155593e+00
3.398038725043925901e+00
3.336347389046864453e+00
3.292588284311108726e+00
3.243148568452382641e+00
3.208405807444810520e+00
3.170411485095517179e+00
3.140405842929483882e+00
3.100243743531039708e+00
3.045077484920733824e+00
2.987935522540303701e+00
2.957860826645391406e+00
2.936050077437855510e+00
2.982053500717117167e+00
3.071351457873394697e+00
3.137465876386362318e+00
3.250795123987043400e+00
3.323699975618343849e+00
3.496879839653921795e+00
3.631826027326250372e+00
3.756929542603578476e+00
3.928641617854974122e+00
4.109099690620851675e+00
4.283791026411368108e+00
4.469303073102011581e+00
4.705670875151563237e+00
4.900087667686349846e+00
5.034208139688055361e+00
5.215775674054776267e+00
5.385491299946409960e+00
5.531262632725404416e+00
5.716787879021665297e+00
5.862958635775700422e+00
6.014444694871992070e+00
6.205438690172474736e+00
6.347292317030070130e+00
6.493348381897179777e+00
6.669401756718918328e+00
6.804367658286414766e+00
6.906507572165311970e+00
7.083034822848573775e+00
7.173347336789652751e+00
7.319792409652961851e+00
7.421529720753860637e+00
7.498706593355916716e+00
7.608639358997678848e+00
7.702271851397388680e+00
7.784606458704868004e+00
7.887047800147749754e+00
7.923279298360335510e+00
7.956945974138381672e+00
7.966231861371793066e+00
7.982607156035669504e+00
7.934648930022755842e+00
7.838203148152453892e+00
7.782209109706626826e+00
7.733130537340912269e+00
7.653013770816034622e+00
7.556419627974862330e+00
7.499157460105294604e+00
7.500217972342094086e+00
7.426687524083988023e+00
7.459252359071624205e+00
7.419276522730855028e+00
7.425390311733005788e+00
7.347471479544816830e+00
7.375680325053590281e+00
7.342567864731346816e+00
7.321669614398992998e+00
7.271900683129988607e+00
7.240151145758090045e+00
7.196532974006912831e+00
7.169930914861486926e+00
7.155763715171516104e+00
7.105797759664433499e+00
7.070584181958995629e+00
6.986494551492726579e+00
6.905060254668511810e+00
6.826992674476114686e+00
6.720131612665388943e+00
6.598030895561836751e+00
6.372649059909501368e+00
6.180735241343588982e+00
5.968164293765299888e+00
6.156634781835260917e+00
5.580576885157976008e+00
5.757814895196215588e+00
5.691764915443021877e+00
5.649075165544945598e+00
5.580128377303754661e+00
5.539726932928579650e+00
5.689332839845616441e+00
5.707621855162850366e+00
5.862986628465661987e+00
5.918050401386394377e+00
6.011294904011235118e+00
6.098494560907117723e+00
6.216686848587131387e+00
6.284450278651220856e+00
6.368843316603041593e+00
6.411745478482965943e+00
6.464150990439217814e+00
6.431576587660642552e+00
6.496313025114825557e+00
6.513261344871553504e+00
6.544933231955059938e+00
6.578685102957941844e+00
6.625146321298958974e+00
6.690674203843026469e+00
6.736197777069996562e+00
6.757490689947299956e+00
6.824547015106722014e+00
6.902865987459478880e+00
6.951968678354853104e+00
7.127874893567246239e+00
7.282914279139005131e+00
7.422034398149667034e+00
7.539414996434346428e+00
7.673624740315963422e+00
7.831965135216223395e+00
7.951924906867620102e+00
8.078248084725826672e+00
8.138730243911151518e+00
8.227544592879484142e+00
8.284388611062277974e+00
8.319527073421415508e+00
8.495822503736601305e+00
8.503162196231889070e+00
8.438969836890011678e+00
8.439822841216022553e+00
8.370013364653450694e+00
8.322917105492784628e+00
8.231129530813754869e+00
8.179519533956161936e+00
8.076466137172696236e+00
8.024123644216512474e+00
7.979555357069115118e+00
7.881748413032084954e+00
7.787203655788760948e+00
7.728835626190011077e+00
7.660114407222973654e+00
7.587756770364443071e+00
7.513653715469875927e+00
7.447657697339134408e+00
7.228251874974010782e+00
7.187831255905048344e+00
7.268820546454534792e+00
7.227993073564550564e+00
7.201526076848473679e+00
7.165002895020210261e+00
7.200712992803289580e+00
7.236091162368397001e+00
7.174390964161100115e+00
7.231383234766935786e+00
7.200107328270481055e+00
7.162482604397031771e+00
7.180496872654761553e+00
7.122492433537890300e+00
7.069891438293762320e+00
6.990174945776449711e+00
6.924848453973854845e+00
6.854429452905079323e+00
6.762940755753669819e+00
6.718076733248625310e+00
6.627748627331503606e+00
6.515472337135512326e+00
6.425046260408775467e+00
6.390014750233741658e+00
6.432541212796414776e+00
6.302169973980485729e+00
6.287133083830347857e+00
6.225747171101767563e+00
6.171014527919686188e+00
6.110226731416601886e+00
5.961577028024815483e+00
5.944223240836650213e+00
5.864274812101728962e+00
5.737518216221036305e+00
5.657463646440591631e+00
5.511153319299942233e+00
5.346612832141397043e+00
5.194296542749017753e+00
4.945730169591767478e+00
4.736744138978419727e+00
4.540402493763681768e+00
4.299202463813587727e+00
4.118555075035509994e+00
3.919892404999839819e+00
3.706856002241000425e+00
3.556380675066655339e+00
3.467874976731577075e+00
3.392225820061236075e+00
3.310132228790408693e+00
3.225846626313561671e+00
3.104122351465896212e+00
2.958885238731133072e+00
2.826378514344435544e+00
2.772809280269983301e+00
2.720780424860848701e+00
2.690983206762670665e+00
2.637831197688925933e+00
2.566816640484427925e+00
2.467027439305424341e+00
2.419976148040254404e+00
2.333358205949866981e+00
2.312080526449503903e+00
2.243663335041913953e+00
2.256767304118179940e+00
2.324256205860992353e+00
2.332963617320884531e+00
2.359834568581807623e+00
2.396187668723289477e+00
2.341305514684167921e+00
2.250152922139066369e+00
2.162021655668307396e+00
2.062530239141566302e+00
2.035693969064703346e+00
1.938441474775580931e+00
1.796633057144705781e+00
1.656413102578662810e+00
1.525322247749800741e+00
1.405003806721333959e+00
1.266383167909727936e+00
1.144870443705851892e+00
1.026592681499823412e+00
8.961968403876873213e-01
7.367379917218699337e-01
5.453590772133617426e-01
3.377548047673268883e-01
1.403607565961881576e-01
4.625943247262801795e-03
3.878320484390829410e-04
1.079527206585097139e-04
1.136903071156300397e-13
1.142716699979632157e-13
8.881784197001252323e-16
