-1.376866030762595727e-01
2.364442629915379790e-01
1.918533309539138143e+00
-1.251143980142290113e+00
-1.608974753664338952e-01
-5.538032177332928851e-01
4.474776767095371977e-01
-5.147181563155323047e-01
4.765297893143524144e-01
-3.913997185322103389e-01
3.306468180333917983e-01
3.618186564852762244e-01
-5.474623035754280220e-01
1.902303411180944259e+00
1.370744632602222346e+00
1.864897648738490510e-01
-2.772002863976519293e-01
2.001330451732203919e-01
2.330848706477399723e-01
2.166338348350205223e-02
4.382930705404319838e-02
-2.372516939633539934e-02
3.131178748019785019e-01
-1.872510839049508213e-01
-1.438357204939354261e+00
-1.851997115932205507e+00
-3.175337929198135400e-01
3.254401404990807656e-01
-3.339349460139208192e-01
1.813159809397597577e-01
9.997857401021414958e-02
8.577887544150919474e-02
2.321593901283957317e-01
5.153910897061822483e-02
5.812344495398649724e-02
2.859589878145422093e-01
5.530783620915602494e-02
3.062819034353019276e-01
1.249266445710252693e+00
5.107119086291536103e-01
-1.807927303062402125e-01
-3.476671900903054446e-01
-2.422276669644589653e-01
-3.878476033764417519e-01
-3.004834541325820396e-01
3.478896174522494444e-01
9.159220324334294006e-02
-8.218454837290997128e-01
6.112107218301702227e-01
-1.782167834436213516e-01
1.616464065984720033e+00
1.223077763363589199e-01
5.121759029849370926e-01
1.374371587547684292e+00
-8.936126567006796861e-01
9.662252890678724171e-02
7.370997776649637068e-01
-1.069724956062155119e+00
1.194234135918439410e+00
-2.836883944738533003e-01
1.434227471621847272e-01
6.855362613890347845e-01
-1.971486423206911809e-01
4.905869323089913081e-01
3.673756897706503821e-01
-4.300446152962793533e-01
-1.574946634312306859e+00
2.357422018454689017e-01
-1.267532068374003895e+00
8.491632909498365578e-01
-1.382407002354621994e-01
1.570781264500960006e-01
-3.627929747364504465e-01
2.214441606500319182e-01
-4.560086391919759841e-01
-5.351365372692522548e-01
-2.107570935434868620e+00
-5.386720862119002140e-01
-1.407715596179633932e-01
-1.375288418359794096e-01
1.768009162984618410e-01
-1.416395014451803935e-01
-1.184692669931364795e-01
1.577662194741910606e-01
-3.485369062558226205e-01
6.415258055342543120e-02
1.383070373135819597e-01
5.553572671822748497e-02
3.686894649723881923e-03
6.193807150044455812e-02
1.410286235160304602e-01
-4.969256770348112751e-02
-1.242098949897299520e-01
1.483691378673666073e-01
-9.929334213215579297e-02
-3.153873672496853575e-01
-8.018059756007978045e-02
2.401140547776005052e-01
1.072113475552906259e+00
1.436211059414640445e-01
1.508971223990474897e+00
-1.224637924705925141e+00
5.212980459424190194e-01
-2.168574673998775904e+00
1.128108781681011141e+00
-8.447833705288257944e-01
5.153114022250853132e-01
1.900049352073942821e-01
-6.614713457066949687e-01
7.840986020401359280e-01
-2.329041493660924111e-01
-3.299506088041673779e-01
4.062401186640697826e-01
-3.532771959920723570e-01
3.545062694680224391e-01
-2.581818417492040552e-01
3.184413926726241684e-01
1.033136636385704854e+00
-7.715016822913455252e-01
1.459537207711432139e-01
-9.275672953589424452e-01
1.014751881882799411e-01
1.873463546287175430e-02
-3.591988697623819116e-01
2.679625291606095860e-01
4.374906360793001658e-02
-3.980103318684037328e-01
3.650265514819183710e-01
-9.282226705970691993e-02
1.846626658970597634e-01
-5.195501850232671082e-01
7.931331770430394279e-02
-6.506052007408733573e-01
-3.820302952142620168e-01
1.704295914881701624e-01
3.681954471148052299e-02
1.754974082794644730e-01
1.544796559720618134e-03
1.411876963120100026e-01
8.640725781373939096e-01
1.228640377737422629e+00
-5.860797871041345530e-02
-2.548949027299609593e-01
-2.091881090370570462e+00
7.768705360386873870e-02
-5.274046691582165991e-01
-8.074017039836411946e-01
-9.780725973870327827e-01
-5.034287520648677017e-01
3.046530904915658589e-01
-3.345569831630350599e-01
1.685196170255527370e-01
-5.035773643444274583e-02
5.359654829148663424e-02
6.396741927373477132e-01
9.512960007944499807e-01
-4.909291952866081665e-01
-1.637661120327726927e+00
-3.031785441819350169e-01
-3.554026711213413847e-01
1.201777002240227432e-01
9.187955589281937563e-02
-4.990505128094113729e-02
2.449455508453777242e-01
3.380147272563469585e+00
1.545751840969507018e+00
7.926519547240327146e-01
-3.657363226808817425e-01
1.782763344044036025e-02
-1.156909624540229942e-01
-5.111886460598881188e-01
2.371250944422781393e-01
-1.116036490883364873e+00
-8.910417455642778428e-01
-4.493154181072724906e-01
-1.187496778514902651e+00
7.326148280251221223e-02
3.439045735776860013e-01
-6.190885416767542004e-01
-5.869732561340956778e-02
2.357273158652013478e-01
6.004042678845231684e-01
2.765551735279974555e+00
-9.625102371092358888e-02
-1.159165868704898905e-01
-1.089791707037259805e+00
2.030657387176448836e-02
-2.896923217445006582e-01
9.684130112769069321e-01
5.229002067784337404e-01
1.495360507417252682e-01
-1.206241275875876706e-01
-3.969916667889560880e-01
-4.430814078697292713e-02
-2.217130442103155685e-01
-4.219689845863237032e-01
5.514788857818953005e-02
-1.852783046877979345e-01
-1.103656932155014481e+00
7.297877236983452143e-01
-1.873243370899335680e-01
1.961923612901508296e-01
-5.047052211254430265e-01
6.867399938268226034e-01
-4.875424334542168836e-01
2.458156754561555690e-01
1.609257464887703382e-01
-4.834494813478300568e-01
-1.029568721560871758e+00
-4.710895311289005072e-01
-5.250680879285898328e-01
-1.029487376035724822e-01
1.155098415561495173e-01
-3.945902572542454578e-01
1.112587390456027059e+00
2.152017781590132017e-03
1.023382360123146206e+00
4.463551392264422102e-01
-8.744078140899433915e-01
4.256705389870072409e-01
-1.674587410610437033e+00
3.895498866411255534e-01
-2.840060478713164471e-01
-3.013113117358301452e-01
3.909865190125438872e-01
-4.011999779084467477e-01
4.453454146583539774e-01
5.629029471106639093e-02
-7.503874899925078168e-02
9.823582904700067786e-02
4.391206746545797124e-01
-7.402193995353929523e-01
1.822695650458824979e+00
-2.060405074169845641e+00
1.125318631746125231e+00
-1.952329356888520273e-01
-1.281668973371448139e-01
7.109918295589428006e-01
-1.324622195071775366e+00
1.279627021604220705e+00
-7.254869578041831524e-01
5.381059388133513366e-02
1.669275254767774719e-01
-5.218549055996759556e-01
1.225490199599188479e-01
-2.372465510459553784e-02
4.348804570088788957e-01
-2.733087712150523707e-01
4.452745844462446811e-02
1.572212341997809348e+00
-1.911778694290452441e+00
-7.163816999068117752e-02
1.858745578115051256e+00
-1.679821129036481508e+00
1.249783294849017512e+00
8.079127879808174484e-01
8.127476219789893097e-01
4.245604145153769604e-02
-3.034390522590147965e-01
-4.378434927515488795e-01
-4.887806262632365950e-02
-1.357458843834653539e+00
-1.899191707899046566e+00
3.245097225682798125e-01
1.414534162316912091e+00
6.412539033985122927e-01
3.997907880287496774e-01
4.609544231471396358e-02
-2.230738973521741997e-01
-2.357606210926137535e-01
-4.364002289487447506e-01
-6.635706344494853859e-01
-6.513283212448461867e-02
-9.046831604387119974e-01
-2.619990458628125296e-01
-7.620164626856515966e-01
1.107123749629136178e+00
-1.233489834593416212e+00
1.680282191997620522e+00
-5.960915746505675017e-01
-4.437051048472717696e-02
1.796842052897472897e+00
9.523687464989105678e-02
6.256714630085582485e-01
4.626033670623754812e-01
-3.286962138414473156e-01
3.093589599427797321e-01
-2.424351371394619648e-01
8.047885516700057362e-01
4.101987877894909929e+00
2.758930170126042025e+00
6.508987449137157988e+00
8.569639665376550752e+00
7.865527627162613555e+00
9.838443821571544845e+00
9.770525540891661365e+00
9.167836963800617411e+00
6.163720762703164269e+00
4.148199838921918570e+00
7.279580845998765426e+00
1.150792739106431384e+01
8.648905893975211256e+00
8.129883096771237661e+00
1.177475692655609407e+01
5.342041840124906571e+00
1.566430496640748515e+00
3.720377033051349258e+00
-1.253229956680002033e-02
-1.063946331242918575e+01
-2.021231337845246401e+01
-2.580647846205782514e+01
-1.932042354639978043e+01
-1.736124773278130817e+01
-9.718598984173134170e+00
-9.147587868574111880e+00
-3.523265444004724856e+00
-4.604593618534622124e+00
-3.104110984832795683e+00
-2.374750729904387292e+00
-5.980961252300609488e-02
-9.327870043034554026e-01
4.276964988399740708e-01
-3.149393950016674548e-01
9.584375113814034286e-01
1.659737019599338614e+00
-4.612531577677436712e-01
3.717761931379217621e-01
-2.733923244280573872e-01
-3.506675138176238438e-01
-2.713990926441346430e-01
-2.739293079680964027e+00
4.236827145628179192e-01
1.439794934825844308e-02
1.590030229855676769e-01
4.103867043620679222e-01
3.166401204574237349e-01
7.088927284845808474e-01
5.080902320382457704e-01
6.603224318632646694e-01
-5.936212510815538357e-01
3.535249867036263094e-01
-3.238206138135757417e-01
-8.414558382365988631e-02
-2.173963197826281890e-01
1.124292504250279379e-02
-5.527829922632062631e-01
-1.485554461078578914e+00
6.728644186118872828e-01
8.632956808720593234e-01
2.043553919042324918e-01
7.666195124844792375e-01
-5.305212166380133265e-01
-1.662524052126615359e+00
6.083031835839718404e-01
-7.787056235998635056e-02
8.292171489149033903e-01
1.165280395038962080e+00
-5.805543656906968497e-01
6.340696761393540548e-01
-5.305723355489311288e-02
2.812050026189150120e-01
-8.468056203217569911e-01
1.196083011355218773e+00
-8.173939975824989768e-01
-5.077333459650961167e-01
-5.907503586285333119e-01
3.596204201389242572e-01
-6.216297015259217851e-01
-1.985461889698475479e-02
-7.374150454588930259e-01
2.849291417031629692e-01
-6.532118608699466478e-01
2.982846926732825033e-01
6.503629055477312404e-01
9.711981077599159962e-01
-9.171114101397010998e-01
1.773723058404411690e+00
2.526019273716060276e-01
4.432234635716476578e-01
3.960098995821097478e-01
-2.980338989095261404e-01
-4.850373508336187633e-01
-7.888027426162188549e-01
-1.284181208644775918e+00
4.931436911700537440e-02
2.775410114408605189e-02
4.857709135286660818e-01
-3.838000273371890980e-01
1.240272917882351944e+00
1.116391406546453524e+00
5.039470300756345722e-01
3.314242930341837479e-01
3.791116031842372003e-01
1.137840733230868651e+00
3.525375431511034385e+00
5.487145293008093283e+00
3.939743615511794417e+00
9.532567923019442446e+00
9.956808374919418725e+00
4.429085560853700088e+00
4.208105183790564752e-01
2.120889666448768196e+00
2.950141959554152038e+00
2.952104467348782180e+00
3.178880686074293749e+00
8.537678798053889295e-01
3.208860921512957987e+00
8.127046160736526303e-01
-2.956348888673048236e-01
1.496179812705520362e+00
-3.527172612837219390e-01
-4.177373392581714029e+00
-5.384074536290420099e+00
-1.620733079634760543e+00
-1.001107631610338444e-01
3.346100557452516000e-01
-1.937215016968515613e+00
-5.769764715665715471e+00
-2.444171186676847185e+00
-4.919120681374266724e+00
-9.161182994905384902e+00
-3.666823333403367968e+00
-5.682317833881437963e+00
-6.567869387834169181e+00
-5.531409333950493945e+00
-8.945974945898413910e-01
-4.535495250664839162e+00
-1.364957865961770711e+00
3.319671030417055135e-01
-1.749640561836462993e-01
1.081229275360028996e+00
9.638579789018133503e-01
-1.362715116200892140e-01
-6.849241717383192096e-02
1.309665187769043504e+00
1.207751833278809084e+00
-7.656987417680943819e-02
-3.483992145216655012e-01
1.097820472062023045e+00
6.139961745143835969e-01
-5.392859199202171272e-02
-2.674702157820035842e-01
1.635518167163544367e-01
1.147910751374241478e-01
-2.388703082849499282e-01
-1.662280965195541693e+00
-9.838110015500221017e-01
-6.821409195245697887e-02
-5.249618583006938621e-01
-3.153195327124753256e+00
-2.350988451013842351e+00
-3.606549297022834111e-01
4.607152618071808092e-02
-1.671045336514234592e+00
-1.099844120983384244e-01
-6.303618978074414514e-01
2.213137809671863465e-01
2.042736563229272662e-01
-7.803468694883815004e-01
-2.075973056504238912e-01
9.647583431128161635e-01
1.034376345648693629e+00
1.137779431616401382e+00
3.503896588318697880e-01
3.308489310873383715e-01
-5.172811241619958977e-01
3.073486910875864453e-01
-1.643666074789146947e+00
-4.408951272356169682e-01
-3.314105290363329459e-01
-1.637286430615212396e-01
-6.198623006294283755e-01
3.110973879697862543e-01
-4.043376784421006676e-01
8.839654283190334638e-02
1.066598112967067635e-01
7.127015189319152455e-02
-1.749671969189083853e-01
-2.247266059351868961e-01
1.682553266508097778e-01
2.518157588011344927e-01
6.500609831679700079e-01
4.016155836223695985e-01
5.236506609818469826e-02
-3.851956446981734672e-01
4.369285303095260531e-01
7.517905487981053625e-01
4.087733940010714662e+00
6.647465196450053071e-01
7.136781625234660531e-01
4.674983886965535795e-01
1.654280186212573334e-01
-9.535762132410638969e-01
2.405037344969457536e+00
7.018189073968473801e-01
6.630436500017173884e-01
-1.571782859160809620e+00
-7.276262634446563737e+00
-5.337352306691572679e+00
-4.731577884576397608e+00
-4.008633525719478286e+00
2.277200434760011660e-01
2.965002487824580868e+00
9.711640238948255899e-01
4.324737647819842934e+00
2.474741022972949622e+00
5.744234961785608107e-01
2.573315061030312378e+00
3.347282669007946687e+00
1.541208973261383175e+00
7.294864392334114989e-01
1.546063510264590546e+00
1.478366138537865915e+00
-8.596197865521557624e-01
2.853400545982809344e-01
-3.009486896703961190e-01
-3.463218517648014583e-01
3.122140029197379985e-01
4.176963802543274262e-01
-4.678770105710041705e-01
-6.331491496140477793e-01
5.846733471421292627e-01
-7.398682370480074155e-01
-6.171385520422520976e-01
-5.071880860430288962e+00
-1.987914993000500452e+00
-6.040167501877569123e-02
-6.149422864196196770e-02
1.654759081057726178e-01
-1.339310457756139883e+00
-7.339759942324342035e-02
-1.543148619752326312e+00
1.287873734673592452e-01
-8.186289514750377805e-02
-2.438134597116565772e-01
1.328269100605123043e+00
7.713389953231892804e-01
7.251369620729484211e-01
1.283606028505055008e+00
3.016311660663522076e-01
1.193519828980367237e+00
1.039471085571692655e-01
-8.380987350647126632e-01
-1.012095220172994914e-01
-1.929103937051888096e-01
-1.415117652461992392e+00
1.342875613748546471e-01
-1.038455222436706293e+00
-6.579909038519229370e-01
-3.662542564171449300e-01
-2.022678468039316613e+00
-1.392030092561343579e+00
-1.339454125916574867e+00
-1.894905298486595058e+00
-3.640876783693361318e+00
-8.276653109314295875e-01
4.916096433684131739e-01
3.748127891442756265e-01
8.986148306005574682e-01
-4.871079629205965489e-01
1.055590905350243247e+00
2.480358257009353196e+00
2.567408667167766723e+00
3.212781449947575751e+00
2.399230220227655863e+00
1.661864859885888279e+00
1.876124428482014217e+00
2.679252573583451369e+00
-1.202461233331647339e+00
1.090029056358607473e+00
5.530899350019691241e-01
1.374087044768527388e+00
8.018208782913148980e+00
8.747887471294681916e-01
-5.608265037107456052e-01
4.091905996190137174e-01
3.237922001217894419e+00
2.251740143983381515e+00
9.073964053428742460e-01
-9.896439459105952352e-01
-1.111449053999663406e+01
-1.242218805882737920e+00
4.796030673914399856e-01
-3.906563502955617828e-01
7.385460290642950731e+00
3.087552402820980646e+00
4.369649322510452905e+00
1.444840378506709655e+00
4.982683470751318566e+00
1.355370995373053944e+00
2.085985343719777063e+00
1.089359675695980911e+00
4.164542944870813557e+00
3.456671090165887250e+00
4.951722678053450011e+00
3.880094722869984025e+00
-8.941714634282931229e-01
-3.720952263920786152e+00
-1.018480652116267038e+00
8.322199485295485033e-01
-8.332195557578714329e-01
-3.138070260937979583e-01
8.457239984540123601e-01
3.693015463403668264e-01
5.773606080035165178e-02
9.141061476024532340e-01
-1.543028390921762139e+00
2.198634102910283161e+00
2.015770766510435408e+00
-3.652849416290550266e+00
6.293124038320428326e+00
4.005764854718719903e+00
-1.439175319323688029e+00
1.812043027932389805e+00
-5.922329436619051535e-01
-2.823733886597707965e-01
-9.415014292039032284e-01
-9.484367320666109435e-01
-7.588372308336246874e+00
-1.117215352244700810e+01
-7.049167421834656722e+00
-3.360913995153968159e+00
-4.564294518359195862e+00
-2.383928063711053369e+00
-1.906018943035176605e+00
-4.490472498304628246e+00
-3.409353955339757825e+00
-1.121024305566896695e+00
2.009574132917466560e-01
-2.532896963581408034e-01
1.978922444344457521e-01
1.159357979976243236e-01
2.146977861788295083e-01
7.437925029609693262e-01
-1.207081863176089620e-01
-1.228433192569264587e-01
-1.480584052786570792e+00
3.534632992752704261e-01
5.475698191458145958e-01
2.507473488009981377e-01
8.463146333425852763e-01
2.294710870106574097e-01
1.503581559645219112e+00
2.070032332751599036e+00
-2.377903600127520001e-01
-1.149841779188407465e+00
-1.329123489670918090e-01
-1.439210390096351322e+00
-2.721841938350312295e-01
-4.589605971464145173e-01
-2.941807125996849792e-01
-2.074575920987784539e-01
-1.499040005213043703e-01
9.184064216480808396e-02
4.375668318306482618e-01
7.786522434130005443e-02
-1.558057943797249711e+00
-2.828096529395487391e+00
1.219221971952017647e+00
5.119220612027941542e-02
1.192250480566238835e+00
5.019828650145599092e-01
9.655954193496987248e-01
1.448740575208410597e+00
2.558909395111634844e-01
-3.517751804545170558e-01
-1.079134166413093787e-01
1.912619323262376714e-01
-7.598952825336935391e-02
-6.928899048596015575e-02
-8.148489729273888926e-02
-3.497731118598652600e-01
3.373046607291350085e-01
5.665176011820647339e-01
1.202219235397190999e+00
-1.917178335281848334e-01
-2.957396855913345668e-01
7.517395043646590835e-02
-1.489285164058770317e+00
-2.116395499785649115e+00
-1.709857715747278517e+00
-1.432487702685525832e+00
4.253401868150334941e-01
7.202098731341521898e-02
2.999285759884324776e-01
-2.474452701355525086e-01
4.637461454118123605e-01
9.045421611615016566e-01
2.194280519746724334e+00
5.911881486820562692e-01
-5.731507705178484624e-02
-4.131558883192926190e-02
5.631921098743741805e-02
-2.452877729630388970e+00
-5.645975680170079336e+00
-5.778232175804824067e+00
-1.285220494713442996e+01
-9.986890425446617314e+00
-7.966803522063258924e+00
-6.782643034123331915e+00
-5.669440912168930424e+00
-5.316185642997858452e+00
-5.902210762715327519e+00
-3.962213428955550398e+00
2.767796957799475877e+00
-6.396383809359818429e+00
-2.961371041749316646e-02
-1.639345468798055094e+00
1.525094801618095630e+00
-9.823564115875029756e-01
1.253859620436216460e+00
7.542611688697746786e-01
4.338372691900019618e+00
7.454008355510765682e+00
8.642771600109647068e+00
8.030236636243664350e+00
7.666554497419461711e+00
8.390435497847349211e+00
9.153446649616558517e+00
6.310421489422621377e+00
1.788381662154341356e+00
3.021790348891123301e+00
1.003450483438944829e+00
2.912587111820100105e+00
5.444591888097193078e+00
-3.630263779654534506e-01
7.093296967799873620e-01
3.043634852636677213e+00
2.132693768364808395e+00
6.130473043898208019e-01
-1.891743576603399646e-02
-2.739463648871698354e-02
-1.314514249080216857e+00
-1.653719192226094759e+00
-1.732580228727072846e+00
-1.181297798509344466e+00
-2.067067252760671714e+00
-3.107709270066649765e-02
-1.092071972958872372e-01
-2.214500683396058989e-02
2.095222361603372718e-01
-2.731254835773011536e-02
-2.925329276352006680e-01
1.367304292097317742e-01
7.527220013584405844e-01
1.117399396185661864e+00
7.190945243975003232e-01
3.383257258639468801e-01
5.701294477144287498e-01
-1.040604161839141506e-01
8.252213872578409992e-01
-3.557253971812968096e-01
3.790740563599070967e-02
2.468978998569786310e-01
1.506826546151303070e-01
-2.259341281206097563e-01
6.941323616192685009e-02
-3.905988973873157910e-01
-1.848563714038861550e+00
-4.593897257532304490e-01
1.344181166301416930e-02
-6.475403939591077851e-01
-1.534539540210249298e+00
-1.466841913814141307e+00
-3.189294873995610402e+00
1.243143403112902945e-01
2.570103731840598371e-01
-5.478899511461419181e-01
1.755976478105285565e-01
1.719975854594880893e+00
2.399022111177987693e+00
1.080304716366132567e+00
3.357408286979807865e+00
2.119558549563764771e+00
2.731320703868469479e-01
-3.701622144054570462e-01
-1.132853775202957713e-01
3.108838765150885308e-01
1.658583439077299104e-01
-1.164133882851516866e-01
-1.288706999650854890e-01
-8.381467741099799529e-01
-8.553556490899264508e-01
-3.758246358862182834e-02
1.232715018599337409e-01
2.851888363833439133e-01
-1.611103375495740453e+00
-5.763280875280217819e-01
-1.820463874991345987e-01
8.473143775029856606e-02
5.308709130711430912e-02
-3.695404112306540645e-01
-8.697959705454931800e-01
-8.842804113495681406e-01
3.715243130635665914e-01
6.801123539485738334e-01
5.917005373105332922e-02
1.721137831638868132e-01
-3.687896353068620403e-01
5.090079547922670145e-01
-7.501617370736646251e-01
5.150399902538851382e-01
1.935986948880519254e-01
2.747058047493277755e+00
2.990756904304969321e+00
-1.140060361196821859e-01
4.592597353271362870e+00
8.004249819981023251e+00
4.869329401269784086e+00
1.155129554762195099e+01
1.499588366589038912e+01
1.284974482150918362e+01
1.162284690032406331e+01
4.436218256580204411e+00
-3.590296545893494340e-01
-7.280817638011995996e-01
2.441069096099226954e+00
-2.670215973481106175e+00
5.382820686778885033e+00
-8.042861326578986336e+00
-1.254284437107277483e+01
-6.217980160154120028e+00
-1.697093283545108022e+00
-6.934789526760525291e-01
-7.754724632582707500e+00
-9.681598841738967565e+00
-9.183004868623630301e+00
-1.221739237762641039e+01
-3.089047860718457272e+00
-8.113922484594873197e-01
-1.478291409103442255e+00
-1.263912694707602036e+00
-1.650737961071784277e+00
-1.214398677454120890e+00
-1.155970471855481296e+00
-7.344271608146162311e-01
-1.696092948609384532e-01
-6.679776358010791615e-01
-7.916011404879275126e-01
-3.821597788037850441e-01
2.440332236207904404e-01
-4.951238228761503657e-02
2.506615762680628468e-01
-3.986600609426001890e-02
-3.107392386462676792e-01
4.204922538919130259e-01
-3.999512042013929070e-01
1.163709306987092684e-01
-8.704983740332854492e-01
3.408195062591801161e-02
1.100220693441634756e-01
-8.410650467013921494e-01
1.286440772511919572e+00
-1.047458957015577674e+00
1.532107013450123567e-01
-1.441532815025463599e-01
-3.532977089820215078e-01
1.275718724617739497e+00
-4.061351940735095090e-01
1.283266142513962649e+00
3.251015615855283869e-01
1.531154834241298612e+00
8.549904032134492127e-02
-3.735869481773068657e-02
4.197581045427005719e-01
-4.752071888176079284e-01
3.540453551413627054e-01
-1.149135300938870508e-01
6.129978566390801298e-01
-6.874266250581766435e-01
4.470129707804701980e-01
-8.097119546695745740e-01
7.432957499471637419e-01
-2.211413247957287886e-01
1.572619156936152507e-01
2.721406258374239329e-01
-8.404947347067834862e-01
3.839270741239748652e-01
2.312695465529701622e-01
4.258792892374943406e+00
7.987462050685557813e+00
6.133131777991927436e+00
3.790567467012067482e+00
6.233015916343163099e-01
3.177392379565411318e-01
5.482327581425074925e-01
1.773079245810720295e-01
-1.589117171648261717e+00
-7.292185353188102681e+00
-2.536264890668299188e+00
-2.108411910371197351e+00
-4.253290280161760251e+00
-2.933677756140263604e+00
-1.485038166092025769e+00
1.847378251935039017e-01
-6.102729367862798071e-01
-2.882366335092632514e+00
-2.790729422602505894e-01
-4.304814002228509184e-01
-6.941045508505875317e-01
-1.206969104136942916e-01
-3.324019614034308123e-01
9.852570079583324869e-01
5.889570661302329091e-01
-4.181810655938171806e-01
2.999337421973267137e-01
2.466057327218134532e+00
4.398225741591224924e+00
2.294862442284435922e+00
5.181620867071471181e+00
1.200097875574853035e+00
5.450347662157788875e+00
5.919585837500118686e+00
2.627164574970493049e+00
4.259623939133657444e+00
-1.263633502280988807e+00
3.725009879359078013e-01
-7.539189293335297748e-01
-1.682976869527411878e+00
-4.467790853184727240e+00
-3.489743080044149792e+00
-2.345764304473597406e+00
-6.957449942656808162e-01
4.708217716501003736e+00
5.581088936646612098e+00
1.843399306837834928e+00
6.439398353733025715e-01
-2.306302871283421041e-01
8.337188128279180432e-01
-2.724271779754658951e-01
-2.092607915405942265e+00
-2.215288860924456316e+00
-3.870361274413472330e+00
-1.120402878492750887e+00
8.307978656819301477e-01
-7.975828310652595121e-01
1.974280699717599674e+00
-1.278792541031076979e+00
1.895412410674474302e+00
-7.752952135074835383e-01
1.011325066831123110e+00
-4.462777002687445815e-01
-6.821486283962983066e-01
-1.591732743387776594e+00
-2.148185006437024924e+00
-6.039050974226183754e+00
-4.149352728577380134e-01
-2.207148841219970237e+00
3.800617460848005891e-01
-8.652279908700499789e-02
9.129793697676511499e-01
4.231355869910711220e-01
2.840136203831168160e+00
7.623681009763672023e-01
1.899599162036942346e+00
2.203071474016070397e+00
3.339300675314891720e+00
6.862035383377680375e-01
1.167227740825719451e+00
-4.570699891443865681e-01
2.737178721167126128e-01
4.632149172104149670e-02
-1.464780430365451025e-01
8.318327346498222141e-02
-8.185557595033046141e-01
-8.404951246225742523e-01
-4.204071069239571301e+00
-5.924358432495164806e+00
-2.764563232827772055e+00
-2.373185260239168315e+00
-3.727439788439124158e-01
-2.603023702262365902e-01
-5.994495396866437176e-01
-1.942057438898370236e-01
-8.995132854320608828e-02
-5.623705245391796836e-02
2.440276488468521521e+00
6.738322264490944846e+00
3.736773083632851211e+00
2.856833763323752606e+00
5.608704861457784574e+00
6.307427936064616603e+00
7.520533585416899314e+00
-6.366383381519469253e-01
2.926982140635907115e+00
-1.048748812564845423e+00
-4.327628193496288134e+00
4.962001529907666963e-02
-7.393950912344479320e+00
-1.471858354084124443e+01
-3.175625868596785750e+00
-2.670455697987181409e+00
-4.691704922826662738e-01
-3.015240093108317865e-01
-1.235518688380819796e+00
-1.175125195560205782e+00
-6.893272363748330633e-01
2.482537366366894815e-01
7.143833238001633390e-01
1.578459534712308709e-01
1.617087156887908606e+00
6.784278191808326142e-01
9.015496498336137421e-01
-4.943219541914203319e-01
3.590421766506851853e+00
1.583075074250341885e+00
1.082458792868010278e+00
-1.931889920196191213e+00
1.266853598434590111e+00
1.148467129938460118e+00
9.291982369960393839e+00
8.723830129279264156e-01
1.005785476472723516e+01
3.168414207103324998e+00
3.242225587594468550e+00
3.445131329140302512e+00
1.698471627633821868e+00
-1.052235846346157189e+00
2.681957270323280795e-01
-4.641807828793560020e+00
-1.102511567357753819e+01
-5.948561078302439853e+00
-2.733825867991420466e+00
-3.516336428811467130e+00
-8.072503020396140982e+00
-6.043312158441001003e+00
-1.778852258506852024e+00
-2.744063288643596721e-01
-9.213761536739397684e-01
-2.931664392408774855e+00
-2.288901621470945003e+00
-3.734245375851878990e+00
-1.457500448135860882e+00
-9.104409957640076101e-01
5.200885148987826057e-01
-1.932727515731925472e+00
-2.553117511983773014e+00
-1.278226615730710947e+00
-1.691935287716837877e+00
-9.173328074594518711e+00
-9.250139698359124196e+00
-4.500739597599199726e+00
-7.197337406415918792e+00
-8.687443937131021698e+00
-1.048692116143578801e+01
-1.026851594050658889e+01
-8.257579276947083713e+00
-2.670464643596304199e+00
-8.105557357536824270e+00
2.564598015220298066e+00
-4.493263496364320986e+00
2.987304349480524479e+00
2.711296741392871468e+00
1.652479592322256963e+01
1.530061026334544749e+01
4.841592584152060397e+00
3.111489151457028868e+00
8.555699734491710728e-01
2.635681819548558735e+00
7.988123233037214277e-01
9.750029757215578741e+00
7.077934222617727755e+00
4.676041548315076568e+00
2.746711201470649399e+00
4.921855235852678589e+00
4.972818305689109764e+00
4.768096014917388992e+00
2.941868888500978940e+00
5.589619487733532566e-02
1.214492684854199478e+00
3.365617887748543424e+00
4.452555689740433920e-02
-2.438441630473655586e-01
-3.415053303457691314e-01
-2.774142657986717886e-01
-6.249569596295743157e-01
-1.736190776648000700e+00
-2.774040315406805512e-01
-6.679741503835835426e-01
-4.306082478098017807e-01
4.210316741062647417e-02
-1.369480241266685105e-01
-1.033061779068547459e+00
-1.740007981653143077e+00
-3.880164161649313215e-02
3.456043273299114205e-02
-4.376249615249965252e-01
-1.359966914887168699e+00
9.333953883626717740e-01
5.477295481910351427e-01
5.069831937314397408e-01
5.448453970571986993e-01
-3.018221860995171646e-01
-4.811259654412767262e-01
-1.843025573104667636e+00
-3.852121657761784057e+00
-5.437913851733226167e+00
-1.408201617352950308e+01
-1.853326294015115394e+01
-9.243024823626001307e+00
-1.148632704405254401e+01
-7.522899778555839134e+00
-8.491976118545238705e+00
-6.795487496634322611e+00
-2.569966559178894272e+00
-2.315921907326583096e+00
1.154220642123817697e+00
2.770656975739072436e+00
6.170279564351673685e+00
4.046316579957959902e+00
7.697740063547271916e+00
1.096212736661971121e+01
1.624672782743661514e+01
9.195967465628406501e+00
9.389278985133948652e+00
9.769031135602038063e+00
5.142799584587502082e+00
1.067982988818486412e+01
2.563328919709764619e+00
2.888622282494101690e+00
1.069032262191021321e+00
1.130273488780932478e+00
1.483392591592894050e+00
2.028171623386620048e+00
3.645365363074654752e+00
2.456555545752708625e+00
2.672501346018956170e+00
1.395789820272650417e+00
1.434968099533289632e+00
1.955833554362403248e+00
2.327831400783445304e+00
-4.845707556633271906e-03
-1.227901455679614173e-02
-1.409401197569110309e+00
-3.027423634047391232e+00
-1.599234047985437002e+00
8.288659831056222060e-02
-2.450427905357202008e-01
7.602059657638733370e-01
1.553596136803964356e+00
1.215002521526415080e+00
2.624646958507643291e+00
-4.269504360163303147e-01
3.925094100262924712e-01
3.902835392178936047e-01
-2.488972925490962496e+00
3.420160957264783974e-01
6.250158411511606005e-01
1.262449025312307072e+00
-1.310276324316742347e+00
-5.024360896853568903e+00
1.046300695975151740e+00
2.340720126066994311e+00
2.502465729644722359e+00
-3.818007964446650249e-01
3.042798425408683727e-01
5.169184216999411774e-02
5.073895228909464095e-01
-1.273153578268885866e+00
-9.488710234528916487e-01
-8.742595004529007952e-01
-1.413933580257232592e+00
-4.921108417293282855e-01
-2.439433768553946891e-01
3.424329831994690210e-01
3.804158580647719390e+00
5.146872849429158236e-01
2.393566172172842954e+00
1.675481439261812255e+00
-1.938357517986979417e-01
-7.456697264149454440e-01
8.142543762506093685e-01
-3.620574772624355120e+00
6.532580946309352043e-01
1.852469431290959534e+00
1.798249913000020683e-01
2.122411875718270835e-01
7.871017688446748650e-01
-1.875959440388939470e+00
-4.548874591194383754e+00
-3.365988145032840606e+00
-7.214612050255553299e-01
-1.999437728122581248e+00
-1.002185646740148783e+01
-4.089775125376027276e+00
1.816031191390592214e+00
-2.495842780282853113e-01
5.661509388614369698e-01
-2.960341097211753869e-01
3.695926908947169132e-01
1.799940643688513475e-02
3.812502234692871639e-03
3.794451751596907840e-01
-3.294684543228467710e-01
-3.518172234222470607e+00
-2.367340125399992168e+00
3.002617534478875250e-01
2.379736924726429947e-01
4.240577776004561539e-01
3.194213022132454949e-01
1.426378013005758172e+00
8.526953266563843670e-01
-1.740907582773147944e-01
7.764739588205965548e-01
6.295996775055960892e-01
2.292264499278580114e+00
-1.165569252575948234e+00
1.874012527522732618e-01
-9.215936412090686147e-01
-9.075705856023077445e-01
-3.177937332081441912e-01
-7.462034099714022206e-01
-4.658274570752848343e-01
-6.085261502889059981e-01
3.454230493239062172e-01
2.290306752601362072e-03
6.872325843684226054e-01
1.980615106366756528e-02
-3.679517314026387598e-01
-5.848820129275392743e-01
-8.400364528244537166e-01
1.504591618578188239e-02
-1.608852486999110543e-01
2.961912697958188900e-01
3.080307175455310187e-02
3.226239476284686880e-02
5.253160897976028032e-02
1.270006211019617526e-01
5.601783924828429573e-02
-6.357389948890157516e-02
2.892033201779660168e-01
7.269478615889957140e-02
2.959252884721929044e-01
-4.445669871787711891e-01
2.505961843165364300e+00
-1.451846978497832730e-01
6.095217513246715679e-01
-5.703786727814643687e-01
-8.276626908746741451e-01
1.838417048709649615e-01
-1.925301610046672440e-01
-7.201559235130738923e-02
-6.182965706946904616e-01
2.935634318208796278e-01
-1.938808887300765837e-01
6.542910982017606791e-01
-4.360682051201122400e-01
2.841726019137734705e-01
1.871696745843975940e-02
-6.844261649857088514e-01
-2.334734537489476569e+00
-9.117349674587602593e-01
1.208874811437690155e-01
-7.555439945237996113e-02
4.658883403654288102e-01
1.463596420988826141e+00
-2.324387888849727801e+00
3.865626754506036100e+00
-1.750717646206179312e+00
-3.331920682156548352e-01
1.617309976183913145e+00
-8.588516015631116884e-01
8.490732625342150008e-01
2.073076453725622770e+00
-2.923508723298262613e-01
1.406778263609387292e-01
-7.839802528029649054e-02
3.861377232827125638e-01
-4.930946340511654924e-02
-7.705798268460291034e-01
-5.402951841795154975e-01
-1.608358011654087427e-02
1.868019178389358492e-01
3.243280285870464574e-02
-2.635952226225846129e-02
-3.136163293719185230e-01
-1.249007783424523454e+00
-4.069762751338572571e-01
-3.034515845719450988e-01
1.628329727473611932e-01
1.342267714405275258e-01
1.587972068565836059e-01
-4.245684137325165253e-01
4.950859365162869619e-01
5.038918270335366323e-01
3.099917017761592564e-01
7.998329444976149949e-01
-6.213604700060482156e-02
-4.195262840702457252e-01
-1.343559634093191013e-01
4.698063142391801783e-01
8.994624251400140658e-02
1.272020853008429819e-01
7.294394229704542765e-01
1.914312121072545558e+00
6.281806118629478242e-01
3.607815036013690246e+00
1.542318829536972302e+00
5.036317845245328328e+00
4.485113830368803178e+00
1.949400023580306396e+00
4.980911508020717804e-01
1.300378543169767198e+00
6.255420846917765232e-01
1.072861495347826377e+00
1.980046645457878896e+00
6.977473245253733580e-01
5.209401279811416430e-01
1.548446858216635746e+00
1.396054211986967886e+00
-4.821449583853834042e-01
-1.116618137660900345e+00
-5.863937047224077048e+00
-3.309676205428633722e+00
-6.876453212222344291e-01
-4.241262385238321997e+00
-5.669534119208847756e-01
-2.349514952222438779e+00
-4.716207190099957813e+00
-1.874738365372970783e+00
-6.764049275956072194e-01
-2.302445610719042968e+00
-3.234261261559676637e+00
-2.301386007958762026e+00
-2.708471566688013255e+00
-1.424788508351579885e+00
-1.305937618716627391e+00
5.961765813393249402e-02
-8.447971226564554570e-01
-5.786192417755895434e-01
-1.015316283480846238e+00
-9.736021688591360856e-01
-2.273940931010216104e+00
-3.110941087783459125e+00
-1.922542506268221985e+00
-3.110280368466540324e-01
-2.086501584636472728e+00
-8.906998266247931895e-01
-1.257720496386866671e+00
9.789502396949529839e-01
1.214749147342146784e+00
-1.754872737002163063e+00
-9.327355491182345304e-01
1.968158330275290524e+00
4.365469327599686977e+00
6.312027778665186162e+00
3.890355587466112652e+00
4.881179955258515335e+00
1.954533693416514284e+00
-4.289570394507484785e-01
2.054644115521439218e+00
4.594184529770724446e+00
5.810191977282808118e+00
6.169840392301393805e+00
6.094761909361615437e+00
4.499057661648819817e+00
2.989642756329867979e+00
2.309478860754275331e+00
1.544282649911536964e+00
1.025056251188097178e+00
2.884230543159745253e+00
2.910436392081109602e+00
3.300464974786187611e+00
4.055789942632948453e+00
1.195945664378356810e+00
7.137700659558042560e+00
7.178234019600161275e+00
3.227726202987625470e+00
5.711467546823200792e+00
1.727791583953873555e+00
3.967802226690551493e+00
-8.533848036790914193e-02
-1.129022831846526742e+00
6.295420688150983324e-01
-1.256481944119845195e+01
-2.095835291233369446e+01
-8.229055643051530922e+00
-9.910287345316547203e+00
-9.531523469464147524e+00
-4.888362293514425971e+00
-8.059789717646026475e-01
-2.362456943096379547e+00
-5.663745673810195669e+00
-3.614163077682489345e+00
-1.429763329179309705e+00
-2.509132054226361763e-01
4.602161808087414929e-01
6.001701223179721767e-01
2.940174154215077218e-01
1.390542693880184033e-01
-1.895811938265892782e-01
1.368158239265067633e-01
-2.166338534863944676e-01
2.682357370700223509e-01
1.818381957358653267e+00
5.990242120810829185e-01
-1.247564041072555252e-01
1.981382021806294969e-01
-1.059336128352650341e-01
-1.996165262182985067e-01
-2.248401834429142987e+00
-1.681840052318373524e-01
-2.136044973639062983e-01
4.427092261607290524e-02
-2.708146276889789039e-01
2.338485195453549048e-01
4.638870920526949604e-02
-6.051304825938452758e-02
9.096145078203131673e-01
5.829769503163582112e-01
1.301822461068714576e-01
2.347477757859289804e-01
-9.142392302170510021e-04
9.923567558307127001e-01
1.439274566199396865e+00
-1.090070664733486794e-01
-2.417956501996965102e-01
-9.910792669213588368e-01
-1.047246555989693073e+00
-4.988660249508072297e-01
-1.309928752205302471e+00
-3.919795344356491462e-02
-2.471767633738373160e-01
-4.690764259042845552e-02
3.520546881014825491e-01
-3.404334895859679744e-01
3.100880453540663106e-01
-1.093765056191543517e-01
5.963344535080259412e-01
3.007393815862125841e+00
6.055772463373303438e-01
-1.141714700316129871e-01
-1.709967903451847571e+00
1.556382510189957324e+00
-1.242574704040024791e-01
1.496956566648534270e+00
2.119398924541469498e+00
-7.283895340960331310e-01
8.996514398427644110e-01
-8.718641075790181105e-01
1.707748344749848712e-01
4.166419851229239413e-01
-4.417151029696100295e-01
6.624669076694686964e-01
1.870786207674859369e-01
-5.289157131257740119e-01
-1.273468105423836150e-01
-2.936229080091155463e+00
-1.932334087116942989e+00
9.635035620690604041e-01
-2.831945638480903860e-01
-1.835257180157636725e-01
-7.545838968431741733e-01
-1.794119626417197688e-01
-1.343770026931048189e-01
-4.329571085687956566e-01
-4.284615371473009526e-01
1.912271579918600750e-01
-3.451250923491324674e-01
1.521728947664023335e-01
-1.003452711073751086e-01
-1.489602014304859168e+00
-5.062143217279151397e-01
1.830401188650609967e-02
4.406211089188882823e-01
7.689584272765448425e-02
1.278284226678378488e+00
1.888057842081520388e+00
1.292922880662403795e-01
8.468124759406931990e-01
-2.699326978770617558e-01
2.897482607388255360e-01
-1.548384461468614859e-01
-5.234914381607527201e-01
-6.619473494941336966e-01
-1.116643571810456370e+00
2.539416171903084440e-01
2.764567098169418702e-01
3.096282077515649656e-01
-1.573441767567602012e+00
-5.980301784911942198e-01
8.216862456717222152e-02
2.687204249427262992e-01
1.932273091254800290e-01
9.660637360554682473e-01
2.851918768689981620e-03
-6.571265849597712760e-02
-1.574168723469862308e-01
-6.871324189326785681e-02
1.379015545958778011e-01
-3.222480249605058078e-01
-2.406187514992912113e-01
-2.378569925119026762e-01
-2.437113746415732196e-01
6.631183256142152427e-01
-1.436970067461274536e-01
-5.640043940807454304e-02
-3.152824292329786671e-01
5.767204565185357623e-02
1.011580123638039508e-01
-3.305549697389653652e-02
1.035935287163847418e+00
4.602382009495571968e-01
-9.695034939975366584e-02
-5.731492399525206505e-02
-2.758172234360689590e-02
1.385642217910341145e-01
-5.837052346541349301e-02
2.881868258208284406e-01
-2.829117635029224642e-01
1.547548637734622590e-01
-6.624941466442577642e-01
-1.583102258974292909e+00
-3.996208837438417483e-01
-8.113623731336441214e-01
5.187411549616300910e-01
-6.305668101680872439e-03
-3.112649468245423101e-01
-1.126844590310789762e+00
-1.082750660007172350e-01
-1.868972644413329220e-01
-1.876715448059349534e-01
-5.790259898767935454e-02
-1.048264137512342487e-01
-6.317341944969356859e-03
-1.436436509520371274e-01
1.301327847459221587e-01
-2.940298709865318827e-01
-1.075918902590462523e-01
3.301261995598547827e-01
-3.635218383765685957e-01
3.834017695837586004e-01
-3.511976058044918858e-01
1.152897618999935148e-01
-1.627749924521341818e+00
5.578278273423213918e-01
2.888533867721891024e+00
8.621283360430267440e-01
3.824732581960172517e+00
1.163076565201768275e+00
-1.754788887938310227e+00
-1.647061215616623109e+00
-3.144837434350765126e-01
4.806643703318180805e-03
2.851868503742404082e-01
-9.926313791072332027e-01
7.465065841623346188e-01
-3.667728854805262784e-01
-2.050602497916127032e+00
1.384559619311200862e-01
4.493834121505724255e-03
2.285566040841766622e-01
-9.532178075142416773e-02
5.029354353901283048e-03
2.078625160502731717e-01
-3.710740046257479108e-01
-5.154450658254816631e-03
-9.203395606258890638e-02
7.980195861608132546e-01
1.558453055648037822e+00
1.285879647471107612e-01
4.730816761730540776e-01
1.051196282063053267e-01
-1.359388336831701127e-01
-1.775200726808844109e+00
3.093372028304814947e-01
-2.986932812502591794e-01
7.019971537673592721e-01
2.779003696505280008e-01
-7.264337549235782010e-01
3.593250795367490813e-01
-2.697143626381106607e-01
-2.263582110848687545e-01
2.576310138058177657e-01
-6.604263495169631071e-01
-1.040191442247753617e+00
-4.696288581494401093e-01
3.431644080842790601e-01
-1.370693418680608566e-01
-7.665558645375076807e-01
-3.159946407525007217e-01
9.801443093540438412e-01
-8.778503618881403625e-01
1.357423638734914562e+00
-1.417774009956325187e-01
1.787016448565297289e-01
1.014995617222771429e-01
-5.826747384559891607e-01
7.746971101452544417e-01
-8.085911510890171350e-01
3.836207418336292641e-01
-1.907206229846103440e-02
-5.862325512951906958e-01
-1.726829459301098879e+00
-4.119705812433629433e-01
-3.948631017313388725e-01
8.289047115588905612e-01
-5.753597636513143598e-01
1.587516030836352066e+00
-1.683850877621256181e+00
2.081209245139410413e-01
1.142833194812296504e+00
1.758206690079211487e+00
-1.235964036704631841e+00
1.139265005944044784e+00
-7.186994370056210002e-01
3.127658987736583462e-01
7.657850829327017550e-02
-3.494505761471167204e-02
4.548063444568879454e-01
6.097587266978257148e-01
8.626929572874386665e-02
-9.017036101354651834e-01
1.652730265782535124e+00
-9.981088707547787209e-01
-6.860247221830158004e-01
1.148298759189134266e+00
-9.988977574454920294e-01
2.152990962176768441e-01
-4.710057109703482681e-01
-7.964861215854650567e-01
5.699906087403281418e-01
-6.371873781466899089e-01
6.111955273903331154e-01
2.932566986164815148e-01
1.909163399455575671e-01
8.814150319845008852e-01
9.159372224610784485e-01
-1.078272822024559652e-01
1.916632416861232535e-01
-2.728760284716447160e-02
-1.082383019951893566e-02
-1.309620042723218525e-01
-4.026939257422565976e-01
-2.125255140065719583e+00
5.269888756223828352e-02
8.363163166678129201e-01
-5.546402453322731851e-01
1.183711355356460437e+00
3.477646333629136333e-01
1.077437891610509402e+00
-8.119191802174132722e-01
-2.014520541325241609e+00
3.468944511583162971e-01
-1.558902398469652617e+00
-6.566701730971882256e-01
1.009231628295237826e+00
-1.011679149381130571e+00
3.584053857940787680e-01
1.204250555803809242e+00
1.568802848973680497e+00
1.446651980081261613e-01
3.022311575238001424e-01
9.261638434519696705e-01
2.866024813445856800e+00
4.477059748045345344e+00
5.562747575842105441e+00
1.070366931637445518e+01
1.325598652022068791e+01
1.640745610722535730e+01
1.384412509774608679e+01
1.182062239250853963e+01
8.514374614726634150e+00
1.131342255876434422e+01
8.904362925397251161e+00
2.921732573925936549e+00
1.095193227250432244e+01
2.075714050578639558e+00
8.261244887444547658e-01
1.603529733289946080e+00
-4.131778075848160370e-01
-1.281420269721768079e+01
-2.766187959575768218e+01
-1.955964873906141577e+01
-9.981264625209398389e+00
-7.744721401876169864e+00
-1.485054925517753688e+01
-1.196341546072936168e+01
-8.191990146657142091e+00
-5.137156435343354310e+00
-3.906592922268050661e+00
-5.126896004481626967e-01
-8.614073325906466128e-01
4.070933234790079513e-01
-4.547232286819524738e-02
-1.236023325608694545e+00
-5.312094900214935356e-01
1.402451728843664286e-02
1.817841059298023754e-01
-1.149262142405187648e+00
7.645838989818594111e-01
-4.875885892173845715e-01
1.783383702483677391e-01
1.726911974488976043e-01
-6.741407828478263031e-03
3.574177041022644219e-01
-3.371168991083979827e-01
-1.131678524276429787e+00
-2.417102030268707402e-01
7.487242295593450336e-01
7.205249423046105051e-01
4.059977436383938598e-01
5.162724717254326690e-01
-2.067388771132384617e-01
-5.016139726509729613e-01
1.325606563415793193e-01
-4.873117331507123007e-01
2.490525731639001428e-01
6.035827216740047296e-01
-5.037141439175381041e-01
1.537451888975599479e-01
-7.996334770806435843e-01
2.166048505991299833e-01
-4.175915094736347144e-01
9.686583638852319655e-01
7.154060312856748149e-01
-4.644989041082593362e-01
3.564764636800239472e-01
-1.640354009852407202e-02
1.045893715036639859e-01
-1.160882559127198066e+00
5.253038714450730673e-02
-1.503733406200666312e-01
3.148741320021970491e-01
4.441134022813412185e-01
-4.383799544261491876e-01
7.596364947819645996e-01
3.318569793698361581e-01
3.444871110910653345e-01
-7.689011723874916715e-01
-1.897336531902535373e-01
-1.105787998457864241e+00
4.453758481953735693e-01
-8.229461159095409206e-01
3.242530242964321019e-01
1.336623577789516126e+00
5.677096303140161115e-01
-2.126785864400979609e-01
1.454120350822749597e-01
-8.320284817515668507e-01
7.980878669640117939e-02
-9.139512628643131631e-01
-1.174558426147813250e+00
-8.495317207422603545e-02
5.048167666684046928e-01
4.683805136891711074e-01
2.266491393648289332e+00
1.251352566255343302e+00
1.324439973149690974e+00
4.476463863229543705e+00
2.093691459014568323e+00
8.715843281373555129e+00
1.144772636097194152e+01
1.280016757484787959e+01
5.701347406882952384e+00
3.622381593613233974e+00
2.020814424786401275e+00
1.996678390915676005e+00
2.879785710238998320e+00
1.879940853677339874e-01
3.064569789835950075e+00
6.834896569094723873e-01
-1.254589915970335312e+00
2.491261653933079856e+00
6.216709045365576003e-01
-6.929361967620053520e-01
-3.683911478980810728e+00
-7.228857379661697280e+00
-3.733399862105684974e+00
-5.450662810507893141e+00
-5.557028424595877425e+00
-4.989575202511240093e+00
-6.505906058217632904e+00
-7.921776800603460345e+00
-1.587275900469343526e+00
-4.080755986830910231e+00
-9.899802458275908990e+00
-4.221073826397625517e-01
-1.427491286159320971e+00
-1.733200321306260339e+00
7.891182029956116395e-01
-3.779520826182345417e+00
-2.267206088509087003e+00
-6.988759054841873208e-01
2.233396951708295219e-01
4.391875412590788841e-01
2.863327485243337467e+00
1.866259016233256629e+00
5.412777375593282869e-01
-2.482851990609141746e-02
4.995172993620650703e-01
3.015022100165763996e-01
4.137698061485945988e-01
4.213026342258618939e-02
-1.197757677840906920e+00
-4.396098181381628223e+00
-1.242197160587077409e+00
-7.893747869088585389e-01
-1.269989093751105358e+00
-4.524628730927453546e-01
-1.274849630149564206e+00
3.344370679611063935e-01
8.590153606672314979e-01
3.622319092014789632e-01
-2.145424529123003410e-01
-1.022644123125393101e+00
-6.300993314470790807e-01
-1.205397641190881330e+00
1.008589697830402088e-01
-7.534725633429317782e-02
7.743003491471611710e-03
1.279538490073477419e-01
-3.023835849677176668e-01
-5.762455264418910872e-01
-1.511698631824677008e+00
-5.941512735280465307e-01
-3.674106165963042514e-01
5.366756674375139369e-03
-5.224249792377513302e-01
2.508565836419265338e-01
2.840879332383643430e-01
1.553675479712122609e+00
2.174959477536759778e+00
-1.124694506225711876e-01
-2.424061193453059815e-01
4.769050095667992650e-02
3.734407844334945992e-01
-7.060688202195919416e-02
-7.142767562853435948e-02
1.844296308844732835e-01
-5.776195654740128305e-01
-4.758306363836997122e-01
5.152299378418536691e-01
-1.175420927034458884e+00
9.681763155736717863e-01
-2.245376100913283324e-01
3.907833321479046162e-01
-1.567370335809663118e+00
-8.889040133431596047e-01
8.604658182578255321e-01
3.958717404458766964e-01
6.238505656640676023e-01
-2.494800738621893998e-01
7.303741955197011748e-01
1.559488932748401169e+00
5.711704156514691988e-01
2.328857794663239389e-01
6.673683862802297639e-01
-2.060290517937125365e+00
2.183800673434121542e+00
-9.381206390015437435e-01
1.541785908433418228e+00
2.721544940619864406e-01
1.736151793600880566e+00
-4.700460210822976492e-01
-1.802109134180603256e+00
4.136297251422504928e-03
4.497834628764829645e-01
2.074054039225909030e+00
6.201702736923278003e-01
-3.425385816540260642e-01
4.563910496419145701e-01
1.208867659566430497e-01
7.474620222653083346e-02
-9.611159914642617430e-01
-1.034150122022786000e+00
-9.144169455506849786e-01
-1.043931510293020892e+00
-8.518294527428658114e-01
-5.090031913517858442e-01
-2.039316874282430803e+00
-1.633829791401980813e+00
-8.853908526154246061e-01
-6.304267065159319117e-01
-4.678888748193532621e-01
4.444279464304266014e-01
8.929315624188784994e-01
1.538428016418349031e+00
2.934503485913502630e+00
1.689832416799319503e-01
9.086562069615666815e-04
-2.102740087164839622e+00
-2.188643391041544817e-02
7.541016323776617014e-02
1.916095596881532970e-01
6.676058472472004013e-01
-1.120083639448530732e+00
2.324840581933198536e-01
-9.691650262396578341e-01
-2.159741241593156502e+00
-1.107748057941611464e+00
6.406632574919957079e-01
-1.541901112087273873e-02
3.687866494992171340e-01
7.186034421433795671e-02
3.870159503283989721e-01
6.147411716365667189e-01
-2.191175900528188336e+00
-6.941193600264927710e-01
-3.285469338302599240e+00
-9.978541151388569119e-01
-2.969666228205305458e-01
2.467731618327693610e+00
7.693429106402049911e-02
4.901939606291989548e+00
-2.809183542074062956e-01
2.949180056577704434e+00
-4.902608628888138753e-02
-5.183258550066774717e+00
4.200831508552576921e+00
2.215689235844514826e+00
9.998223379964539248e+00
1.328473017172924431e+00
1.262285565457082814e+00
-1.475777010466208239e-01
3.684354733604748411e+00
6.497997403308592546e+00
3.083014338815848632e+00
7.882348780913805086e+00
5.293860441689879792e+00
-6.697746803695423523e+00
-6.203528271558482743e-01
3.181832419216817698e+00
3.848698203346714308e+00
3.231664361852761402e+00
7.710251564134225077e-01
6.059123129528245499e-01
2.836161984856644835e+00
1.347012906926416065e+00
-2.699670513301839492e-01
8.948877392986744894e-01
8.586839028637882620e-02
2.960540077450701801e+00
-2.816519972169615471e-01
4.612608239469011551e+00
2.470680919712691548e+00
2.534128867496221460e-01
1.743563733562041307e-01
-1.112007023787953131e+00
-1.320326585013866350e+00
3.895930689233708222e+00
-6.411624411348242347e+00
5.271500917725994384e+00
2.351696476032849148e+00
-6.914595682886677253e+00
1.181299715181694410e+00
-8.784488912331909205e-01
-7.606393806130640201e-01
-2.854265169740848762e+00
-4.096394049796352022e+00
-7.624257387349928194e+00
-5.084944281192871784e+00
-7.890455379822171267e+00
-5.818704224122711821e+00
-1.627603049749074771e+00
-2.361611489954067444e+00
-2.118333039885133218e+00
-2.602989121259934535e+00
3.527057990514941288e-01
-4.288969931623837439e+00
-1.958060593636503199e+00
2.974022011099641816e-04
4.979661406715738536e-01
-8.263285995084763691e-01
2.689671783582860520e+00
2.286672932630099631e+00
-1.244201586243321334e+00
-6.489243175910185124e-02
1.018742588570390878e-01
4.209254456893297136e-01
1.192546350401718636e-01
2.705090076054978976e-01
2.032265161171812107e+00
-2.839499295078042884e-01
6.827818841883104284e-02
1.700085996089941709e-01
4.814979890826465159e-01
-1.227315326136882767e+00
-2.075686860306876547e+00
-5.955683636694246719e-01
-1.818569698468250673e+00
-3.461874541313609832e-01
4.037216450377112409e-02
6.221899370307995003e-01
1.779635877495855389e-01
-4.163050305353299674e-01
5.585961712616489550e-01
8.077993371253705535e-01
1.601743779770898435e+00
4.674963247968182412e-01
1.027142330251673563e-02
-2.800341653250720819e-01
-5.494364196269254652e-01
3.090744853280452675e-02
-1.337767364210090126e-01
-2.109136471427471293e-01
-1.766037298133646127e-01
2.114941965441776150e-01
7.825596868149709007e-03
-8.383569516555894330e-02
3.179738820167056501e-02
4.195070774496255650e-01
2.626714932971407901e-01
-5.935710345237343866e-02
-8.349313451530306907e-01
4.631670841180308695e-01
-7.830551714232342198e-02
-1.120911536653568241e-01
2.046799545225794215e-01
1.715110154877107496e-01
1.757593776317054601e+00
1.250694586035201450e+00
-1.884845067938702989e-01
2.470357140299794807e-02
-3.525694162722170510e-01
-3.387727617576152817e-01
-2.339285912280829827e+00
-1.355381476205974378e+00
-1.441058759559165736e+00
1.999886690955162472e+00
1.131301668017881790e+00
4.094547120552967101e-01
-4.188878579922558076e-01
-6.668532677375553774e-01
-2.149906832363329023e+00
-1.541467877505912742e+00
1.972594475262536839e-01
1.026411319984468662e+00
8.913968926838469198e-01
6.169534261705585942e-01
9.530623982249918358e-01
-1.321321253189426503e+00
1.076360407068371883e+00
-6.246519562466652520e-01
1.480520282687199929e-01
1.138986267246204775e-01
-1.148043057661325417e-01
-3.952973458221831216e-02
1.170862424595501272e-01
8.600464940738188346e-01
1.902951894487365125e+00
6.891028350937866698e-01
-5.181699206621606102e-01
5.078301630452979332e-01
1.950225294740643989e-01
-1.248994402974271889e+00
-2.360327561703452481e+00
-4.618873303624643212e-01
-1.781483385718796164e-02
-3.321181632695240360e-01
-9.910692794635522773e-02
-1.679974579964584880e-01
-2.963019029831182038e-02
-2.634315069094239625e-02
3.700739616171389024e-01
-1.140199226746347883e-01
3.879775699490657370e-01
1.088788787221420806e-01
4.925419718131476832e-01
-1.009557037779790223e+00
6.943209419487944567e-01
-4.034841947749462365e-01
1.357636033197604508e-01
1.892232949418189980e-01
9.019453072629590729e-02
6.983894989328981451e-01
1.194564215527878837e+00
-1.336269586546389387e+00
1.705751431274024288e+00
2.220313246764289428e-01
4.363483304073396685e-01
4.660065535932478298e-01
-1.583999172688272727e+00
-9.978537541366213626e-01
-3.333004769428055125e-01
-5.522111112179013404e-01
1.346375767295943993e+00
7.776178251452714463e-03
-2.777594991983403094e-01
-9.229529948987424959e-02
1.964380048082731145e-01
-5.327860049973898171e-02
4.206655234425898948e-02
-6.212477014777234574e-02
8.992090284082376872e-02
-3.955842539737796093e-01
1.030186114915911277e+00
8.416526477900320158e-01
-1.979352474869128686e+00
2.016267851042061743e+00
-1.734536610747267060e+00
4.411022188321212512e-01
-3.698648292871723475e-01
1.222596565093710064e+00
1.506349232503536584e-01
-8.900626725664035899e-01
1.549522178847284604e-01
1.236636237801659322e-01
1.489083194959340828e-01
1.017615087910512806e-01
1.415531972916594938e-02
3.135540824975868723e-02
1.753637769668006108e-01
-6.362001262904175558e-01
1.126800229134597320e+00
-4.000459435312044842e-01
5.027586515720252613e-01
-1.795430219172533537e-01
-5.533641747094801833e-01
3.001534504748299970e+00
3.021718794363539295e+00
1.641645313006039331e-01
2.727224255001154951e+00
3.818092251976134222e+00
5.803057010599914634e-01
9.781976194811363712e-01
-1.444682380791562082e-01
-1.720755246725005350e-01
5.313538404269362303e-01
4.084438813899886611e-01
-7.470551981076809511e-01
7.872472884520540504e-01
-1.488531835147197668e+00
1.404802329465228539e+00
2.055355178159750551e+00
2.756474332935376026e+00
1.678110422273555002e+00
-1.655002761409573253e+00
6.309747867010244704e-01
-7.501495243437048543e-01
-1.069664551310356870e+00
-1.775248896376062646e-01
1.497681456595572058e-01
6.171139121019635354e-01
2.069227313475963115e-01
-6.012124105143037411e-01
-7.590371502449393404e-01
2.202995242303700252e-01
-2.173118372120796948e-01
6.805876513666113681e-01
1.084402686921297487e+00
6.695692994363149353e-01
-2.623333285088520483e-01
4.663313298062696788e-01
-9.077581100626659349e-01
-7.501381591246776281e-01
-7.378962821300127928e-01
2.515786403632962021e+00
-3.453449240452080460e+00
1.926893397713527634e+00
-8.166483716107215685e-01
5.252375640706219428e-01
3.418874915012786175e-01
8.779101083344897916e-03
8.058264249933699830e-02
-5.226404450927546463e-02
-7.916496772342895838e-02
-1.068160840986749349e-01
-6.037243306687827271e-01
-6.861757486708306431e-01
-1.221321482036593409e+00
-3.172791954430243422e+00
1.809594196804765076e+00
2.136053714620299360e+00
-1.607000454950942014e-01
-2.721172941910054988e-01
1.532706594134637612e+00
1.656176872117395504e+00
3.341844705974921226e-01
2.028820947337365510e+00
2.676423096100378984e+00
2.213530183717047350e-01
3.256080270816497091e-02
4.673066173435778126e-01
-3.392719168318514278e-01
-1.145513311746025664e+00
-5.092159648139936934e+00
-1.333234919556723241e+00
5.147937265109803207e-02
-4.505704294175743030e-01
-3.252518824610959314e+00
-3.375502514325015468e+00
-4.249985899343180051e+00
-3.522239507865252861e+00
-1.905732823977113632e+00
-1.155376886329224417e+00
3.199212609254227235e-01
-3.215978357770141738e-01
2.706877480902365463e-01
-2.227686974230569383e-01
-4.304693678786186695e-02
-4.309098231216362818e-01
5.612381995450747008e-01
-2.329666171010380538e-03
-1.110744714168423020e+00
8.095715261751579295e-02
-3.000970035703953709e+00
-1.999159307795171259e+00
1.098453032479511648e-01
2.748417421745097400e-01
-7.081434071432735067e-02
8.681240172659263621e-01
1.292829834034675329e+00
1.124371814636351719e+00
-9.539310515495735832e-02
1.469899077456836567e+00
7.681395178219159181e-01
1.102703644001113092e+00
6.811093326644677148e-01
4.948818463166260173e-01
-3.182609541282976906e-01
-1.368447922881665946e-02
-9.274447551583140381e-01
-1.065604516530402446e+00
-1.117180008532051128e+00
1.375553223532569869e-01
-2.629906833664626964e-01
-9.701708202234368139e-01
4.728347678847956148e-01
-1.002095504282923821e-01
8.992792900484520846e-01
6.991105824122157975e-01
-1.252586011639829078e-01
-1.850779338613262048e-02
-1.022769895402844131e-01
-9.975508442944513998e-02
-1.883575295545175110e-01
2.475609628209986535e-01
2.306847104064392306e-01
2.633290611441962970e-02
2.244573523546916638e-01
1.980800229775891985e-02
1.160685319085374978e-02
3.702310171138523121e-01
2.279708017582446899e-01
9.682474259953637308e-01
-6.410378416849962235e-01
-1.166480000888130419e-01
-2.351304905435963377e+00
-5.434831474396136786e-01
1.563579220436691619e-01
-2.058832988355097093e-02
3.415216641986806856e-01
6.986580274896365683e-01
-7.383875451555427238e-02
-2.167758097293451147e+00
-2.649856096366116187e+00
-3.154329526167112263e-01
1.838801338711030908e+00
2.068411169990622689e-01
-2.599133388059016170e-02
9.089418113560303603e-01
1.955212066862384024e-01
1.536786911457808324e+00
-7.323108120913048857e-01
6.985867284001969768e-01
-6.085079906582459008e-01
2.962325279377778786e-01
5.910478801208032262e-01
1.086455019882311079e+00
9.997559546656513696e-01
8.681461257131477538e-01
1.245697029489258867e-01
-9.733685620926513238e-02
-2.057698552139521908e-01
-4.339817297011894226e-01
-2.168959927458474102e+00
-1.115213574484463566e+00
1.988751994989726990e-01
-2.033603720766652412e-02
1.968792442042766044e-02
-2.767089506593367609e-02
3.317649742005832625e-01
1.458928376736843502e+00
-3.746769381265927512e-01
2.946925806689482119e-01
6.932876068692734872e-01
7.585213385280182852e-01
-6.156084134658179607e-01
9.180042860660710957e-01
-1.248747623285269448e+00
1.758344164355043482e-01
-7.094008811718155449e-02
3.119225177676787641e-01
4.303798181391145228e-01
-6.178628037070943435e-02
4.126042793255804142e-01
7.102674113844011927e-01
2.114640861888410051e+00
4.283720131853391955e+00
2.807903484292280538e+00
5.251250440209643600e+00
1.426612720095842946e+00
1.403368466900936085e+00
1.644341904216656047e+00
2.773605046940836871e-01
1.899075007337550858e+00
1.908580818920352584e+00
1.208741561817674892e+00
1.414207699425222842e+00
4.677290294262590464e-01
3.204591692185303486e-01
2.587624041854468260e-01
2.028805178631287731e-01
-1.260347811810287766e+00
-6.327836777686279390e+00
-5.297659576785388680e+00
-2.290482093717020717e+00
-2.871025154821065684e+00
-7.069013381128281814e+00
-5.120050949892744896e+00
-7.409302462328198891e-01
6.406744447260248609e-02
7.370326409782601562e-02
-5.278631760701714137e-01
-8.814896351808987340e-01
-3.045021587845226918e+00
-2.466342028804511699e+00
-3.281662288728529830e+00
-4.405824608857409785e+00
-1.332264683327309740e+00
-7.232352550566893967e-01
-3.840496623947871058e-01
-1.034189918360528537e+00
-3.014483502888772648e+00
-1.126100255933039307e+00
1.569824173043897986e+00
1.677441913467770718e+00
1.192341699006700395e+00
6.891363377672199420e-01
6.802422926398783432e-01
8.593315750198051717e-01
8.544222122522171503e-02
7.026064804719212020e-02
6.439568426238704291e-01
2.833009514475374857e+00
4.443074528699211712e+00
3.710924736202890983e+00
2.544820453024687623e+00
2.030340646233106838e+00
1.734624290762910137e+00
1.263526301688733922e+00
4.364862870708170028e+00
7.211799157090120538e+00
1.082928913626277101e+01
1.758448366524017814e+01
1.103659420901538368e+01
1.361977814306058576e+01
1.340648690483897099e+01
1.073715149547379610e+01
9.606566810945480483e-01
4.167778933491760540e+00
1.758919982324329112e+00
3.786374339067322126e+00
-2.583662431184308161e-01
-6.602864756520972378e+00
-1.397735069780755168e+01
-1.932080773514088179e+01
-1.261198899410199914e+01
-8.869078677310852754e+00
-1.572817079173249866e+01
-6.142400211176845204e+00
-2.691977374983835603e+00
-2.872817875143050870e+00
-2.007559239240093163e+00
-4.009005211193048090e+00
-6.157873479500603153e+00
-2.674300385371166655e+00
-2.079265676446619970e-01
3.981029378454394863e-01
-1.908729018193418003e-01
1.492159242792936436e-01
8.343710686594940640e-02
3.581839590111890459e-02
3.406576004900100374e-01
2.307153679794365697e+00
4.756571421038673364e-01
1.082663899874818370e-01
-4.674646246960634244e-02
9.689466999141593817e-02
-1.634766430794089676e+00
-9.867587868392606598e-01
-1.351742668183062990e-01
-2.871161620761356614e-01
-7.277136480949109032e-02
-1.116865664977493289e-01
-1.288257437081758994e-01
3.600320095896719641e-01
3.880772151912958989e-04
2.306409733301501008e-01
-2.238151013944156276e-01
7.217051012391073606e-02
8.893165736892638673e-02
-1.435650681736891920e-01
-3.925688485237022185e-02
2.157787242286460794e-01
1.254213233259837690e-02
-1.890352982198336695e-01
1.187142003307206650e-01
8.417018087826522166e-02
-2.589749864882112673e-01
2.157384168213813069e+00
1.234370706177792654e+00
-3.089752279958180026e-01
3.800965089193253377e-02
-9.984963810285174546e-02
3.207014458932722079e-01
-3.360824364003045517e-02
6.989728624834774529e-01
1.379471422009189929e+00
9.061776075787451035e-01
-6.161256528675744804e-01
2.396534191262045255e-01
2.669954707652975046e-01
-9.383768552597011592e-01
1.279483487434136535e-01
-8.156180106337007629e-02
4.919462172733348737e-01
-3.584945289619776432e-01
1.946582750566649977e-01
6.665575706793713806e-02
-2.647239750978194195e-01
4.539426402876403088e-01
2.143147043616018266e-01
-1.002974619622211350e+00
1.533056162314085036e+00
-1.069931888510067708e+00
8.199043913109598236e-01
-5.027500989773505680e-01
-9.574116862978376830e-01
-3.330326680998988653e+00
-2.174290493241900268e+00
-2.094481162765131632e-01
2.944337381900288264e-01
1.970435673121324616e-01
2.525717856885846269e-01
-6.460206115925215542e-02
1.000135053033387900e+00
3.457601385753587553e-01
4.158966760167473464e-01
-3.692250044525586250e-01
-3.103400994593307205e-01
-4.213883618074090176e-01
-1.680318500790477509e-01
-2.039727565610527926e-01
1.130007713237265454e-01
1.394457337604408931e-01
-3.065796498490325206e-01
3.949893986253452116e-01
-2.162014436649714044e-01
-1.182755468187592918e-01
3.147273005288048209e-01
1.935752344534099167e+00
6.006713008724244851e-01
5.460534701390584722e-01
-4.256979934034181845e-01
-7.140170749997460931e-01
-9.726370360741171117e-01
-1.009736539821261214e+00
-1.108999586020902872e-01
1.025616310923864516e+00
-1.738878322405200683e-01
4.186810444489438288e-01
-5.666871243450877227e-02
-2.588078909673061645e-01
-2.055930544815389172e-01
-8.323110912480075063e-02
-4.086013453999383094e-01
-3.220624532141914687e-01
-6.452904544917557050e-01
2.954305173622918668e-01
1.878483372041395150e-02
8.094983247487441691e-02
-3.106658438423250956e-01
-4.502090497939414959e-02
1.591551760325586873e-01
-1.343934385765543915e-01
3.235856507620074041e-01
1.302323164274208356e-01
-4.372557108225743061e-01
4.937625958724878306e-01
-1.388565104186972876e-01
-1.940243755183224117e-02
1.024993172108304984e-01
-1.932643005854063345e-01
1.003567627138853835e-01
-5.141288937474075560e-02
5.916871499330229600e-01
-4.250175823111055351e-01
8.112807176882387283e-01
-6.377214528010031191e-01
-2.163767495198555824e-01
-2.122971316277607823e+00
-9.612984300982820862e-01
-3.275749835213517258e-01
2.552284380043081669e-01
-1.049675655046655720e-03
-1.262619679249725735e-01
-1.898411563736095431e-01
-8.887375037456202165e-02
1.948712756139947544e-01
-3.742586480390324155e-01
4.140716465395861690e-01
-3.019570474899619938e-01
-4.649717675559372765e-02
5.915497568789720439e-01
-5.076490977051020259e-01
-4.128944650641841463e-01
-6.088636549948613919e-01
8.574952103360011790e-01
3.896507018324708582e-01
3.647009268195195553e+00
-3.791551589319741011e-01
-8.214533518151726499e-01
-4.654005915599701559e-02
-6.618162917341341434e-02
7.298805075606812354e-01
-6.767551317431225177e-01
9.880481784149843794e-01
-8.539147265319779745e-01
3.363517933293229678e-01
-3.178525563406053855e-01
6.077678222977711542e-02
-1.654940105243365434e-01
-1.633906978799573029e-01
4.693842263617509225e-02
-1.010183324069457989e-01
-5.794547472770683605e-02
5.541680106308510823e-01
2.138277841589316441e+00
2.363103632927782138e-01
-2.469295584009367772e-02
7.407971332982943302e-02
-9.394501162668994487e-01
-4.032991483421374812e-01
-9.353811325097897145e-01
-6.367760829841393466e-01
-7.503908372008443184e-01
1.708058631881854694e-01
1.417656020562492181e-01
1.173855332674689222e-02
-4.805732498439430067e-01
5.590263829279686902e-01
-3.250216109995571756e-01
-1.539210116743929824e-01
4.388544604011119787e-01
-2.358849731884884449e-01
-2.491023113351347185e-01
7.578354123988972901e-02
-1.453847027144425930e-01
-5.005852145465774505e-01
-1.218512111306879753e+00
-5.054216329011316233e-01
7.816218465146747008e-01
-4.606113952497414843e-01
1.484208005614068959e+00
-7.611220752689948910e-01
1.027461257429539643e+00
-8.573675859885598882e-01
-3.786522988786709121e-01
-7.133745637071919887e-01
-1.464288638893140870e-02
1.620141306669715675e-01
3.760167942771310834e-01
9.412492909494347693e-01
3.808175638747131053e-01
-3.190266009143134518e-01
5.670589590942554103e-01
-1.236284888599246123e+00
3.417272950149987665e-01
-1.164036141022621429e+00
2.002104885719688809e-01
3.528316156265276504e-01
5.051936117843958129e-02
-5.207172620423703435e-01
5.087256233136256967e-01
-6.560671072585257946e-01
5.777109805782796315e-01
3.157486778912708125e-01
4.833504112458273383e-01
3.468588063600508420e-02
-3.560451540053310993e-02
-6.844147601089396460e-01
6.707801282051812919e-01
-1.198219838985889574e+00
-2.660991313670058034e-01
1.451521163619101440e+00
-9.810093242477209152e-01
-1.615092801252568933e-01
-2.865021145172131689e+00
-9.907598544295659337e-02
-5.280113855334258588e-01
-1.395781147148900558e+00
-1.216390730691188082e+00
-1.457427096152143164e+00
-8.284572882666907390e-01
1.506538490286271070e-01
5.949808296332026458e-01
1.429164483022219656e+00
2.365484444045906187e+00
3.476584636523033289e+00
3.321278720172261778e+00
2.365064698801233156e+00
4.068594005262151647e+00
1.730657634855499616e+00
6.201535513334732741e-01
-5.106357553472218314e-01
-7.315409979535933971e-01
-1.257896912477955986e+00
-6.548528011554521910e-01
-9.350633861712287498e-02
-8.939910057521416320e-02
-2.311495753352148519e-01
4.129249884729042641e-01
-6.866454729785682609e-01
4.567747740793537403e-01
8.291073851675356821e-02
-7.475613397547258288e-01
2.850251003368863500e+00
4.905536246956490487e+00
4.869989906817403735e+00
4.721607796101507049e+00
2.502503733021722354e+00
1.651902591151454658e+00
2.788378013076695083e+00
-2.932678402979398413e-01
-1.519061822915997340e+00
-9.393037401877144532e-01
1.636245971055490855e+00
2.112770121926470068e+00
5.768258023891448261e-02
4.514327796693642370e-01
3.827715193524355186e+00
7.912107373912576236e+00
3.196909254869289896e+00
5.505823506811154289e+00
6.984124827646212452e+00
6.720773327599800950e+00
5.357946026670617812e+00
3.663979167154082006e+00
5.248588862793042153e-01
5.060443786679655886e+00
9.227296397532640526e+00
5.438783228919632506e+00
2.848433400164125828e+00
2.841255499425500375e+00
4.591284357317704234e-01
-6.818811195642538792e+00
-1.650438324935386447e+01
-2.210840463949433143e+01
-1.810610283156596978e+01
-1.119943162528113589e+01
-8.124476642605195309e+00
-1.383853367230486242e+00
-3.828280302777617550e+00
-2.236452452119690903e+00
-2.017590765049003032e+00
-3.333322238380780789e+00
-4.667460459675374373e-01
-9.481839366601583219e-01
-2.103237892607607851e-01
1.782208348202294346e-01
-4.991549303752531586e-01
-9.312346979428804961e-01
-1.716169787625603682e+00
-9.672275352371006996e-02
2.181272038583390582e-01
9.445727086991029253e-02
-1.160138583957965874e-01
2.070672452337551928e-01
-8.327410472562291055e-02
5.492010557208115706e-02
5.282706011726072681e-01
5.457102197958005885e-01
8.208500829228801976e-01
1.773349431976110724e+00
1.443272097977518431e+00
-4.277501004038946064e-01
-5.676031686658520314e-01
-3.483159262469653683e+00
-8.937279098825543500e-01
-6.538945766363177814e-01
3.786892805013915009e-01
6.158322370174309501e-01
2.686521084553206151e-02
1.869123888983458937e+00
8.423536091794782132e-01
-6.224409570461916230e-01
6.984160011437442472e-01
-2.613647138036839124e+00
9.767950087432142325e-01
-1.734834606830790715e-01
7.429293519650604916e-01
5.279341317416147428e-01
-6.577378244580187605e-01
1.250434276013657475e-01
2.855609312559693747e-01
-4.845386889584624157e-02
-7.925517961354944241e-02
-1.322926162899250302e-01
-3.564902154323323913e-01
1.610841711326929659e-01
5.855307340960360651e-01
-3.935980450088926719e-01
4.630495232762736335e-01
-1.016851654336564659e+00
4.296094915326005292e-01
-5.863566238371348271e-01
4.075457228604389415e-01
7.368199936451266252e-01
1.454451918324954907e+00
-1.873098349091320447e+00
-2.958159026366120603e-01
-4.008724917734545201e-01
1.383945874065007908e-01
-2.310501621796273164e-01
-4.725497602035854117e-01
2.698127260422772400e-01
-1.613852444742764902e-01
1.571531666410245220e-01
-2.448233673263042753e-01
-4.594449477072948262e-02
1.200322252065901818e+00
-1.613447012860175223e-01
-1.082297833362371842e+00
1.500276420089583507e+00
-2.714579915916812691e-01
2.804934330201805937e-01
1.270510655900628949e+00
3.386961439020685916e-01
5.092572444044360935e-01
5.267578878578627055e-01
9.346260607510221696e-01
3.606225988558644957e+00
6.335747077339466848e+00
4.736696711781714697e+00
1.231726346357898549e+01
1.395795897865290414e+01
9.768137819270570787e+00
8.781932820202953849e+00
1.756369117592669227e+00
5.092135202954167994e+00
4.913987111286289178e+00
-4.948547129344532891e+00
-3.846955005377594716e+00
-7.087054107614576992e+00
-9.391717015193620455e+00
-5.372242710973146984e+00
1.510985800389761380e-01
4.818689356197367601e-01
-2.791973207438921634e+00
-2.977044045379301451e+00
1.074528232783102055e+00
3.972887315004669517e-02
-2.023666656270961539e-02
-3.031099516931512028e+00
-5.685679886303400821e+00
-4.959715055894569957e+00
-5.627291287869187641e+00
-3.780705992650378988e+00
-6.775280170858067663e+00
-7.028346871166430532e+00
-2.291769094179185728e+00
-3.020615097287831396e+00
9.262245681021366028e-01
-6.425115666995278030e-01
9.019491023844050659e-02
-3.392411969085828982e-01
3.340194269655010206e-01
-1.386991460171953516e-01
-3.284333706112452234e-02
-2.335234856490417954e-01
4.801660903882365439e-02
-2.430826136801667037e-01
6.135769940520159338e-01
2.391154480630394152e-01
-4.234293990964822507e-01
2.571911973802700757e-01
5.539056238279549405e-04
3.114172361281020152e-01
-4.427518179688432198e-01
2.519751234761000713e-01
-1.296992196507473771e-01
-8.588404198439985038e-01
-4.609818666644558860e+00
-8.259044197982499114e-01
-6.425023419919568823e-01
-6.051384221224971327e-01
2.538948524045032684e-01
-2.685317598457181987e-01
4.419793978825623526e-01
-3.810679840234492133e-01
-8.727402063217049033e-02
-1.668178685036020070e+00
-2.848676447378322152e+00
-1.003136144493989690e+00
-3.107300210964538678e-01
-1.260948830479973637e+00
2.330145907027285190e+00
2.758342055763531420e+00
1.537561889095824696e+00
8.540906391297227174e-01
1.224692194251800537e+00
2.403792213205370842e+00
2.071631910748369165e+00
7.237027204543990955e-01
3.987194280314776407e-02
7.523113685489679625e-02
-3.781711483653853456e-01
-1.222855096231167504e+00
-3.614258869872712943e-01
-3.466787545609584242e-04
-2.605339843798972765e-01
-1.261010860376385878e-01
1.538945925989301244e-01
-7.127965628790544628e-02
-9.971395239977312031e-01
-4.025887185536536350e-01
-1.619532640915005040e+00
2.745347554739323570e-01
-3.154034832357375251e-01
-2.265033932720026399e-01
-2.097857057187475505e-01
-5.968580143794728343e-01
9.985051020536808153e-01
-7.563171153163894544e-01
-3.090768496741657323e+00
-3.287562009792404538e+00
-8.470167967882424875e-02
6.399767138508014597e-01
-3.026330087182822481e+00
3.006707679656781096e+00
-2.286791105967754589e+00
2.626969791016643185e+00
-9.386331046113234322e-01
2.819880430584706943e-01
4.667212982767541263e-01
6.674344112309076316e+00
2.046519695298779595e+01
2.482485837622584768e+01
2.131602375755239365e+01
1.619949287920167791e+01
1.628872274572495371e+01
1.256901802113939937e+01
1.063815100882558795e+01
-9.657354114074934159e-01
-7.157745251548277565e-01
-2.040634066774416056e+00
-1.316276021042374111e+01
-2.123935831700697463e+01
-1.849174006059433140e+01
-1.546044128452223987e+01
-1.812790259969662898e+01
-6.501535072238034729e+00
-5.392371417398422295e+00
-4.832867247050518955e+00
-8.437966295747356682e-01
-1.229371044559995241e+00
-1.996540161460457874e+00
-4.016116841314756769e+00
-2.369854131404181885e+00
2.029789228997809225e-01
-2.866148303788836227e+00
-5.046605935054628844e+00
-2.770787055967085522e+00
-6.065517576830217195e+00
-7.001302540594373625e+00
-7.698593902662928201e+00
-3.213115391177339575e+00
-1.756520335884225403e+00
-1.344186179652602675e+00
2.245950176291351852e+00
2.012217577071361063e+00
3.753440512635400239e+00
4.981418987531828435e+00
4.148458796746901101e+00
-2.968106341646148394e-02
3.913309816494717097e+00
3.064112294538269055e+00
3.578836559347131185e+00
1.458593934362014011e+00
2.353923719346408205e+00
1.899379036781491337e+00
7.346717993307176897e-01
3.059016767361925737e+00
2.042209833802109742e+00
1.146718838010756691e+00
-1.833183878635948894e-01
8.901830538317718755e-01
1.353283492403043242e+00
6.799090446886379979e-02
2.007350238271241594e-01
-3.865010693585810841e-01
-4.592795968595666523e-01
-1.952502675623666306e-01
-7.483330314083902479e-02
-2.217263541721981479e+00
-1.228050644888168064e+00
-6.763130889084822961e-02
-5.855088609370129316e-01
-7.472111040319195929e-01
-8.050352260064239651e-01
3.991120711015438971e-02
1.323795606696505089e+00
2.798632194578608345e+00
-1.305239102535457718e+00
1.159036591438649122e-01
-2.103246009020115492e-01
-1.177882363917269748e-01
5.304556044023167605e-01
-1.382984820270586335e-01
8.142501417254517371e-01
4.992254536305529289e-01
2.997024273721821119e-01
6.164712546173263252e-01
1.795006743553667850e+00
9.276881889804799997e-02
2.347326060321952568e-02
-4.043511074171726172e-01
1.485406384960508142e-01
-2.426635817888684876e-01
-4.385490156150240182e-02
-3.232290673349500487e-01
6.647658192552974299e-02
-1.562850766691550319e-01
-1.678215668927109938e-01
3.586217329482277449e-01
1.467420754128094806e-01
-1.041470624960663116e+00
-2.219716867943035687e-01
-3.046330154420922032e-01
2.788554292364719966e-01
-3.881194298455132863e-01
-6.116149329525610856e-01
-1.877807335769665853e+00
-1.801757923146448226e+00
-1.822300262367084756e-01
-2.042181161298702641e+00
-4.354227392025101118e+00
-6.805681938918541007e+00
-5.306075237096067099e+00
-5.774771881623767200e+00
-7.134824146943127943e+00
-5.208299627265894571e+00
-7.138752174784251281e+00
-4.143483017004811586e+00
1.024361043923377679e+00
1.469344211134384182e+00
1.839768046333240648e+00
1.195309853451674797e+01
1.868411025973934159e+00
1.862996607366156354e-01
7.857442505515553677e+00
2.733412126652314811e+00
2.595760534432969280e-01
-1.618794276293584744e-01
-8.087658573894884739e-01
2.997445831497969948e+00
3.078296843804182004e+00
3.755575695453524432e+00
2.609449947910272627e+00
1.383515471587086765e+00
8.286498319587156658e-01
2.434687460830937233e+00
4.614383104954855597e-01
1.629290579742669998e+00
1.185778709764850891e+00
6.990883993058325530e-01
1.999325899323793898e-01
2.590527799717186053e-01
-1.819305414530839604e+00
6.645305738633768833e-01
2.227114244770118656e+00
-2.149868533152201056e-01
6.781427193300009204e-01
-6.626241861427417668e-02
3.300415239469848272e-01
2.225294644954341483e-01
4.293300436618900928e-01
1.386295732007483128e-01
1.695548782849754854e+00
6.295535534529563826e+00
1.203894895463103687e+01
1.359546965884526415e+01
1.710611102701518149e+01
1.151943654085606994e+01
1.064490417788532994e+01
1.223648038510057745e+01
1.653496933231417643e+01
4.299269656304289811e+00
6.777332161289621126e+00
1.848227412387316804e+00
-4.616093645651588417e+00
6.725617622961138409e+00
-2.610315686768558407e-01
2.829693007350897460e-01
-1.298935603294793850e+00
6.945754877568504071e-01
2.275603355721145249e+00
-3.160311534936184330e+00
-1.237377549188359183e+01
-8.189200087413453844e+00
-1.817240314036547488e+01
-2.954603411048143613e+01
-1.556442622729754532e+01
-1.562228433960401475e+01
-7.776322668524054293e+00
-1.357490286560206094e+00
-2.515269715014749607e-01
2.313121567401932310e-01
-5.031990079169084140e-01
4.880963673575546835e-01
-1.040615455748495677e+00
-4.774414007490850764e+00
-2.687101804132443483e-01
1.688988189329818645e-01
2.147186841317176853e-01
-1.964594529751728658e-03
-5.380684183339703441e-01
-4.385948802613688358e-01
-3.059725514959557024e-01
-4.435396100678329345e-01
-2.920575271479864732e+00
-3.488281691543518193e+00
4.647090850689750141e-02
1.000615238787134764e+00
1.728279815483979576e-02
3.460113410937829315e+00
1.158439980691432503e-01
-1.585587581254319867e+00
-1.739335937669461707e+00
-5.402165649072387943e+00
-8.648920798137355703e+00
-9.639894843206889163e+00
-1.097127432548079184e+01
-6.018740627104882890e+00
-5.275934843305591926e-01
-3.097054677316833704e+00
-1.650293005056745699e+00
-3.445836965107112349e+00
-2.338273869468892485e+00
3.043119555126814646e+00
-4.491154812456130685e-01
-1.478084185715665910e+00
-2.133515055540300409e+00
-5.230612554577383833e+00
-2.763636088186068207e+00
2.280752388725396429e+00
2.005817255344396699e+00
7.909990387376666376e-01
1.403510701860966492e+00
-4.584407191536278958e+00
-8.689375473535818628e-01
7.312298860421648783e-01
8.013045556096543010e-01
8.284778781447478480e+00
1.222523673542357869e+01
5.442319203939376848e+00
1.307078285210534929e+01
1.153330039292353248e+01
5.938974976236575998e+00
4.313485570880784437e+00
2.264413012513148082e+00
-7.053140066748634363e-01
4.536572071896748937e-01
-2.886389536387422572e-01
1.103399167019319282e+00
-3.737852056183986194e-01
4.792219287361714763e-01
-1.486215111031162772e-01
-1.438726427586138890e+00
-7.251916789891226234e-01
-4.252419983384725377e-02
7.948640938910173093e-01
-3.765238042615760561e-01
6.923691016699138334e-01
7.473552621514882865e-01
1.503782203827338515e-01
5.861251886949347956e-02
1.165882482046149415e-01
-1.112181707408927411e-01
8.225156946161721327e-02
-1.971378788432143203e-02
-1.162177628069181456e-01
4.207822926577953204e-04
-5.680749428525377898e-01
8.944261408547633518e-01
2.714672297067527440e-01
1.521041230161794822e-01
-1.281771774410678244e-01
-1.107680686757025468e+00
3.725083682796244411e-02
-1.158180054837755213e+00
-8.091485329276202343e-01
3.983387450292390497e-01
8.004546595485965144e-01
1.163781217585666106e+00
-5.723473293617921120e-01
2.423504243957342041e-01
-1.121137396492934313e+00
6.152895606903966419e-01
-8.213696704668008719e-01
1.800965402218673628e+00
-7.399450276709995666e-02
2.873883335410915008e-01
1.092698326583137591e+00
-1.994584427514380920e-01
-1.296372576372629259e+00
-5.437434603580424408e-01
-1.914681433132628952e-01
2.050800913361287281e-01
2.748716025650752015e-02
-5.889563402930422797e-02
1.255318467548878658e+00
-2.454568252868608580e-01
-8.349023941598887610e-02
-1.130340621248407951e-01
-2.623591344348779608e-01
-3.991514701155145506e-01
4.214198905504681347e-01
-5.340362575123819289e-01
-5.903442650010619630e-01
-1.180254662895944273e-01
-2.184226460579374862e-02
2.764071250022583914e-01
1.477827386254670361e-01
2.494108372106113858e-01
3.673092298564468172e-01
1.666053881357607847e-01
1.722435591075649697e+00
-1.889345479262003469e-01
1.938500630060646657e-02
2.736118286056170579e-01
2.234413262504109099e-01
-8.023449620999656418e-04
1.746606612136174519e-01
-1.284435693249865951e+00
2.066198673356252069e-01
-1.591654474527883112e+00
-8.006528101391989782e-01
-1.188715966916366051e-01
4.331110894167320424e-01
8.389444139800992239e-01
6.053304921330491251e-01
-1.877822428552348599e+00
-8.802263885362153761e-01
-9.476121192758106826e-01
-6.931336830397558657e-01
-6.463457577130489184e-01
4.832358835095895699e-02
2.859252114862358418e-01
-6.047969080927328989e-02
1.346603722584283069e-01
3.655797642478204601e-01
5.967276833022712168e-01
-2.474586648364240915e-02
8.979660239887716777e-01
2.084813436253489805e+00
-7.940952883078560287e-01
1.067044824275825032e+00
-6.000567509915567532e-01
-1.706024011661100015e-01
3.113102384961647928e+00
9.281026934232574632e+00
1.346656724527025162e+01
1.438956343749846667e+01
2.004717914921581468e+01
1.026270933942803509e+01
5.659670659523584391e+00
1.627787792988567617e+01
1.507185623152710718e+01
3.234913662400103362e+00
1.134596363610512526e+01
1.747786590313936017e+00
-5.360427905194583786e+00
-2.791041543372401179e+00
-1.696252339007098442e+01
-2.129311442601442650e+01
-1.123888509849433603e+01
-1.322949910577498400e+01
-1.803114674390129579e+01
-9.014490667934310864e+00
-1.350053954030257053e+01
-3.362498067646241040e+00
-5.794556795422799667e+00
-3.888290958602000913e+00
-1.362486212005777908e-01
6.814298130905829254e-01
4.336087705115625468e-01
-2.839262977831250034e-01
1.694611192661943377e-02
3.082589622882411229e-01
1.167232204111373212e-01
1.045440258892774976e-01
-6.813193973676420767e-02
-8.587640442366828442e-01
3.142961507491406348e-01
1.078999885956527238e-01
1.745200369125297080e+00
2.497051015089639669e-01
6.181371453134765215e-01
-2.425554615841205575e-01
2.223005336995229619e-01
-2.461396308495569230e-01
-5.041076441604319669e-02
-1.296259316076320278e-01
-9.689655202802907041e-01
-9.936912764609762139e-02
5.408340758526503089e-01
-1.469472661744160247e+00
1.762168128446157223e+00
-5.616941082049866640e-01
-1.926760727736387402e-02
-3.368156782185569575e-01
4.388111808450441131e-01
2.501235576131719540e-01
1.124475919636444665e+00
1.427274830055085708e+00
3.799336309727996408e-01
8.111933577877517010e-01
1.158616294692309090e+00
1.818259773886275354e+00
2.499076509605369978e+00
1.744172762197891302e+00
1.547751521407224828e+00
1.530800934984268835e+00
1.124485205383592756e+00
4.557590708459901663e+00
3.984468524943054035e+00
2.309567060570991259e+00
1.239223975029808855e+00
3.068871454783881347e-01
1.156449183983063733e-01
-3.838830276810334396e-01
-1.776417159375625943e+00
-5.843844465895067231e-01
-8.456910873047540633e-01
-3.432043880625776922e+00
-2.564637860749769516e+00
-2.350856663275443736e+00
-4.504066095782293999e+00
-2.955836521854141807e+00
-4.844979001646752437e+00
-2.915578794268556262e+00
1.809749494865653396e-01
2.509725668655851116e-01
-2.254172809874677164e-01
-1.512865646070414183e+00
-1.682735980538926812e+00
-4.714853506196607924e+00
-2.107493207731009122e+00
-1.469518908387978939e-02
-1.378004304035149730e-01
-2.982491193905251414e+00
-4.592758008551651727e-01
-1.985796741168044832e+00
-7.196856663604229709e-01
-1.068071157825681183e+00
-2.108393764161824890e+00
-9.996886704090286457e-01
-9.303667893152329782e-01
5.990384654356972760e-03
8.593699884868648553e-01
2.378329490834580895e-01
-4.972915491154346057e-01
1.622539180556128002e+00
4.770071844056680277e-01
5.957887677978277452e-01
8.053615378275473802e-01
1.064799482942301978e+00
1.102674958223177626e+00
1.196719521125585217e+00
4.391085417221773923e-01
4.612255440216521230e+00
3.645631687366535090e+00
2.235963724012026699e+00
2.116152468729446845e+00
7.422595714394604194e+00
8.506574976427284440e+00
7.692531856734717621e+00
7.355664709869511597e+00
9.099369949170359462e+00
1.304728281867397754e-01
-3.470690261791979481e+00
-9.289992779743769802e-01
4.822379350615349836e+00
6.548535579728195444e+00
8.083315280845411621e+00
7.205135377589336088e+00
4.959152774428986277e+00
2.558608322507083699e+00
1.497598868047518295e+00
2.299058758060027685e+00
1.389530350624610833e+00
2.400065667209716480e+00
1.468824800563353961e+00
-4.786224969307554034e+00
-6.211957476416557711e+00
-1.514215307645569908e+01
-1.566284060850751558e+01
-1.255411356846350657e+01
-7.128020586343428278e+00
-8.903247958816145058e-01
-2.440122926620098553e-01
-4.813938869721383185e+00
-1.353484268215998654e+00
-4.698483012444049756e+00
-5.590212745130608063e+00
-3.246726222599677136e+00
-1.211361451937818190e+00
1.839656812312906453e-01
-2.688275524731382760e-01
5.758892020848054294e-01
6.115562162807939295e-01
2.095830042170664154e+00
2.007782769726768723e+00
-1.409879238813181335e+00
-2.000826288251754903e+00
-2.553980678666771809e-01
-3.845828040851213547e-01
7.753027776898584467e-01
2.462586891154310287e-01
1.307086204564379850e+00
-4.056747828928311539e-01
5.137317381136903560e-02
-5.118195563418124205e-01
1.146128672099744117e+00
5.122090438341886376e-03
-4.375643148990006059e-01
-2.368061462918505944e-01
1.301393811324206840e-01
8.647235148843470665e-01
-2.675952265092896853e-01
1.054794892563895026e-01
-9.149715736045882508e-02
6.873873082769899057e-02
-3.701074945718109688e-01
1.917858580420259140e-01
6.128842794898186064e-01
-5.022835679942628806e-01
-2.933079768692714584e-02
-1.121165117070715422e-01
4.129609641592786873e-01
-1.559336084651742338e-01
-2.933141852488974632e-01
3.738401681712507085e-01
-8.763806728040390848e-02
-2.882859023949185251e-01
1.515450875815001486e-01
2.319767941587511650e-01
-1.901364899243841444e-01
-1.880099842279005506e-01
-5.475280544183167564e-01
3.856250307802990829e-01
5.018858279625924013e-01
-1.672206803611867576e-01
2.233324812218551170e-02
-1.149794859935803215e-01
6.339494871471340609e-02
4.022750856801299291e-01
-5.710204474058576674e-01
-7.685740981094641988e-01
-2.014101887250565048e-01
-1.173300529443291884e-01
1.690457341313260087e-01
-6.110655675363224626e-02
2.184553950769711483e-01
-1.973998142317590077e-02
7.924449314056175586e-02
-2.473867639571354360e-01
3.314171703844436268e-01
-2.610330327819248009e-01
2.491229960184996317e-01
5.276580400952146643e-01
1.933319679938694247e-02
-1.985726786082494810e-01
-6.485028293117194031e-02
-1.861581944801786181e-01
1.669450055887823359e-01
-2.082913405592273504e-01
4.534074987762051201e-01
1.021743396778505009e+00
4.078697091369039018e-01
6.734344501855376031e-01
2.081013353242435748e-01
-4.913965347383530968e-01
-1.282667110181302528e+00
3.898368712362525468e-01
8.815080639172516719e-01
-2.348678068799641139e-01
8.673880582704738273e-01
-1.006721966283661507e+00
7.007844588688685317e-01
-7.427111396333647697e-01
7.033463120568592686e-01
3.833613390206509486e-01
-1.785845901922808121e+00
9.326002565373252562e-01
1.186989692665438190e+00
-1.379748168567704658e+00
1.014093763368997259e-01
2.421738563652280352e-01
6.640198092841411714e-01
-7.671189407639955604e-02
4.764643238364416611e-01
1.303754367848262596e+00
-3.437067104346320789e-01
4.400051475913002719e-02
9.438105442613222706e-01
2.519814739728722941e-01
-3.068164625281539770e-01
-2.000682597076149705e+00
-1.904936568722054524e+00
7.244269348812149012e-01
-9.994092053618548466e-01
1.202671628344894605e-01
-8.348871416243882626e-01
6.295928799465648762e-01
-2.842248982172101979e-01
-6.339203170786694708e-02
5.132244042116298477e-01
-2.870527040245284267e-01
-7.027953951982457426e-02
-2.135192221675449309e-01
1.369056350583603976e-01
-2.273555017132493639e-01
1.432612690188017623e-03
-2.764878819539069998e-01
1.499494167182960705e-03
-2.099240012454764437e-02
-6.575313025579280178e-03
1.586112914163270715e-02
-1.255097216537463031e-04
