-1.177423391509321959e+00
-1.298279380121586613e+00
-1.130467663376169440e+00
-1.271688030740474318e+00
-1.179599756623954221e+00
-1.235525648697919365e+00
-1.077013820290700252e+00
-9.698282364885919549e-01
-1.031680431132890874e+00
-1.000961054922765214e+00
-9.480201787607391850e-01
-9.835827612539098652e-01
-8.422102948399334821e-01
-9.628516838251997001e-01
-8.542578750943832233e-01
-8.798457528429821650e-01
-8.144518261332329701e-01
-7.057109207094320880e-01
-7.385216976627582142e-01
-7.545975899257726383e-01
-5.561990073799769618e-01
-6.375294400962516761e-01
-4.931132535096303116e-01
-2.173817691281172415e-01
-8.496962763423816511e-01
-4.197591751331835042e-01
-4.850683522487919674e-01
5.747251699168742789e-02
-4.786508772142639145e-02
-9.890140140124259460e-02
-2.437670583850604089e-02
3.140004170286090357e-01
2.098389799441093828e-01
1.542034873603448375e-01
8.150314230608621813e-01
2.422858380958636815e-01
3.333365623057069627e-01
3.612687329944108683e-01
3.511016458816200725e-01
3.835203883565050376e-01
1.931053717324076047e-01
-5.848250061222159957e-02
6.669894566008593983e-02
3.832909387306209226e-01
-1.652298657367552437e-01
-6.933825538196103366e-02
-2.024684019141602676e-01
-1.230591618143961341e-01
-1.785027079607104383e-01
1.941617955701566700e-01
-2.164715934353083071e-01
2.975991055605540225e-01
-5.227625168685747781e-01
-3.430441528018874919e-01
-4.953082067216989515e-01
-1.351410094170155674e-01
-3.762803474009324134e-01
-4.066559946597472219e-01
-3.192190743003351372e-01
-9.791712108209082999e-02
-3.307296900152358887e-01
-3.822618612896064860e-01
-3.716745953274980252e-01
-7.431249618157522718e-01
-1.823730161434440333e-01
-2.711466955351014008e-01
-3.501261039019496479e-01
-3.351956440087917599e-01
2.966264051580793648e-01
1.412029577225766275e-01
-2.892674120310800845e-01
-2.478636946916452644e-01
-3.636274144099971295e-01
-1.233828198799571396e-01
-9.822504702209755578e-02
-3.541828383697449567e-01
1.797291979619330959e-02
-9.295615546744073754e-02
-1.219027636416569749e-02
-4.846759179221038494e-02
5.974213449342613558e-02
1.215792218347147013e-01
4.793333814454143749e-01
3.092785176475274511e-01
2.876738000114329452e-01
2.201923582679441438e-01
3.307425920030908628e-01
2.672704847506324199e-01
3.605036148726696865e-01
2.552964616581832047e-01
4.448186767803932185e-01
2.995720638397685320e-01
2.970757645617823073e-01
4.304047065934710758e-01
2.239038451681700792e-01
1.153952774295419204e-01
-7.687917119692144752e-02
-1.757443324922505212e-01
4.322859824211136015e-01
-3.196317920397611090e-01
-6.079470487872669082e-01
-2.280299018901743580e-01
-9.006005983503939660e-02
5.478803162994694276e-02
-2.896134832437979867e-01
-3.736221100449839128e-01
-1.562578216353216476e-01
-4.441757047271224224e-01
4.443718287528781730e-01
1.410900001564243667e-01
4.297215754019418910e-01
3.961586746167284900e-01
2.668569428215761263e-01
3.868419918791765610e-01
4.626194783316712744e-01
2.412479849694157963e-01
3.935650555497574032e-01
5.077063856506498496e-01
-1.968312931789171216e-01
-2.915181587799224872e-01
-2.545385910706059462e-01
-7.385730851938987485e-02
-9.362884164807638854e-02
-1.441276559037909522e-01
-8.881334443739064000e-03
-2.782346304396803305e-01
1.407186557161210771e-02
-2.418560583049647050e-01
2.707725713175079818e-02
-1.561384900028599532e-01
3.232526709483458660e-01
2.882349832826953673e-01
4.776202007337282396e-01
1.995828468384672760e-01
2.858441347637352692e-01
3.503567234150928300e-01
3.225494358544800377e-01
3.409628187610920236e-01
2.465460989020513694e-01
4.157160989065467049e-01
8.491515371931654954e-01
-3.518727415831826022e-01
-7.273893508132225350e-01
-1.679903442831971461e-01
-3.049135006935088654e-02
-9.083696508108474177e-02
-1.469288674790263372e-01
1.833139739705558213e-03
-1.745054602866922266e-01
-1.092283917263401349e-01
-5.583379904905427793e-02
-2.166577953052346572e-01
-1.112252829333968407e-01
-1.164605645755898422e-01
-1.099417392400567905e-01
-3.225528834082069807e-02
-2.612520922913823540e-01
-1.468885176987733132e-01
4.340202067947274145e-02
-6.912881289683525665e-02
-1.402994541001163498e-01
3.814699012512932086e-01
4.596890065466254782e-01
2.927694595962044843e-01
5.262273891257152059e-02
1.034681324485298148e-01
1.238151496775010685e-01
2.356997214179159528e-01
5.125552435261688800e-01
-3.910380380183049454e-01
-3.795744563770711011e-01
-2.568292202721877970e-01
-8.431193781584056524e-02
9.118331699233550580e-02
-4.671616679526984228e-01
9.666046433366659585e-03
-6.061711620808054590e-01
-1.809609138395664729e-01
-3.785809253562923971e-01
-3.804796999752788622e-01
2.750642824722149271e-02
-1.918680977881628280e-01
-3.088978410846969780e-01
-2.039711923734230936e-01
-1.128943035101315218e-01
-2.816010258945524924e-01
-2.301582639598649394e-01
-5.463499521674464177e-02
-2.526033247011412186e-01
7.867114761930338318e-02
-3.226409018972233866e-01
-5.867407053951936291e-01
-1.906724778523098962e-01
-2.794615001980105262e-01
-7.725446714820094485e-02
-1.033105337751152319e-01
-4.034600681501672170e-01
9.029469795392586207e-01
-5.613156131295369278e-01
-4.170399083268065965e-01
-9.679488970411753712e-01
7.384361096468623487e-01
-5.909983242323519903e-01
-1.340474480028319704e-01
4.395516354362030143e-01
4.811776891519841115e-01
5.532434886582251465e-01
4.859341207293610410e-01
3.840598995563695439e-01
8.529205591034383360e-02
1.716931185673686855e-01
1.916440261977001569e-01
-2.566712989501240827e-02
2.702773566534943939e-02
2.919069075041846872e-02
3.373688609662224280e-01
-1.635862839351602815e-01
-4.049195363086965926e-01
-1.914768565533933042e-01
2.611678871661382573e-02
-7.429076330384276616e-02
-1.903922718577035766e-01
-1.436351000661133526e-01
-1.127794862458699754e-01
7.750630461400831450e-01
3.925927654609751016e-01
3.399926160820569976e-01
5.161899891566932297e-01
4.726682420702026377e-01
5.824984804235029401e-01
2.880660363344951236e-01
4.519930191893202220e-01
1.157035218445042091e+00
-2.079042770667243190e-01
-3.458225621989434728e-01
-4.670673729641059424e-01
-2.019755774819387284e-02
-1.645651305678796916e-02
-6.820250486114787236e-02
-3.098503844174977928e-01
-3.983396600105493235e-03
-4.021439559627992821e-02
-2.169876013044529373e-01
-4.961910662358093305e-02
-1.024010891802120682e-01
4.211249250160911117e-01
7.470157936503802887e-01
-4.828907583561203865e-02
7.398250555080672086e-01
1.107168190592624057e+00
-4.896093597847333001e-01
7.367751875838379760e-02
-7.154376171496110715e-01
-2.340016677836764813e-01
-3.358027724092593758e-02
-4.700237490053602585e-01
4.022611937120323944e-01
-3.444514609003910266e-01
-2.207168706158171290e-01
-1.356407453010852748e-01
-1.753994614908442884e-01
-2.095621990216116615e-01
-3.308024304520635894e-01
-3.445663441383004510e-01
-4.980498370340669112e-02
-3.281013130867052041e-01
-3.224825635362869036e-01
-9.979708452834756827e-02
-1.532188456188343650e-01
2.663961102405210113e-02
3.893971969364855568e-01
3.457367726602846858e-01
2.369499392432565799e-01
4.974564566107986252e-01
2.324239085801913518e-01
6.235228345351409018e-01
2.290595990785782021e-01
5.110173724753934721e-01
2.798686025227326013e-01
2.516908359850518195e-01
1.585346300797745300e-01
1.053778563651125211e+00
-8.287291667243934512e-02
2.400337019976461761e-02
1.807871552816102678e-01
3.263543106902808688e-01
5.069273019923663526e-01
3.682014826571631261e-01
4.036280796082927225e-01
6.670988658047676267e-01
8.762829031042684846e-01
9.697325938924272748e-01
9.750286243062085134e-01
1.136737298108116079e+00
1.020647683166547637e+00
1.197293506696002652e+00
1.316405922780141680e+00
7.956319799411097904e-01
2.133944180630713561e-01
2.251325880401715551e-01
3.629737192052928663e-01
1.227957403816954951e-01
1.976145701054381476e-01
2.031148784919700745e-02
-6.747605579661630770e-02
-2.478295770612888305e-01
-2.754524385010235221e-01
-3.800816195512766171e-01
-6.936127605799633500e-01
-4.809360248481517885e-01
-6.698530346105151523e-01
-7.560505306838116724e-01
-3.229457531079802379e-01
-4.456842631901984930e-01
-5.978609155568790356e-01
-1.191347668535769344e+00
-5.002541733583392158e-01
-3.458090695717181973e-01
-7.460010819070497234e-01
-3.978053901535112402e-01
-7.382377302810034791e-01
-3.771037783226027784e-01
-3.451106791718849820e-01
-6.215217951339830904e-01
-5.626584797190261611e-01
-5.827165099969420226e-01
-5.099483206952903913e-01
-4.925770224035233014e-01
-5.754229236067338604e-01
-3.632815401317088799e-01
-4.527142604923071190e-01
-3.118186418943977856e-01
-4.376706687639497773e-01
-3.825527829007597802e-01
-4.450247739713546480e-01
-4.814094838563427459e-01
-4.184803886188568356e-01
-3.023644671309320131e-01
-4.298396342507118106e-01
-1.555897458603539008e-01
1.584988045586754879e-02
4.828697821529317480e-01
1.541430670294019478e-01
1.082816768108578742e-01
5.264574149899594602e-01
4.978871488173801652e-01
1.028274371350047289e+00
1.456439369270782436e+00
1.222291422257018922e+00
1.311401055084132850e+00
1.493599286213374455e+00
5.276295228194811671e-01
1.951227899013794342e-01
6.790169891967714477e-01
-6.175592339948465792e-02
2.674996303701604461e-02
2.315735997988994654e-01
-8.778221524626061978e-01
-4.974709099581779981e-01
-4.707919742258042106e-01
-2.873343382798765333e-01
-3.585048180483134672e-01
-4.356989992802482448e-01
-3.511220898662870127e-01
-3.466348218007198057e-01
2.985434204604331399e-02
5.985069338995430144e-02
2.895012407090575834e-01
3.191984055999910197e-01
1.870727082785279549e-01
4.850000238637406369e-01
2.849976320317786360e-01
2.272153646734587085e-01
2.946878370111036816e-01
8.210393315004935744e-01
-2.959202575778014932e-01
-4.010427309656705575e-01
5.333514082802039979e-01
-4.522557473811623652e-01
1.980267858683504301e-01
-3.438624590422278970e-02
-7.310422789223380846e-02
2.419894929492727442e-02
2.351212695984372658e-02
-2.735119321762624622e-02
9.633822239258904574e-03
6.966979632269953981e-02
1.925065310702223087e-01
-5.785376425492501085e-01
1.905360441051477949e-01
-4.139760116432853465e-01
-5.015147286198384791e-02
1.107396015219173080e-01
3.826948130080189969e-01
2.714095443382085193e-01
2.605229436550438038e-01
7.978365530751219126e-02
1.585858854482928848e-01
-5.338468543671126554e-02
1.667524775162831929e-01
7.621094886495782816e-02
-1.678674645107740560e-01
3.446444841275884130e-01
-5.149075815918990884e-02
-2.260885429851811068e-02
-1.954784586778046673e-02
-1.289500759468076296e-01
-1.917942396370158065e-01
-1.095081611027914903e-01
-3.269459339117055663e-01
-1.401485042739594178e-01
-4.114639276635614351e-01
-2.215522677927914685e-01
-3.248113622174528814e-01
-2.838833119178438835e-01
-2.884342280157383698e-01
-3.514195597629736767e-01
-2.125784523114795377e-01
-2.364825760198385751e-02
1.077482423631224151e-01
3.667653761639044774e-02
9.975547357232628087e-02
2.883306368735460978e-02
-1.137421824982745022e-01
-1.867655647265991092e-01
2.653559602057349309e-01
-9.572119484964183300e-01
1.928962356810473011e-01
-9.496378557031448508e-01
1.938136875692357819e-01
-6.547250328947917808e-01
-3.490843159781285010e-01
-3.482277139588987325e-01
-3.973337395788973936e-01
-4.213779564345543349e-01
-3.390266100520626935e-01
-3.959584566796756633e-01
-3.123287737648468010e-01
-3.615130631682816897e-01
-4.467289985986226952e-01
-6.102150633132765734e-01
-1.993139183513505941e-01
-2.352776254096902164e-01
-4.101165202967749224e-01
-2.636999411529927784e-02
1.171031582032924234e-01
3.282979128954366388e-03
-1.244691961933597213e-01
-3.883308241204659339e-01
-2.887563211497976567e-01
-1.073003315373526334e-01
-2.073963039553703425e-01
1.090333804727876554e-01
-2.603345946924591203e-01
-2.174669947341101306e-02
3.435056499079536252e-02
-2.249214136123072194e-01
2.814227634257804311e-02
-9.306775129011413128e-02
-1.013857828883004686e-01
-9.454455465897382282e-02
-1.383311623512781807e-01
-7.555500452309615866e-02
4.313526282501101150e-02
-1.859004178553362863e-01
-2.628356096206800885e-01
-1.551111206506305962e-01
2.248058549105138582e-01
-9.297263135496791620e-02
-2.382485324952838823e-01
1.063495678888415341e-02
1.980907454560281167e-01
-4.685574447787672625e-01
-4.841294056522116307e-02
-7.590544167953794386e-02
8.904438548399440378e-02
3.132119326777882407e-02
-1.560399489805348594e-01
3.136150653995812831e-01
2.742829981506886838e-01
9.606289799273071139e-02
3.236379314071058388e-01
1.207437629036007820e-01
3.936536983478262641e-01
1.924884465507616937e-01
3.861346970947394652e-01
9.269765145889010682e-01
1.425428064446268905e+00
1.442344246829406984e+00
1.498416474166237577e+00
1.394098958456353898e+00
1.065390705363626012e+00
6.201189243462543743e-01
1.363445685135470598e+00
7.427474644230187550e-01
1.010131643313407324e+00
5.076585404749778263e-01
1.904166873336947674e-01
2.154142949455426503e-01
1.589734416935577599e-01
-4.263156578191740209e-02
-1.057389526293768256e-01
-1.784849780703652300e-01
-4.552339292431888396e-01
-4.315008642263364891e-01
-5.421161535049741076e-01
-6.183106369425779292e-01
3.196675242794100313e-03
-5.964713025263179702e-01
-1.195304703989208406e+00
-1.062056562249974689e+00
-6.352338104161816545e-01
-8.468915449274625473e-01
-3.707856208221045335e-01
-7.617353427050588266e-01
-6.014963173566378885e-01
-3.535467015781605937e-01
-6.728440369610453331e-01
-4.709687195740315246e-01
-1.820232231327985062e-01
-3.004670592582492361e-01
-3.868596939314734584e-01
-4.042610462833344798e-01
-5.813467920241990328e-01
-1.876620636262629205e-01
-5.681749755961007509e-01
-3.272986032043192495e-01
-5.615302310300904765e-01
-7.784750402504414524e-01
-4.988834993936066553e-01
-3.535064376843166656e-01
-2.568110758295603091e-01
-4.476928289913075787e-01
-5.040654781079680902e-01
-4.699323953207823479e-02
1.466759488357496366e-01
2.754875361559854241e-01
1.566537673056700442e-03
3.741901602289487982e-03
-9.276860037027745420e-02
-1.877089093360808647e-01
-2.601556600483050374e-01
-3.986109304599096959e-01
3.911044659874605145e-01
1.726864358683712908e-01
-2.487806478255052411e-01
2.646348024563138779e-01
1.600118713052935959e-01
1.524657906681170516e-01
1.806850320685100542e-01
9.067882628454526639e-02
2.811182858199146040e-01
2.536380008623453364e-01
2.490859684056090373e-01
7.250959560407466142e-02
2.788415068565228694e-01
7.052418763635870391e-02
9.977213747873747707e-03
-5.059989605329207052e-02
-1.659510154628094369e-01
2.306830155450541042e-01
-1.331674193463001643e-01
5.704993400008362414e-02
2.546101564816680707e-01
2.230322465710798951e-02
-6.811592684582734591e-02
8.862982733980828698e-02
-5.693026672677419242e-01
-8.470714288250320578e-01
5.381896246720430099e-02
2.693838967485291391e-01
1.545787883935645368e-01
-4.019535073543494264e-01
-1.106308020286661531e-01
-1.053131811219429892e-01
6.714569682163329389e-02
2.106833571893261592e+00
2.355469873376705436e-01
4.413188924800692803e-01
1.113211865474497131e-01
4.001461578538965114e-01
2.373163086535186039e-01
1.402705521288112323e-01
1.171277705643305467e-01
-7.039895558443021173e-01
3.028819350444180714e-01
4.968773857946473527e-01
2.351444049195663411e-01
3.221427927733984120e-01
4.878214576135739833e-01
4.446442320618366750e-01
1.007605698893172530e+00
1.160036766647312589e+00
4.372572683424209572e-01
2.781797062490873884e-01
2.432293286434266122e-01
4.672793417041702924e-01
3.578924264703253755e-01
5.796032912678121818e-01
5.644528605725653847e-01
9.556785299735963690e-01
9.846778760955139376e-01
8.287029999533324087e-01
1.230394293498999758e+00
8.946312088495247394e-01
4.949601040637858773e-01
3.062320961269868747e-01
3.412119283154630978e-01
8.089982832732118823e-01
-3.402883059653234454e-01
-2.307227657062576043e-01
3.340603382934119736e-01
-3.698147888558445118e-01
-2.504227032424921617e-02
-1.898358859941602361e-01
-3.687151026203387971e-01
-3.440324216929369072e-01
-3.925194886259788518e-01
-4.236251273037403564e-01
-4.195152588462427445e-01
-3.181898120760635607e-01
-5.320528921632430297e-01
-4.086774845571667925e-01
-4.660796238310176420e-01
-4.545470233826236495e-01
-5.360825988363728811e-01
-5.135499218252199682e-01
-3.862171739755453359e-01
-3.522994672871959665e-01
-4.901798894398936568e-01
-2.179563745327897095e-01
-4.171260591017826869e-01
-3.455786645280802816e-01
-2.735255055699674642e-01
-4.063745315708366945e-01
-4.982147356256874104e-01
-3.746416167676187570e-01
-4.332568501477744860e-01
-1.721179393689027393e-01
-5.096500678139115337e-01
-4.115892352517747099e-01
-3.581295759103113596e-01
-3.186437043014223036e-01
-4.114646578797191978e-01
-1.822301812159423662e-01
-3.746918405176877798e-01
-4.047231641777599975e-01
-6.315024697697708689e-01
-2.167665000231977501e-02
-2.025761123857307666e+00
2.462333568783108717e+00
-1.871820525555776271e+00
1.192100233971544299e+00
-1.607048393169847600e-01
5.325848097801042513e-01
1.136256380011957390e-01
3.126244017260475516e-01
2.846741591179338116e-01
1.696313350593214864e-02
2.613376171428427597e-02
4.791122319946339303e-02
3.331560339444123997e-01
-2.645401901262545152e-01
-2.375084083878320484e-01
4.213920710108496337e-01
-6.086655992274359050e-01
1.994463096726875051e-01
1.996018166943542838e-01
3.595605243882005198e-02
3.117137864393413338e-01
2.038459320994299162e-01
3.871010871846927159e-01
6.771865490815898170e-01
6.349099794245880446e-01
7.764741270236399373e-01
8.712341205725664395e-01
1.023922593727075281e+00
4.906759324168419312e-01
3.653218830367102044e-01
2.616745556917976501e-01
2.666510482383266378e-01
-1.266120757085680282e-01
4.063201795969462182e-02
1.028928789761849316e-01
3.589571524779806566e-01
2.335965485089168681e-01
2.988053857257035872e-01
5.046673897006250797e-01
8.631090184792356013e-02
3.366774029629198139e-01
5.001194381061573324e-01
7.478800177970299501e-01
8.523939358558720869e-01
1.364607327842279005e+00
1.082248146572155179e+00
1.567259458163878350e+00
7.810853824743766438e-01
3.679132048721029946e-01
2.020349494522157840e-01
2.052481509047581199e-01
1.569649657585117097e-01
4.753276329786615406e-02
7.694498831003215855e-02
6.879879339018657447e-02
2.641548151380206377e-01
4.101959913301911342e-02
1.059072801204639092e-01
-1.981934996473704302e-01
-1.422257888365940914e-02
-4.215092422105826131e-03
-2.415566068537753353e-01
8.222960398737200194e-02
-1.433590448387107585e-01
-1.185264068636016077e-01
-2.505757656117602039e-01
-2.797005707693216436e-01
-2.667964048400470745e-01
-4.006033048237220839e-01
-5.072906974719977313e-01
-3.678421491437902091e-01
-6.233513601489342193e-01
-5.020062287538173962e-01
-4.097524745047635975e-01
-4.133436151084772803e-01
-4.055793671515530718e-01
-3.739151963405689116e-01
-3.274818918497217624e-01
-2.816553726607047281e-01
-2.493781373922345779e-01
-5.886355046900355603e-01
-3.704166622737616876e-01
-4.065194453998657309e-01
-4.229887582538793822e-01
-2.971228948227988553e-01
-3.830727410567718039e-01
-2.910128504284017481e-01
-4.246833801271101549e-01
-2.955774760484111141e-01
-3.172966258401324069e-01
-3.777076516099917569e-01
-4.005927249457386097e-01
-3.764774609979752995e-01
-2.346645533402842432e-01
-3.241597302685796933e-01
-2.135662111884535364e-01
-2.591050824768466043e-01
-2.387089243222675350e-01
-1.630688631590544446e-01
-4.787448679957044817e-01
2.190392785615316029e-01
-4.692973414541405930e-01
-1.320061806056145315e-01
-3.125605274538791889e-01
-2.029604608728163839e-02
1.932323053951350289e-01
3.734494333040530023e-01
3.092452850035165568e-01
1.802952914777122828e-01
1.515677301097184682e-02
1.690469298801708931e-01
-1.238271956833152387e-01
-5.361794840203160106e-02
-3.254962074750622492e-02
-6.219230435944211877e-02
-5.374004775858054472e-02
-2.924110419737147026e-02
-1.710134284642386149e-01
1.119666656356770318e-01
-3.296142423775769714e-01
-2.592143765575727343e-02
-1.140178791718540197e-01
8.896657984458045121e-03
-2.246196042513552982e-01
-6.070432835954164830e-02
-1.181657955863499865e-01
-1.337341938533853636e-03
-9.120806420861882202e-02
-2.037932705445655301e-02
7.291170500166543889e-02
3.313851368338482928e-01
1.527698210978982729e-01
4.793298770831100342e-02
-1.590413957484386742e-01
1.136860122230842762e-02
9.132094200021256825e-02
-2.064862261479518679e-01
1.347454349243371041e-01
-9.038279275354810238e-02
-2.138401668643297171e-02
-9.491033082770883311e-03
4.393089433612828998e-03
9.410515212527315043e-02
-8.419298080590209565e-02
-4.604679023535140914e-02
1.102209211494198371e-01
4.680970485790538760e-01
3.041342290298274520e-01
4.573819593325367805e-01
3.501454607668463836e-01
4.576590210854085683e-01
3.064588735663988928e-01
4.821201562812973407e-01
2.941122414277934638e-01
3.450971331558605470e-01
3.096805736902261685e-01
4.352675770485490148e-01
3.713539891561623563e-01
7.276721530095393575e-01
7.299650037336675723e-01
8.175942499310338007e-01
3.715737430591943280e-01
4.255034096127126020e-01
4.109094397912400609e-01
3.778638931641360443e-01
4.137591973730145867e-01
-1.730810531643101058e-02
6.620787219256030198e-02
-4.670110217191947299e-02
2.092437067672499040e-01
1.179911402105062734e-01
-1.953820197001512327e-01
-1.989504158282535684e-01
-2.427477192415103957e-01
-2.572913818612541093e-01
-2.761235544988807078e-01
-3.058224384866434775e-01
-3.694409369817499567e-01
-2.805376973521518380e-01
-2.004216285352917737e-01
-2.705522891314835476e-01
-4.131060978311253962e-01
-1.309605236600290823e-01
-3.400114490518753030e-01
-2.038934715804536779e-01
-3.719900287149613405e-01
-2.810866391787882890e-01
-3.877168498918877049e-01
-3.613267668532991195e-01
-3.328545962340605513e-01
-5.210741956443989409e-01
-3.987998590148826850e-01
-5.504383355776454323e-01
-1.257641965122324734e-01
-4.621116858238458747e-01
-2.335326676193574258e-01
-4.510469202076237138e-01
-4.410114140757777079e-01
-4.085436319208248790e-01
-4.411423338617694867e-01
-1.092918183336131221e+00
1.026464899145096865e+00
-1.098918700582927954e+00
-4.286318634710610809e-01
-4.270527439089057964e-01
-5.266616563377759519e-01
-3.652959675050837518e-01
-4.180400922606750669e-01
-1.710612863582525733e-01
-1.604748489489509211e-01
-5.500227862237849763e-01
-5.318306605712947999e-01
-7.748534036354470800e-01
-2.382429593021129222e-01
-5.474456930389450804e-01
-2.058804678873187299e-01
-5.953014299637402473e-01
-4.196355444337243057e-01
-4.484071529873361328e-01
6.368313046118529996e-01
1.757180789722454506e-01
2.325388924178142247e-01
2.364331091437463783e-01
6.541306281551584334e-02
1.372754470952060046e-01
-2.261920034658331247e-01
5.341817403085968863e-02
4.919035691086577344e-01
2.912746946357813727e-01
2.782442076382665164e-01
4.354867982526613446e-01
3.795459134425769321e-01
-7.590008624481470179e-02
6.583963706884787825e-02
-8.057881575012260100e-02
-2.414935052053479581e-01
-2.754985785675501120e-01
-3.124332063692065731e-01
-2.881364872682041778e-01
-2.687508544857521997e-01
-1.160310468626022384e-01
2.156839313132721259e-01
3.037400113958241832e-01
3.540886812462318289e-01
2.144308957234741797e-01
2.067748813998875335e-01
6.413498322350861258e-01
-3.808152850943713474e-03
4.048270259648489855e-01
1.951563086709171557e-01
1.871263706525709836e-01
3.617607047437658707e-01
1.691898869304964137e-02
1.589209235187283298e-01
8.869437997723395029e-02
4.108023784083059127e-01
-5.347885727300649705e-02
1.701041375776810582e-01
1.621329657644707822e-01
1.991712316270941585e-01
-1.571646952292979904e-01
2.181471782428339168e-01
-1.367579479733045389e-01
1.658759959197126932e-01
-5.109398260255915147e-03
1.221697773340473248e-01
9.372735055546499439e-02
-1.660838525455829995e-01
1.273438500677528395e-01
6.312918011279222696e-02
3.592236621193656276e-01
1.539820420110871169e-01
4.454752551269436367e-02
1.173938514442376402e-01
1.285054534606651089e-01
-1.910209820033728079e-01
-1.463515136253121796e-01
-2.381860905474830759e-01
2.511978168951500834e-02
-1.415120666560660823e-01
-2.337977652485605518e-01
-1.111107137051376981e-01
-9.343635575263320447e-02
-5.735927394763606912e-02
6.691730400923034949e-02
5.176168383362522718e-02
-1.545659440900948312e-02
-1.723522552691036935e-03
8.344357065651308858e-02
1.268731939295975053e-01
-2.148700884137006994e-01
-1.254045827144985026e-01
-8.058707902609540952e-03
-1.516587858433453562e-01
2.199020470107626579e-02
-2.634572684183567048e-01
8.224223170150679607e-02
-2.705524723196575110e-01
-3.840051907851673718e-01
-7.246813565586762707e-02
-5.267199523663350647e-01
-1.571382433050914074e-01
-2.909027646507240661e-01
1.482628887840178322e-01
3.866514867936245992e-01
2.009574980068293826e-01
2.304878350882049176e-01
1.837340715789963497e-01
1.047071360188098765e-01
-5.029171191007009156e-02
7.577815301419121852e-02
2.228475861352308129e-02
7.979206806648164729e-02
-1.819728187869174008e-02
2.364777062164336030e-02
1.391535326862083366e-01
-8.910870846181495608e-02
9.671050314986473495e-02
4.890896025956692483e-02
2.220690484944185528e-01
3.527989104690369970e-01
1.079540001002179395e-01
2.645973074884864218e-01
2.643444716786298443e-01
3.130789474625217395e-01
2.714169428757813307e-01
1.708988929464290152e-01
4.409023854225360139e-01
9.676957127556953253e-01
1.174747899128192330e+00
9.696160450103725736e-01
5.956717135275795272e-01
1.324151655280196849e-01
2.923773848410675669e-01
-2.358069194893985809e-02
-2.353059474124314931e-01
-5.895024326863946840e-01
-7.479453725561775457e-01
-7.165423594689812603e-01
-4.950683370865398558e-01
-6.069267135201066310e-01
-1.742337473090564970e-01
-2.512256949764868352e-01
-3.183186796536396912e-01
-1.316682517757072901e-01
-1.249457270462634995e-01
2.625057029958277610e-01
2.873008248369970374e-01
4.672740159597452703e-01
-1.765497433465661459e-01
3.589174680574096499e-01
1.487832694444577442e-01
2.807160659681215975e-01
1.879537890713507409e-01
5.427905518041207245e-01
5.938607300630174279e-01
7.067085460142621400e-01
7.238202893123109050e-01
1.180663957690317289e+00
5.718333540688469441e-01
7.012594993264507082e-01
-1.347806610824768825e-01
3.772636388316534806e-01
-2.749798344951024376e-01
9.492848593213736308e-01
-3.762033959224986290e-01
4.954223598961959851e-02
-3.255907300147384831e-01
-1.735703752492732121e-01
-2.808974125259879884e-01
-2.425486059081549683e-01
-4.369947367844595476e-01
-3.434937838353420148e-01
-3.709499177695363414e-01
-3.904336636830478824e-01
-4.661617714499080023e-01
-9.433485732794366641e-02
-3.730354803087543303e-01
1.691805135217698819e-01
1.500954934117260109e-02
4.571856494344572752e-02
1.853218614930050023e-01
3.433593724706369699e-01
2.818106413854906123e-01
3.194672375883271798e-01
2.009693029369117312e-01
5.589499271637379252e-01
1.850062459338950305e-01
2.810373608498935027e-01
4.349881319571942129e-01
1.589068844654413226e-01
5.002605258245687025e-01
2.140532646750052947e-01
2.283643364717171664e-01
1.410257530936469550e-01
4.740480428676399072e-01
3.939009233745593974e-02
1.936092982847448241e-01
1.020800682037474871e-01
-1.385619819286603160e-01
-1.499266615043737261e-02
-2.047859177650828144e-01
-2.568716450781245442e-01
-1.622017850945525197e-01
-3.592953524958986122e-01
-1.870387666535080484e-01
-4.501633622704375171e-01
-3.132830764603191653e-01
-3.916429235087370841e-01
-5.060442868076897582e-01
-2.879637911701102837e-01
-5.956735681761067269e-01
-2.433561409469611192e-01
-5.817238861230293878e-01
-3.129242549645070426e-01
-4.145705322502841739e-01
-9.996960684032885069e-02
5.518901084468197382e-02
-2.768251589349297603e-01
1.939104442514256732e-01
1.997196037582433803e-01
2.315827540382144889e-01
1.911440053677502249e-01
2.967242795502293973e-01
1.061917419170125498e+00
1.530986935320271414e+00
1.739008909182775398e+00
1.653688141733915984e+00
1.681124711175325359e+00
1.555498289946047663e+00
5.123342973793985067e-01
7.458196108982662054e-02
5.602358015125652457e-02
4.238227514894177261e-02
1.546234529961054704e-03
4.094596797764893381e-02
2.838684878135921963e-02
3.196556544902584562e-02
3.789066251342152469e-01
1.101854436645179902e+00
1.437570923461771955e+00
1.456305027071639557e+00
1.756595132488325106e+00
1.044318721321792154e+00
4.101454213068578269e-02
-2.994757439566164692e-02
-2.444392520240530331e-01
-5.613652421783772439e-01
-4.945998493254215589e-01
-3.844013739832519150e-01
-4.884366927269265801e-01
-2.621150290485427803e-01
-3.603849837875845452e-01
-2.394149943470971209e-01
-4.653557091178726068e-01
-4.998946898076646050e-01
-6.027484168973149536e-01
-5.547953448080473748e-01
-6.028709916246093314e-01
-8.530505896032636315e-01
-9.435703418423706523e-01
-6.677275526517405524e-01
-5.859507256511875539e-01
-1.118629845226823960e+00
-4.671563834792458181e-01
-7.785724211211082491e-01
-5.527552940569968598e-01
-7.682711240657162932e-01
-6.237295101770001793e-02
-7.247420080539264120e-01
-1.057846301933132338e+00
-3.823669336079049685e-02
-1.068336010550837045e+00
-3.620821366481408177e-01
-5.565405103693485955e-01
-7.347446547893170532e-01
-4.990343343664740416e-01
-8.225568948465777908e-01
-2.334450461508303931e-01
-8.161164940418785818e-01
-4.509414358597325645e-01
-7.071763620428264119e-01
-3.116770920774207809e-01
-4.774086794879188744e-01
-1.297650475773934886e-01
3.947274783392060726e-01
3.140479146693060386e-01
-9.466203172721776582e-02
-2.145819025549045023e-01
-1.343149408015769097e-01
-3.770539507570447313e-01
-3.738701982235674848e-01
-3.151622574035286561e-01
-4.975034050555393605e-01
-2.819658224476349062e-01
-5.645904246102340096e-01
1.193386338354187615e-01
-6.112792659431676157e-01
-1.196720084410785034e-01
-5.753123959660868536e-01
-2.323986207624955114e-01
-6.194633028793461449e-01
-5.920820037566443261e-01
3.419294121793114982e-02
-3.277543610941080487e-02
-4.109345312093495295e-01
-3.084575540926621784e-01
-3.519106852697078125e-01
-4.987397400383741797e-01
-8.382252635921361161e-02
-4.042812907148132240e-01
-2.690115773579577763e-01
-2.517870754516238208e-01
1.312995435525081689e-01
-1.784646749774694285e-01
-1.155153823944772284e-01
-2.325294740739067834e-01
-3.706879259296655960e-01
2.088156504182165918e-01
-2.750700086530741828e-01
-8.624969553493144758e-02
-1.980023054392319182e-01
-1.085327931097310739e-01
-2.064296584201130713e-01
5.701957645539579289e-02
-1.823832745437385938e-01
-1.420850382658258582e-01
-7.077385613663977892e-02
-1.099995431416829206e-01
-2.313735446227624948e-01
-3.664535377230961899e-01
3.352383087520323102e-01
-3.641753816226440676e-01
-2.169326290531117252e-01
-1.641680753782139845e-01
-2.089013050316665954e-01
-2.176727204820849693e-02
-8.463304245670855153e-02
-2.183227097713853482e-01
-1.297985737534403938e-01
-1.979617584925605911e-01
-1.311188290137721424e-02
-2.127801536079516609e-01
-8.064024576896144936e-02
-9.401624767715333064e-02
-1.615008072073678136e-01
-2.415018878100454458e-01
-1.438057811234685346e-01
8.053187676509310222e-03
5.186541292622592891e-02
4.449559356675933941e-01
2.521192055647887287e-01
3.187861335523649586e-01
9.727052663182433889e-02
2.773673547609121215e-01
1.531974517605760866e-02
1.812611658179150709e-01
1.282628765175601870e-01
2.160583044892874227e-01
8.825754408580621657e-02
6.436964136436529316e-02
-5.981356352720013092e-04
7.877792905534164447e-02
3.724332318468768221e-01
5.544823135375409606e-01
1.318571207693182146e-01
3.280483746687465896e-01
2.425074662831221417e-01
3.607037535794290761e-01
2.688969559479090776e-01
3.330483330047258050e-01
3.381799150627173844e-01
5.935547335142672409e-01
5.404397266324423299e-01
1.204352011615853257e+00
1.200033962326450876e+00
1.293989143487522142e+00
1.249625090625169577e+00
1.096364421895895447e+00
1.238433901101476664e+00
1.105686440290149619e+00
1.728815901799865884e+00
3.018040570940740963e-01
1.696361474187320084e-01
2.616927015311247828e-01
6.826455748806239399e-01
-1.123781046737342137e-01
-7.442259532724158078e-01
3.408718535763988200e-01
-5.841810737115729069e-01
1.315812681784223059e-02
-3.294103265641936673e-01
5.141390731100869971e-03
-3.106312850447991991e-01
4.262952903713888020e-01
-2.381906086894609587e-01
-2.967479779409032403e-02
2.581213715077979032e-02
1.721786543184151697e-01
-5.108541482556461233e-02
1.692250094744451872e-01
1.367056304862188654e-01
2.131935838632514901e-01
2.847524500826388305e-01
3.708281040690906138e-01
2.483969941021086925e-01
2.213151602650214045e-01
5.716067789905920904e-02
1.080434831074992275e+00
-6.189421319289891699e-01
-2.975725747596591475e-01
3.694621922484593313e-01
-5.215315197210017573e-01
2.077281776582289297e-01
-2.149367187303212745e-01
-2.345564732371840933e-01
-1.544693717576706149e-01
-2.961181325528272623e-01
-1.999928121949814397e-01
-2.983668830772359115e-01
-1.339377422804410855e-01
-3.349134224619163547e-01
-2.240522620685752031e-01
-2.957295601146086028e-01
-2.538433401079345231e-01
-3.293613929221805847e-01
-1.654035583866146908e-01
-2.985778621265602339e-01
-2.464500682614918503e-01
-1.257663952389478368e-01
1.122599918479139092e-01
3.970534670134888700e-01
1.596515991918927568e-01
1.590511847453335292e-01
7.267526537513191442e-02
6.796447149351294570e-01
-1.357385457449630906e+00
4.231953546774605002e-01
-8.137547054563292193e-01
6.370583631343507136e-02
-6.516875506578756472e-01
-1.321539055257012762e-01
-1.748309988739578102e-01
-3.273454529667141344e-01
-2.426739915942768278e-01
-2.970490157101544071e-01
-2.947858284885533919e-01
-3.698231816775106040e-01
-2.339349903907930184e-01
-4.087860320139107273e-01
-2.750687824009254712e-01
-3.139658573297339217e-01
-3.129858852943492309e-01
-2.706793290522711004e-01
-2.713396660130342752e-01
-3.859349124154505262e-01
-2.031521499661508301e-01
-2.795136813799672382e-01
-3.121452007614067270e-01
-2.474090157412405233e-01
-2.127309165492050624e-01
-1.966462144502827414e-01
-5.075207073417828951e-01
5.626267406177021257e-02
-3.771246550857796365e-01
-1.024869018594579018e+00
1.005537940274706443e+00
-6.289787164391427154e-01
-4.497168256459360691e-02
1.066006617083417041e-01
4.386208880923305742e-01
-4.568077934305136978e-02
1.396239913521100107e-01
3.466676980387717322e-02
-7.939511910038987708e-02
1.007592631616134327e-01
1.282649114415050917e-01
1.281205663692688290e-01
6.931562904507870826e-02
3.221916239141080496e-01
3.829401810490438152e-01
4.468253713055645449e-01
2.402646306018141331e-01
2.708899262820452236e-01
5.336280848023093881e-01
3.730810251336151850e-01
4.030264876248423889e-02
3.829812797485203646e-01
4.665101136409255389e-01
3.109003564612926596e-01
8.252931439955126791e-01
9.026290871240476577e-01
8.245073378766960559e-01
7.527930862825122915e-01
3.498271085690305426e-01
2.146346896375987967e-01
7.133142283320239585e-01
9.010489610545953099e-01
1.334829738059113424e+00
5.923316714944242278e-01
-5.234941657487368616e-02
4.909266748389562451e-01
7.194163815087755154e-01
1.170866668634101160e+00
1.335346666754634981e+00
1.430739675472675998e+00
1.402800350404778129e+00
1.500963884698546025e+00
1.395404277345116739e+00
1.278750009725509784e+00
9.810225516931527778e-01
2.013368619685760308e-01
1.416679540486303068e-01
-8.267449868209197916e-02
-3.319260492169426868e-01
-3.297416903288983292e-01
-4.041355698364252902e-01
-5.560941003038095687e-01
-6.064903818237787902e-01
-7.303718483618517610e-01
-7.490954422918907341e-01
-7.648947690402181365e-01
-8.364303657874820885e-01
-7.902619089485085624e-01
-9.988001152833483332e-01
-8.536321190386360058e-01
-9.110930797158438565e-01
-8.894061972671032379e-01
-8.393285409138364628e-01
-8.442018340391257425e-01
-9.442397174424925765e-01
-7.256066658780504497e-01
-7.627597950190612153e-01
-8.654435442976229353e-01
-6.527312941352221287e-01
-9.281785207090536005e-01
-5.471592287259099407e-01
-6.767372622164593565e-01
-3.294458204917987132e-01
-4.034546488557815280e-01
-3.668782300753754555e-01
-3.311879064663614258e-01
-4.342086746525630758e-01
-4.119941963273809904e-01
-5.668084275278353346e-01
-2.644728650984582430e-01
-3.562472896034591940e-01
-1.171903631768032028e-01
-4.373113143645852574e-01
-5.182232790858094518e-01
-6.479379207131614749e-01
-2.597701702318033767e-01
-3.851846611657023800e-01
-4.314838640756235577e-01
-3.580244816761890547e-01
-2.395543205512709051e-01
-1.701938881611511079e-01
1.217745884395000644e-01
-3.073126244333721502e-01
-2.762053455047990269e-01
2.424265202256492557e-02
-9.299010589312928232e-02
-2.540154027217909061e-01
4.450819398471566046e-01
4.579611779685421880e-02
3.281272767575913463e-01
1.349775672433040086e-01
3.123743294681418092e-01
1.315066997245253333e-01
4.212625803628284871e-01
9.036592764325490634e-02
1.728009657573110758e-01
3.120540955759807389e-01
4.372526991394849460e-01
2.864792929173631819e-04
5.979394092151437690e-01
2.539771233676617612e-01
2.211882618432525760e-01
1.030977146343232675e-01
3.082090876605576568e-01
2.856871563351006671e-01
4.407234538076352237e-01
7.243203478018074293e-01
-6.977918673635805646e-01
6.048251943763460758e-03
-5.065405871062154119e-01
-2.494084609620728088e-02
-7.614700176622335448e-02
-6.993450928204225647e-01
-5.159435053797452042e-01
-5.428989753416644248e-01
-2.818926599342646000e-01
-2.629962040845867932e-01
-1.947991055981574959e-01
-3.517520614278240032e-01
-1.962898069113876431e-01
-4.319490402681012142e-01
-1.917659974854473148e-01
-2.403248061929375012e-01
-1.044946489392941658e-01
-3.857347394232348847e-01
-1.057399495547173274e-01
-5.247602111769538169e-01
-3.136218661853291678e-01
-7.267854257063532941e-02
-4.453175614452007380e-01
-5.794112102675086362e-02
-7.944789434220922431e-02
-1.608706651980185143e-01
8.777183556406953358e-02
-2.822235266401591502e-01
-5.255066048804479806e-02
7.833737092776971167e-02
-1.044764470904411269e-01
3.184934643144288202e-02
3.598868830828436671e-01
2.503679253313109143e-01
2.495586081668363931e-01
1.028221135387639151e-01
3.936550831899410241e-01
8.463429518806719898e-02
4.381593886085610734e-01
3.555962833708292692e-02
2.683973853578720536e-01
1.997645065626514338e-01
6.092476469610019763e-01
1.999899175332728873e-01
-1.525187065859867630e-01
-2.794241779787256519e-01
3.264692125907373565e-01
8.530972181574725255e-03
-3.337097565014559564e-01
2.735981662991804342e-01
3.237706044550492379e-02
2.049509542848539922e-01
2.524234243744132300e-01
4.965526695338411400e-01
2.678052154375833993e-01
2.048114382072867556e-01
3.153534903120842614e-01
4.400794203134594795e-01
3.582351209908907208e-01
1.620418999262298598e-01
5.548005836047167350e-01
-4.907754683927834094e-01
-7.688572012681760270e-02
-6.864342700979122469e-01
5.742564504796376923e-02
-3.811589133706974053e-01
-4.208274438453685207e-02
-1.264827032412725316e-01
-2.218749457371700373e-01
-3.074194225679391934e-01
3.060097196892570537e-01
1.961209105070409464e-01
2.920655173668151861e-01
4.234698070424229854e-01
4.252294521117292447e-01
2.491069015730076330e-01
3.125433064786378168e-01
3.907910890347849886e-01
1.237303797578590547e-01
1.593575418856900683e-01
4.049505064367266982e-01
-5.598520682113772295e-02
-2.162270710557940845e-01
-7.295630567770388097e-01
-2.608790141332519852e-01
-2.072140833620821354e-01
-2.187517608874358643e-01
-6.158356315829891514e-01
-5.744063636426943731e-02
-4.376244131185558217e-02
-2.836466216829052200e-01
-2.306231581551045906e-01
2.836402545685672294e-01
4.149062648748014226e-01
2.866312612878232358e-01
4.209502993056801756e-01
3.433893503977216710e-01
3.874576172282218067e-01
5.737362991678871538e-01
3.611194077134456393e-01
2.578664948154028025e-01
2.966220290773478041e-01
1.227532798535513336e-01
-1.248635977789298579e-01
8.226450830838416550e-02
-1.090603232651758958e-01
4.350285167084457782e-01
-5.350014905127942200e-01
-6.408562038439598041e-01
-5.581592254544993637e-01
2.556046393748623302e-01
-3.732195869184806725e-02
-5.293219662999000263e-01
-2.958637787991520440e-01
-8.348523722716336692e-01
-6.323316236505149845e-01
-4.025281032565359851e-01
-3.288506876802870238e-01
-2.672182764307606817e-01
-4.581741536093488776e-01
-4.871697200197004918e-01
-1.971756679856184746e-01
-2.332675326132758187e-01
-4.880130208179309648e-01
-2.316457838539065506e-03
3.406436642935588566e-01
5.772326683221891130e-01
-1.482591986730810163e-01
2.404693957697716655e-01
1.680748875861013403e-01
9.960813394695122724e-02
-3.130005266554718446e-01
4.363987952572330187e-01
1.636873599584731664e-01
-1.198386962998654326e-01
-1.171738676345235319e+00
-5.556502527142015424e-03
2.233323493023959827e-01
-5.454271113705146945e-01
-2.519642896027107781e-01
5.120016666942035499e-01
2.310717361247967006e-01
6.639588469448653996e-01
5.521344390519544731e-02
8.070299365178286166e-01
-2.105018596571071043e-01
6.875485857554437530e-01
5.125203106356934768e-02
3.465019942269478292e-01
-8.829962911006106197e-02
5.139536510076680997e-02
-9.044741278302126375e-02
-1.998784125230841369e-01
-3.429467784081197124e-01
1.187035049165956480e-01
5.852842370950384066e-02
-6.601678913482800226e-02
1.407942185197299523e-01
-2.704428396597862161e-01
9.800578561922108634e-01
-1.918263237910124985e-01
6.106062462180972261e-02
-2.856607358492624371e-02
1.725156571809378647e-01
-1.610998755634867052e-01
1.619533147242933069e-01
5.423112495218731510e-01
-4.038834839351395090e-01
-3.323634769648364795e-01
-8.820637524523249340e-01
1.092759307317692219e-02
4.753754112713224345e-01
-3.915235137539951893e-02
4.907773174506715463e-01
4.892007067370229834e-01
3.153188476960622211e-02
4.283279112696547486e-01
3.143790300808504412e-01
4.065024045494638472e-01
1.651064907744483889e-01
3.107165700649154871e-01
6.844555379491801261e-01
-1.468299243000501519e-01
-4.297163479838133071e-01
-4.041489652820260403e-01
-4.087966092473251933e-01
1.395116209111435523e+00
-2.399970809633451552e-01
3.790477716067712777e-01
2.125331053403129999e-01
1.356853021005157700e-01
2.410591798756414050e-01
1.643628884429979564e-01
9.652985151099002792e-02
4.429925831641057243e-02
4.802727375076898397e-01
-5.826257432921266854e-02
-2.928817248676551799e-03
4.449210018889750984e-01
8.839436984843374034e-02
3.000022213891142542e-01
1.342621346707986163e-01
1.935040464828539086e-01
1.257429298241348192e-01
1.491380945459752638e-01
1.767276323164068685e-02
1.576123449356927608e-01
2.297208140212703142e-01
4.760688465580429352e-01
2.305256938084205842e-01
1.831941738381672735e-01
-7.267687043178483464e-03
1.347590550366213336e-01
7.817757451086393417e-02
6.186274756327172497e-01
-9.399193395168836673e-02
-2.353225497283446543e-01
2.487944009136384693e-01
3.330837457369746346e-01
4.839370234212587718e-01
2.772350096747722148e-01
4.008021486357264962e-01
4.029350098022312920e-01
6.579413801074132095e-01
9.635385281100319332e-01
1.065566754619243994e+00
1.096985880561941684e+00
5.549445411787665705e-01
2.654471275331999891e-01
2.851450150785943549e-01
4.963793958021085473e-01
8.421895299903781051e-03
3.158073195783082099e-01
1.826172795256617576e-01
1.890142506993264249e-01
-2.856123024905699026e-02
-1.013292433535646353e-01
-2.694542369392678438e-01
-3.551100591491298530e-01
-5.967881245677197910e-01
-5.100253426059566664e-01
-5.150385455432804349e-01
-2.196138132801834786e-01
-3.995186525524019316e-01
-8.373244925315752596e-01
-8.665779061153564555e-01
-4.475995464025359638e-01
-5.406100682815520031e-01
-5.529811370668902271e-01
-5.433484000294903637e-01
-5.074509299062839318e-01
-5.313250814760799301e-01
-6.763610206123722435e-01
-5.586303672343397864e-01
-5.550892873890873602e-01
-7.156310187322745264e-01
-6.369098002125994640e-01
-6.631294565484111558e-01
-5.981092148985460710e-01
-7.740501267960162579e-01
-4.732575691038363175e-01
-3.882800607017493633e-01
-5.564712225318757532e-01
1.261810751968539535e-02
-1.437888087213465838e-01
-5.490588996339340611e-02
-5.524668047160758988e-01
-3.801599630935967866e-01
2.111548877213920150e-01
7.060374432332849892e-02
3.426395234834558323e-01
3.098564787047450864e-01
2.990034295749737225e-01
3.518585809943530762e-01
3.725194516614926954e-01
7.569897699519607670e-01
1.135127149987848583e+00
1.334571766521488456e+00
1.203141743819028164e+00
3.554146618541409453e-01
4.935244745340341410e-01
2.049443656475311570e-01
1.195369402418613447e-01
5.613636066868394892e-01
-7.968399102815659774e-01
-2.086593504176761371e-01
-6.475070936150402190e-01
1.050263248952241213e-01
-2.321908969295485292e-01
-3.919533053672559220e-01
-3.321251948090164774e-02
1.862495598123921070e-01
3.342306611460656995e-01
3.443263357111234768e-01
-6.725343376040626708e-02
-8.340960604333957917e-02
-2.596423417946880363e-02
-8.621101907378303508e-02
-2.064244691801313536e-01
1.677365486134334560e-01
3.671267022889992404e-01
-7.422008289343757781e-01
4.065761791803730318e-01
-5.953621200875254260e-01
2.458163137475608551e-01
1.612341837167790004e-01
5.041388670799307192e-02
2.418358574128909311e-01
6.184035057669490243e-02
4.444775934832279063e-02
3.655585361589501758e-01
-7.191082392521863653e-02
1.396675241876828011e-01
-1.138139406375238138e-01
2.523915419118303305e-01
2.033570423790500570e-01
-2.552460808215428756e-02
8.714831470696537963e-02
4.704814719358196839e-01
1.861898560595030006e-01
3.375313744169687880e-01
1.784689420680329874e-01
2.167835609830355281e-01
7.766040001347107591e-02
-1.503269490095249239e-02
8.695496953139070229e-02
-3.769314911104260091e-02
-6.554372689629062165e-02
-8.794101149587163491e-02
-2.872578638104705817e-01
-1.086321024015397541e-01
-4.525613047334644534e-01
-1.572879105231415053e-01
-3.763879120851640891e-01
-2.555669016538786309e-01
-3.512286537702991041e-01
-3.535094614158431625e-01
-4.826661753902250496e-01
3.047561453759328742e-01
-9.909845817314177907e-02
-1.986662623064106015e-02
2.269067003220470724e-02
-1.076855672500514061e-01
-2.009852906364280045e-01
-2.536668733484397364e-01
-3.289782741492572882e-01
1.916271857999376493e-01
-1.088309198506816955e+00
-2.166067040377122055e-01
-6.779151542910675232e-01
-2.149184164279738241e-01
-5.404524812439071013e-01
-3.573950239839440712e-01
-4.503268191424929512e-01
-4.027937583000529287e-01
-2.990085043096044615e-01
-1.806982021112730763e-01
-3.619017585068959875e-01
-2.690322857933935552e-01
-7.062624625956530622e-01
-5.441085194153103544e-01
-3.417355066415268539e-01
-3.343657285017442859e-01
-4.939061062924707812e-01
-2.910993837021038644e-01
-4.447443307163538861e-01
-2.685111263672865789e-01
-3.580351603940030714e-01
-5.532136375405585227e-01
-8.362889753006896854e-02
6.683404334510356648e-02
3.098944015317925960e-01
-8.582776619823562214e-02
-6.186185037130087494e-03
-3.135891922141809118e-03
-2.474797961656136636e-01
1.763300390057338518e-01
-2.845562478145495788e-01
-9.914108836330370877e-02
-3.787417235722756459e-02
-2.186967887338084893e-01
-2.504046645137947280e-01
-2.462773105673008445e-01
-3.042363555917617646e-01
-2.827733203366378234e-01
-1.675698943593957324e-01
-3.157298150316449892e-01
-3.650777159429452468e-02
-2.040508346583180810e-01
8.990111302905035018e-02
2.444072555984249107e-01
1.706747238387009702e-01
3.564015596978578060e-01
-3.809485408681467788e-02
1.020985791035684542e-01
1.338123687775194526e-01
-2.438666034753964595e-01
-5.728539563801149370e-02
2.607190317208107899e-02
3.183660806801498211e-01
2.243772988335734908e-01
4.395150494494757254e-01
6.525068240147220422e-01
1.170786815458320973e+00
1.122113884349651869e+00
1.071152443780164276e+00
1.279916811079544914e+00
1.406066263388233040e+00
1.393017107214657102e+00
1.285776614813890717e+00
6.022092680355726202e-01
2.972455945305583214e-01
1.529548170214951597e-01
1.573439825721116847e-01
-7.699050446500166345e-02
4.104341936409596769e-01
-2.908002976499197700e-01
7.682779837856621441e-01
-5.772047659443302337e-01
-9.552082549106586384e-01
-6.611627396781827315e-01
-8.155715294291354667e-01
-3.489811610456605706e-01
-7.862384758689238140e-01
-5.031803407644908077e-01
-5.088181287958697396e-01
-4.402914971781370923e-01
-2.932865004936147102e-01
-4.841131522369224172e-01
-4.522862336315824905e-03
-1.007495320055461718e+00
-4.542897241665926344e-01
-7.081145670694226624e-01
-3.656554123337656392e-01
-7.066925103352872384e-01
-5.715053850780336120e-01
-6.838771308077582489e-01
-8.387754951896297939e-01
-1.535122782517319706e-01
-3.470872903833708278e-01
-6.546504679877784838e-01
-4.222920391846756161e-01
-5.858460577752282461e-01
-3.577380685455509024e-01
1.621939907703051631e-02
2.344302312274280098e-01
1.734517075336796665e-01
1.949919167654741159e-01
9.130489318677348365e-02
-2.483353328231316937e-01
-3.277280234078645549e-01
-6.975879643700721999e-02
-1.250356314300660188e-01
1.111745504436925103e-01
1.456115378064950505e-01
-2.497681478081688056e-01
-2.536728632379663395e-01
-2.130529597014927390e-01
1.490237050737590607e-01
7.450308055626919668e-02
-1.384826930583713533e-01
1.472380943824589394e-01
4.799160265997883812e-01
3.602376107524491999e-01
1.669832329077891586e-01
-2.099166852300271557e-02
-2.390122229989799507e-03
2.304346841778510679e-01
-2.111941324577557566e-01
-9.487276148902878958e-04
-1.479075383268053656e-01
1.925196845328400741e-01
7.442309467450058946e-01
-7.006998388125396104e-02
1.594925114698568791e-01
-3.574324153789092406e-01
1.324360544400562389e-01
4.441052339647413305e-01
1.712400407615888298e-01
-3.134593712985491720e-01
-9.719075636001619500e-01
4.352925891604826347e-01
2.125469696728998770e-01
1.040017114086687400e+00
3.423759603030092080e-01
8.128349406410535494e-01
5.418462648711894758e-01
6.637290480578599272e-01
1.234707565049355082e+00
3.032122330938946675e-01
2.294337479585522033e-01
2.132061308703114832e-01
6.292085474190329819e-01
1.334747638716962115e-01
3.499099340717535256e-01
2.927858060979744437e-01
5.882636950389397157e-01
1.211105454758762079e+00
1.334459975234846496e+00
2.284539505569220808e+00
1.550686655833516170e+00
1.489651259758648649e+00
9.181774285533741420e-01
3.554826677795261958e-01
3.618318804733249294e-01
3.593219955502640062e-01
1.920517446282765661e-01
2.036163036708984464e-01
6.439619795467024232e-01
-1.224909045047652967e-01
-5.044512811670216479e-01
6.258220836332597514e-01
-7.333770890564572653e-01
-2.566558462091350634e-02
-3.422215730189215321e-01
-4.434427051329841163e-01
-3.577717193675340468e-01
-6.117339222268611820e-01
-3.460405492777454128e-01
-5.602888341725602572e-01
-5.469705920178107306e-01
-4.389605497095807607e-01
-5.160517899677437015e-01
-7.032495099419371343e-01
-6.425780683426758344e-01
-5.693594454798365234e-01
-7.030011298860685542e-01
-5.846971496214905528e-01
-6.553896084626664731e-01
-4.943911431023799707e-01
-4.852923888205395997e-01
-5.434142784419186967e-01
-5.113001120188549464e-01
-3.090625446486896521e-01
-7.230976972290221738e-01
-5.738200693501482874e-01
-7.929554139110166489e-01
-4.430750598636521431e-01
-5.648266786636995107e-01
-3.404999509244106548e-01
-4.979840295335904443e-01
-4.592058436024188950e-01
-4.118397410916827539e-01
-4.894183094742814433e-01
-4.458191619229410207e-01
-2.709000891303148251e-01
-6.071818781744013904e-01
2.254663402651004844e-01
1.450288123432486032e-01
-5.119402354082183138e-01
1.541600215991103084e+00
8.101225874170125962e-02
-2.899827701325818907e-02
5.313517366597864111e-02
1.310326866395712386e-01
2.245091157238476853e-01
9.867240748023675678e-02
-3.471637114948578073e-03
1.306943340531532272e-01
3.669120486864159147e-01
2.520870043988026055e-01
5.191367030280531480e-01
7.850326814544814624e-01
1.438467531490736917e+00
9.463747502978776538e-01
1.109150381455791035e+00
1.254098075246286470e+00
7.743217727575384401e-01
1.812312706528551587e-01
4.279928114973579056e-01
2.368663066672631601e-01
1.411521318564830096e-01
6.418589232623972407e-01
-7.448102799043070377e-01
5.409673402626395955e-01
-4.034609201332095552e-01
2.766988591471992720e-01
-1.773207221475381345e-01
-1.769835412628459892e-01
-1.287055390653435438e-02
-1.644562443434871568e-01
-1.417704349591986102e-02
-2.106451220549914183e-01
-5.353771006894092466e-02
-3.696563435776170081e-01
-4.457206504626398669e-02
-9.250203705542858756e-02
2.265290149248784246e-01
1.257554118083135108e-01
4.088939643255393719e-01
2.944428284549189812e-01
2.855922847368184136e-01
2.367330234090090357e-01
1.835556709289676292e-01
2.883947356235374571e-01
2.663391265749979198e-01
-2.196786231672831491e-02
-2.652623209900291101e-01
7.767072366499192526e-01
-6.438527136831417863e-01
-7.575520633847538932e-01
-2.822923949235764951e-01
-6.029974460640481482e-01
-4.313579107003491231e-01
-2.505706255649435832e-01
-4.451917929100766003e-01
-3.373400723522586020e-01
-4.903803470905216955e-01
-1.739991051415827883e-01
-4.819300245714011055e-01
-2.622935945303481731e-01
-3.869807869016241852e-01
-3.439961452430821964e-01
-4.246791998069525675e-01
-2.830522015950691639e-01
-3.316640023595809339e-01
-3.254485955442731893e-01
-2.648427711931162776e-01
-4.674729553829379824e-01
-1.094068414605047224e-01
-4.726917162106687442e-01
-5.987163977295750783e-02
-6.361576642975350637e-01
2.858642418468946289e-01
-2.179045841088367297e-01
-2.282589804172587833e-01
-5.377115282477262781e-02
-1.721955684340628068e-01
-1.976309669996112461e-02
-1.103024483996293270e-01
-5.183724632968278456e-02
9.077027061957920751e-02
6.742294074471431031e-01
1.865883056477883883e-01
2.716957718598678184e-02
5.981213847989650390e-01
5.420859155378536798e-01
7.001691196015258356e-02
4.173722931615913012e-01
4.894595042486571401e-02
2.831995336030459498e-01
9.586703914402505688e-02
2.259477526685955695e-01
6.765586334513287170e-01
3.200384184204310145e-01
3.769285806190012522e-01
8.651679268634140385e-01
8.272254194717163500e-01
5.950655127714412629e-01
4.295431344926434747e-01
3.420361359362296128e-01
3.959571441686584592e-01
7.524494692326086920e-01
1.211698302963604590e+00
8.420096957458333975e-01
1.842953136587262009e-01
4.079428176847308407e-01
1.627236527723674442e-01
3.177773960426151234e-01
7.995993831697312260e-01
-3.079898308558952635e-01
1.926050165043591278e-01
2.320492385828742954e-02
3.822527880636492625e-01
2.215434985907194232e-01
4.085811791238107560e-01
2.968809537055285830e-01
3.170147754131278361e-01
1.798580096295481212e-01
2.918571954374122868e-01
2.677064806647351247e-01
-2.740311424649632954e-02
6.256894601661002753e-01
-2.066224700578587203e-01
3.915962782892776772e-01
1.502660275565510517e-01
-1.847144619056919623e-01
1.172192423755546997e-03
3.774795506219490449e-01
-7.244727260203198682e-01
-2.800746361445476396e-01
-9.354585929583336679e-02
-6.042900271157201075e-01
-1.849721662726615534e-01
-5.960284461075993079e-01
-8.100911541188118292e-01
-1.704732169098477357e-02
-7.387699900953457188e-01
-3.509180849413375824e-01
-4.710136812631127157e-01
-4.121004024977921176e-01
-3.254993855263492719e-01
-5.080402546460973667e-01
-3.019245895070419294e-01
-5.445224550167502287e-01
-2.692589225832300315e-01
-4.427959491805495418e-01
-2.537877247073581088e-01
-2.741322353325692518e-01
-2.168419923361497581e-01
-2.479936438947127897e-01
-3.818850429610840536e-01
-1.774713950643835858e-01
-3.820824227227070935e-01
-2.687600407350565490e-01
-4.222612116587107778e-01
-2.912382151705052991e-01
-3.667341110266946203e-01
-2.057290962068591966e-01
-1.529564534677376741e-01
-4.165536148701569630e-01
-3.451128596695625106e-01
-4.866694920969507621e-01
-2.872198022048806365e-01
-3.093388576252564803e-01
9.459580905271280926e-02
5.500752303672840071e-01
5.225264910565385890e-02
3.086461333056575995e-01
1.764678859759598595e-01
3.260471929580504025e-01
3.016226950422620234e-01
2.630764211117586626e-01
8.540403498532711524e-02
-3.053463700606329212e-02
-6.661614356436373896e-02
-1.888487473683753137e-01
1.107151815272686690e-01
-2.562747737441632978e-01
-9.971202911901855259e-02
-3.131874898945952168e-01
-4.382449236095951051e-01
-1.132083379792518940e-01
-3.453903058495129130e-01
5.760007206909989463e-02
-6.316461639510606574e-01
4.480857139633442898e-01
-4.137194343781516181e-01
3.425650039380911949e-02
-5.562598331752184322e-01
1.468629462868307201e-01
-5.286220836962485237e-01
2.358332853647482352e-02
-2.700752067916738497e-01
-1.739044414928159199e-01
-1.453300833792923186e-01
-1.070554030655230804e-01
-2.653984162161933114e-01
-3.111287985771582498e-01
-7.539066043571551745e-02
-1.024724340588818450e-01
-3.978859319331675692e-01
-8.148928292438029075e-02
-2.264887580120813482e-01
-1.285927195044749283e-01
-7.687006455273603933e-02
-2.348293642659839975e-01
-2.345059950530696824e-01
-4.298061962629873278e-02
-2.791860502705674207e-01
-1.517298560633761895e-01
-2.329088437456761085e-01
-2.720049128521324633e-01
-1.689517350307170318e-01
-1.854207958517548605e-01
-1.946496021235049056e-01
-4.685155310957611619e-02
-1.567583971406136811e-01
-1.190690111627858983e-01
-1.179843278730103862e-01
-3.194045108203624750e-01
-1.442954556612647821e-01
-3.257604543939862651e-02
4.669887061371014170e-02
-6.496856253115623758e-02
-1.087000273725848842e-01
5.430476337480882876e-02
2.248861079903079485e-01
-4.799482723868280232e-01
1.104397306628754905e-01
5.386868722545301580e-02
-1.879688072911918084e-01
3.080203739236253568e-02
2.255888296662362791e-01
-1.154935308619684520e-01
2.627387552180451280e-01
2.703275770740560802e-01
3.511544128606658433e-01
5.354368155627327042e-01
7.053562189006541416e-01
9.116752984558047501e-01
1.140223332399791900e+00
1.137206276208758027e+00
9.945989913698625173e-01
1.201377413138068562e+00
1.055269711023651524e+00
4.587983105338615530e-01
7.106104220422544415e-01
1.107609670874154517e-01
3.533315349231784808e-01
2.220017167936774172e-01
7.628407050630663377e-01
-3.903081981423888180e-01
-2.227871110116730335e-01
-4.756541055739056389e-01
-1.161310709063592128e-01
-2.347193005630145990e-01
-3.623537474850770934e-01
-1.228573931653755835e-01
-4.206993622717831727e-01
-6.933692907676203276e-02
2.637400767617812392e-01
3.163520048312591371e-01
2.245272609372683803e-01
2.844787234031969092e-01
3.073204039605705873e-01
7.117215598630082241e-01
1.203747261597101215e-01
4.408762671409931500e-01
7.786230664549975700e-03
1.103230621509737830e+00
-5.855509717009326209e-01
-5.376894956647788604e-01
-4.303399069239794983e-01
-3.688045384701084117e-01
-2.132195246750328010e-01
-5.466900080779240056e-01
-2.183558949968045226e-01
-1.931138080656893408e-01
9.109530930276932281e-02
3.227302266769989103e-01
2.981860033099366092e-01
1.062773675955064334e-01
9.171245128470069119e-01
5.130843465541445880e-02
3.791612384698375138e-01
1.362329378627649135e-01
9.417343817700327691e-01
3.106950425639212199e-01
4.503616590688572785e-01
3.128170319271497135e-01
3.103287513507346773e-01
3.894638168859074767e-01
-1.507190365284571953e-01
1.013226291849214533e+00
-1.115550081218326994e+00
-3.259357075269946336e-01
-4.110001464877122146e-01
-6.114820028364285065e-01
-2.512944441701527865e-01
-7.226692862140104978e-01
-3.792865991539358106e-01
-4.339988112395296582e-01
-5.882325719741814396e-01
-3.529650792000360582e-01
-5.269098869971138299e-01
-5.112700172380044705e-01
-1.366924586956130838e-01
-5.615134719292811383e-01
-2.816052388230971815e-01
-5.263965789660645100e-01
-7.760523888742767440e-01
-4.614708959457445303e-01
-3.897703323835983724e-01
-3.525875818665653583e-01
-2.606758882914874675e-01
-5.228832065963757714e-01
-4.157079778746890497e-01
-2.144584578187220814e-01
-2.745868063747138876e-01
-3.065635924749301466e-01
-3.414905026285026679e-01
-2.151613055470704694e-01
-3.818979544049625474e-01
-2.545815083960363268e-01
-5.509281926322344702e-01
5.995523083995379920e-02
-4.568332661590659427e-01
-2.738449574651440344e-01
-5.141289008057299270e-01
-9.918947645218167963e-03
-4.306456378539280649e-02
-1.220535883558824253e-01
4.184930844690839535e-01
3.265481057666477227e-01
2.211849776275869317e-01
1.931993449850182287e-01
6.369272557740046636e-01
2.744392925337280076e-01
1.999585733764703832e-01
5.283173371236316029e-01
3.045102400217061245e-01
5.754803503686432009e-01
1.031164605202775419e+00
1.012366877747680860e+00
7.063562045544102830e-01
1.892123117111196962e+00
8.065361926120182545e-01
1.307016359414589601e+00
1.082853790512004366e+00
7.254497274092592818e-01
4.438352322413727791e-01
2.914944913830481710e-01
7.542090324146251135e-01
7.670375155069635298e-01
7.075429665068782015e-01
5.853660127875635055e-01
6.792596625293718660e-01
8.873238947694268575e-01
7.764131184526839036e-01
8.081217069790085361e-01
6.452816956240212676e-01
2.283160718118999455e-01
4.478194474721561846e-01
3.996772643216246479e-01
7.646456195076112294e-02
2.318388834100844065e-01
2.486090865021282070e-01
-2.343965629559257025e-01
-1.772828456882180603e-02
-1.408052488883271280e-02
-7.468594723317565354e-01
-1.334455167428245659e-01
-5.275077614228536049e-01
-5.207702585548688035e-01
-7.268710916161076341e-01
-6.216611170674859466e-01
-8.536024728247149085e-01
-9.739505960169552168e-01
-7.102213245886588311e-01
-5.627580439376771437e-01
-7.365093521748171668e-01
-7.028489633251382429e-01
-7.238080480094026825e-01
-5.232435849293253227e-01
-7.185895587815771535e-01
-6.204774926018075121e-01
-7.256360176479894619e-01
-6.818297642884587617e-01
-5.314630768241066505e-01
-5.061130075674675766e-01
-3.364310608498328747e-01
-6.463683701684033167e-01
-6.079920587403293553e-01
-5.100363594925383381e-01
-7.469922307182130794e-01
-5.268177193888092802e-01
-7.194520703241593651e-01
-5.313580921381912958e-01
-5.342636917201843971e-01
-3.711863956109056062e-01
-6.135616204281504338e-01
-4.969020297613084836e-01
-2.807992859394516927e-01
-5.411355469010317165e-01
-2.475048548117797509e-02
-1.719459434796419828e-01
1.406071450023773650e-01
-1.335955620269260180e-01
-8.556924679714938975e-02
1.705427385451940836e-01
-4.358420085842595881e-02
-1.970307300383495885e-01
1.592983097021658523e-01
1.916353584964909373e-01
4.914944493840565087e-01
5.373160136790744446e-02
3.394977449884493126e-01
2.898432359066731578e-01
6.118535926886110587e-01
2.865923199289142076e-01
2.821504829184533492e-01
2.773923157733335643e-01
6.683622522319225823e-01
-1.676894736283216503e-01
3.580149852938987465e-01
2.728173572076073583e-01
2.220137038083151992e-01
2.653850947308882269e-01
5.093082029083646489e-01
-5.835129419879834245e-01
-6.051873236726663663e-01
-5.211528895527450800e-01
-1.965974689829863564e-02
-5.371029992632330163e-01
-1.888368886836602201e-01
-3.802557772926249413e-01
-4.896553064837476654e-01
-1.114610995538782845e-01
-2.507020995315372147e-01
-5.350937679235201472e-01
-2.154781831718892704e-01
-4.074726541406548108e-01
-4.168690048723746600e-01
1.476087866123805270e-01
-4.889108868197666879e-01
-1.593086994244075072e-01
-2.686796169401333145e-01
-5.270414248340813401e-01
-5.114549375473842474e-02
-1.987239579153339264e-01
-1.467361221104113156e-01
-3.285416865796904062e-01
6.785715071491367212e-01
1.834588208367264883e-01
4.673652639905014894e-01
3.659865941404589762e-01
2.162644251052938671e-01
4.014002919098018651e-01
4.380948788268526073e-01
1.292052790898168269e-01
2.927743888964400298e-01
3.695393069835191113e-01
2.910640410991476301e-01
2.445746583676609021e-01
4.105021662170216246e-01
2.932403079875669505e-01
4.243720362990544004e-01
6.745523932089270147e-03
6.919957089478501189e-01
5.207905354659700947e-01
-1.703413620704949949e-01
-2.846526053486755359e-01
-5.214073658013020918e-01
4.419158260839850527e-01
-1.620781660584498240e-01
-5.904974124277018177e-01
2.283810225053173326e-01
-4.127396900766555632e-01
2.157641559348846272e-01
-4.156205815797946457e-01
-9.702903827836451001e-03
-1.274696540918895948e-01
4.186754198197277788e-01
-9.972909401792406925e-02
2.407580271521680970e-02
1.626341110744604634e-01
8.804551512354663600e-02
-3.489214588415379126e-01
-5.051804585046326679e-01
-4.916753136941807156e-01
1.912141967842018175e-01
-5.119388813865271004e-01
-1.986586479592915566e-01
-1.696770463924934802e-01
-2.540297869324348312e-01
-1.793170464633888628e-01
3.782697773023286913e-01
1.723502549174042997e-01
6.985707617134977454e-01
1.493138812136365345e-01
3.358521397445883849e-01
4.174899968408567474e-01
2.541198360132383982e-01
2.058448623225714869e-01
1.309721749552430481e+00
-1.132541867669019098e-01
1.267837155288518147e-01
-6.700284354663423869e-01
2.442227451784759751e-01
2.937377248670074437e-01
-3.044974280499417318e-01
-1.214401256658916850e-01
-8.315307172844654815e-02
-1.564324874379963148e-01
-4.475735327098817606e-02
-2.818156047073046011e-01
5.230669937405707515e-02
-2.463339230419592241e-02
-1.524205211298408358e-01
-6.402495313625422568e-02
9.020465257469822973e-02
1.293921933302470961e-01
3.545891624019432697e-01
4.305228405892904675e-01
4.631771022792605663e-01
1.324262212116025239e-01
2.732238695740250023e-01
4.147941657286935424e-01
-1.416352424557985046e-01
-5.619588241466857426e-01
-5.636405019289085772e-01
-2.155783257449215284e-01
2.251157215391614841e-01
-5.989564252241805775e-01
-2.552115349387662491e-01
-2.074621419082802731e-01
-6.996247417751959574e-01
2.148360043117136797e-01
-1.529163856855575432e-02
-3.750007284030374421e-01
-2.092510186565448294e-01
-1.945180409143318911e-01
-4.177494456433095138e-02
-9.757930218430743707e-02
3.627346035839025262e-01
3.264068683871244048e-01
7.351264059207380797e-01
2.251634406987221837e-01
4.881034615399073573e-01
4.976527103396151119e-01
2.281203069255681726e-01
1.693948250761252439e-01
1.306427490455064344e-02
8.122132946663143116e-01
-6.837680942369246395e-01
-4.972279531997472191e-01
-1.209342662141921210e+00
6.602685613635372874e-02
1.543562832789575623e-01
-7.981555586728816820e-01
-8.379930646155031582e-02
-3.120459267864461594e-01
-2.896300973796641642e-01
-7.801118720671240681e-03
4.142042455657843902e-01
5.634043233744563395e-01
7.321597966705368776e-01
3.664604184613367011e-01
-7.671076409619814740e-02
7.447635453554255491e-01
1.665887669533177018e-01
-3.191856613955010857e-01
-4.649712989052048329e-01
-3.527359295845116094e-01
-1.676976722991767588e-01
-1.392668732400821341e-01
-4.298995878481264299e-01
-4.619643191886879663e-01
3.526866783493431967e-01
-1.945197431693941326e-01
1.345452856021154275e-01
-2.461018991933769939e-01
4.343553324860423004e-01
6.067858600465214636e-01
8.974476071056614046e-02
6.566667642114651926e-01
8.528142930725763904e-01
-1.212049519864635272e-01
-3.601813903934285577e-01
-9.298316258365773024e-01
3.134799260488847494e-01
-2.334562756267217765e-01
-5.633468628443978332e-01
1.027856905585196046e-01
5.466581503358725058e-02
7.879703292780249058e-02
1.436423833094835345e-01
9.797899684254929298e-02
3.917398817382675702e-01
3.266170060573898581e-01
6.488082620663249145e-01
2.579696638005515297e-01
-1.007461355969354599e-01
-6.999851937030356908e-01
-5.789949299942520611e-02
2.190469633279903405e-01
-1.012521952537426273e-01
-1.145024624459196616e-01
-1.875632923590586643e-02
7.559680372696675477e-02
3.347885692161227666e-01
2.895407640894376300e-02
-1.757209075130319320e-01
3.755971292906323811e-01
2.180177583708839961e-01
1.646731610868030771e-01
-1.109199099234317032e-01
4.522586179933085759e-01
1.648195693227734182e-01
1.573178399334622668e-01
1.652873501078033769e-01
4.497557379740442229e-01
4.163019392256686046e-01
2.553139030728495129e-01
8.749785575916924074e-01
1.100375139070596475e+00
1.092771327973597550e+00
6.237071186077507434e-01
1.029335904966401927e-01
1.150825589594386855e+00
4.742760712574103366e-01
1.951381719790958869e-01
-7.573927194612650737e-02
3.279639497599902143e-01
1.164417356215562194e+00
1.358794019261143404e+00
1.307815432745631057e+00
1.303257537850761594e+00
1.092498335192637171e+00
8.263739531978728792e-01
4.495729308895413112e-01
6.430611444483780303e-01
9.790916742144268881e-01
9.164000342560409962e-01
1.098036968707946315e+00
9.632931049075299512e-01
9.722869295388179012e-01
3.550439825286044737e-01
4.122652279112823948e-01
8.108189274670252189e-02
1.549503263486382565e-01
5.068802238429448437e-02
8.321567997899848024e-03
-2.115329069979061671e-01
-3.147612237103292188e-01
-1.519259791016125405e-01
-3.167712750293301127e-01
-3.411840647647288449e-01
-2.388130432426400773e-01
-4.794147676189250973e-01
-2.052641162773287675e-01
-5.076497817835807780e-01
-3.960739825903054623e-01
-5.254587055225385939e-01
-6.280186146567228178e-01
-8.721203345861390233e-01
-6.734141098901034184e-01
-3.509114740885799222e-01
-4.286601331720909513e-01
-7.863933077604663424e-01
-6.532251528853834088e-01
-1.314712257789739880e+00
-6.559551798600935513e-01
-8.061836335726724201e-01
-6.502201292303908531e-01
-5.362352539039711985e-01
-6.963969229204707290e-01
-7.106793502135850815e-01
-6.216638738389796970e-01
-6.188346169820349019e-01
-6.314816110266718852e-01
-5.490153799559287506e-01
-7.526619776258804961e-01
-6.404699927650128188e-01
-2.211799044028026628e-01
-1.044479228356266276e+00
-1.200228593251253528e-01
-6.377229707001426107e-01
-5.057170516712403696e-01
-3.719473785578770730e-01
-6.013607043231132820e-01
-1.376343135145887686e-01
-6.604952484299531079e-02
2.210169030340551899e-01
2.653733823584900620e-01
-1.336354785914650734e-01
4.221410799257867552e-01
2.521075298950776755e-01
2.082563430956341222e-01
3.732629218663241488e-01
2.986369118596776673e-01
3.157304450591134071e-01
4.871455458673814576e-01
8.869384277031429065e-01
1.379623850730851586e+00
4.889659518576721098e-01
3.835692176498994854e-01
4.735470982843317245e-01
2.524905490077422598e-01
4.964184767783770269e-01
2.955518157261245449e-01
-7.800105452020886787e-01
1.158967911119361816e-01
-4.925503671480377932e-01
-4.541199004858498256e-03
-9.098334229392435191e-02
-3.929647424671074418e-01
-1.193693143279332958e-01
-1.589885033010851600e-01
-7.911851554821680566e-02
1.054937389411989557e-01
3.363988266976072339e-01
2.561190626386320446e-01
2.605503617755680068e-01
1.283586652073225309e-01
-1.468559796921553584e-02
1.565517227140489354e-02
6.452437370883750134e-01
-3.640419283782456716e-01
4.525208456729359341e-01
2.398711532102524302e-01
6.762236889547317276e-01
1.445663918506291168e+00
1.134124835948323806e+00
1.146396467574547273e+00
7.062980034993806555e-01
2.687476246060356289e-01
1.696719049585198036e-01
4.822996896053481919e-01
8.481744233479560080e-02
4.128758776373651074e-01
-8.986936996267971267e-01
6.694740240058649761e-02
-6.989144679814636163e-01
-4.332211247374502250e-01
-1.462234255792616011e-01
-3.964737780154408142e-01
-2.600855179936232275e-01
3.442161913773205129e-01
-8.997888997086178620e-02
9.591051052568033697e-02
-2.779065295251683665e-01
-4.120127018582309120e-02
-3.202403426341717818e-01
-1.026679964736345596e-01
-1.230211036734054630e-01
-3.384408062277195484e-01
7.998358380482173402e-02
-4.008108039862960936e-01
-1.512271254615029648e-01
-2.187971222873841270e-01
-6.134741061941042517e-01
-6.115650876483869069e-01
-8.613009945270633239e-02
-8.625530100848877169e-01
-4.329558992752886581e-01
-5.773716946799716254e-01
-2.543301240208641900e-01
-6.240387881022186889e-01
-2.358441877567685196e-01
-6.506960416067641972e-02
2.743428458927503755e-01
1.663507680204645567e-02
1.473274773843940011e-01
1.634727911750744056e-02
1.874818725637368289e-01
9.415799071993902203e-02
-9.633401080989756338e-03
-1.576550820604758485e-01
2.382735912689852853e-01
-1.004691342053213532e+00
-4.680111593755498234e-02
-1.196170338736791905e+00
-2.290537728479513646e-01
-7.944130080232874036e-01
-6.342848740965045806e-01
-3.793132331657602663e-01
-4.734210257403113076e-01
-4.090667655839723693e-01
-4.816065880120348197e-01
-6.213630590531096232e-01
-6.731743510264109887e-01
-4.438432276423540657e-01
-5.967382545162251972e-01
-4.845574958999350201e-01
-3.211849466819600707e-01
-4.095315968751478408e-01
-3.521097411902900376e-01
-3.057433694867555118e-01
-1.384733066528909262e-01
-2.535601231561912527e-01
-3.328421429908701157e-02
2.272013231202549832e-01
1.729230658006883914e-01
1.520665477571938595e-01
-3.894551777079868771e-03
1.478489882040676662e-01
1.402095659214097623e-01
-4.269882008600234258e-02
3.913393559898281637e-03
1.841100847814161057e-01
7.203049370761505088e-02
-8.517026746743994181e-02
6.248231826169359238e-02
1.929585890733207520e-01
-8.055667966642232614e-02
3.096308562493987893e-02
1.282716976801481223e-01
3.157457166532395831e-02
3.157368669036486608e-02
1.349470671292962720e-01
6.311942754539501266e-02
3.065607876632654438e-01
-1.407705617751275895e-02
1.298068364488855764e-01
3.949853697041021405e-01
2.496032971653008303e-01
2.982872222403543105e-01
1.864347616461969892e-01
3.523775596702876101e-01
1.739159413186257552e-01
3.685155009907887802e-01
1.516792750569351256e-01
2.141465575505421270e-01
1.950193103093056379e-01
2.753097070282493064e-01
1.461810679815087610e-01
4.944883889849549519e-01
1.499589213315246639e-01
1.269887163272578334e-01
4.239755570479246671e-01
2.561760986758088166e-02
3.073801110793752400e-01
9.407965795587713842e-02
3.787377621690026785e-01
3.512498037899867143e-01
3.874286880970316815e-01
7.147909551643820691e-01
1.137954206766071508e+00
1.033944082485760418e+00
1.005617171083756034e+00
1.451684295209034303e+00
7.506987428626352710e-01
9.224760833839695806e-02
4.845640303717502206e-02
4.534911746916172604e-01
1.204594966995642835e+00
2.224142891419980117e-01
1.788809942643752038e-01
1.448260685865676578e-02
3.994552596839788805e-01
1.430218285845192838e-01
3.888970590115228276e-01
-4.772007680199052970e-02
1.609749562487579055e-01
-7.591074876838632690e-03
2.470910630730607238e-01
-1.714175192020519489e-01
-4.676375340787863877e-01
-1.090259972316697912e+00
-2.700075155181735909e-02
-7.813762722021024842e-01
-2.912702043020445331e-01
-5.675749641798795153e-01
-4.020041469617474661e-01
-2.520053962478456810e-01
-6.160860852103269281e-01
-3.874283495621853035e-01
-2.242101492314780842e-01
-6.693095714391361639e-02
1.065818238087885561e-01
1.461819499854399851e-02
1.868365272589258552e-01
-2.987244620071294321e-02
-4.406692083030172569e-01
9.013397489025010145e-02
-3.440564734963089677e-01
-3.707552517430414696e-01
-2.925884778067882053e-01
-2.121719320941686249e-01
-3.835350787218168023e-01
-4.382663646783626632e-01
-2.686286308438070591e-01
-5.276650857665288186e-01
-4.850953986734083401e-01
-4.063155495135895023e-01
-3.344591667956784420e-01
-4.811635312192947822e-01
-2.673952023863570560e-01
1.935473853304614522e-03
-1.569067522382283641e-03
-2.896585603377594964e-01
3.052303406863430268e-01
-3.510733535360515134e-01
-3.593068493445983336e-02
-1.203037428648272567e-01
1.080627744434892179e-01
-1.713654396788903966e-01
-1.396266495645583916e-01
1.105178056856459534e-01
1.885231861579050872e-01
-2.678031000207106160e-01
4.990400991929178076e-01
-2.480124769072205027e-01
-2.807288430817322933e-02
-1.592237029064698106e-01
-9.121340417098622311e-02
-2.651871431115182531e-02
1.449049926705114899e-01
-9.164355209906140942e-01
7.845217707610530056e-02
-9.730269164828619921e-01
1.028507413959687256e-01
-3.317602319996240112e-01
-2.809454552066341648e-01
-1.740320568242950117e-01
-7.155302744870084553e-02
-3.702314118507743501e-01
-4.577148257783534291e-01
-1.381759044381212220e-01
-9.554622398486145585e-02
-1.871176139552659379e-01
-3.854738319036954408e-02
-1.516708303516765000e-01
1.274390566857590557e-01
3.214573087496219728e-01
3.813995961381877464e-01
7.125830524472576144e-02
2.234663882476013441e-01
1.312455722755032639e-01
4.863437568033930347e-01
4.202689152187133459e-03
2.270179694519640634e-01
2.377706029683253064e-01
2.342445447012764248e-01
4.261113856652229970e-01
1.157486564815108920e-01
1.618295656015860118e-01
3.818122276258222314e-01
1.827504255466863015e-01
3.312138204704027089e-01
2.511862726495834863e-01
3.298853701805590788e-01
3.166185602713440517e-01
2.580415450800082056e-01
7.503073787959912977e-01
1.137836444458358187e+00
1.008192022331357407e+00
9.449950186396307572e-01
8.413761269187673975e-01
2.966450741408337421e-01
3.183488471712365708e-01
3.730765618288849339e-01
3.109835543929158064e-01
3.381926681993903117e-01
7.015141799169661851e-01
1.616273565247539068e-01
-6.200136279890280377e-01
-9.136175041045291323e-02
-5.401222460189138985e-01
-2.353556135474335065e-01
8.567596937826493786e-03
-5.526474814537749580e-01
-2.310029151012216175e-02
-2.549303212888460735e-01
-3.101077114988051164e-01
-4.533428432928410245e-01
-3.666906782193812830e-01
-2.645417567692618377e-01
-2.051712993996481771e-01
-1.535243446051026694e-01
1.621642991451466287e-02
3.354503120551370898e-01
2.303645533402622902e-01
2.516628432908873947e-02
5.559180501140588149e-01
1.303785673596848937e-01
3.030759450587936499e-01
3.046451994781911310e-01
-9.031458618666476923e-02
7.158559346722910277e-01
-2.239777700362637347e-01
7.184270295390646766e-01
2.937188580605862853e-01
4.978478276049109752e-01
5.321152442271710470e-01
6.445403167447274484e-01
7.450204468154915105e-01
7.696664564940505215e-01
8.195284738595631779e-01
1.058113833389956682e+00
1.045411144205925069e+00
9.871304386124286623e-01
9.774809731399543011e-01
5.044479018091667655e-01
2.228643281575664048e-01
4.696653840838198590e-01
3.934184743996524958e-01
1.660260421139749809e-01
7.826853988576054633e-02
-1.203772475525219932e-01
-8.005474153825353767e-02
-2.754839205807009250e-01
-1.862259512748121182e-01
-3.292399451358818396e-01
-3.749829968226272570e-01
-4.553643860037119850e-01
-6.358346785586164174e-01
-6.828230364931435759e-01
-6.915967950146111320e-01
-8.598554815550940589e-01
-4.972079155128135142e-01
-6.916888599666251025e-01
-7.782465144124302014e-01
-4.859633149850175471e-01
-8.291783316173493290e-01
-6.864155810906282795e-01
-3.165186693628463388e-01
-7.481885840826123513e-01
-4.886657096387132526e-01
-5.167756873314743871e-01
-4.929986217061710363e-01
5.128064690144285009e-02
4.792494333841901266e-02
2.827350157390462471e-01
2.231473614920389537e-01
3.081078671244057432e-01
2.263567445115235444e-01
1.758553468446208967e-01
3.862424987015415923e-01
8.719017715247190381e-02
2.332816217745730114e-01
-7.590057465246502488e-02
6.552467728458566398e-02
-2.265932906561083371e-01
-1.626123285858405154e-01
-1.476494707889486335e-02
2.832249911847384283e-03
3.029178318030538719e-01
1.298712890517990104e-01
6.626050604476105832e-01
-1.059317707695228705e-02
3.664871984828899087e-01
-3.065188918964523168e-02
7.511190642314247157e-01
-2.673716030191890525e-01
3.252473428071596118e-01
-2.653854255884979807e-02
8.531563362978289433e-02
3.900606422445562771e-02
2.370046338786728768e-01
-1.001242186929687250e-01
1.232948283496675401e-01
-1.526052474424055561e-01
3.623395736287449154e-02
-2.761314086584754079e-01
-3.017523529038612651e-02
-1.884267634772882616e-01
-3.005598784555161274e-01
-1.506782776781676603e-01
-2.673849311427822784e-01
-2.907469492884935391e-01
-3.322576579115334994e-01
-5.379087196037133367e-01
-4.198686605824093476e-01
-7.330037874505102025e-01
-5.309910522798588772e-02
-8.557130663001828452e-01
-4.891276077229136376e-01
-2.484692456642072500e-01
-5.597817048306197307e-01
-5.367278484231476909e-01
-6.532057926128373992e-01
-3.263126155057811673e-01
-5.764112876455875778e-01
-2.289506371368865700e-01
-3.585574330245151486e-01
-3.599736166683555894e-01
-3.734046965011579289e-01
-4.641730954890093130e-01
-5.280345031767765818e-01
-4.352399108013713658e-01
-5.422798772241286258e-01
-8.237334544723289298e-01
-3.099801061523308476e-01
-4.116216239570817947e-01
-5.034171199396411112e-01
-1.572054929995374550e-01
3.413390131844167286e-01
4.147563658787305485e-01
1.845811240071526527e-02
-1.460820918052547768e-01
-1.632186869958403008e-01
-3.132305780124369221e-01
-6.318424417411634408e-01
-5.377748652485294656e-01
2.645381168440508191e-02
-2.907181403936576203e-01
-3.500627239118472289e-01
-7.198697010794319340e-02
-2.265592884949612085e-01
-1.572704218629894513e-01
-5.076331255718713464e-02
-4.296925384175480644e-01
1.018573746088264897e-01
-2.847865569994638690e-01
-1.215635772304537454e-01
-4.124922388866067990e-01
5.472191841880658103e-02
-1.715479732211825592e+00
2.640772604862469564e+00
-1.478377033483049274e+00
1.257462790810990327e-01
9.466818922405906278e-02
9.036476452885722210e-01
4.574156580120103399e-02
1.022619509389173231e-01
1.729008925243178396e-01
6.992112103739600570e-02
1.788331372092102356e-01
8.923281014145345580e-02
1.656348252333401661e-01
6.684261641960631550e-02
1.761831946365219892e-01
2.183668813825647703e-01
4.119285710071451945e-01
2.073375413169742387e-01
3.269027853224315550e-01
1.942178300669610280e-01
3.457476937098888925e-01
3.568585743076653216e-01
1.762341670203326771e-01
2.736442675024193250e-01
3.600651302838215884e-01
7.936784869408342047e-02
3.478820232254662415e-01
7.972883877426184540e-02
1.032815838919205476e-01
2.548836546434927186e-01
3.403445619253275822e-02
2.681365586157724579e-02
2.549839534156852494e-01
-8.819067533199387299e-02
4.068503327506789446e-02
5.135164451521490037e-02
3.504954411856608942e-01
-2.126795916397377084e-01
2.530800703812552399e-01
-1.827790292618480805e-01
5.215682827094596519e-01
3.729699405571693660e-01
3.549389930443567209e-01
1.797419055592470727e-01
2.516643572788588301e-01
3.062037361978333649e-01
1.648357631968870862e-01
3.707481439204372009e-01
6.451734234672272805e-01
1.033324968067748983e+00
1.140070634198174560e+00
1.146438853549540227e+00
9.454867043214427724e-01
3.847327274730574231e-01
8.019591773011889302e-01
6.009581117681932483e-01
-2.367558576198796061e-01
4.443992595890833286e-02
5.361296079218647037e-01
3.139367170748066371e-01
8.660416030739668258e-01
8.382646444017822773e-01
1.004731990671199782e+00
8.240553603080691403e-01
9.360982740221110987e-01
4.938425466236981975e-01
3.183089700416577017e-01
2.333590218530385840e-01
4.602971247274414424e-01
2.559658329841809632e-01
8.068496848649786557e-02
3.262192188561208184e-02
1.024869869786861898e-01
-2.243327072060541383e-01
-1.938793294231668796e-01
-1.266404389216493342e-01
-6.136180148823022762e-02
-4.222176297657291855e-01
-8.187948679389815965e-01
-1.013683414162414920e+00
-7.006535641380651214e-01
-8.877837567837829624e-01
-4.590803238460345881e-01
-7.778492126583671507e-01
-6.936681479383892679e-01
-6.351239601802660673e-01
-6.885578532608143121e-01
-6.415633325227290129e-01
-6.097163495162298830e-01
-6.770715616128129000e-01
-5.219154614458147989e-01
-5.850242173457189665e-01
-7.369655428476313830e-01
-4.894070361831559524e-01
-1.220158715671054495e+00
7.497071309322187460e-01
-1.000489184752620275e+00
8.217357451217921493e-02
2.895330120763794923e-01
1.561142437374627434e-01
4.412639077870572635e-01
5.145355505481319369e-01
1.069259563921782785e-01
3.528669978564167309e-01
1.236934567135321572e-01
7.463453810706681679e-01
-4.015388708451297362e-01
-9.855541176864015540e-01
1.487765742878579545e-01
-8.957386561121687407e-01
-1.914361978584366852e-02
-6.100410085160952178e-01
-3.153026694085525605e-01
-3.018535034152769470e-01
-4.246511220160051892e-01
-4.295984840005395711e-01
-2.518928251532770446e-02
-5.841236997236833872e-01
-3.224361733996126134e-01
-1.488747570708639500e-01
-4.840577667741783330e-01
-1.718233997575850935e-01
-1.541002083446230131e-02
-1.694340803701628317e-01
-1.049831513132062355e-01
-1.310096672559204478e-01
-2.940392087951337885e-01
-1.067690163107073431e-01
-1.185246425041412976e-01
-1.352230444543813803e-01
6.659894706458402425e-02
-3.315786547147396846e-01
-3.508262555994434706e-01
-3.192452679969690621e-01
-6.767718741805737181e-01
-3.393557743807562588e-01
-3.187713106652481088e-01
-2.227578254039244143e-01
-3.605504001944623838e-01
-3.944407174592186038e-01
-9.786621003770079597e-02
-5.552520662809286023e-01
-1.063508577800718058e-01
1.229391626059594955e-02
8.883589928488788701e-02
9.619295098595159743e-01
-4.128510288829545516e-03
3.200795644497702597e-01
2.913357808742134125e-01
3.381371257787080253e-01
3.408655765479338129e-01
2.594056919391150018e-01
2.688593439309627797e-01
3.878072296332248925e-01
2.805182401622019484e-01
5.687626027078671598e-01
9.648906085228503571e-02
4.743546381120857802e-01
1.360296629133088686e-01
3.532226151403641268e-01
4.198953450243472219e-01
7.407351474855268236e-01
1.004728031439963587e+00
9.196924923480302994e-01
9.253533445645238942e-01
4.076226049311131305e-01
4.489840668710343152e-01
2.750999067735264703e-01
1.097345184380458250e-01
7.728354893015954019e-01
9.749411715387878985e-02
4.394372229725576062e-01
4.847368490612602443e-01
9.619556442821632913e-01
1.392756251074029450e+00
1.320403797131056933e+00
1.407724024287578146e+00
1.590117787439464081e+00
1.346916422708355654e+00
8.468616191689886108e-01
4.603222954003456380e-01
2.359825097876822042e-01
1.843092311967247099e-01
1.074932015213221348e-01
1.490450555890650008e-01
-7.931469788150735667e-02
-2.767805725831653518e-01
-3.460024244529762427e-01
-4.016399925559106521e-01
-5.886914594341572382e-01
-5.834323670178580556e-01
-4.757894161368270147e-01
-6.692838700667884666e-01
-5.190370422074792600e-01
-5.361373608355286535e-01
-7.423324084472007200e-01
-6.524876239470813744e-01
-8.423345285369947533e-01
-7.982193553137335584e-01
-7.560646892889373305e-01
-7.486537648478730489e-01
-7.650852946083581685e-01
-7.852022754050729247e-01
-6.853312341440478406e-01
-5.274459021036292938e-01
-7.459092920128469473e-01
-7.934506584427651887e-01
-5.063107915494207134e-01
-5.398285458306482099e-01
2.184144703671258014e-01
2.503144695460015612e-01
2.945490576640281688e-01
3.719958701652075206e-01
2.471795401073109133e-01
1.411439334751847241e-01
3.735727556177117492e-01
4.355524868691560414e-01
2.470329899109096061e-01
2.160523571245605012e-01
2.885731683409282766e-01
3.752591701446661432e-01
2.495833305044214967e-01
3.396506410333479664e-01
2.885670182276989237e-01
-5.322554537879753411e-02
1.907772608665645464e-01
-5.501454461762378401e-02
1.065401749218004568e-01
-2.643618851515228130e-02
-4.939176356753449681e-03
5.463753291347828167e-02
-3.721245398557826434e-02
1.086480585198614790e-01
-7.922508059743655906e-01
1.397433765146001150e+00
-4.362128475414657203e-01
-1.850791097352093573e-01
1.365094057029629937e-01
-2.012667828156580185e-01
8.623799485141248056e-02
-5.478576065668150363e-02
4.364676288989954855e-03
7.464238901928155201e-03
-9.695194540287133123e-02
1.156887084062319104e-01
2.842895532715203899e-01
2.679855816885243769e-01
2.583191287939818892e-01
3.775681941346995529e-01
6.236352227833563688e-02
3.815747765404857716e-01
3.341692059927439118e-01
3.188483358249101229e-01
4.917057316029378455e-01
1.088209000390122583e+00
7.811983219627656183e-01
1.187063925578726753e+00
9.081548093243476671e-01
9.824666569664248783e-01
7.294789095548352975e-01
7.418354853779778324e-01
8.042210502713960096e-01
7.235300854622437328e-01
7.452463679619079073e-01
7.459982919485668162e-01
7.192731841463224640e-01
2.238596481123682480e-01
4.354334582294683287e-02
3.886744106520190201e-02
-2.385180924336136599e-01
-2.463125475052105884e-01
-3.491269402119012710e-01
-3.609823862292333985e-01
-4.254068466702669582e-01
-4.192574810162970067e-01
-3.903473562771200278e-01
-3.270935641150511941e-01
-3.862017258518299911e-01
-3.592463094513949073e-01
-4.048131341506433500e-01
-3.476874599315245007e-01
-3.936031641926032165e-01
-2.949617386921588036e-01
-1.226767331916214232e-01
-5.563249270039474226e-01
-5.489949001603200429e-01
-5.691923723783709477e-01
-3.398821566082972367e-01
-5.422848538597335732e-01
-1.558402138954875227e-01
-3.465576090564645995e-01
-2.344029502717113189e-01
-2.548728355622529307e-01
-3.155419756172541668e-01
-1.329707268864552816e-01
-4.448949261729850946e-02
-2.856277355077736502e-01
-1.521746561950365617e-02
2.938315800413349166e-02
1.145796402939680547e-02
1.617174555834921534e-01
-6.547097097183396386e-02
-2.283833673213209181e-02
2.161423483064837114e-01
2.434122917807926001e-01
3.825762378414303555e-01
6.245472497512665200e-01
8.722967738262994430e-01
6.672694352475296853e-01
1.051908667336968861e+00
1.022111582515446315e+00
7.939588220165667565e-01
1.058414709263669096e+00
9.238035690902091090e-01
8.211911185149904924e-01
1.023626450668276178e+00
9.824753116915889706e-01
8.563480369828049277e-01
7.768350765266323066e-01
7.659721898661091544e-01
7.851007186580476471e-01
7.834286933873038095e-01
8.341051577031297626e-01
8.311335648736624115e-01
7.865891950042960268e-01
7.450115240877484002e-01
7.468686689289039116e-01
8.246068026645796412e-01
2.235275733042200730e-01
3.543617983621003692e-02
-2.959809562805976180e-09
