2.257071778179223134e-03
4.689550359041737976e-03
4.998358403875914971e-03
2.817274917712513441e-03
2.648324583005678967e-03
2.606658706443546868e-03
2.604056025275330866e-03
2.251667639065729320e-03
3.383103323342634070e-03
1.004553398270660418e-03
1.738200922910836587e-03
2.487569508965422563e-03
1.921538320599757875e-03
2.233161814096164179e-03
2.472558347983972067e-03
2.701612103490429271e-03
2.710171470888044637e-03
1.537867124472211671e-03
8.644085219127084670e-04
4.247134056018205331e-04
3.891816335686586501e-05
1.389444679279770332e-03
5.728651458205670857e-04
1.993428079926652316e-03
6.898276048021868010e-04
9.625008342023759359e-04
1.573027072856476773e-03
9.724746769978520654e-04
5.920646348465076134e-03
5.554574471271099458e-04
1.873326208662560565e-03
2.013846890179796321e-03
1.491429874444536591e-03
8.158264009294796844e-04
2.164289788379217174e-03
2.666936741124319860e-03
5.986194465514337384e-04
4.519263381845654848e-03
3.351199956956493232e-03
2.278804851395963872e-03
8.362112590119539710e-03
9.552663877225533616e-04
2.300084864761017985e-03
3.055217657273893127e-03
1.289034203034157078e-03
2.884594233173881552e-03
2.220052880852539049e-03
1.822890644167479311e-03
1.489886803696934036e-03
4.161082502895281383e-04
2.151431144435164006e-04
4.506579827184852005e-03
4.031088517927581411e-03
1.032495640825308557e-02
1.523756653472098724e-03
2.150894836443134682e-04
1.183044149627408620e-03
9.896000660968083500e-04
8.161047351961904983e-04
4.236031090329696542e-04
2.598813011024974067e-03
2.400156179394155424e-03
5.220532089160978030e-03
4.405788704502994028e-03
1.025435991048859402e-03
3.341038347416210117e-03
2.752846623277903121e-04
3.045207058066725335e-03
2.366971980044652035e-03
2.056865286926074432e-04
3.657146433440342653e-03
2.085452371875439088e-03
1.297418908511089328e-03
1.709643936989900439e-03
7.255927548625144569e-04
1.842620613824563769e-03
4.554418968668202256e-03
3.749299027612891782e-03
5.113486023649813431e-03
1.189994366075383973e-03
1.435253633000261530e-05
1.338940701710770271e-03
2.248354824167115348e-03
6.920020990472208408e-03
1.894760870087208932e-05
1.726306889041887352e-03
2.407010219794989293e-03
3.995095882531649045e-03
4.522483848079869237e-03
9.806506916520526997e-04
6.265912174049197148e-04
7.258131401004751238e-04
1.559930145524512750e-03
4.755418199948821360e-03
3.445830062630896875e-04
2.839986164557812992e-05
3.774225384527622393e-03
8.899205811003547831e-04
2.093249638480564143e-03
8.561317809542591528e-03
2.288989423542651599e-02
5.990375698043499779e-03
2.001393178448020518e-02
1.451486114536954235e-03
4.257527877568427314e-03
3.856574556941769379e-03
4.027436513198013316e-05
5.596000988406519671e-04
1.049030451899017179e-03
2.522167861370936022e-03
2.435092902592496215e-03
1.650943663113308172e-03
8.910356821181892803e-04
3.634709759173582796e-04
2.621824167147370085e-04
3.551910053974981847e-04
4.237056927688182678e-03
2.766503274452999082e-04
7.134744432230480729e-03
6.359279929371814549e-03
1.228395626698893482e-02
2.031116764591603917e-03
2.241077463685283702e-04
1.839153542629811365e-03
2.638337633425980218e-03
1.887650343320941386e-03
1.781721584333820479e-03
3.403218716512994074e-04
1.304877388400281523e-04
3.472447009922908882e-03
3.981972047010566736e-03
8.555118919687715101e-04
1.032688639480150612e-03
1.469115306746149536e-03
3.665224040171028526e-04
1.921821676678754035e-03
1.299051093135222259e-03
7.865331422414779407e-05
3.321922938501851476e-03
3.055680944749193011e-04
9.459958562732942791e-03
1.605949523222706399e-02
2.533575123213957850e-02
1.674219788611997634e-02
3.567899027416681149e-03
1.047366379461051001e-03
9.029779843389004398e-04
3.235947285438960206e-05
3.549473364138768872e-04
2.961715302829435944e-05
3.544253812007971093e-03
9.242737416073119969e-04
5.434961891647554491e-04
1.629870587093787924e-04
7.322774098227405586e-04
9.113403443516837361e-04
2.675561303925008986e-04
2.288119875911222593e-04
7.663235644363111275e-04
3.569770909635249824e-03
3.138443890902191304e-03
4.514599186533530158e-04
1.631556133889316236e-03
6.248691405206371289e-04
1.640256551986182332e-03
3.204023814169539366e-03
3.200459067005743084e-03
6.063477356311211715e-03
8.573886905754923501e-03
1.241763050653276607e-02
1.795760998078120563e-02
1.032745597559521326e-02
1.244832086947973183e-02
1.035248558784081186e-03
9.043052956101205794e-04
7.602114866448187380e-04
2.695635671133983936e-03
7.165266327302133743e-04
2.154289918495281772e-03
1.896159194243273935e-03
3.468780945681714228e-03
8.590500516459295948e-04
2.605114315424421887e-04
3.899629281882334040e-04
1.419243070052422567e-03
1.643936952991605961e-04
3.985440426049398919e-04
7.059094385559155482e-04
4.912776735177874733e-04
2.122845318925228398e-04
6.101793928625962905e-03
3.837351397250356438e-04
6.193226527510485840e-04
2.717154291470322107e-03
1.665685673744446600e-03
4.071228029826771998e-04
5.953144701986003238e-04
5.576338481855019555e-03
1.315313567882851059e-02
2.680351045124195267e-02
2.438368998227477200e-02
8.913906270727370296e-03
1.292962122242957701e-02
4.120509909051435320e-03
2.446959514933556585e-03
1.720848414855528051e-03
4.519367787611161015e-03
3.845035494623409299e-05
6.285911900519673516e-03
2.075156939673075338e-03
4.178112563078449312e-04
1.900101679026399305e-04
1.482910758623108604e-03
9.529821743125058402e-05
4.856593028061605101e-04
1.042818684534384081e-03
6.770897353635839042e-03
1.787468643062128026e-03
5.315942687594347495e-03
3.051647091479808751e-03
2.477348555649139424e-03
7.471820195264038122e-04
3.741996829772657523e-04
1.348259807191213916e-03
3.684163765678568139e-03
1.464223715768075409e-03
8.804816230248879022e-03
5.112930157222342906e-04
1.366481244916238451e-03
3.199604132931299638e-04
2.252493018166550239e-03
1.546573847200991740e-03
7.385565456931663698e-03
1.788316227547896015e-02
1.328809780083800227e-02
7.673734871729193802e-03
2.270905922916156491e-02
5.711038680396353720e-03
5.752362742858863412e-03
1.198077327667761063e-03
8.285245410190213286e-04
3.356251560747292115e-03
4.409399246802248387e-03
1.203515702069585681e-03
5.366675376876029954e-03
3.920362802293623182e-03
1.934158082773141697e-03
3.434479093102527688e-03
2.731554140500018057e-03
3.534524465208887731e-03
2.245359862166674408e-02
4.423116999260896624e-03
1.062751708566472310e-02
5.921029370487573308e-03
1.645646862006740901e-03
8.468438011246963437e-03
1.260683735666084113e-03
5.862576436336511612e-03
1.998593246611828078e-03
3.121196064332480984e-04
2.200264720575097373e-04
3.238515127118027012e-03
2.882683602957312151e-03
9.526727399558554887e-04
5.334195919360330829e-03
3.283725852795372439e-03
1.177753997975721726e-03
4.818300815453612157e-04
1.038089362980342900e-03
4.219831867033071483e-03
4.711748492492322943e-03
4.016726167090658127e-03
3.684932470588499296e-03
1.370003223698146441e-03
3.499135131732598902e-04
5.622317233489235698e-04
4.409413164625768252e-04
4.275570566581688922e-03
2.580330917299052075e-04
1.349678150531435829e-03
2.206461474125879021e-03
1.070928762042516833e-03
6.821036199294613737e-03
3.768078339478965564e-03
1.072560468156097402e-02
1.213809115633273338e-02
1.977220592558929027e-03
3.299937744371565871e-03
2.664627901816089394e-03
2.730563159161655297e-03
2.442964226430074503e-03
8.764295044179574567e-04
4.070472347545037346e-03
2.672613052618089905e-03
4.388138491016823316e-03
1.128494321742629092e-02
9.127258277390510807e-03
1.131214053104916475e-02
1.463529677230147874e-02
1.666739673351571444e-02
1.283229000205356879e-02
3.881954800762336261e-02
2.932251101473411226e-02
1.395347122955603071e-02
3.454761086935281139e-02
4.732108069622040225e-02
3.329161774795076634e-02
4.302260739054641903e-02
4.871092049831970278e-02
8.410256263131850318e-02
8.136380532893248974e-02
2.791652934411718509e-02
1.548857372099929700e-02
7.032414461723513442e-03
1.532740131662975284e-02
7.509516037608597594e-03
3.134909324672825476e-03
3.672672460163205806e-03
1.621182787438234718e-03
7.024192320666839285e-04
5.397141216793163113e-04
2.506916262423774969e-04
8.095888610307795273e-04
1.397567933746439710e-04
2.024114046378973179e-03
2.957181404116852094e-03
3.747561886690485740e-03
2.596601596710347939e-04
9.997530229461338517e-04
3.541792799939542762e-03
9.827884109463291677e-05
1.541070201453003925e-04
2.577052132241863976e-03
3.121789930544982463e-03
3.385475125846171360e-04
2.586767827832494628e-03
1.623873927537949945e-03
1.322030694169464395e-03
4.206593397275101495e-03
2.062753436415278117e-03
4.094938180045204338e-04
1.479301117790632477e-04
2.043335134707855404e-03
2.525653671753498412e-03
4.866884674880372214e-03
1.847006799592546033e-03
3.378416736704017639e-03
5.360717137580400284e-03
9.549199472687079984e-03
8.978051279366781792e-04
4.180199113558817625e-03
6.165641357134957375e-03
7.124323884839421465e-03
4.643553762867033349e-03
2.783416037106245956e-03
2.422258385058207592e-03
3.520535096520873743e-03
1.177496984481240030e-02
1.880176306020059709e-02
3.396854932478685085e-02
1.947504070955391377e-03
1.193493322834107521e-02
3.767767005026955839e-03
3.784642391269339365e-03
4.022829476304437199e-03
2.736698480590331068e-03
1.942261556486420343e-03
4.719232182191102770e-04
1.598269700525308369e-03
3.502952818195033142e-04
3.706868087792694437e-03
1.340600331568471632e-03
4.222670659625782363e-03
1.577885715000116630e-03
3.601622357369611404e-03
6.459094219356413535e-03
2.390211279846357617e-02
2.083229115651669822e-02
2.214980560407853009e-03
1.376410695658387452e-03
6.731113011995394852e-05
5.594851212360874406e-04
1.223428285699894010e-03
2.145570475371343707e-03
1.909833115205737415e-03
8.816241852887377636e-05
8.758239906850876638e-03
5.269826472718767800e-03
3.695854471607817188e-03
6.689915529562048997e-03
1.488153293621209683e-03
1.273485220281741614e-03
6.626078096872751880e-04
9.690616286645481643e-05
1.060519521063259816e-03
1.466317757402095436e-03
1.912570896451777766e-03
8.436180115661740322e-03
1.084423657293403457e-03
3.023151847669886070e-03
1.629613540085000836e-03
4.047752179499470790e-03
7.581502463341145345e-03
5.761628155742042068e-03
3.517755233574734741e-02
5.823444445865228955e-03
4.746489022508035803e-03
1.729452971322708796e-02
3.992948877467930417e-03
3.779436700037941410e-03
2.685780523707340453e-02
9.484180811174523426e-03
2.681320509225414844e-02
3.666602880658619088e-03
3.418939845039466532e-03
1.820175701547717059e-02
2.266456698379880862e-03
8.042645721281958815e-03
7.258193375773728563e-03
9.510074610615175048e-03
2.256023671326786925e-03
6.369215951859220903e-03
3.874686019976321394e-03
3.725458995566047638e-03
7.090850767968595939e-04
1.078927644180022009e-02
8.303514103624797665e-03
1.463076423431390605e-02
5.217963017760519559e-03
7.870178227317371766e-03
2.456674115159216635e-03
1.845101685425081526e-03
4.183179990895864037e-03
3.893695312820188043e-05
3.038228685580553722e-03
1.811957502728283806e-03
9.747849988289837390e-04
1.476261445924575890e-03
2.243728066410220160e-03
1.115217114207334316e-04
1.430754406141060680e-04
2.042624457304223289e-04
1.986488103758539316e-03
3.397761785062036548e-04
9.309584995085354048e-04
6.065915273485174460e-03
2.269852298668357561e-03
1.124581242338833610e-03
9.022481279699562720e-03
1.993286293195433573e-03
9.124406227739732724e-04
3.709999132697032465e-03
5.167909320093902817e-04
5.499600137165935182e-03
3.622404592279972538e-03
5.920931620290510082e-04
9.843597225415033798e-04
9.587294450195477796e-03
1.847859274280082243e-04
4.744477001463825137e-03
1.763313465486227277e-04
1.279440432994810757e-03
3.983352464210933156e-04
6.928999450217257494e-03
2.144026461836904054e-03
5.711007320079892211e-04
3.896784294234646121e-03
6.424877011837276664e-03
4.160741703641310067e-04
3.381654150475630759e-04
1.723576566318392239e-03
1.370880643619777801e-03
5.460702042009447574e-03
3.547353910264381283e-03
7.572537207159540885e-04
1.048280748681529708e-03
2.921413892239424579e-03
1.559731876767082945e-03
1.311478580505160037e-03
2.917020028011585008e-03
6.545777436259263976e-03
5.278147580467770598e-03
3.369234058512440583e-03
2.370787475149242068e-03
1.784675259932927286e-04
2.284981526617948198e-03
1.619774091029619646e-03
5.753723923595618038e-03
9.205083134516560406e-03
1.551948906310992270e-02
2.059865599488594143e-02
1.981078910886048278e-03
6.640950378436183930e-03
6.373225223422781735e-03
1.797652954946456390e-03
6.425769434590866344e-03
3.394001286975259751e-03
2.507354587417642573e-03
2.123957562335992109e-03
1.651272253668884795e-03
5.568624470302011194e-03
1.109041509129378260e-03
1.089361976966855784e-03
4.499686631708268731e-04
9.237428639917898620e-04
1.717760831397772275e-02
1.307450420258637717e-02
2.591514058931214740e-02
3.952815711136442416e-03
1.594451380095302656e-02
8.364299686107457693e-03
3.135844332315200489e-02
2.128072446287954805e-02
2.341600137973952681e-04
4.001701367376117244e-03
2.462986888937862464e-03
4.071826800844876052e-04
6.241124270517429441e-03
9.960665462864103439e-03
4.202992811488280231e-03
2.220775712347819973e-03
3.338105465657476619e-04
1.152176792257210338e-03
4.052468582286617403e-03
1.173050333104810579e-03
2.284140155035307117e-03
4.852074707021315249e-03
4.637670608902961025e-03
5.691177822350870948e-03
8.391770034782103198e-04
3.129911715739197488e-03
2.753778783417679815e-03
1.037362210515251505e-03
4.138193107609924089e-04
2.139488571421174854e-03
3.182154181763847262e-02
6.714097881737458688e-03
3.682127498530747382e-04
1.034399986193102741e-03
1.479306099338720086e-03
9.460543620240048635e-03
1.967044570714851178e-04
3.073450912369399789e-03
8.577793439146209203e-03
8.379298529007555077e-03
2.000011987550453021e-02
7.893528660414506851e-04
6.745245870226726156e-03
4.857557515189370742e-04
1.472992831256110828e-03
5.908764229306197671e-03
5.829342244191402719e-03
2.816288948673762501e-03
3.627852454478010767e-03
2.179799202363051289e-03
6.115861582084150191e-03
1.501477845666580359e-03
1.395794479360544689e-02
4.765798364192018466e-03
8.640205199847057066e-03
4.063723490049953729e-03
1.786062363241461368e-03
1.247075688229379309e-02
1.848053539294672396e-04
1.002084423230397391e-02
1.989132142873698775e-03
9.074022465918957225e-03
2.997895092591595836e-03
1.687639980347004423e-03
4.086587354579055385e-03
4.663191592231079839e-03
3.236891387098054661e-04
4.056450282877191796e-03
7.215513606279777038e-03
6.709593633063158126e-03
2.709830414213820239e-03
6.371544747123688256e-03
7.067889719900601747e-03
1.247295322049770359e-02
5.238503433782834562e-03
3.294659014030862539e-03
6.458265263752419050e-02
7.300331235402064342e-03
7.470004016155188005e-03
1.993561005683208709e-03
1.203920261689350561e-04
6.588133378693571650e-03
1.543374031755863698e-03
5.364387277970513335e-04
9.185576686840599137e-03
9.634729465583899855e-04
5.939272053443052065e-04
3.931494917054463405e-03
3.793345471575644470e-03
1.151735044000409738e-03
7.923331681853780506e-03
1.071695689133376692e-02
6.350283379848760922e-03
1.288757552320166956e-02
4.220620637737916743e-03
2.162755149129498913e-02
1.504521299557815515e-02
6.675984276242343494e-03
4.191283734788305362e-03
5.310162973297365011e-04
9.118260832378143402e-03
8.784341206467139183e-06
2.371456974551794383e-03
1.249193361317073141e-02
5.569910896928187936e-03
5.297903750059554037e-03
1.932348529201932327e-02
6.076356794719510457e-03
9.242773040565529369e-03
2.145119545670177031e-03
1.264888914578700396e-02
1.825044408660473358e-03
9.853314078174612786e-03
2.715144606007144053e-04
4.516818501634581665e-03
5.286511516304728819e-03
3.813336220121555601e-03
3.882820076163508594e-03
2.017932026284446900e-03
9.690664576025915427e-04
2.994063403595639914e-03
5.629615284321380598e-04
5.618320824213012942e-04
2.058179575359467847e-04
2.018924842876919368e-03
2.122980257250845632e-03
2.823170404551984098e-04
6.879274908184120248e-04
6.920546863119450554e-03
1.821033468448397699e-04
5.553775719038932940e-04
6.009064451714638292e-04
6.190829669526947895e-03
9.153278411375039003e-04
2.224966767788369437e-03
1.105229469765282987e-03
2.452544883432452704e-04
9.634624020600882381e-04
1.505684118226862734e-03
1.957723240892047818e-03
1.830250365338090572e-03
1.018732956117489492e-03
1.180820365071150353e-03
3.259805580937598975e-03
6.308511340546148292e-04
1.988517516176090995e-03
3.817089402151444271e-04
2.492247069013618557e-03
1.840054582862734570e-04
2.032049226687574587e-05
1.315134166672922563e-03
2.319656601580117987e-03
1.160762095464337685e-03
3.081801094708172626e-03
1.643533633949729707e-05
9.549384277376751513e-04
1.233532940503972953e-03
8.368227171106889725e-03
5.202378953023410746e-03
1.391279128142092680e-03
9.274156378733956069e-04
3.323347129332668856e-04
3.356281766128186520e-03
5.346961615617465977e-04
2.454303079268188494e-03
7.900031599586826436e-04
2.415835077341375850e-05
3.103769827561199835e-03
9.106669853085258212e-04
1.685547464275435284e-03
1.903924585950389319e-03
2.105570953952352734e-04
2.620060527901590507e-03
7.808021460910009870e-04
2.202405858428796253e-04
1.063100596904592359e-03
8.193183147528435581e-04
6.194972014110764619e-03
3.209871411670642879e-03
1.304140169737505982e-02
3.916409619382549734e-04
7.497381199781311296e-03
1.625898194362415455e-03
3.000843095337815333e-03
2.675884249997429777e-03
2.443461876761478919e-04
1.441357683564180835e-03
7.378214445001865344e-03
3.130430654603335965e-04
1.025717081094710235e-02
2.913557989719270727e-03
3.552544768377642582e-04
2.488819646262397170e-02
1.147641571861979020e-03
1.101979702169717835e-02
4.615279573732237843e-03
9.569107108383434479e-03
8.922167364635340964e-03
2.554414973735355185e-02
2.712014711387982294e-02
2.266042814094686511e-02
2.962263966145385619e-02
2.363673586703678858e-03
2.104322515180695463e-02
2.215838728591714574e-02
2.324826187057692922e-02
7.386629849690385351e-03
2.815387796351170174e-02
6.634528649248709262e-03
1.818952285693816937e-02
2.476347087481377968e-02
1.068231819783936956e-02
8.650859221762015328e-03
2.805478373320411615e-03
3.908224827610218277e-03
1.044184909483449140e-03
8.597696576197214014e-04
2.248525894745020612e-03
3.274192857862976390e-04
7.528725038700624520e-04
1.418465892163727924e-04
2.249953507727695239e-03
2.190523165333784633e-03
2.701897908968162870e-03
5.222212479822466863e-03
2.826879322950252068e-03
1.087575872079806286e-03
7.308751460522657385e-04
3.281685197860247614e-03
1.534605873613500418e-03
7.241665810918617406e-04
5.203426387505850036e-04
7.215320525833355918e-03
6.222940834287048022e-03
2.519241630028255449e-03
2.284822308152093407e-03
5.578056683977918430e-04
5.464917592897241628e-04
9.834274552650915102e-04
3.979405080102626558e-04
8.758710298067784276e-04
4.704102923883913211e-04
5.726601884539822464e-04
3.217700404472889414e-04
6.145733386024717845e-04
2.579876680476099124e-03
2.519854803308104688e-03
6.219663497855086641e-04
1.019016130388689188e-03
4.028957411726824295e-04
2.205718499413725393e-03
8.122769058414755191e-05
1.100742190602233689e-03
2.495938083156475258e-03
6.059276191182444600e-03
2.491850099502026291e-03
2.516283573909369482e-03
1.771418668064025622e-03
6.554128729050281293e-03
3.481008453194731588e-03
8.308173181686036302e-04
3.015481760063292663e-03
3.923162204074546328e-03
2.595935173656199833e-03
2.179621107122686231e-03
4.403127041414537333e-03
1.826889317904825021e-03
8.843040481520184765e-03
2.108265208656130143e-04
2.202568511143623321e-03
1.431112621828639533e-04
5.009845758109031030e-03
1.416542373340630564e-03
2.182343428705854019e-03
1.986539011168771910e-03
7.296106781231782509e-03
3.779194836379153911e-03
1.016223465483240187e-03
1.142389851576747000e-03
7.771419858243478786e-03
3.066100579735365171e-03
1.755438077780763825e-03
7.223329792442076489e-04
5.530452701015882867e-04
5.006589380566546683e-03
9.868577292960580612e-04
4.259538387799419526e-04
1.736735576841324158e-03
2.068283463303939237e-03
2.585310769574280122e-03
2.727261477238213658e-05
5.892114648851711238e-04
2.597868756372903251e-03
2.623242340383446169e-04
3.365539767640605452e-04
5.435734978349011188e-04
4.528496078606568213e-03
3.068631040161961913e-03
4.300684647378033056e-03
2.446513255939186497e-03
2.933056413191623244e-04
8.967919993297003220e-03
7.944475159714291593e-03
5.785593775540521892e-03
2.811400833066835274e-04
6.340981622394408455e-03
6.336010271459158530e-03
1.395540981240740719e-02
1.303444517598869104e-03
6.293861324059896178e-02
6.373430491873310552e-03
6.862862021901622311e-02
6.931838085085482992e-03
2.469297138340272729e-02
1.506557397947364159e-02
1.561819431399738382e-02
1.998303118437811526e-02
1.361658208549417805e-02
2.134466023631171466e-03
8.167478880957404833e-03
9.499157854513640663e-04
1.284762640099619546e-02
1.774140685180587620e-03
1.848069260516317647e-03
2.413302683568201157e-03
2.622296810447019479e-03
1.045723936762956623e-03
1.044673727717031902e-02
8.977669833541326860e-03
5.859842002126140932e-03
7.847153891508812026e-03
8.718640786827391159e-03
5.171618227469461891e-03
1.030687115354970767e-03
2.779238060496331967e-04
5.494484323606991247e-04
3.571984030036488215e-04
1.992795155870341812e-04
2.798845693911183614e-03
1.702379993775699710e-03
2.752883060312512169e-03
2.728362768278578578e-03
8.156152321367009239e-04
4.797084962275290879e-04
4.375332372719648391e-05
2.084666676528069452e-03
4.472431358563395791e-04
7.749548967389790002e-03
1.146083192544753403e-02
2.595161310202654921e-04
1.245932770560690024e-02
1.598163070377652917e-04
2.418638931087009440e-03
4.269139529451316910e-03
8.421545519016783443e-03
2.300098529686698135e-03
4.127856480521041420e-03
8.371147037257020826e-04
2.364299122631920939e-03
1.104936857230232050e-03
7.157935469805384681e-05
2.419472007530312947e-03
2.114162576348293902e-03
2.342761816878439519e-03
1.798447392694256779e-03
2.933199731315660531e-04
4.560974535728405080e-04
1.202123143475859702e-03
5.698637682184367476e-03
3.104245580557157304e-03
5.810127613538607072e-04
4.512743693871268218e-03
1.152213326983078006e-03
8.382127000092459528e-04
2.370677127875990900e-03
4.323138720323338002e-04
6.696322943988047664e-03
1.653240417415598445e-03
1.865871156040459916e-02
1.572465801258773411e-03
7.375564486922522520e-03
5.471371660553208532e-03
3.574851263059750095e-02
7.706777544648431115e-03
1.597930128496845119e-03
2.537204535024002684e-04
3.365124122566844414e-03
1.813066171116138083e-03
5.442795643106548321e-03
1.793885797541108296e-03
1.158094204106391474e-02
7.053956083175962760e-03
7.005091659332535583e-04
6.526634662712763046e-03
1.977340020743185989e-02
8.608886234306376006e-04
4.746342608115289644e-03
6.705057930461131048e-04
8.080023526211085536e-03
8.907864328793231937e-03
1.972456379705206982e-03
9.495109429024841535e-03
1.189269064898188302e-02
2.858900917607239047e-03
1.525659726052946107e-02
4.477136492521517435e-04
3.427155792651041030e-03
3.027770264205999792e-04
5.670316331537600223e-03
2.202083007340449941e-03
5.194776234808845886e-03
8.895737045654900782e-03
5.881414748743654490e-03
2.777348330890445482e-03
8.856836597247851473e-05
1.034583797674636270e-02
1.336013394204099529e-03
1.341721808447400577e-02
3.171474414525511654e-03
1.400857526837526526e-02
3.236357499254407816e-03
1.058935728062984985e-02
1.549169287633376212e-02
3.960703725755324207e-03
8.244773040890775520e-03
2.839353498344659998e-03
2.129190354105463950e-02
1.694259769290510850e-02
3.092727134556660581e-02
3.074184675830941155e-02
1.435737716165591885e-02
1.938890438987894704e-02
1.039492002266702628e-04
2.841803864099277759e-03
1.079741675521528159e-02
1.167064762094566915e-02
6.736575612812574845e-03
1.027460589568671839e-02
2.778479471264635320e-03
2.790745723775433541e-03
5.901331183658795748e-03
2.860282307181146594e-02
1.163447213198146035e-02
5.653425117222707352e-03
1.018577122282721820e-03
7.576459010408878418e-03
1.076287955025906438e-03
8.903772458416058921e-04
8.357977352787039106e-04
1.514258938052947048e-02
4.595462453434574421e-03
4.200143632073288606e-03
5.291979150750188198e-04
8.375019625582603988e-03
5.432216331175730197e-03
9.189825974516933069e-04
1.482544268384838708e-02
5.790701636476779796e-03
1.898949638718423240e-03
3.332634960794491393e-03
1.767386170764465719e-02
5.432338071148646967e-03
2.211668524801964873e-03
2.723742480320234024e-03
8.009967974098289659e-03
2.098332822808333682e-03
7.001192680337064295e-03
2.151275701626814175e-03
3.366457998888471720e-03
3.300048523724377972e-03
1.324600090893874671e-03
6.796881844973894950e-03
6.980985505066349302e-03
4.796834904242870505e-03
2.789026348359608526e-03
8.388665800829173819e-03
5.217691429034532723e-03
2.150355588669167293e-03
1.574507612405048884e-02
4.240440387122946381e-03
2.539788320063082055e-02
4.016903361446327869e-02
1.960126791209289981e-02
2.266529159672975649e-02
1.244127481091990804e-02
1.791501764223598497e-02
1.001327809577546614e-02
1.395428984702812639e-02
2.597795061498686664e-02
9.486734001387591569e-03
4.384197710260580652e-03
3.308324734201885560e-03
2.460401921405488967e-02
3.752952049721990785e-02
4.520988671872364258e-03
3.246482619467180863e-03
1.206031627257220414e-02
1.158874552918149909e-03
4.865745918443464607e-04
1.446235678934056079e-02
5.977977007982192151e-04
4.430703794616742660e-04
4.504769186514903830e-03
8.110316244700779831e-03
1.908821683579264850e-02
5.478173383745173902e-03
1.571193428089767002e-03
5.118623240067918549e-04
6.769373235635263442e-03
5.522706865830779091e-03
4.042749451951554301e-02
3.383054742231840148e-03
4.165293562903935043e-02
4.171281978924061377e-03
8.272512659705393706e-03
9.477979302020107799e-03
1.644865531534375064e-02
5.327124923448087884e-03
3.423536416472142824e-03
3.084664031954484614e-03
8.049626096054727370e-03
9.591719807138011228e-03
2.641506083688627271e-03
1.369049836817714909e-02
5.100471458315035747e-03
8.556764413442630515e-03
2.389523303510852036e-04
5.319900539369153310e-03
3.701821662102468442e-03
2.710251610552003379e-03
5.029782068213430567e-03
4.648243984986449645e-04
2.602604159869014409e-03
4.306587651506253202e-03
2.718627453810536936e-04
1.870376443641852751e-02
1.999148636365308609e-03
3.863836847394528512e-03
2.517174647766007127e-03
1.489827092842735054e-02
8.958561407931924653e-03
3.676544901425610884e-02
9.780515628195691688e-03
3.786829194268591381e-02
2.459772590298733852e-02
2.479639563215310302e-02
4.422033265887185399e-02
1.979708012256063687e-02
3.713770038751209451e-02
4.008286648042909406e-02
7.854912514297974352e-03
2.426657278867335940e-02
1.828162005096573700e-02
1.523631659720540987e-02
6.176462421112020873e-03
1.055437916069212716e-02
8.378301827491125425e-03
5.550816112916508692e-03
3.757646813720742600e-03
3.220167380085759649e-03
6.752418731508148808e-03
1.051599840332446923e-03
2.708493366035877575e-03
1.108261875605606826e-03
5.610836091746492903e-04
2.534094874463226846e-04
1.513745197692052766e-03
4.292943144097701239e-04
4.580421448160420551e-03
4.579525892400419004e-05
6.926199259368528462e-03
1.236259895309600298e-03
1.249142540513289035e-03
5.931210443888525023e-03
2.287020695026481965e-03
1.808007465129782818e-04
6.242800585736629077e-03
1.889380386907391833e-04
5.054664213814900192e-04
6.730516938357527720e-04
5.247546094348101015e-03
1.853398306345996338e-03
2.233326094480274620e-03
3.461600771719304461e-04
9.093812461409995010e-03
3.586218278353430974e-03
2.376644802934031134e-03
7.278747042180955251e-03
1.032802802793822070e-03
1.873262135870802344e-03
8.515798386881935330e-04
4.288575970230521124e-03
8.986673232533279668e-03
8.174960706437575317e-03
8.457981738050278711e-03
4.381806841185055881e-03
2.015460060247983506e-02
1.721871331541597813e-02
3.129912944765025906e-02
1.344805267567202554e-02
2.746345571484105907e-02
4.328635137363937013e-02
1.698523796613661541e-02
2.081560295100724420e-02
1.577678765262661639e-02
5.429154400668441405e-03
3.433853660130069263e-02
1.050817465210515667e-02
1.055470579739479879e-02
1.947681393404454217e-02
9.105148619373573671e-03
5.166420403090203270e-03
9.248227814873576091e-03
3.991619033212138838e-03
3.438515496037669551e-04
8.131616229212247637e-03
1.096107128629266077e-02
3.796701461169939458e-03
7.778376657872164771e-03
4.772517568413437404e-03
1.670061558485933309e-02
1.890999491392485535e-02
9.526629437952625987e-04
4.744969614814501316e-03
2.040946319223818899e-03
4.511389591339589472e-03
4.208194036516721241e-03
3.731675885435724251e-04
1.831706882999343568e-03
4.219620985482198765e-03
1.703028638138296530e-04
8.104341758232437923e-03
9.134157628515801857e-04
1.971170924203740401e-03
3.030661142636152487e-03
7.678858067228858109e-04
7.465138531445426147e-04
2.056634535372530576e-02
1.439357155365903352e-03
5.535715514552144896e-03
1.336273373086821654e-03
1.391273264613416411e-03
3.050979099677820789e-03
1.447161775401608827e-02
2.727898184918826213e-04
1.983595325437303731e-03
4.946499401911068697e-03
1.776789505450148939e-03
9.397018288424565519e-03
5.503428511255365613e-03
7.641769668851799979e-03
9.111568873023622589e-03
3.469312852682911261e-03
2.816794860955544773e-03
3.131400133774711825e-05
3.628069280140432378e-04
5.215009967297324321e-03
1.277777959329795413e-03
4.131028399469988469e-03
2.579325129729332245e-03
1.593181839615844669e-02
3.789801768736528621e-03
8.963077349628578759e-04
5.893250510700642417e-03
3.033688051479730731e-03
1.790892148973923133e-03
3.079547164759247231e-03
2.876975547594311407e-03
6.073436467488774020e-03
7.933803452249190910e-03
1.523673042888493666e-04
2.004839416282914403e-03
2.172005643004884870e-03
7.718584047661660819e-05
2.271892967610972865e-03
2.362734681468119579e-04
7.033361635715629136e-04
7.973187265452064479e-03
1.908345433877999214e-04
6.202518270856573895e-04
3.176341958795775040e-03
2.175154538247578342e-03
4.866875687015753855e-03
7.556742605065849827e-03
3.742456480202909462e-03
4.986838496247348283e-03
1.537412202129597935e-03
1.301798752202954932e-03
4.125014724453964464e-03
9.696928833197839340e-03
2.127687646120538650e-03
1.507684095111569032e-03
7.310380657135252683e-04
5.986819615427662819e-03
8.609271706937949740e-04
6.512032183898285552e-03
9.870911230350017281e-04
1.872970662842369594e-03
6.689471938259336330e-04
3.661741573983137970e-03
3.288630828228616184e-04
8.210742874469692879e-03
6.758802624150466289e-04
1.063605770603928561e-03
5.108735465374157278e-03
1.205219727386570242e-03
3.068237956210000312e-04
3.886899731436006030e-03
1.856840023507146976e-03
3.930720734979967039e-04
1.436698269903508756e-03
4.061171230218325228e-04
3.844394761738745107e-03
2.157072162340992975e-03
1.375556555102707941e-03
7.605717335622829182e-05
6.449715324205145114e-04
2.212659096087269284e-03
3.141074365003412687e-03
3.598603921984102477e-03
7.832561803141048712e-04
4.346301221231371010e-04
3.491322967085608905e-03
2.983731191007766778e-03
4.185047447479324327e-03
3.355394484506833675e-04
1.050973719523556026e-02
9.499274515707800508e-04
4.882247938541081481e-04
3.447673329497112811e-03
8.359732964981898135e-03
5.754733290311599136e-03
1.802599675860081657e-02
1.430711045752452136e-02
8.612965857393091625e-04
2.591216807530006432e-04
9.181267173521039180e-05
1.081577996312241491e-03
1.231542728046635532e-03
2.896235870756612690e-03
7.919129341526694741e-04
1.190229555536467419e-03
9.249383714923218626e-04
1.618484883346201636e-03
1.613055393320296863e-03
7.292402937364765797e-04
1.904357251526996898e-03
1.415302347201028192e-04
2.258765238541789871e-03
1.585722121695861417e-03
1.759650100378740449e-03
1.546906048048375031e-04
1.594417419349769896e-02
3.400708324260757337e-02
7.545037218985991764e-03
1.104411470848070884e-02
9.311901013177425329e-03
1.785748942862711497e-03
1.111419614303525575e-03
1.119515746547987455e-03
8.381578511429502469e-04
1.225283429349915184e-03
4.099652647588972968e-04
7.547893799734757114e-05
4.032960648581605453e-03
1.714803094249580566e-03
1.669660855463469163e-04
1.384436161190439154e-04
4.869425326324839092e-05
8.560803066468491377e-04
1.775334259608986592e-03
3.910680135671635096e-04
3.211899992219342977e-04
1.305950578358103112e-03
9.578708024152815179e-03
1.879403474342539399e-03
1.220012835972640944e-02
2.246278847547669624e-03
3.934752246651261934e-04
3.258461217792043337e-03
5.523675719533350896e-03
2.541063077408922330e-02
1.588148584771913174e-02
7.850617136308633490e-03
9.103226727617362915e-03
1.266835943708004807e-02
3.220100248336281706e-03
2.857632266910877655e-03
3.668085786912766034e-03
9.174252177274414694e-04
2.175186684364059739e-03
1.076781067128992431e-03
1.835991002659774236e-03
3.136861187671825899e-04
7.516788692388862549e-04
9.475664901772214588e-05
8.400454686910693164e-03
1.617220306116814131e-03
5.062949679328097863e-03
5.484150410668566997e-03
1.750783493102707434e-03
3.441321372425357812e-04
1.001591078268269279e-03
1.876541658808648927e-03
4.638073110446514283e-03
5.030180891902612077e-03
1.011357053299776106e-02
1.120545081481038197e-03
2.841134086256831906e-03
7.230392424820326902e-03
6.926554949182386900e-04
1.857855272493266286e-03
5.444211741677285575e-03
2.780161270051229819e-03
6.836743418007539333e-04
5.672040476258764785e-03
1.304126006736323808e-03
3.372880462757668965e-03
9.465857868537293131e-04
1.092711024792970527e-03
1.440803796665155118e-03
1.540682739318484070e-03
4.119891126828369513e-03
1.734190660616036954e-03
4.169090640301592425e-03
1.029713390949732466e-02
7.164188307720235731e-04
5.102309225302695955e-03
5.414035953700789550e-03
4.552323103817342248e-04
3.076964407434035036e-03
6.708128377372724049e-03
1.151930012433001254e-03
2.859336026628304245e-03
1.747310762686720819e-03
9.572311335464369839e-03
1.417882210219882991e-02
3.343325440497500311e-03
3.245552038769285164e-03
2.139377829754860773e-03
6.875874800158481709e-03
2.975461663173329177e-03
2.889629177966501240e-03
1.109088457461917740e-02
8.636603534467570320e-04
5.729097407874575963e-03
1.930326792278287684e-03
7.338407087535890778e-03
2.253272141475810841e-03
4.860717510059500354e-03
5.317142270503938655e-04
3.221504007843672360e-03
4.658089835973580964e-03
3.219016560309912942e-03
5.826236444802231768e-03
4.857414278476961979e-03
7.763135652998060356e-04
9.661654414244423908e-03
4.606959527763823843e-03
4.527229265746072519e-03
8.559272724736185708e-03
1.793185109666389429e-02
3.203595499015457915e-03
2.274423806293751280e-02
1.404446670344923313e-02
1.813095633116873495e-02
1.953962595114775574e-02
2.024560127781008939e-02
2.341793702961779758e-02
2.482401706874815331e-02
1.054265892409488731e-02
3.317395868479071364e-02
2.051601472943591700e-02
5.480131458810255478e-03
5.668031031739563042e-04
4.719427957245024997e-04
9.704472642551966940e-03
4.774411522456911174e-03
1.404015340672300259e-03
3.201533745127760388e-04
2.681771297005427525e-03
1.021108870325969668e-03
8.907007053449368834e-04
3.672288230246921687e-04
3.193578355122878888e-03
2.229482991638810207e-03
7.872981938903849449e-04
2.373792546505783772e-03
1.344362455854549842e-03
3.928382665192202763e-03
5.707520901968701765e-03
9.840612138944930965e-04
7.351335609093924027e-04
2.522332615199586979e-03
1.479103244358247887e-03
1.620928645015146542e-03
1.528305570906005615e-03
1.238077104061304032e-03
6.526874559450247847e-04
1.639872117978985640e-03
3.550302142035112376e-03
1.593206950423642571e-03
3.159138850985771354e-04
1.099531970427571363e-03
5.097877691564620898e-04
1.529348692897856965e-03
1.063958634895857290e-03
7.490875285832525321e-04
3.249797678102832148e-03
7.169422194929902896e-03
2.687581424191903476e-03
4.740999191305476750e-03
1.960817772556801199e-03
1.602413664072948121e-03
2.741958452594354858e-03
2.106182748432681995e-03
3.202593304438507496e-03
2.265719443419738233e-03
1.134390638138227251e-03
2.736134936143425674e-03
2.134828363346075522e-03
2.958194920321130864e-03
1.065460710739721695e-03
3.318909913955750152e-03
1.116246860918880448e-03
8.379636597145652573e-04
7.197663086225028831e-03
9.366789233396323466e-03
2.421464281211190960e-03
5.997640952239093395e-03
1.357217813328897692e-03
1.260599061834593269e-03
2.223536983434539448e-03
2.514739385336112187e-03
1.080260971926698616e-03
1.652455486202716699e-03
2.976295929288862120e-04
3.540916644991385026e-04
4.219581486172250271e-04
1.750300109952255406e-03
4.238504059512776144e-04
1.052868227525216756e-03
7.112415456257949143e-04
6.754011024722979609e-04
5.689652486193443048e-03
1.818575513027540294e-02
2.944961057278816085e-03
1.273174377402629077e-03
3.374581399764948661e-04
2.049098349337049371e-03
2.445216873683469377e-03
2.817727158727616893e-04
1.911339039092081532e-03
9.799686064031661048e-05
5.558536640033875714e-05
2.257945987622589042e-04
1.450584083060987546e-03
7.318967554180379111e-04
4.164378299253088285e-03
1.469316601780103855e-03
6.773552672683193394e-03
2.645081263371230288e-03
4.369797215314730372e-03
2.443552086382200911e-05
5.940812300459245089e-05
1.627777352532778100e-03
7.333349897283914127e-03
1.550964782912264911e-03
1.708686147543973192e-03
3.103822598453500302e-03
1.208672976194191326e-02
1.220904060427149482e-02
2.388385137123716709e-02
2.595383301125630746e-02
3.575227602291146042e-03
3.091956359198929152e-03
7.087112696870154042e-03
1.595053902809929602e-03
2.540657510568772575e-03
7.767809368904831681e-03
1.074925280939018155e-03
1.665664269580666894e-03
5.366435521466704581e-04
4.182894826620599162e-04
5.959093446315744070e-04
5.818793342514110446e-04
3.245654741986448897e-04
2.210798648532605586e-03
1.284160812856179924e-02
2.900636019770939586e-02
2.820079975022993235e-02
3.940914594173377389e-03
1.741202431954181479e-03
7.719980357343596755e-04
2.110798943124079369e-03
1.370725313230057661e-04
9.964970615996889425e-04
6.455272686898157457e-04
1.636250392085198411e-03
1.590718842621705780e-03
1.763150768788635837e-03
8.707369440256033412e-04
8.724770118336206467e-04
1.045546562751005579e-03
4.131638203895109107e-03
3.662553534577692475e-04
3.440418608309879240e-03
1.748453270895100045e-03
9.223536686432947870e-03
1.365919798695450389e-02
6.261141151933201365e-02
4.264603638663134327e-02
1.177199701407535479e-02
4.155143711400912168e-03
1.042590095837403474e-03
8.412601198704869419e-04
1.374008207575500538e-03
3.621680270497400905e-03
6.379949965447283744e-04
5.649321258325202925e-03
8.348736079722969376e-04
2.024278447267304371e-03
3.294160489946630979e-03
1.367504411382519268e-03
5.611495214746191730e-04
1.880768155473492697e-03
9.320142019751608779e-04
2.540272841252539087e-03
5.789024329566221138e-04
2.663837891186419428e-03
1.064091138126213023e-03
6.213654288025501331e-04
7.668626981554688658e-04
7.318210945980721180e-03
1.423687094614189096e-02
3.762587159229491968e-02
3.735958468355367323e-02
7.941856958986043963e-03
4.158883133343349754e-03
4.112378786332116475e-03
5.984537649578934755e-03
9.945807250310815129e-04
1.791519523260530055e-03
1.194610930874890004e-03
5.032681620516802007e-04
5.189057979043318163e-03
2.898584186081353507e-03
2.260185321004535186e-04
1.623093618747252151e-03
2.417325926076141236e-03
1.241213302648250499e-04
1.464064264909917951e-04
6.935798381318877262e-04
3.486490396993290747e-03
3.543762629999108651e-03
1.491919750864799778e-03
8.287001626288035758e-04
7.902269226204711172e-04
5.076918676052862272e-04
7.466580918805019920e-04
5.856931192937336363e-03
1.384564905608715035e-02
1.965060088466006119e-02
5.438765483380016488e-03
3.921046949809200988e-03
3.575349965473009935e-03
5.849522104285124167e-04
5.748930164371846615e-04
4.960509541682121566e-04
1.748246400942587980e-05
2.877406945208557578e-03
6.444099224629561487e-03
6.633332086408067797e-03
1.345343209215733643e-03
4.280110077234018824e-03
2.440625897785322299e-03
9.425198746600207955e-04
4.905715949755520919e-04
4.366917469153471822e-03
3.608134812275717862e-03
4.819825602491830535e-03
1.746026603931106862e-03
1.854191307330346110e-03
1.710077882767685074e-03
8.339539797270529740e-04
6.245188440698187186e-04
3.753303710502199110e-03
5.083959109936975196e-03
8.293031106918287345e-04
1.805439483049076478e-03
6.608808415712710653e-03
2.058165737133419229e-03
2.785260729766567394e-03
2.027702120631573023e-03
1.309872336744553542e-02
8.405681941131525059e-03
1.695683030093653523e-02
3.165809242218085764e-03
1.488474032071096693e-02
1.933946279778854353e-03
7.538954537088713402e-04
1.227369295197660009e-03
8.159673652307724429e-03
2.452894101838605859e-03
1.410856874111276896e-03
3.727927579030334768e-03
1.126771134968340910e-03
1.211042882949744416e-03
5.844685841687652155e-04
5.169835677053586168e-03
1.187644224275391860e-02
1.367726009065012988e-02
7.535002525035656290e-03
1.802575823894617731e-03
6.584997376770501502e-03
6.831195007694222839e-04
3.393268639329190782e-03
1.185264081612906863e-03
5.505033964332912890e-04
7.800538897929376343e-04
1.898052521172797526e-03
2.159873691962287470e-03
2.251627440221414412e-03
6.373187869038584794e-03
1.753909692082902599e-03
1.603454762770159569e-03
6.921328969522260680e-04
1.209653037809845736e-03
9.970472159045874316e-04
6.601039741671119003e-03
1.733438238180056313e-03
2.002159088507291657e-03
1.284514511828237400e-03
1.495783625224201066e-03
1.068337716467547332e-03
5.268186364929625803e-04
1.647112976668234840e-03
8.152232261196181579e-04
3.435242639960580188e-05
1.669591979151580346e-03
1.610223672096132257e-03
7.625537321300447993e-03
1.811193327187565760e-02
1.054829637543636296e-02
6.832235414321173594e-03
7.099422412515339793e-03
4.894668256228125545e-04
2.149660908607033648e-03
1.433124778672202485e-03
1.024424540435066181e-03
2.365949528162098478e-04
1.849819647227267166e-03
2.332830359055627391e-03
5.135446163687678971e-03
2.789222524195377698e-03
8.632208968779152974e-03
9.981627993051654657e-03
2.960483349606844380e-02
2.626055682632177923e-02
2.913183036581563565e-02
3.400907131561348162e-02
2.304604401939632299e-02
6.481045387102253585e-02
3.806772331526557529e-02
2.755548016151781673e-02
4.065572564995070109e-02
7.391605764739390960e-02
6.175472455428338003e-02
1.253624191362048002e-01
5.221114747436726017e-02
5.000681004010566928e-03
3.806858747838880869e-02
4.694947873470048556e-04
3.954941474393151163e-02
3.159066054067555859e-03
5.313585829677609611e-03
2.111191138850816371e-03
8.916179235425757870e-04
9.573221628890972099e-03
2.056695101807073066e-03
2.684190392111897891e-04
1.339553045319589065e-03
5.742983567696434248e-03
3.151131534101986754e-03
1.435830933671045453e-04
2.858945391500393625e-03
1.284027465248613374e-03
1.478527616462085251e-03
5.672307466164923200e-04
1.414070097630081013e-03
1.625027242362702415e-03
6.971379578741245453e-04
1.772750470920179391e-03
2.894065577678169542e-03
1.479513133709141424e-03
2.668019079791252371e-03
5.469848276471523871e-03
4.137938483474647871e-04
6.004912529639185644e-04
8.179916489247623500e-04
1.261978760405434554e-03
1.719835917821059892e-03
1.723798295344863927e-03
1.886880733572154478e-03
1.107118179814643374e-02
4.735020353820615542e-03
8.817779303673530748e-04
6.146529084631260735e-03
3.478666724343587764e-03
7.596147101332787139e-04
9.591146328988608971e-03
1.229279392856299363e-02
6.530110054221510696e-02
4.036211301358806625e-02
6.391250452020779543e-03
3.160079279770734457e-03
2.938562281616219959e-03
5.225626833169278070e-03
2.579719708813119593e-03
1.044520744073927860e-03
5.028283785240847750e-03
3.582408001580937237e-03
2.323114749647736503e-03
7.892116251962498627e-04
1.374106675850866855e-04
1.277208323067255836e-03
1.090886736468361234e-03
5.455095799746787107e-03
1.963656544450210692e-02
9.580914887443739425e-03
7.454709740326898211e-03
3.953882312332382756e-03
9.997875673079158199e-03
4.539184129126964257e-03
4.636091006251040871e-04
2.042760716358108972e-05
2.728786624150563670e-03
1.428078782116178785e-04
5.566467334170794624e-03
2.000429482039244033e-02
3.437126822835358253e-02
3.404456753049021726e-03
9.310710282503162610e-04
5.307586801974969494e-04
1.203984916916469141e-03
1.043919823576100253e-03
3.219312499147202952e-03
5.879377901467790256e-04
6.995757409885229074e-03
3.401023435914209136e-02
1.574773474681799958e-03
1.559700055895718585e-02
4.248067330508705809e-03
5.019772980376170472e-03
1.410043548616698311e-02
5.263943624813858732e-03
3.231444268836392020e-02
8.997443465271582480e-03
2.238787910363766037e-03
2.833971377392698748e-02
7.974577137245933423e-03
1.208801045327409854e-02
8.915711130522167502e-03
9.820509893822573083e-03
5.242511301346722795e-03
1.134810262273689384e-02
6.859511973056542887e-03
1.564971471249861773e-02
3.703391015058925782e-04
5.133641625261202608e-03
3.126154081799789076e-03
6.196271654805320366e-04
2.920329454304488714e-03
4.900925160042081570e-03
1.786442254298094973e-02
7.334978942620574288e-03
2.384452309050939106e-02
8.662015374069750775e-04
5.030759765097597355e-03
3.516978066873359746e-03
5.040194513979078493e-03
2.068053756176748206e-03
6.936278320597914467e-04
2.963298120203167792e-04
6.853179653904724897e-04
2.919223993955549681e-03
3.446993095265239466e-04
3.735839480877343826e-04
1.398831517646661983e-03
8.667472778102168485e-04
5.928185203414474623e-05
1.246664089941884861e-03
7.510812751198619325e-03
1.566148881288552397e-03
2.697482640761771511e-03
7.882651924407532359e-03
1.227894109272190289e-02
3.423057222562508536e-03
2.008365593861054699e-05
3.312647834093672330e-03
4.409143716546951898e-03
1.016007208972076383e-03
3.889539594575350343e-03
2.152647462691223759e-04
3.198831036050322953e-03
2.248441005341391720e-03
4.599518693720225718e-03
3.398185748199398343e-04
4.753948222236162660e-03
2.529302486227005581e-04
8.712584245651947132e-04
4.325839579487374478e-03
9.662271656195054945e-03
5.751393510880745304e-04
1.735015927808176549e-03
7.262995683984170905e-03
7.779622458282536845e-03
1.780344835647399045e-03
3.235781212461070946e-03
2.439707366493647223e-03
2.766740243807011210e-03
9.876000851887427150e-04
3.022831695506082543e-03
4.737762319757827384e-03
4.842257057993237801e-03
2.790117508466861442e-03
1.590528330471946373e-03
7.070795161507733781e-04
6.488976557884872445e-03
4.141175970794644628e-04
7.837021417880767754e-03
6.276359751193522768e-03
1.568867278315018215e-03
4.867454695751392488e-03
5.312556693350367317e-04
3.889708269191281646e-03
2.299990990056688996e-03
1.369175309332658266e-03
3.855878727657105660e-03
4.156217237356305862e-03
4.905843767941370226e-03
4.211888065467268329e-03
7.513587533267955141e-04
4.761588899431350337e-03
5.775645150461643403e-03
6.756490623820090614e-03
5.693057017000813583e-03
1.998621184690799191e-02
2.638446467154006037e-03
4.302949239141701590e-03
2.563954975373041248e-03
4.137698073237714921e-03
1.653207802991029643e-03
1.268328610429673813e-03
5.086257536017913493e-03
2.474346650221946262e-03
8.587910475644769046e-04
1.849572906850305634e-03
1.869072820607585624e-03
1.517022790509709156e-03
4.209761950488228395e-04
3.005797172656871161e-03
9.884581663902286368e-04
2.994851409943940536e-04
9.836397874115742224e-04
2.306826428865467709e-04
1.065771190324592754e-03
1.500885387803378148e-03
1.772444514219304046e-02
4.136746625271038244e-03
1.155822954698192649e-02
8.758112002246545152e-03
4.480157889743019949e-03
8.272867766559310540e-03
6.055808567487655156e-03
6.670588586310274501e-03
1.064045406120850933e-02
3.749605154694734491e-03
7.702169317339272077e-03
1.262938951461059327e-02
5.714605047715420362e-04
3.758707039284627655e-03
2.633971844608137478e-03
5.524934837038306297e-03
6.642505396996589186e-03
7.494659167045766087e-05
1.485352546401321437e-03
3.595134850316990260e-03
1.105114771194072283e-03
3.016850368933714482e-03
5.240744147425134038e-03
2.594003234610531630e-03
1.473767472111145622e-02
4.546714705133242905e-04
4.527939862478819188e-03
1.665459486131034509e-03
1.542018398022081908e-03
1.677740539480100180e-03
7.666544273049968883e-03
1.646177522010888392e-02
1.506506245935137697e-02
5.206625600857711991e-03
1.545049016895338155e-02
3.428398636068683003e-02
8.405767313464629006e-03
1.469148731129043400e-02
3.086863454152472160e-03
3.608699912018577260e-02
2.899774710320919199e-03
2.057499890116178121e-02
7.873832241352898484e-03
1.285165705844300982e-03
2.437497961194765982e-03
9.411611263098421803e-03
1.477770631178512706e-02
2.711632796097073958e-02
7.986238518971166059e-03
6.379498128040089538e-04
1.455249683604384510e-02
3.496912840592618105e-03
5.094517342952825656e-03
6.687526084058756544e-03
1.272036002360602859e-02
2.210743698403425800e-02
7.503620468129920153e-03
1.135777586032982048e-03
4.575656856700706376e-02
2.975577738079951840e-03
1.604615545794465820e-03
2.161291420243030559e-02
7.730903511420039904e-03
1.732868872933116889e-03
8.962552390168273056e-03
2.435688429465694867e-03
1.046358232731133334e-02
4.392593871711369946e-03
2.072077333029217344e-02
1.100459490382671782e-02
1.446973784997088175e-02
2.265775829499416458e-03
3.866502672124813578e-02
7.914037561005494298e-03
7.328775832330017672e-04
3.994149418304383976e-03
2.072012805551629554e-03
1.619630333225261648e-02
6.087459282811374071e-03
5.994049819424022768e-04
4.642790482814082055e-03
3.712136498343048679e-03
2.903132896703434270e-04
5.575398116186503633e-03
4.892631476964696459e-05
4.335112880611265238e-04
8.212696034668403146e-05
2.493774742236144868e-04
1.182766915644007039e-03
2.447959860519740953e-03
1.258816809251496601e-03
1.935967290326141626e-03
3.121449038851821598e-03
2.904968202784548119e-04
5.861009371236615374e-04
2.214544089382548657e-04
3.184421765378133047e-03
6.010162847936269476e-04
1.465734335094970222e-03
7.760417776361215039e-04
5.571306108448161086e-04
1.034732440684550713e-03
6.550576515321627612e-04
9.301314674450675626e-03
1.711799812993307184e-03
7.066162786035542608e-04
4.132615737453803066e-04
4.286760860927457499e-03
2.417786608227646961e-03
5.860608458055541718e-05
6.367475174000770434e-03
4.119770008578131724e-04
1.800101689153416539e-03
6.920246284796638869e-04
2.964563326939488423e-03
3.153061158695131009e-04
1.328066426836683979e-04
7.966929543633510368e-05
6.944784256868494860e-04
1.492217744848309659e-03
1.546303649406015682e-03
2.804172039703583912e-03
8.227844985049657944e-03
1.682653340453831243e-03
7.200453301278783927e-03
7.909997986640904602e-03
1.135316255831794047e-02
3.111749179102346694e-03
1.313598846638880336e-03
8.844637503768892515e-04
7.549663282418439189e-03
7.565293643314405930e-03
7.243881026384433458e-03
1.389417800926799271e-03
4.988952334536922092e-04
9.374137626330759443e-04
1.145341850480542569e-03
3.006741235424199073e-04
5.245696823062901033e-03
4.514649737964715297e-03
2.149058947898170244e-03
5.489934956659629252e-04
4.362277366634705576e-03
1.286753142391145605e-03
1.725949602660301280e-03
8.515332627343280211e-04
8.059180029493755301e-04
2.014823717690036094e-03
1.223549683416040980e-03
3.242920352019752371e-04
2.026476217945712838e-03
1.906712054140469745e-03
2.780389732116768549e-03
1.846156109598953666e-04
1.842844069860220639e-03
6.440837587512405951e-04
2.132514349952444044e-03
7.451769512162404081e-03
6.801856868567172400e-03
2.982192170179835330e-03
1.895442232367205992e-02
1.100460728878472835e-02
1.788417053098723380e-03
9.565725808210008216e-04
4.231281498817425339e-04
2.786850048706318930e-03
1.213429712390379298e-04
2.508006815519021795e-04
1.942248506480796907e-03
1.026745455812018469e-03
3.695433575859534783e-04
2.292039376203924405e-03
2.068363455365265172e-03
5.166231490534808923e-05
1.353165551842044423e-03
4.057531454626696170e-03
1.511503166602522338e-03
1.279119681935227799e-04
5.346141526182592724e-04
2.648977508894740426e-03
5.378677854506426015e-04
9.621900398772057330e-04
7.290218338028126542e-04
4.769533632453071639e-04
1.220437834149670992e-03
4.907396640655305566e-04
8.531060650213353677e-03
7.717534847249055271e-04
5.536851209743950258e-03
3.991063767788589640e-04
2.773191840883538085e-03
1.077826815993215967e-03
6.118375880646935265e-03
1.351465376474301648e-03
2.391447713725233098e-03
8.427037833077517630e-04
5.492664518136556630e-03
8.991673652606889042e-03
2.155351693079277792e-03
3.293980395989353459e-03
3.068842251825085968e-03
2.446060925755749304e-03
5.117003208176624986e-04
1.666362080010556565e-03
5.228556879607851489e-03
2.514624527795343480e-03
1.569777766111547909e-04
3.217409156716847032e-03
9.095537650709455179e-04
6.547537290310904848e-04
3.764160119566560981e-03
1.656159216674638881e-03
1.155590837127261697e-02
1.506879134425021275e-03
4.492953479207935537e-03
1.197834294947724932e-03
4.161919426888132517e-03
5.590625523599271687e-03
6.723792447904417685e-03
1.952429743979244500e-02
1.403003637991560165e-02
1.429649862981188443e-02
1.441772995226943410e-03
5.657943746499719592e-04
1.383392899520073010e-04
3.236567719611829850e-03
4.395581936370357087e-03
3.473469752367327914e-04
1.110098390532047790e-03
1.301534646984625404e-03
7.229010146454615052e-03
8.648213645808002642e-03
6.036170525777349166e-03
1.379461862991928581e-03
1.559345684590927959e-03
6.235470071423150715e-04
2.577972126288007385e-03
4.192975057956386913e-03
1.179983201970609061e-02
2.600290575857085000e-03
3.892659379797374676e-03
7.111525571522682096e-03
5.155765487146105226e-03
1.762311650673719461e-03
1.767511597337582648e-03
5.409173998333915729e-04
8.772947626160906452e-04
3.268820905212095358e-03
5.910492862380511232e-04
5.018588629742219351e-03
3.508360338067940693e-03
2.669439227933113803e-03
2.239311405526397958e-03
3.630273332192661233e-03
1.565339987675731575e-03
2.593586272793019123e-04
1.467766765228558485e-04
1.917439764860833689e-03
9.435629579765689515e-03
7.899493490841078339e-03
5.111116559886340165e-03
6.958914223425926703e-04
6.609582296709041148e-03
6.150414961697294597e-03
2.872949277743988040e-03
5.622236392394443401e-03
4.689563777452876274e-03
7.815408746357885468e-04
3.940806896565546237e-04
1.264834250517106115e-02
5.217267921658696669e-03
3.500771960409017249e-03
1.577677182040696999e-02
2.999144917363096323e-04
6.666061273080956320e-03
1.337168224979973143e-03
1.586121314437443112e-03
2.057249668525649045e-03
1.475219631819378423e-02
2.497478803850424964e-02
9.772277276136691858e-04
2.027134634653662403e-03
1.619430811702436863e-03
1.595462467599327930e-02
1.254314919253354940e-03
4.302346670111693860e-03
1.261317386710850705e-03
1.044784498752416094e-02
4.805402405057199004e-03
6.517665988429404908e-03
9.440481001751981072e-03
1.571442414579390500e-04
4.599773654220557645e-03
7.395993707538502625e-03
9.592418464591535507e-03
5.595634038315760441e-04
9.047697354468842027e-04
5.413841758200370509e-03
2.069601303757184242e-03
2.721416047826949805e-03
3.881334142525889159e-04
3.615701444603417695e-04
4.165032489114563023e-03
7.804028192211318223e-05
4.780977741565754606e-03
1.040179977419143252e-03
3.610343890385329501e-03
2.352641033521101627e-03
5.821328351590569989e-04
4.872323724759375363e-03
2.094916877750231925e-03
2.070966361173334769e-03
2.875964479299070436e-03
1.433238913028841424e-03
3.470821746985786505e-04
7.162463878454669239e-04
3.220898949242764504e-03
3.549981723984730253e-04
1.299716385660499218e-03
3.364291977280788135e-03
1.998239925437761324e-03
8.054610802636361696e-04
4.713461778012691984e-03
7.058847360266247428e-03
5.656954988522284707e-04
2.902031931331357315e-04
5.459191723341873768e-03
5.741420455319339207e-03
2.934002968008947096e-04
3.147358273746011809e-03
1.058636842581165334e-06
4.165291725179907228e-03
1.363904265470460703e-04
1.053827259863224708e-03
7.659978610953263253e-03
1.124480129065634016e-03
6.061651194042759440e-05
4.205632060427436222e-04
3.216415970804301343e-04
2.860649556126063434e-03
1.466697483274302563e-04
6.072984905864385911e-04
3.328583288643291536e-03
1.197007367874855727e-03
1.037082472690712374e-02
6.633948895042088810e-04
2.840780487636711065e-04
2.253526019411949532e-03
1.470759294139473497e-03
3.864800191732254255e-05
3.101609945643803677e-03
9.700897581271457392e-04
1.966940105896855442e-03
2.394846517415089460e-03
1.123161780535617384e-03
7.928588189126265298e-03
1.739389768946760038e-03
8.626472229029691092e-04
3.316974382492774635e-04
1.085600980140170348e-03
2.860249297341449677e-03
6.860170404948514461e-03
7.365330325715656063e-04
1.890571546022236718e-02
1.669538312413702125e-02
5.775396342250795761e-03
3.620182873709256420e-04
8.547890605818019493e-04
1.751583030856744972e-05
1.897565914190203719e-03
3.039093681981126717e-04
9.151300019316388132e-03
1.651703182409687857e-03
3.733242489920009840e-03
9.181021608326508671e-04
2.260416294875540553e-03
7.037955679794413721e-03
1.394624645688076264e-03
3.807869660034996460e-03
6.519299253112654201e-03
1.843093229953163964e-02
8.403237012954629589e-03
1.290518167702966665e-02
2.111420656365418751e-03
5.917553415798288037e-03
1.467524939478437210e-04
5.716868302189396719e-04
1.235776133886022936e-04
7.245767983509591222e-04
3.849182401167454762e-03
8.289628566047408872e-03
1.578006361964735382e-03
1.118331807687264695e-03
2.591195029080122555e-03
1.341118695121255346e-03
3.201234163392342041e-04
1.897048502917178308e-03
1.394824884762858267e-03
2.183781015121032554e-03
2.787382197909250435e-04
8.519653849672841712e-04
1.086178496002730215e-04
1.064436209579638134e-03
3.578933013759085305e-03
9.647343860099480417e-03
4.488807691980656843e-03
1.426671127243737958e-02
1.082215870483161854e-02
6.122181112725915385e-03
3.306998710969321839e-03
1.617502455758198024e-02
4.554676097144209033e-03
5.055982746716720239e-05
6.711663241771720627e-05
4.977588003027376548e-04
6.181886055427953611e-04
4.878910976617767859e-04
2.664901260184824542e-03
1.075103947916259805e-03
2.151100388629642764e-03
2.862325343408698812e-03
5.676731977060429923e-03
3.127568841927623813e-03
4.821552548956799938e-03
4.224947104006226972e-03
1.316478714321301377e-03
7.633111885818926606e-03
7.678329626313553334e-03
1.114467065023498800e-03
5.136755374886265921e-03
5.920828461872148759e-04
2.431402613829803435e-03
3.082744876725888612e-03
6.328901244922128209e-03
8.224720899242287872e-03
2.673433746279764781e-03
3.022080680967843651e-03
1.891483631109825217e-03
1.289196496321856275e-03
9.782405446327014503e-03
1.815499196361053868e-03
2.401123113203131997e-03
2.491863370956845731e-04
2.748660552658637596e-03
1.835584780452129052e-03
5.076950540572230637e-04
4.022473673294826510e-03
2.711664913049507009e-03
6.684553750001656679e-04
3.485898347241430783e-03
1.254635211792944982e-03
5.047402195059275468e-03
6.782292587655017191e-03
7.375183289804495071e-03
8.889435037137948317e-03
5.851791909607782609e-03
1.041401007431784660e-02
1.474446183156194337e-03
5.763216667453326374e-04
3.330075533607979575e-04
3.855217620671440217e-03
1.412929970305876063e-03
2.999415686253073532e-03
1.485384501235448729e-03
7.787688150283402985e-03
4.370969372778341772e-03
5.549417094264512060e-03
2.413484695774559523e-03
9.019905769811355873e-04
2.514406866730697042e-03
8.371544442804051966e-03
1.609117134059104715e-03
7.762881577770209401e-03
2.570821697268560815e-02
2.265006311963461624e-02
3.265266382494387901e-03
8.771152625924349619e-03
2.877763140380699275e-02
6.565677559617057180e-02
1.656335589179109419e-02
3.363759379246697434e-02
3.507662975255555066e-02
2.772152535561554082e-02
4.677911735597835297e-02
4.213720573061476016e-02
4.134182459715003699e-02
6.785326872639732554e-03
2.533949693220688935e-03
1.569885052348627200e-02
1.194800257539059725e-03
9.310870955792594980e-03
2.811513309963599785e-03
2.361717482725091827e-03
4.419575863287929013e-04
2.317747513292091766e-03
2.182118870429831492e-04
2.442710885230297874e-04
2.121800896112959953e-03
1.974638356075585164e-03
1.737710023979710311e-03
1.940211821007418146e-03
1.091483156159400161e-03
1.680593999541959375e-03
2.844420311960390527e-03
1.978858087359901437e-03
5.053594147503356762e-04
8.669254174707553915e-04
2.956480008735263426e-03
4.722113975271016728e-04
8.344826100999654453e-04
9.530412575362747071e-04
4.812460964597076868e-04
2.097333735910834765e-04
1.434761316600653572e-03
7.539676990225434349e-05
7.133686811658453315e-04
1.454305585913846224e-03
7.612908827279054984e-04
5.836408742793581812e-04
9.950027310001749274e-04
5.306716748544644405e-04
8.843648646262567727e-04
3.495082748447655031e-03
3.698233404965764037e-03
2.992828604467181498e-03
2.965133907697432847e-03
5.423525114031512318e-04
2.020664527436250198e-03
3.902917464361534139e-03
7.284049934979213966e-04
8.924691269670897379e-04
6.911916581389951960e-04
2.872898713155928874e-03
2.332729055820942018e-03
2.909789377049159555e-03
3.806928704866085859e-03
3.125990515195828205e-03
7.570702680221357223e-04
4.880224973333596727e-04
7.329282327191169455e-03
8.693814013737401203e-03
6.137323903765804466e-03
1.033012020058371666e-03
1.157916724153970666e-03
3.750563812740065513e-03
7.503368559259077260e-04
1.065496659820287578e-03
1.023837606459649145e-04
3.474617551731249386e-03
1.346907544366347624e-03
3.485744137889641367e-03
1.814400347504681527e-04
1.188259306199946578e-03
2.214770411925436056e-03
7.661925727879116774e-04
1.480441590073229520e-03
3.817115276975774178e-03
2.134947846630162293e-04
8.395820085260986224e-04
5.001476389128041780e-03
3.528666366443486847e-03
2.236374649585589052e-03
3.442132255550048661e-03
6.879971829555002298e-03
2.275004103108393960e-03
1.307375152490334810e-04
8.635104039103050008e-04
5.332862291703822401e-03
3.968980271292630278e-03
7.868009695612757093e-03
1.835456422522188961e-03
3.701340028342874284e-04
1.410583256711772475e-03
2.973194855534452060e-04
9.554411390771057506e-04
6.330577353111030425e-04
2.562574785487681272e-04
8.372686793819442098e-04
3.512374855367557999e-03
8.995980657212146459e-03
5.785237296176210658e-03
5.112989900578135405e-02
2.417873140113157085e-02
3.382940794706509186e-02
2.984658493899025253e-02
9.132254911183707718e-03
5.839336823766779275e-03
1.117160715889746209e-03
2.993576684266399798e-04
7.583707934262136699e-03
7.829184040205022354e-05
8.238357864578791561e-04
1.060815602647538101e-03
7.067002811489308438e-04
5.743445648524757351e-04
2.557920628519582502e-04
2.972398478916445791e-03
9.323109287678137819e-03
1.343100426474161217e-02
1.465437813798800733e-02
8.758121192204344242e-04
9.295135286657297668e-04
1.269604347009559240e-03
3.250329273334592525e-03
1.780093799245118609e-03
1.961002563518155200e-03
8.574910749030726156e-04
1.141835730526379088e-03
1.474121221241079496e-04
1.124066590814728258e-03
6.745864654687062445e-04
9.258382690906813862e-04
2.144654260873910109e-04
1.329096620015427334e-03
4.405845376749715006e-03
9.609454320977763378e-03
3.759298576462076491e-02
2.493025481077570937e-02
6.499728699096514375e-04
3.511120641120194213e-03
3.626817537295165886e-03
1.291173118788045649e-03
1.638833174858299628e-03
1.679050854567279210e-03
3.689555678208413111e-04
2.871297974723415348e-03
3.656723133974891038e-04
1.578790455875039595e-03
5.803747679325848554e-04
4.731835336755524932e-04
7.182412646721792436e-04
5.554112404752824077e-03
7.463823995282417318e-04
3.652220123326563339e-04
5.931939344937795563e-04
2.169061159031746878e-03
2.583330681886137400e-04
5.251417050383993396e-03
5.084950040133544465e-03
9.004469557199605220e-03
3.699894968687363062e-02
5.395278155913932339e-02
1.389661674656000054e-03
3.575120296055517982e-03
9.413548761597909185e-04
6.918711465085411287e-04
2.001203146439874613e-04
2.917947678490931136e-03
1.206662702248288818e-04
2.243200355033082675e-03
9.754514982650639831e-04
1.375989354282895110e-03
1.307403854641275886e-04
1.436384772914298504e-03
7.529499657088760834e-04
9.163885736937658552e-04
1.397413849601972886e-03
4.680086737941774495e-03
1.173626997135283510e-03
2.807625839891138959e-04
4.569108634941613720e-03
2.389152697661719484e-03
8.116898067170354994e-04
2.925579581989689714e-03
9.178211776484783077e-03
1.924248464296501523e-02
2.236044359644592805e-02
1.614085196210575737e-02
1.319680152745998994e-02
2.126643189318992017e-03
2.053780521335583920e-03
1.608406554379293498e-03
9.082445825325954035e-05
3.783613265004177797e-03
4.703887019087070812e-03
1.132575978633495453e-03
6.006991530744001636e-04
6.718676799844811726e-03
6.630004769219404858e-04
1.563630941857686776e-03
1.440767769584086260e-03
2.651193884483917570e-03
1.169503068852713150e-03
5.568793097426531953e-03
6.176679317001283753e-03
3.058984473199247416e-03
1.337439934111830800e-03
5.798094161919728658e-03
1.091580083423871524e-03
2.307847184713253397e-03
3.396937412094392511e-03
8.624251247206558921e-04
1.928196583799944228e-03
1.809347514997148654e-03
2.570563169536463962e-03
2.318426597852548017e-03
2.105215657582995559e-03
1.634381022225418062e-02
2.263461220636015306e-02
3.278650730540951658e-02
3.506874977873259899e-03
1.679400030747321085e-03
2.791792803917485070e-03
6.767820702271995677e-03
5.804471578155028476e-05
9.597014798858041415e-04
1.290891202045207995e-03
7.306491106519721890e-03
3.308937381590389571e-04
5.765118603440594867e-04
1.505381586139520247e-03
4.347475598209013525e-03
1.206357546386928846e-02
2.754649886627175831e-02
7.659273055556699294e-03
7.818487852390186912e-03
1.421613333415880148e-03
3.032042637375138221e-04
1.657334617686555657e-03
1.943706060577503423e-03
4.929438020561627233e-04
3.051263868445423019e-03
9.617366877598048725e-04
6.180015549930391663e-03
7.119202239418096281e-03
1.951667343169516703e-03
3.977038542901268768e-04
5.448681159152612237e-04
1.945240624939999479e-03
1.134985669233755465e-03
1.824246789615796267e-04
8.246587019464485897e-04
2.500562203586276320e-03
8.488105540567284207e-04
2.124250415989123301e-04
2.696437180048970404e-03
6.041265073120430373e-03
7.113451047932460754e-04
3.617500293121372282e-03
7.929923745067126231e-03
9.604530417965988220e-03
1.129269733185644074e-02
2.247605981844463113e-02
2.225673365608812210e-02
1.550895941260994112e-03
1.755166977712980733e-03
1.685382318456371542e-02
6.842307099800141838e-03
2.301458305232939334e-03
1.107455906773764133e-02
1.628670920658265584e-03
1.568416443913565406e-03
8.949177893746163015e-03
2.174425436320148210e-03
1.759317129239441890e-02
1.846041161530296085e-02
1.222038369955635298e-03
3.847824287787870914e-03
7.371677165559001495e-03
2.861634021162223502e-03
1.438104980218957857e-02
1.990799721945672382e-02
4.040332140862883635e-03
7.292450277044921526e-03
4.404898395825095764e-03
3.383686376853211469e-02
2.166449939388398211e-03
2.509461570938933614e-02
1.783065362603978438e-02
2.024416597133065973e-02
8.962437547617193093e-03
1.743093307809949477e-02
3.842061554923194289e-02
4.240604443916239780e-02
3.420398411673766098e-02
4.996038381661607047e-02
5.295419241122644588e-02
5.779046724931480999e-02
2.425933233268078720e-02
2.914652030700053478e-02
4.651165589614941059e-02
9.206901263798663443e-03
1.435802187040573392e-02
4.637296175574370100e-03
4.363211020769537001e-04
4.981595865750012165e-04
7.991925788979281848e-04
2.507307691179082570e-03
1.103761189530164328e-03
2.474731769391313660e-03
2.604656994641262047e-03
1.368906232411614939e-03
1.123114365144249372e-04
1.679575287357849963e-03
7.038113797359708997e-04
5.929761774520309297e-05
3.930933671195121354e-03
1.406600968703797770e-03
1.370865971217659221e-03
1.449606880255396553e-03
1.117411193155753773e-03
1.740024814976167669e-04
4.776521697783565890e-03
8.860299821389042586e-04
2.046516567954671535e-03
3.245709670263037614e-03
1.819479413106170730e-03
3.862987999639984522e-03
5.217365769178244602e-04
6.956432168872538589e-03
1.440007210182586705e-03
1.538364931664426127e-03
4.332667870253849893e-04
2.105221404107610658e-03
2.865198580147531801e-03
2.946995231163625998e-03
8.627917519126507978e-03
1.623213269699620145e-03
1.303747748320507405e-03
1.392249965762429363e-03
4.559121231389610777e-03
2.237059249071414110e-02
2.719666131580778315e-02
6.197746019448437810e-02
2.814409749007180852e-03
1.286672423783861508e-03
3.330552256725482097e-04
9.110559459232258402e-04
1.090156022220455621e-03
3.544545096059809920e-03
1.144189683103267194e-03
5.305667033440462010e-04
3.222517397226693642e-04
4.294648604100347305e-04
1.109551144392148915e-03
5.673709666405719540e-03
6.589818921484574300e-04
6.715698254655327187e-03
1.613977235874893001e-02
2.038170609755945648e-02
3.998355301998124736e-03
1.397012143307925155e-02
2.543940719288983326e-02
7.094157727982263687e-04
8.772738721363998460e-03
1.372684748418994414e-03
1.980958360381144309e-03
3.243160741426448263e-04
1.689060425334300806e-03
7.552417334735719683e-03
4.510996485042390557e-03
1.048571766753466673e-02
5.764084643365972524e-03
4.120762965348923230e-03
4.619817538243380442e-03
4.460160359935808061e-03
8.422322257974012259e-04
5.141893463662723478e-03
2.729097030345571748e-03
3.584250608531523545e-03
8.827671713867858531e-04
2.978416495599446687e-03
1.694502853293245251e-02
1.126269645786111273e-03
3.347326585202872566e-03
1.062933766097974835e-03
9.776431248828883203e-03
7.656084798083968770e-04
3.825930425452823275e-02
2.224477032770919016e-02
1.060274295899887691e-02
3.992563653895270237e-02
2.080225965512498554e-02
1.572724514393833081e-02
6.426405687594297089e-03
1.688832724316211356e-02
6.037995334873679995e-03
7.103079382619800416e-03
2.783024969542089236e-03
1.808813597715959801e-02
3.281199731384558654e-03
1.780199741181452341e-02
9.369597973134618368e-03
3.418548021913287577e-03
1.060899497168138819e-02
8.887745403565272193e-03
4.965736801126322724e-04
3.778583562924917039e-03
2.874910415073017242e-03
4.120950594245594532e-03
1.089731722409761905e-02
8.673189537767869717e-03
1.134165455579460267e-02
1.271666371615121560e-03
5.013633077152446736e-03
2.353066552914018835e-03
1.916657920967253844e-04
6.676699633372662609e-04
3.399847961868644741e-03
4.267104484883955224e-04
2.048776939479649440e-03
2.238695987081133591e-03
6.712732977275055269e-04
3.092602844343317336e-03
2.232435444824762590e-03
1.347203858467054980e-03
1.484705732530576788e-03
1.729927159484818608e-03
5.692010614805290830e-04
3.520725846700559214e-03
7.632770017257439277e-04
6.432388481574774670e-03
4.562512118439079412e-04
2.494812133450886957e-03
5.909711231767119169e-04
3.725598941907464455e-03
2.026324755544058390e-04
8.254869178858604759e-03
5.559546430474184356e-03
2.794647569694847541e-04
3.378083062150938950e-03
2.147664593840629532e-03
2.620734099884359462e-03
1.456774609659107142e-03
1.336914882474660345e-02
2.228627019273588699e-04
5.083045589919535541e-03
7.385835337936124713e-03
1.724975734463926645e-04
1.512734038811733078e-03
1.130899449142766912e-03
1.232331706485347185e-02
1.635369959382213445e-03
3.369181243637618065e-03
1.608145540822023510e-03
6.619045387236154650e-04
4.410514653996559960e-03
3.883337120190826202e-03
3.768889794127064548e-04
2.782492949422009018e-03
7.914409775385174975e-04
4.199726546508531985e-03
6.112844885433568352e-04
1.229417078407809335e-03
3.533299336959122225e-03
9.556721750579763933e-03
2.085876218503776667e-03
8.178481343975784953e-04
8.886354850247328227e-03
3.283957249111107719e-03
1.225639047888186410e-03
1.525644433762903679e-03
9.492708748249022676e-05
3.197332741374517219e-04
9.683275713476751506e-03
3.103046113978638956e-03
2.443634167554637349e-03
5.049393552084921293e-03
8.133901637446474750e-03
2.745368812767417024e-02
2.754912498169140474e-03
1.311004474610517195e-02
6.273903014500446795e-03
1.843700354700862631e-03
1.962283430005175560e-03
8.458475560703842318e-04
4.497886447331329515e-03
8.557059703403936679e-02
5.876166776517586718e-03
1.542258364489530915e-02
1.615806187368336658e-02
7.044211807027350725e-02
7.932503306327394477e-02
9.719037286663381736e-02
5.377529772513394563e-02
2.325978661454614072e-02
3.139617682814820065e-02
3.036124951861704849e-02
5.083132599459615208e-02
1.353930268725932022e-02
3.164543290809688353e-02
3.306723829132137207e-03
5.435036911387003053e-03
4.042974394771070394e-03
9.345679761885883775e-04
2.211326111147546899e-03
1.725708557264325456e-03
5.602840433693687290e-03
5.992005831114503508e-03
6.043718083561373973e-03
5.193943048122831585e-03
1.250731096509840809e-02
2.106611641867077271e-03
1.152478612273315217e-02
8.218588274618825055e-04
1.752944149097276222e-02
1.079207373457761673e-03
1.371782858551290861e-02
9.957467959116972703e-03
1.908076100697491881e-02
4.629894578837331215e-03
4.406030294482363857e-03
8.315451593417501298e-04
7.486314799321595014e-03
1.666770983853762059e-03
1.747481312399913264e-02
3.200928369968149452e-03
1.016077478087074265e-03
5.831355118357835557e-03
5.113018215393793503e-03
6.526716495839729633e-03
9.670894408866802152e-04
5.944099449281692142e-03
2.729115766342261190e-03
3.522885418373264757e-03
1.768351274903805269e-03
2.619969939408514723e-03
6.870366981071300734e-04
1.423847120563582341e-03
1.166762539744731339e-03
7.799736033750764050e-05
5.229325485623146459e-04
2.176726779384858656e-03
9.349924671633356261e-04
1.360013098736582472e-03
7.782352125087631418e-03
5.686837539936740859e-04
1.006746578730921462e-03
4.820685672730974126e-03
1.419986876315360545e-02
2.149351965209575759e-03
1.463121275304651641e-03
1.069831223697028516e-02
4.032039539710113689e-03
5.303708069288265957e-03
6.728941617309267507e-03
1.264509950664157670e-03
4.498461331967684718e-03
2.899210717643823862e-03
7.817060973695431599e-04
2.344557606867877540e-05
3.812143129063395863e-03
3.510870246431558022e-03
2.200589064096296170e-03
3.309765283108432200e-03
5.917697203808450560e-03
2.920646010153431747e-03
8.750835045854202373e-04
3.946272000472771796e-03
2.310117110587846159e-03
3.232873583291549866e-04
5.075092611402790173e-03
1.977515513596463971e-03
1.302861575599996696e-03
1.016829872877437341e-03
1.334475054760759843e-03
8.737620043310936847e-04
2.579001833736911577e-03
1.721489102701880512e-03
3.918906715598672219e-04
1.823279490394722033e-04
1.713189774530130298e-03
3.001792215124909728e-03
5.151243331085365515e-03
5.391214064274452156e-03
9.914654814230645756e-04
1.622696802081637513e-03
5.689746384372288204e-03
9.876285885722079286e-03
2.614591409461082105e-04
3.394880150583786971e-05
2.086250586643793176e-02
8.132952963871262252e-04
1.202393084792767117e-02
6.994595021338572555e-03
6.842545171554920667e-03
2.657441917382164995e-02
1.389836200705498424e-02
2.433370038871523339e-02
2.841194356094434159e-02
7.809691951903549589e-03
7.386742241351824771e-03
7.713124344894226048e-03
4.859497092640544490e-03
3.983024371173961298e-03
9.674288659720598968e-03
3.747850180659303542e-03
3.605919789676366796e-03
7.139425934967310629e-03
1.638857841702782200e-03
1.892295124238934246e-03
4.962359510949929456e-03
1.197206585196066222e-03
2.994462589529170091e-03
4.159470486785048216e-03
6.860951349473833017e-04
2.040991280320271148e-03
9.566629948051012799e-03
2.119737113069290919e-03
2.991353163184986078e-02
5.983200090125093303e-03
1.389516679386122895e-02
9.113462760386738942e-03
5.363670661634243990e-03
4.789563892314775174e-03
2.936976058144181306e-03
3.920717999976859776e-03
1.838045848881393086e-03
1.124551619935360881e-02
1.796224411788196335e-03
1.277077710129582468e-02
3.399099586146195860e-03
1.027797169015644101e-02
8.046853895018798303e-03
5.187373339420823376e-02
8.081286464050449134e-03
3.451599646795681930e-02
1.663389748704383053e-02
7.732596677173103616e-02
2.912603244716920753e-02
4.652345997203480993e-02
5.597432100920398529e-02
2.174955703047506614e-02
5.062884884759348558e-02
5.789214199570178604e-02
1.305559070099512886e-02
2.361236777690757169e-02
4.885000172524729678e-02
3.380555525947125106e-02
3.152941267138149872e-02
6.948135632580130887e-03
3.357630153934350326e-02
5.330618177959460177e-03
2.773285929461390565e-03
3.757689370836725298e-03
1.489911309212524869e-02
9.918180574753559381e-03
1.154268009319834361e-03
8.060392215104560673e-04
4.241629537070995548e-03
1.010481480938180653e-02
6.545213119051237214e-04
2.077095990419867099e-04
2.814457673010205101e-03
9.232612311363326031e-04
3.430979789842337601e-03
2.690544383936433869e-03
5.918674766113409327e-03
1.297522502139126241e-03
4.201685231218908745e-03
2.351762500535245926e-03
1.032233098114990547e-03
5.698549483783328304e-03
2.398911464336772690e-03
2.378688555908066112e-04
4.442908916012923252e-03
2.431974972561784954e-03
2.741266455215388403e-03
2.258712274941020431e-03
4.567578952884413825e-03
1.048605439710891592e-03
1.211918978115045535e-03
1.203453746149521497e-02
2.690671070078867050e-02
1.494839242260477194e-02
4.290843557337764569e-02
1.342600361321783474e-02
1.393850105259606884e-02
2.132119995660428091e-02
1.781101819810539111e-03
1.268568669968992563e-02
1.964839748767626196e-02
9.932700260919529942e-03
7.453647792922359593e-03
1.782868643146578655e-02
4.968104887074258763e-03
1.979716455993803595e-02
2.792323992807346431e-02
1.857629222575418043e-02
1.251287058914399286e-02
1.827954750283197413e-02
9.685365980035991196e-03
5.727133924353991490e-03
1.582373517728715914e-02
7.659895604828994946e-03
1.882126782427127887e-02
8.988056356617798569e-04
1.063518030443934975e-02
9.044858365405902823e-03
2.402312159904018609e-03
8.395637497057344351e-04
7.862620555230348746e-04
3.171474250023484094e-04
5.955873861668903096e-04
2.693051203574391411e-03
6.679620354519674513e-04
3.382268622839764913e-04
1.881403686385025665e-03
3.993217874990566407e-04
1.084943685395981612e-03
1.411399828237201292e-03
3.768910381943812722e-04
1.275342985095817040e-03
2.582031034359182856e-04
3.915034962953610042e-04
1.922883035449842294e-03
3.023739576505548709e-03
9.522841309553610814e-03
2.151785249022845556e-03
6.999749547840868578e-03
1.020923502932239877e-03
4.950510995027087397e-04
1.225804511470012653e-03
4.089886428824142904e-03
1.697857486732780264e-03
7.277009713322765087e-04
4.819040028218949659e-04
4.848009386960346057e-03
1.011396222348888993e-03
4.679742904031151994e-04
1.012500518445315269e-03
3.514071970959958824e-03
2.441171151064428120e-03
1.225540907158421521e-03
4.128388326708714098e-03
7.344113577645910908e-04
9.856852055610972572e-04
6.841771230843648847e-03
1.728687996673361699e-03
3.090883304880785330e-04
2.073329652026987407e-02
1.039803965617883998e-02
1.234746815003803918e-03
4.832558842799367983e-04
3.308298607402730966e-04
3.757267608190650084e-03
8.772137870895575437e-04
3.605235560890363272e-04
6.092907507291075303e-04
2.214185637701167992e-04
9.267467453244741154e-04
1.075625835179600150e-03
9.169775168880381702e-03
3.786555956946957048e-03
1.302301185826362610e-03
1.171405977960569226e-03
1.140467358891949622e-03
2.327761012892001508e-03
2.403864393438681830e-04
7.742527752637138076e-04
3.669871407517497509e-03
1.464124544728825049e-02
2.611581249164477651e-03
1.018338746513943903e-03
9.924834102308509212e-05
6.030032081138132945e-03
2.665250389780550802e-03
2.679525703023662164e-03
5.147747960662933577e-04
7.364966841801436417e-04
4.726488515547211736e-03
1.488746079288839593e-03
5.518696981945859711e-03
9.210909227313749835e-04
1.515473305410984951e-03
4.268388803745397191e-03
7.839295672856435313e-04
8.465562341614930831e-04
3.467306209359088520e-03
7.127706068475418840e-04
4.288185174258483967e-04
4.039752267734325782e-03
3.683024920452796142e-04
5.738191594605020294e-04
2.433807353850769503e-03
3.932920905781638402e-03
7.542275586420276031e-04
6.918684184739594747e-04
1.317451338077054552e-04
3.720933634052350173e-03
8.615636672094717854e-03
6.758735520261995033e-04
5.106462554623772236e-03
7.128913771811565790e-03
5.046832543094854906e-03
1.834636649626541008e-02
1.070321852501122245e-02
1.351142607837433132e-02
7.580450396884069741e-03
1.988268751287329550e-02
1.704628452244377063e-03
3.468476704050575937e-03
1.129570244768385995e-02
9.289912643407751552e-03
2.079702454965152644e-02
8.848757439524627261e-03
2.011905486903163218e-02
1.951399251616895911e-02
1.096101427455663940e-02
7.994246379411543146e-02
8.487822189587819477e-02
1.690237696259440023e-02
5.943494758683705997e-02
8.443688256904091638e-02
3.382317574500556118e-02
6.093173318508549735e-02
1.733624294612005207e-02
2.768205081361343588e-03
4.873979996194454517e-02
3.031204919778841128e-02
2.075218159876623860e-03
3.785978054913026122e-03
6.743722652921279063e-04
1.246527173067394495e-03
2.070826540834939770e-03
1.847474545068111297e-03
6.712748804562320348e-04
1.871762151656473092e-03
1.251531514052573683e-03
2.900314771425639270e-03
5.053397707465846593e-03
4.114354641488407287e-03
1.098673753764985076e-05
3.227415642606003103e-03
2.390633266914117625e-03
2.562266179520301945e-03
2.296425133643973326e-04
7.434155871494004799e-04
3.137353766574813452e-03
1.972361622756290712e-03
5.214248137087857012e-03
1.191634015010605398e-03
2.841613027296653973e-04
1.828534651458836027e-03
3.085189947154608116e-03
4.623046611356594268e-03
1.942564092012951521e-02
1.163467672767037192e-02
7.008300961458614406e-03
7.042397388861053320e-03
9.107798289716809853e-03
6.579032790166654612e-03
2.015499145417583272e-04
4.420691304387355629e-03
3.106645009384464452e-03
1.403159564354469963e-04
2.944714153129362024e-04
1.280480091482099530e-03
1.976617722842250585e-04
8.182279313698386045e-04
7.067994032429773463e-05
2.189839263630885199e-03
6.925756250774598062e-04
1.443600190190415841e-04
2.959474248216699497e-03
5.411125720334107603e-03
6.701776995936477603e-04
5.958611540409363035e-03
1.580483674742134709e-03
1.085999241699119955e-03
7.240037807067364710e-03
1.191083826186540521e-03
5.733191906476835763e-03
4.111816914681433802e-03
4.076478683339471512e-03
5.103229121669032413e-03
2.863131860448745554e-04
2.030336925465986431e-02
2.051387654714448890e-03
1.482344681063421177e-03
4.905083314912619605e-03
1.869664578063710879e-03
4.762371459102046796e-03
2.675478614097428522e-03
1.258943518495061120e-04
3.363198840538422687e-03
1.906617370882550790e-03
1.087583696917437861e-03
4.554469284140485671e-03
8.308246587549828269e-04
3.164022303794377516e-03
1.248176723975612940e-02
2.996223730243423138e-03
4.136374233827462988e-04
1.031962534085504105e-03
6.931653167054582267e-03
6.279680396200520466e-04
1.736126563434610328e-03
5.652764772058121653e-03
6.715620265947378105e-04
3.643998255033794285e-03
3.722679014848251540e-03
3.691952125406295672e-03
2.757115509868667772e-03
3.975751424670322803e-03
1.724653556038919914e-04
3.059543499956611772e-03
5.075552021762522008e-03
4.070190918675391299e-04
3.131558807591557862e-03
1.017594240452576217e-02
5.449143127383168292e-03
1.050796868740408495e-03
1.398506329208015764e-03
2.264082007604940709e-03
5.632464922479368287e-03
3.043147527124694975e-03
3.667134234684386353e-03
8.602298983248810038e-03
6.016903955364471222e-03
3.303787169608698050e-03
7.177930335136180860e-03
1.082213341593891813e-02
6.912522285804103411e-03
6.744373985772983762e-03
9.367660145951410555e-03
1.383485953278535373e-02
2.907838566460814716e-03
2.477642059474842798e-02
1.898960208364296534e-02
2.112128313352816533e-02
1.598960540731062321e-02
2.339044974717425368e-02
1.216789079519312554e-02
2.263991575577850232e-02
3.150434483084203069e-02
7.005525861160771459e-03
3.541658832384572686e-02
1.327382366781642165e-03
9.296208941722914742e-04
6.320709303527204115e-03
5.450229137765309588e-03
2.883363147811208484e-03
9.744971229428287191e-04
2.155030114076553812e-03
1.676770892485590593e-03
6.697247828897180200e-04
6.937673729712793766e-04
1.779593498467020151e-03
2.286486068881017977e-03
6.717389982025232008e-04
1.062875041789450824e-03
1.600473891338364055e-03
2.211333552921895557e-03
1.163442342117822128e-03
3.026388245621223095e-03
3.852646797570618425e-03
6.358023811142120025e-04
9.629626533959132623e-04
3.041992776671258863e-03
2.546989735968969732e-03
4.010088889584065676e-04
1.265076510908156671e-03
8.288123042815428120e-05
1.683075877752389349e-04
4.341096031884883206e-04
2.239569127944711965e-03
2.463294592314701614e-03
2.850187378275601650e-05
7.024275277300556612e-04
1.165752774768667125e-03
2.584007094756236855e-03
5.600476136465735912e-04
3.735577712709468607e-03
7.567693316726461800e-04
3.447113798885233053e-03
1.444778790254318658e-03
3.756760812705944473e-04
5.711062920264995974e-04
8.889863386734517259e-04
1.039380516210100178e-03
6.363960650022895855e-04
4.597474789387186525e-03
2.296498365155154493e-03
1.735211490906041470e-03
3.505010916823434255e-03
8.225937950234353665e-04
6.426578753523592112e-04
4.980893191181055488e-03
1.355517285744063920e-03
2.612694625635911174e-03
8.128047691388686760e-04
1.814410190114633696e-03
5.786506912631324533e-04
7.507936317233487519e-03
1.179209927137717909e-04
3.260908077031993710e-04
7.288548880151150258e-04
3.027932837294965238e-03
1.190676276716738169e-03
3.735786955276792403e-04
1.098247307757772070e-03
1.689549466778866253e-03
5.276994475257224980e-04
2.376964595896398705e-03
6.292913036714280943e-04
8.920304898926318142e-04
1.004279793643299582e-03
7.757860273065186885e-05
1.428985596778793938e-03
1.252757820553157715e-03
5.098264538112492610e-05
2.065053182173635948e-04
2.196726645035298586e-04
4.100465651959851743e-03
1.206539726319428527e-04
1.607926695221571474e-03
2.503058535245596605e-04
2.566144805855322055e-04
4.532861506629667588e-04
1.625891993445712706e-04
1.653560875827489191e-03
1.926582647081733933e-03
2.043871667868511852e-03
3.419867741994925617e-04
9.446649722455658553e-04
2.755684521995930853e-03
3.323675311948194166e-03
9.277657466313640397e-04
3.486442243910422645e-04
6.261134554052064658e-04
5.320853368978539734e-04
1.313314208013102670e-04
4.716062824971171676e-05
7.080197547762508842e-04
1.571282823001768098e-03
7.664262026457692618e-05
8.765706950345220332e-04
4.254276592810589766e-04
5.530222810196957052e-04
3.738269704069800952e-04
3.984524035675346821e-04
5.077544263015380333e-04
2.896321209241601354e-03
5.739052608670026836e-04
1.981610510538917101e-03
1.232348881004951364e-03
4.233596608969256159e-03
6.087447400414245551e-04
1.926418156737219611e-03
1.438161919191943347e-03
4.690199071758311897e-03
2.456278080818315689e-03
6.617785010002731876e-04
2.657329736210482275e-04
3.554157956747623463e-03
2.640322741284539896e-03
8.151103032680913785e-04
1.195028075871916277e-03
7.569954819342071669e-04
7.863964310812006538e-04
4.499819923133597729e-03
2.317514888671708389e-03
1.528744697622876091e-04
2.100867252559808322e-03
1.389919293241835205e-03
1.777666580852777780e-04
1.495664454784556216e-03
1.223673900215572433e-03
1.334071390956024323e-03
1.441161337401900087e-03
