7.166922658127846540e-04
2.127715820390483140e-02
3.475534806703933777e-02
1.334146695380310742e-02
-1.677074339415041485e-02
2.098297236623530501e-02
1.470970183935304577e-02
3.834516563702981828e-02
-4.401342112310229621e-03
-1.321711908894246390e-02
2.344889714393521424e-02
4.076645001054357564e-02
-3.267118594762710715e-02
2.539181349206101265e-02
-2.826045851630696465e-02
2.918078404434957043e-02
8.528902588240259985e-03
-2.483802259132411074e-05
1.034064562470901269e-02
-1.202652945314803233e-03
3.104184475492753528e-03
3.215738555223805403e-03
-5.404967079822031034e-03
3.017980898908466728e-02
-6.450497749341851939e-03
-4.565512159970768272e-03
3.060040617536897989e-02
-1.116843729480061255e-02
2.966347812502141343e-02
5.289122371417332921e-03
-9.743195171669952193e-03
6.875077876173409271e-03
8.790127827970532423e-03
7.115981800694139853e-03
2.678902117700806759e-02
1.101816995357497372e-02
-1.572538139495662304e-02
1.963876539811823876e-02
3.710345125686494161e-02
3.508318213454454920e-03
1.717118228846024192e-02
-1.063927984177878705e-02
3.038422163856566854e-02
3.755863667836693148e-02
-2.938341757942564136e-02
4.049357875138832191e-02
-2.196569121512625261e-02
7.303738715486869128e-03
9.699486009693159688e-03
5.323911896420643192e-03
-3.745374988723217981e-03
-4.812382855789715946e-02
-8.612895734662246588e-03
5.915664893495244797e-02
-2.061461564623674053e-02
-8.488261728951583540e-03
2.629404536614783627e-02
-3.143853979462182119e-02
1.880615873679035085e-02
-2.639688840595530092e-03
-2.305690299364360988e-03
4.822490121379256756e-02
-2.025796111965981819e-02
3.717812706747145209e-03
2.545913968572366751e-02
-4.871120717209973319e-03
-7.403866215819029581e-03
2.614716359227085493e-02
-3.916283155651503062e-02
-5.742974422322801378e-03
-2.298694776367756279e-02
-1.882414141378485617e-02
1.970169323140485637e-02
3.697162495407334964e-02
-2.249972919284144030e-02
1.322267763533271218e-02
-4.868329941463597418e-03
-8.949457374466347759e-03
6.115947261953560282e-02
2.625492801226122358e-02
3.478169092943510232e-03
7.303757061035295005e-03
1.027658044388205134e-02
1.003935452348227869e-02
-3.746958185915585764e-03
3.415903219898362708e-02
-3.079048480522610445e-03
4.657620316876979333e-02
3.069926109941201534e-02
-1.208045238060648230e-02
-2.265683250378915450e-02
1.093242226846804013e-02
-2.012949399792846386e-02
2.972464806519319047e-02
6.214526757565955010e-03
-2.152416975804144830e-03
4.480747789200820869e-02
2.809581562416343936e-02
-1.312995727146281516e-02
-7.909972598024972434e-02
4.916269472352619713e-02
1.516238696126506746e-02
-3.132833128356218681e-03
6.443144183430438848e-03
4.456743168507603520e-02
-6.139029676581320843e-02
-3.533198616179078662e-03
-1.222925061321419437e-03
-1.467939939569790075e-02
4.398057510193030539e-02
3.813991692669374545e-02
-1.217589447968142786e-02
-2.506882614683374894e-02
1.870731088352659000e-02
-5.496758690316342309e-03
-9.617088326893357200e-03
2.508537780958795121e-02
1.173228888235071897e-02
-6.206300620924192629e-02
-9.480137383849254057e-05
5.100521843519553733e-02
2.773857183762292247e-02
-1.102988101685733677e-02
3.780847404189198457e-02
3.862527027851104383e-02
-2.345297444319956182e-02
4.042013059070686393e-02
-1.088905833066398585e-02
4.815974266542163117e-03
-5.644738904083088094e-02
5.553480918076274947e-02
-2.467147911549074507e-02
-3.090981948991223388e-02
3.023094146522314722e-03
1.465529493897050305e-02
-1.706074825525696198e-02
3.195521825997246074e-02
-4.946450804244994191e-03
4.146237844004302744e-03
-4.798517990913145348e-03
-4.543645946718906370e-02
-2.939986711720409679e-02
9.216145288276640646e-02
-6.858853782619946104e-02
1.645901641582234523e-02
-2.839996894368479463e-03
2.773886671514692523e-02
-1.009948137291653402e-03
1.691038156217727559e-02
1.125664225124138693e-03
2.980672548530366450e-02
3.014829828768594150e-02
1.249033671023866421e-02
-2.291984996099619837e-03
-6.983174578564960676e-03
2.665218472131451050e-02
1.438479039599778464e-02
1.248191681973354061e-02
2.481713021018527171e-02
2.836709702758549723e-02
2.383107697506049380e-02
-1.533017538867832361e-02
3.856983778022828047e-02
2.150556590869777754e-02
4.015195999315920167e-02
-1.868291095556932555e-02
3.426449054456603277e-02
1.933655158936185142e-02
-6.009722352811927137e-04
-1.278086262169827146e-02
7.778196272968668744e-03
2.563359458987740647e-02
7.223100444133283282e-02
2.897375156457357090e-02
-2.212515391050929106e-02
2.175995392300850498e-02
1.333379373108523232e-03
-2.516531859677295646e-02
1.895368278395178838e-02
1.857881712003081262e-02
5.611435290842096968e-02
-1.189641747668973397e-02
1.263899741531606530e-02
1.624996939825845352e-02
3.742006393296822692e-02
-6.100594215848806692e-03
-4.157617590885985710e-03
1.090779840981430035e-02
1.738663186573249919e-02
-6.989540162230504020e-03
4.794763181706037519e-02
-1.875589150387382137e-02
1.806350796944181103e-02
1.117877721100183838e-02
3.220581637228872585e-02
7.506817167558802600e-03
1.045378310387832903e-02
-1.482018985512570733e-02
3.618671069497928633e-02
3.200636111435260084e-02
2.779822248597870610e-02
-1.596893423060603834e-02
-1.650311968623142597e-02
4.929784560665400467e-02
-4.477259724242198258e-02
3.939827896394216405e-02
3.739013116942517534e-02
-8.970743005435322104e-04
-3.411863302839794609e-02
3.524036172183672710e-02
1.903396861155999195e-02
1.933085179708640081e-03
5.969991162674149338e-04
4.936182231744429966e-03
2.138273141225309829e-02
-1.945834394034762910e-02
5.364257247760732816e-02
2.605398795549320259e-02
-3.307012879867401306e-02
2.879359204074380743e-02
3.782122937548303837e-02
1.224853704766062229e-02
1.497877392438225382e-02
-2.141155452828490471e-02
3.605547646250459315e-02
2.510705258838482560e-03
7.863691666298242011e-02
-9.398880913394065326e-03
3.644130981075980463e-02
1.736072833263021739e-02
-5.747000179620571393e-03
3.639565150725663362e-02
-2.254800404484970031e-02
2.695401530130194651e-02
2.707682673344148118e-03
1.682809609052976496e-02
5.355209668604168916e-02
1.675649741686969021e-02
-1.991092203236298486e-02
3.256414106095472695e-03
2.621397468471312400e-02
5.184913676171590963e-02
-5.905526595674522039e-02
-2.984193493874147743e-02
7.168147075848183003e-02
4.285765223629160736e-02
-3.916485952532931802e-02
1.608816131642573644e-02
5.119555401803528583e-02
-4.144716261312345051e-02
2.126697741411890871e-02
6.130147596337003763e-02
-1.856229167471184355e-02
3.992879818048170742e-02
-5.251581434547092711e-03
8.841470052141096880e-02
-1.135714001326038926e-02
-1.679055352737422041e-02
1.600106627196360570e-02
-1.500274022247535420e-03
-7.841165791703793436e-03
-8.823962178473684914e-03
2.879858387097631450e-02
2.915706490022312858e-02
-2.522711061354642251e-02
5.606734424882850454e-02
3.324870622309326895e-02
-4.835811262505209165e-03
-3.212070189088882255e-02
1.310229490492443270e-02
4.139290639598390553e-02
-9.410286053985639221e-03
4.222701914252133260e-02
-3.505890592539602502e-02
3.107181660277718444e-03
1.904305910536559579e-02
-1.039609486740347352e-02
4.017171094267217579e-02
-1.207755861895317903e-02
-1.470300491539440133e-02
-8.585031053595969588e-03
1.048136468895221468e-02
-1.075459672948900214e-02
7.938639615833692140e-03
-5.364696641840882574e-02
1.100902066479754055e-01
-3.768115828787835242e-02
2.589108678390952475e-02
-1.922828923298498111e-02
3.748447916019909121e-02
1.424632165366038206e-02
-2.283218185425637051e-02
9.341764443769939863e-03
5.076667056268076295e-02
-3.483341380347661914e-02
-6.036749091634246306e-02
-9.487597132408490119e-02
-9.162968215654371251e-02
-1.206129625770189229e-01
-1.283596566408982675e-01
-8.889100699205405853e-02
-1.912936198863343651e-01
-1.712134506615017870e-01
-1.179772748243939906e-01
-1.735544241480948546e-01
-2.130152363112422509e-01
-1.802026366569797200e-01
-2.045493900593665648e-01
-2.186038748941577237e-01
-2.308778995393486189e-01
-2.791234574602277085e-01
-1.661718380413796936e-01
-9.157554019724341299e-02
2.537474016827703793e-02
4.178647191159343133e-02
3.207708057561936554e-02
-3.889496260138197714e-02
2.798256003423013269e-02
-2.896981558135403034e-02
-1.941328223679981285e-02
2.852720841510352715e-03
2.292358791374655893e-03
1.331744706309120375e-02
-6.479915886635140461e-03
3.987954603933653586e-02
-9.562340488189241539e-03
1.477442258049105166e-02
-1.290516583760588712e-02
1.873045549191946352e-02
-7.860668381939429211e-03
7.150154698563735214e-03
-6.348510894638082283e-03
4.787320655744006781e-02
-2.564244491966542749e-02
-7.635356032099664333e-03
1.989106988994106262e-04
3.211047087256696519e-02
-1.595010094589728242e-02
-3.358917284201805992e-02
4.132266178984382587e-02
1.422173464079522220e-02
-1.599901487945986495e-03
1.297769699206483343e-02
2.569720706492980775e-02
5.721940518932581293e-02
-3.135135692901685339e-02
-5.165277244726714651e-02
4.499117896102101943e-02
-2.045681076326154747e-03
1.758340908699983565e-02
4.798114315424305970e-02
-2.160324178932501379e-02
8.168596334933453385e-02
-6.531794138002866568e-02
2.847566371026372545e-03
1.570366139169471209e-02
-3.760205877042596505e-03
7.156817521546103567e-02
3.435450268054100059e-02
-9.902435148123731046e-02
-4.862910654255566192e-03
5.127615714232793692e-02
-1.442450035510449684e-03
-6.021201367657114112e-02
6.184893529726983447e-02
9.479105535055694018e-03
1.336358162773482877e-02
5.842432532457505871e-03
5.866677707516547782e-03
-1.525611319992062863e-02
4.643336118559790102e-03
3.593240948170434851e-02
6.408843573315574360e-02
-2.202355081022495248e-02
3.847604157741021241e-02
4.359572694353300998e-02
3.844738965986516099e-02
-1.028653809817228065e-01
4.449214742177461102e-02
2.484613987431801355e-02
-7.857896873196339518e-03
-1.697157486574993324e-02
-2.818868006159711351e-02
3.862933457968347611e-02
-3.020784115468544764e-03
-9.086683864791555987e-03
-7.405210246093685278e-02
5.869598547000746264e-02
6.331870046481900653e-03
-6.332427406745951004e-02
7.159818723174585405e-03
1.451443687458291339e-02
-6.282899814596880177e-03
2.849650871072418636e-04
-1.808461022766827409e-02
-3.676302319955829234e-02
-4.197377136022617528e-02
-4.795546125480906752e-02
-1.150444227010440773e-02
-5.475496047327799848e-02
-3.923462098513968294e-02
-5.126272321783201247e-02
-7.533205124579897549e-02
3.046847017121989687e-03
-1.776447723056159278e-01
-7.329516401151338345e-02
-6.430182578556889461e-02
-1.234411199013930732e-01
-5.785520110923643433e-02
-2.627321523987990320e-02
-1.618034096094486674e-01
-8.808287674014492197e-02
-1.460826591625634108e-01
-3.482153600406414501e-02
-3.465011307232930549e-02
-1.002183162165733998e-01
-2.678084577371219951e-02
-8.966772699727851292e-02
-8.043840879548873335e-02
-8.059351797684990992e-02
-3.903895295465401039e-02
-7.159866310443123438e-02
6.081269585628416852e-02
-5.734877761960668202e-02
2.132360438859571411e-02
-1.647377452244540644e-02
5.749740675151467778e-02
5.175350691691586735e-02
-3.837957928605154057e-02
8.227548634088796553e-02
-4.758970665795168170e-02
1.665179584501622415e-02
5.339849923309009788e-02
-3.239533237522003537e-03
4.742231213142096558e-02
4.251187731937242781e-02
-9.203180761945345401e-03
5.848620418507490502e-03
2.487309421943361895e-02
6.726112801059372717e-03
1.089345640457244080e-02
6.064667050665441608e-03
2.663387789596346339e-02
1.362888165007678648e-02
-1.597723506616733138e-02
4.802487800213050412e-02
1.189086759256931594e-02
-2.976229957456829472e-03
4.969176051159721746e-02
1.278645116910166746e-02
-2.604672374900965370e-02
4.374258308505849652e-02
9.352087861379049932e-03
3.041167184555917946e-02
1.120012115026057693e-02
1.903831574189925741e-02
2.535466407612118125e-02
9.771458947125688521e-02
1.078558173084061267e-02
5.775026294986322639e-02
1.083700813989354680e-02
3.441351573972351724e-02
-1.631950834236456371e-02
8.278293048911843088e-02
3.119952175059310592e-02
-1.921327809422419472e-02
5.738352249509896807e-02
7.053150733427021590e-02
1.278040685470193359e-02
1.434589645042851948e-02
3.751254437666395186e-02
3.043067626073137077e-02
1.893694804143163449e-02
5.266577969824401406e-02
2.168190119773307292e-02
2.599635428297152745e-02
2.474414734030645768e-02
3.722920717239050492e-03
2.714968951095782929e-02
4.824896452370017880e-02
3.210757769139506446e-02
7.177021670483893501e-02
-1.654993875954336585e-02
4.781919812472418263e-02
-2.887747834381105411e-03
2.024196194375973284e-02
3.178711737295367157e-02
-4.004808218126538338e-02
-7.960192555713067192e-03
1.138736818544270335e-01
-8.729354062061275843e-02
3.603267546779007069e-02
-8.031809994968863720e-02
7.509555654938858404e-02
-2.197267385853896374e-02
5.416469686853078030e-02
-5.800531644642285822e-02
4.928872711261825246e-02
-2.177339377773527228e-03
-6.038263734079535316e-03
6.452954877660352362e-02
1.787734410388711753e-02
2.713620015920356621e-02
-2.040724823683321559e-02
-2.647080488714820962e-02
1.174888977348206992e-01
3.563573662392271676e-03
1.608877861069906712e-01
-4.328017540568401822e-02
5.150540237662458443e-02
-5.348669289816209566e-03
-1.107094485647554388e-01
5.479837014821775654e-02
-8.541942017535919182e-03
2.617534414772585902e-02
-3.420055501878731252e-02
9.766204156739274889e-03
6.015154195394657038e-02
8.709661623758556404e-02
5.880873714395432744e-02
-2.636334687053230527e-02
-4.080656072320215134e-03
3.044137567439125086e-02
-5.847024637501795769e-02
6.760174005716719503e-03
4.623992982395908058e-02
6.469516968729882578e-02
4.023659901989816434e-02
-2.839698137002613296e-02
-2.227164269165106056e-02
4.550514765181823407e-02
3.411552094003113267e-02
2.146389112027274892e-03
-3.925171322701925813e-03
4.478963676480395006e-02
1.738607494042812562e-01
7.588135479640800707e-02
-1.792706593527798598e-02
-3.179253712807397769e-02
3.833154177128443585e-02
-1.496204281417206662e-02
6.443976133857845512e-04
4.994135972194562595e-02
-8.884216502182823438e-04
9.084594149492074278e-02
1.376885036775282734e-01
-1.690672303264995763e-02
-6.307945692849303843e-02
-3.927168114416124123e-03
2.213632999634248394e-02
4.584235881025187226e-02
3.280539746214421182e-02
-2.987203823330960087e-02
4.860952132969011130e-02
4.471513379343010353e-02
5.190428244248113110e-02
-2.366635313676027433e-02
5.752647905878126994e-02
1.843769004838214862e-02
5.536757709391159493e-02
4.959111092589545827e-02
-1.204748052248925255e-02
1.111035850138419323e-01
-8.161096098109072577e-03
9.987698702918525184e-02
-3.396157472550115353e-02
3.884544167890235239e-02
4.373751922168035711e-02
3.832520012155675448e-02
-3.141642213814780163e-03
1.997669108666291424e-02
-8.506653063740855780e-03
-4.970555294199323348e-02
-6.278354313863779290e-02
-3.532391208524206933e-02
3.443489338477750961e-02
-6.604571184521255967e-02
6.037213218801665976e-02
1.763359084088711448e-02
-6.087996418977049268e-03
1.166593072710923537e-02
2.226400091362340794e-01
4.459253057334925524e-02
6.313172345670435559e-02
2.171098706271357842e-02
-5.067368794274638294e-05
3.063537899394369601e-03
3.388423857620521257e-02
-2.019288097515050534e-02
-5.583399568694703829e-02
1.181782339610694399e-02
5.545574288299284782e-03
-4.218741827663748112e-03
-3.582084868360943530e-02
-3.065144273974384354e-02
2.131804880637332839e-02
-1.017612374668509512e-01
-4.046910011111706784e-02
-5.169288699246092633e-02
-6.273334383273238002e-02
-7.318079080398140479e-02
-2.658391150667877012e-02
-7.911702272600384944e-02
-6.101151778858872332e-02
-1.491511584689612924e-02
-8.761817760930572241e-02
2.762195288179211672e-03
-4.489140076736922169e-02
-8.041606366603054612e-02
-6.080779866758989627e-02
-2.931061034794676251e-02
-1.319521922865328489e-01
-4.196042436042266704e-02
-8.765566265791682743e-02
-3.705143105047537661e-02
-1.075739687914927106e-01
-3.764235858029640891e-02
-9.909461320600163048e-02
-1.186935238008048066e-02
-6.356787195693221204e-02
-7.194654721369116157e-02
-6.151440626598846106e-02
6.064081014709885031e-03
-1.271682514618510153e-02
1.166465116132296177e-02
-5.452827950284613173e-02
2.076731301330036680e-02
-1.839180697909911788e-02
2.105054300938390827e-03
-4.489700211745750041e-02
4.272173347624273754e-02
1.483118752820830090e-02
-1.775641732376086190e-02
7.833743013072151651e-02
-7.849764140259859677e-03
-1.119210492501856655e-02
1.877699125186312046e-02
1.612403170978866929e-02
-2.505158504280254397e-02
2.880390933554854635e-02
2.802194389128962251e-02
4.365800657525690555e-03
2.628418631962181964e-02
-1.406547029012374279e-03
4.243742517225364275e-02
-3.631499222874327165e-02
8.446615353135449034e-03
-1.112534953776798952e-02
5.289861211660307205e-02
5.732973259438518127e-03
-1.608572977133403137e-02
1.764975048225770130e-02
3.365972240159646051e-02
1.248185554461445773e-02
2.461011481744840561e-03
3.018710420400007657e-02
-2.173098160693535258e-02
1.747982339984889555e-02
-1.984412999769813793e-02
-3.633058354045360511e-03
2.652033292990542412e-02
-6.870710582094271580e-03
-2.814112710799285960e-02
4.902912376001372641e-02
8.344070687349860278e-04
1.364014506117002846e-02
-1.303440365910134464e-02
5.709760178721470791e-02
2.222394899338332383e-02
-3.342234140862268554e-02
1.570076595198767119e-02
-3.457661061134760343e-04
5.410974356952444331e-02
1.813846564299090563e-03
1.042415827280345278e-02
-2.160963951550786549e-02
8.806382508234147227e-03
1.538139279455999660e-02
-1.603581216945626498e-02
-2.135982736569601130e-03
-8.551292227106224719e-03
-2.026138607102258293e-02
6.493565115087282513e-02
-5.036836707527741347e-02
1.132479546584918700e-01
-1.964105847224165841e-02
6.655092040630204708e-02
-2.221304137651274047e-02
-1.336720253311047928e-02
8.999979287053564911e-03
-1.482874933123888052e-02
-1.679911737731692306e-02
7.460114200517319050e-02
3.477817150761904064e-03
-1.005638735621302848e-01
2.825930329095335813e-02
-1.260098993053817770e-02
1.553692517280794161e-01
3.200964502402354334e-02
8.536676423965766647e-02
6.552146018153856555e-02
8.434046505084372147e-02
7.418101743145563698e-02
1.518960235992761199e-01
1.618900468090282707e-01
8.157301318724038963e-02
1.681162778033430116e-01
4.738826210945090017e-02
1.383634463262109759e-01
1.342045993381321134e-01
1.487948920345792680e-01
8.523384712873438573e-02
1.648342552555229212e-01
8.094115264514833985e-02
1.052747266722784680e-01
1.568025111268473437e-01
1.032898694930384775e-01
7.397748181018304336e-02
4.890530122776107907e-02
6.134404716038997091e-02
2.494738618984145700e-02
1.169039965118883785e-02
4.604459786862789838e-02
1.690573351557245890e-02
2.266212797122359179e-02
-2.639920740536022721e-03
5.166664414608631781e-03
4.570877852061529939e-02
2.835853582620974367e-02
-3.504924895891429332e-02
1.517328245739890669e-02
1.054380766956976648e-02
-9.720522943062569546e-03
-1.012022617174868078e-03
1.411096267336075030e-02
-7.621167997275165424e-05
-2.182333764141134239e-02
8.279137207580876401e-02
-7.770083865024764169e-02
-2.838340804008838633e-03
4.464846878850961542e-02
-1.493504376955998546e-02
2.158182861690482665e-02
-4.116362503361852346e-03
1.789754393391556481e-02
4.081757763749890681e-03
-1.643534775263780917e-02
2.368738640549678323e-02
1.401221098905317507e-02
-1.090560669887351460e-02
2.832112162965050653e-03
1.368588235496477970e-02
8.456268207926902550e-03
7.599827524296448242e-03
8.919851556979815910e-03
-3.470582676377495512e-02
-7.293362121406273338e-03
1.995845758359900482e-03
1.346811239811540432e-02
4.089473488133861523e-02
-4.111826769177694130e-02
-2.972314834303923375e-02
3.010726585087220020e-02
-8.016637142046918740e-02
5.475347228323537013e-02
1.003859878068142503e-02
4.164347970324525777e-02
2.257593313932541521e-02
1.372934449519079385e-02
4.370344754109607710e-02
5.068236799562886308e-02
-4.101282788364098153e-02
7.705717098138993582e-02
2.000530649217907228e-03
-4.577974367719468696e-02
4.413771042056249469e-03
6.323495395454689638e-02
-2.278589316545760052e-02
2.610278240890950840e-02
-3.892158768467473412e-02
8.438394275785926490e-02
-6.103875810703306842e-02
2.682579587884262318e-02
1.229094836109501099e-02
-4.042477367295525641e-03
5.534502248949704772e-02
-4.076737324358318398e-02
-2.563001969237077571e-02
1.615623437247779015e-02
5.249319771748836572e-02
9.769359019311746675e-03
-1.501745205345273414e-02
1.305982360370320193e-02
4.047919246722036374e-02
8.116656886614262781e-03
-4.766235659349287584e-03
1.355663924042616909e-02
4.942892792184760270e-02
7.553935358855904530e-03
3.264562309084948974e-03
-1.537623665693247516e-02
4.657577317391946997e-02
2.318821271253487803e-02
1.475432928312071269e-02
4.671928475203511455e-02
-4.758020491449259717e-03
-8.518213730844634290e-02
6.432165024236291551e-02
-1.542525326376113087e-02
-1.550874489536357287e-02
5.760770459065828880e-02
-6.543754256974611272e-02
-1.107078421191436401e-01
-3.565306652046291991e-02
-2.507822657240421638e-01
-7.173208383366361240e-02
-2.337244954615316506e-01
-6.644747534717349025e-02
-1.193078068675469949e-01
-6.236027490394067951e-02
-8.696335070252328436e-02
-1.400317342285624933e-01
-1.046900861268174332e-01
-1.178229421449926775e-02
-8.854003497244614107e-02
3.402521695104868127e-03
-1.006091540424256248e-01
-1.683774893007674439e-02
-3.275647758962236394e-03
-3.645450109915321368e-02
-3.650440539301544329e-02
-3.049192289742212736e-02
5.615241805902228267e-02
-8.195819745409424484e-02
7.512778787075784226e-02
-8.596201767813781147e-02
9.125427532672882036e-02
-6.859045875412267401e-02
7.916294218894358303e-03
-1.903880529014832530e-03
2.158796516627731546e-02
8.940171200327485732e-03
5.664655932477457440e-03
-6.216151251044398866e-04
2.109196900937776106e-02
-3.673577934575458781e-02
5.029301259704575811e-02
1.791167976897002634e-02
1.485770962538894048e-02
-1.638816048008416657e-03
-2.183161182117475049e-02
1.403081977133230698e-02
5.747785057888244592e-02
3.438997788636187491e-02
-1.393748651936094207e-02
7.166878444583058005e-02
-8.122512130192577340e-03
4.742458528059179113e-02
-4.169931465038067414e-02
6.451631203191734998e-02
-1.823639799458479441e-02
-3.258318743799726303e-02
-2.212009327148828364e-02
-9.715654031000279384e-03
6.594301164632209236e-03
2.051060661607535633e-03
-1.243088618076512719e-02
3.150763761406187580e-02
1.978005235626283803e-02
3.471920142779091889e-02
-1.363127636450820607e-02
1.973465847241059196e-02
1.758627718822747960e-02
7.409212042071536275e-02
-5.205349486905887918e-02
-1.289627613101231723e-02
5.935824599647400446e-02
-3.129354507240055677e-02
1.458712266773209629e-02
4.706881118307329470e-02
-1.445726292947518629e-02
2.682350411984496183e-02
-3.925065114681575845e-02
-1.146933402609757874e-01
3.079187185215772130e-02
-3.216423381627392386e-02
2.901599628798844088e-02
-5.403654714724129282e-02
-4.584311082942411908e-02
2.066373661261480463e-02
4.031218648683068673e-03
5.374341951702332754e-02
-2.839436556916446336e-02
2.713410964027134636e-02
-4.015055183266576927e-02
1.067458543493061268e-01
-1.685384166803802382e-03
2.232114840421386623e-02
2.205758705369765399e-02
-7.833924201813546873e-02
-3.876626453595931852e-03
6.034821253495770144e-02
1.300591533349763039e-02
7.365413341564823468e-02
3.723934556504972238e-02
3.923326346701365430e-02
-4.514759082080740948e-02
-7.139469372678450276e-02
5.217982283394111478e-04
1.114211616512688352e-01
-3.187035900850542988e-03
-4.510859887540979996e-02
-1.511621612687498450e-02
-6.791361942773151139e-02
-4.093402409041314166e-02
-6.750971789632054243e-02
3.580811727666518424e-02
-7.509174358443751474e-02
-4.664478521293430324e-02
8.945835204566633669e-03
-9.954800383550609089e-02
1.252607006354403141e-02
-2.138499868138567586e-02
1.763404692387313816e-03
-2.916703570176551810e-02
-1.599043244293818847e-02
-8.821097062979960102e-02
-4.480481487708166261e-02
-3.532448191809804683e-02
-7.379947296999780915e-02
-1.618368092456566598e-02
-3.566175093241005789e-02
-9.381652346692231914e-02
-7.769397707834391209e-02
-5.957698869623936910e-02
-8.663255046881213062e-02
-3.848090338338573668e-02
3.770192323642538451e-03
4.716348716233476762e-02
-3.202008617966373843e-02
-8.675373292011732962e-02
-8.073043552437518533e-02
-1.013266799512679006e-01
-4.738453051603006699e-02
1.535558067194411208e-02
-3.975421662614259805e-02
-1.574666490781630457e-01
-9.544874388834367895e-02
6.564536283656358107e-02
2.276415334744755214e-02
-5.304839555787334293e-02
1.690764994621580045e-02
2.533943767263888494e-02
1.585237256328422134e-02
-7.496191059448503724e-02
-6.181605887724161974e-02
2.736256410375931952e-02
-1.439966913175844132e-02
-2.084641288224833855e-02
-3.436249271655832105e-02
-1.787461741879249610e-03
-7.663805855698793690e-02
-5.969065576877629481e-02
-8.132715151148370292e-04
-4.061739193098048983e-02
-9.357321610742366791e-02
-3.871927750480361197e-02
-1.916350988530230587e-03
-2.170598790172885428e-02
3.180105268522837730e-02
2.999261779401210873e-02
9.515170007367158844e-03
2.648680440914665674e-02
4.101127931672730875e-02
-2.091277673834850831e-02
2.372298334455161944e-02
6.768362217609207032e-02
3.469556297479853627e-03
-4.313526851386136063e-02
-2.484240614262070088e-02
-8.591536054412592105e-02
2.004195363634871455e-02
-2.896252937051793305e-02
-6.782593398184641464e-02
-5.343686991235471750e-02
-1.259254208353934035e-02
-1.416142792547719353e-01
-2.348857820425171578e-02
1.898688144602716371e-02
-1.079892187269021475e-02
-8.979006192892922955e-02
-3.436940266443332115e-02
-9.087554901001049235e-03
5.593514433453562751e-02
-4.986721793000472441e-02
-4.376196730815552077e-02
-4.052565773288305251e-02
-1.492908809503674938e-01
7.590470400339202617e-02
-3.143025535942658294e-02
-1.906268150026408509e-02
-1.049837967027302532e-01
2.112289759664907202e-02
6.040148700562512907e-03
-4.153026075615647711e-02
1.438408264773931994e-02
6.611417619979482324e-03
-6.169939440309846201e-02
-6.941405175122064564e-02
-7.865758665363357938e-02
4.890107652208428718e-02
-4.115571316029610627e-04
1.844539881622441271e-02
-7.790293760173880311e-02
3.709161330305081605e-02
-1.898202293883631542e-01
5.707294163564565620e-02
-2.018693534587432947e-01
-5.955269774712836778e-02
4.423743885119575669e-03
-8.560461388050821796e-02
-1.111958693779804275e-01
2.305678113086166714e-02
-5.828008654731793581e-02
-5.440869611932071248e-02
7.447200445105879585e-02
-4.567666575571731336e-02
-3.816921313874305915e-03
-4.688063827127567779e-02
-6.465029244650954965e-02
3.821869065483218114e-02
-1.438941199453054598e-02
7.260075588365275112e-02
-3.647094725949826671e-02
2.680375821089295285e-02
-3.127977876793485573e-02
2.153314802056236280e-02
-1.746565054355443333e-02
4.465583042529443908e-02
-1.388740708386516226e-02
1.358595325915892826e-01
7.553558054623765727e-04
5.132299903936950181e-02
4.419460205749520948e-02
1.187738852746065832e-01
9.092460851674016853e-02
1.775334803084419599e-01
3.848302845620019119e-02
1.907851508586561329e-01
1.562262056112358466e-01
1.471487147262225403e-01
2.076046050163119772e-01
1.400987374785180317e-01
1.717687647228877124e-01
1.827721885466271345e-01
5.670486889445132406e-02
1.549076012168366379e-01
1.082039520277529171e-01
1.231677311356837862e-01
7.638602975036476450e-02
9.904490933758966498e-02
7.256864193912271332e-02
5.498184057058118357e-02
5.273627021299558126e-02
5.431127522561779442e-02
2.941360101008095446e-02
3.106908395307972359e-02
5.190485038711659810e-02
2.430786632713483053e-04
-4.827398640388578209e-03
3.772487479853509074e-05
1.202161921548039296e-02
2.053941155263435889e-02
-4.843236187354327260e-02
-3.570935543110922896e-03
-1.277944560457018770e-02
3.273457374476360093e-02
-9.969259021345907093e-03
-1.023024668867432430e-02
1.656302541385871671e-02
7.034298945907930568e-03
6.246285936452129067e-02
-1.133444720845613353e-02
2.069642483315326659e-02
-1.685900155944377796e-02
5.685430419447913553e-02
-2.153388599998628042e-04
-1.753998654772649830e-03
-1.357321846747979420e-02
3.194906857767196295e-02
4.358241150419502746e-02
-3.440307182549412479e-02
1.483824491932501932e-02
9.943276339107284811e-03
2.838098166374133924e-02
-2.839424537963637987e-02
5.198256187771325282e-02
-1.117438859232794054e-02
3.951906243643320271e-02
6.335766561936645447e-02
6.337798783121317836e-02
1.326601234304792820e-01
1.160935568569625154e-01
1.715674984485350274e-01
1.090937285497637355e-01
1.551275247899967513e-01
1.820247580634043183e-01
1.285437092894818889e-01
1.380046750342582285e-01
1.133082630060353591e-01
7.078199847101361575e-02
1.851595733965945012e-01
1.018898347495820200e-01
6.691734778504462855e-02
1.160936966787607522e-01
8.731996845049902478e-02
6.875863792134505326e-02
1.681618529932147471e-02
1.622951866319828282e-02
1.065479580134367013e-03
-3.208782173277311550e-02
5.209516139935656959e-02
2.343338766025729672e-02
-6.931684821802779062e-02
-4.021014543028662847e-02
1.029091486465840422e-01
-1.369061077941810256e-01
-2.035769670417015426e-02
-6.839653586626887050e-02
4.454489709975083950e-02
-5.678001277045042344e-02
-2.529715812996298843e-02
-1.596885838996683904e-03
1.291508511505575288e-02
-6.425445836005992672e-02
-7.258588346171226946e-03
-8.094002887429938009e-02
1.771851446873072555e-02
-3.045686715702958930e-02
5.178287242266049056e-02
-1.565985568929655763e-02
-1.087687088311965755e-03
-8.123262866833069751e-02
1.679526416180428250e-02
-4.920884701215295920e-02
-3.568958335475822669e-02
-1.137352500569706500e-02
-4.682619615087836584e-02
-1.189736796195480367e-01
1.617558215218323561e-02
-1.533750800217833360e-02
-6.376248958715342863e-02
-4.204746867971094482e-02
-7.934775673380403682e-02
1.366716796071145226e-02
-6.990869823886997070e-02
-7.196677168800588720e-02
-5.433525309694076794e-02
-3.238561487738506051e-02
7.468842118018431675e-05
-1.781497894384257569e-03
-6.529397616821333572e-02
-3.228648326918245881e-02
1.940549270948187938e-02
-4.890811366865384369e-02
-6.488535407266608768e-02
-5.961275137451756134e-02
-2.000876428501025331e-02
-5.397161806071851253e-02
-5.261044099134497276e-02
-1.591520038466162287e-02
-5.531886192659137003e-02
-3.922790841999258121e-02
-7.604198089971944685e-02
-4.534843133889400468e-02
-9.365426086023167368e-03
-3.536482534070631290e-02
-4.550563961801962209e-02
-1.445762997357005752e-03
-3.442734410537219569e-02
-1.192706158975070929e-02
-2.082225539803862768e-02
-6.172151450756009627e-02
9.739974153513512867e-03
4.424084397020887523e-03
-4.691810317275828951e-02
2.525852357691321312e-02
-6.832028508315440840e-02
4.819831107310726392e-02
6.040901371999080061e-02
-4.944800780174991167e-02
2.842848755036894368e-02
3.425548783900460303e-02
-5.633855449784075375e-02
1.399330671573398473e-02
-1.086105602433330014e-02
1.904757892599955385e-02
6.195151818659279776e-04
6.277380637240038974e-02
4.156071560199592341e-04
2.456951280404380544e-02
2.172071547660779298e-02
3.939436046865341101e-02
-2.158579439118085957e-03
-1.581345000019659594e-02
-1.675291765410884259e-02
6.526402839106584808e-02
-6.614991535339647365e-03
-2.679719305257262374e-02
4.408263101331108547e-02
-3.892268234119175378e-03
-1.424675572109457625e-02
6.091087761999368355e-02
-2.670026059947898031e-02
1.709453271978828362e-02
-2.466994278971900573e-02
-2.012004158216472872e-03
1.762723505279327127e-02
3.042367457516988172e-02
2.988294295348788501e-02
1.144150153984167676e-03
-1.645760939500302139e-02
4.196298517199974210e-02
4.065141519890165533e-02
1.103870502618852813e-02
-1.944912886308911709e-03
-3.355151781913645170e-03
-5.758191892763071112e-02
3.444953301732753270e-02
2.994366950133134364e-02
5.160591358287574051e-03
-4.834778775247536992e-02
4.634913582915345387e-03
-2.115100724449585357e-02
5.220451488592674910e-02
-4.618956877193913790e-02
4.528255298932323120e-02
-8.224711631974432335e-02
7.114914594341546772e-02
-5.810909352342012724e-03
7.718204498460490975e-03
-4.259793127913309718e-03
3.176321199666790052e-02
-2.925709660405614518e-02
3.111855481574650473e-02
-3.159699879622093668e-04
-3.448247534169081308e-02
-2.927222313389043172e-03
-1.191506763672726954e-02
-2.950129416472162258e-02
-2.361614923762167875e-02
4.372201480246246455e-03
8.297200130659581480e-03
4.673781438082790646e-02
1.712430923688350315e-02
2.683193242449107008e-02
-8.157707806342346128e-04
7.935642750704131887e-02
-5.970365004364848460e-02
5.790394997619591894e-02
1.100559734948476469e-02
-8.623884986543886577e-02
4.009162189032988710e-02
3.074419172426061039e-02
-1.004405137036889530e-02
1.031634037443716900e-02
-1.638083540382813050e-02
1.817869376545428947e-02
-5.349161471297858659e-04
5.010090820161202003e-03
4.329568935507306822e-03
5.004895528436096620e-03
9.465906757326419951e-03
-2.335477779649751742e-05
2.740822902082003243e-02
-3.604494014846225391e-02
-1.856019266210386098e-02
-8.198590811535502385e-03
3.355917664162009345e-02
-1.823764882090417316e-02
4.334655059682098605e-02
-1.618236599893130290e-02
2.377641176487231209e-02
-8.025273054228540363e-04
3.285131137364025872e-02
2.377082597742111170e-02
-5.701182861635065158e-02
-1.482263852744199195e-03
2.253041657926057109e-02
1.910394542748249797e-02
-4.512551981309297772e-03
4.683879561729515500e-02
1.322515915294080434e-02
-1.021128100798306994e-02
-2.657796736596060999e-02
4.201474315869016540e-02
-3.135474817376583678e-02
-3.653001007999897090e-04
-8.445118547425028641e-03
6.545478245001908058e-03
-5.199980036953918971e-04
-8.868816083448995136e-02
6.837865399404129824e-03
-4.870553719440873924e-02
-7.373825624663112033e-02
-4.051689269626820855e-02
-1.689194791873920021e-02
-2.041643462029782072e-02
-2.882164406842897472e-02
-2.403324018384522462e-02
-7.046555474633023342e-02
-9.643112993717196935e-02
2.225740967895432909e-02
-4.766843167209732640e-02
-8.464306809870209003e-02
-2.186558339941967535e-02
1.454047868189678461e-02
-7.245148546061096206e-02
-7.204755830806409966e-04
-2.143378166872459550e-02
-4.806775523163727554e-02
3.105394992139098517e-02
-3.691004445741277035e-02
1.405587618967930712e-02
3.283853081486960007e-02
-3.162557992902241544e-02
3.851624020024808914e-02
-2.052789641960216238e-02
-6.216334048921861796e-03
6.085979057087298472e-02
3.366745860864923945e-02
-2.434720147155123443e-02
5.478427726047981755e-02
6.605253095164292931e-02
-2.096396083773475680e-02
4.741198176307036272e-02
7.795597137051044068e-02
1.860068945045827149e-02
1.750868050475735960e-02
4.138538388735202994e-02
6.051678357019261295e-02
9.968661721133641185e-02
-4.088299809459026296e-02
5.098660227894854374e-02
4.482592106501787077e-02
5.076557707401258002e-02
5.441285948666613886e-02
-3.949398601247632035e-02
5.633643883724726714e-02
-1.781710181553149835e-02
7.033961388333843934e-02
2.238494959423240407e-02
-6.064693160345335440e-03
-2.591519296602795910e-02
-5.967314726642734130e-02
-1.843173623989110416e-02
6.393062430936211765e-03
-6.382539109004235767e-02
-1.454828211809564356e-02
-6.942752699008820916e-02
-6.888716460676314046e-02
-9.099093024163923404e-03
-9.731205967008228763e-02
-6.651797716487950485e-02
-6.378607929502606855e-02
-8.972293039544340654e-02
-1.268820352760586800e-01
-3.951035147626397875e-02
-1.346151915035864177e-01
-1.141949396392312466e-01
-1.279085436742662396e-01
-1.395110998546857384e-01
-1.369186790502744111e-01
-1.506508819012649936e-01
-1.550902462107051349e-01
-1.014821199014133146e-01
-1.168923282762862614e-01
-7.080387698080259362e-02
-7.401030768766696244e-02
8.557388451120783932e-03
-1.645779086247427594e-02
-7.016751795997266949e-02
-4.314277828843480350e-02
2.817872908936804380e-02
-4.105851127701747386e-03
-3.475896913157636159e-02
-3.965872619727616941e-03
1.330608599025868630e-02
-4.643489873367291458e-03
2.213091746677718283e-02
3.624046977602391612e-02
-2.989705902826970789e-03
9.040896036804431553e-04
3.110008292375985792e-02
-2.822922387817892662e-03
-7.846806835286204360e-03
1.840704447652215942e-02
-7.259763694651155848e-03
2.151538360325433788e-02
-1.566049269112954057e-02
2.731037966083315824e-02
-1.165073300537378164e-03
3.174284641051641764e-02
4.399729796974282368e-03
3.660845332658246853e-02
-5.909572424363077059e-02
2.629351322608663305e-02
5.497682753648548346e-03
1.623255160636805430e-02
7.380164452857686935e-03
1.329164650780766468e-02
-2.639536363013401509e-03
-1.372159118558771707e-02
-6.757547661426360763e-03
9.078948397949669624e-03
3.506606271439613454e-02
-2.165295257790071995e-02
-1.390905102262368978e-02
3.172577804596936335e-02
6.226703653427978491e-03
7.548746607128288891e-03
2.449934457975434104e-02
-1.663862201225434212e-02
2.225480957130812273e-02
3.470798449746048675e-02
-1.368519622283367529e-02
4.061881171440515775e-02
-1.908794959728436422e-02
1.906488418217072017e-02
2.869327408856747405e-02
2.864339425857503549e-02
-6.702636718682671024e-02
-1.356045755240743549e-02
1.558801752133835358e-02
-5.582084665253354318e-04
2.411007409181889841e-02
2.712258000084963316e-02
-3.920777332497300816e-02
7.896003756227974735e-03
1.573391302866034708e-02
-2.165340020327863324e-02
-4.823371020153207137e-03
-1.157498808305524110e-02
1.503201946845936395e-02
-2.294182179296494484e-02
8.822212566785826021e-03
-2.631817271206917525e-02
1.677967034041940100e-02
-1.171487573162947535e-02
4.903224579989830245e-02
-4.972977008042087782e-02
4.149203437786287696e-02
1.325701496109793487e-02
4.973508783011910267e-03
7.337313250677816650e-04
3.571023188661601871e-02
-4.427209477914826295e-03
2.965293564195951859e-02
9.892105035904158114e-03
-1.075362614837381808e-03
9.384195814486242029e-03
1.057422510369499837e-02
2.644924937841248297e-02
-3.070119045302679289e-02
-1.062828459806082482e-02
8.170106017233147444e-02
4.993738661609630619e-02
-4.247667236617060776e-02
-3.217775695731966371e-03
1.662800487528184358e-03
4.901595072828251153e-04
8.517302982203069084e-02
-3.273509017965661738e-02
3.602161195730815141e-02
4.166559240496146149e-02
-7.410844660840658349e-02
3.129344682921970239e-02
-5.579295448171625593e-02
3.110698683204891901e-02
4.404050879346823461e-02
-8.593989329558741203e-03
-5.285983758818213474e-02
-3.839037530681148336e-02
4.408379972375181532e-02
8.091294875077033322e-02
1.928410743480277537e-03
-3.605315247125415873e-02
2.254194237104618914e-02
3.731237118184414173e-03
-1.161028286713090699e-04
2.297209509560688145e-02
3.622411804009192417e-03
2.429594887730162148e-02
-2.717945272085361269e-02
4.447900881526494626e-02
3.025287374889618075e-02
-3.310580273228062170e-02
3.066704310033478362e-02
2.637045483649074970e-02
1.762618708218990568e-02
1.124465882812761275e-02
2.921100662811373927e-02
-2.201247386399818318e-02
-2.959367778202663668e-02
3.504463293900975107e-02
-2.940320787789111462e-02
-2.470811532676154762e-02
8.538942252507564223e-06
2.317883035009101270e-02
-3.953000096934849300e-02
1.446139806626276468e-02
-3.231030230386667396e-02
4.363447772291682326e-03
-4.167711477594632230e-02
4.205684577399634860e-02
6.662067778621413860e-02
-1.040018049594376576e-01
9.365953894554447656e-02
8.915853367966563095e-03
2.725149251167903117e-02
-2.446679549685674276e-02
-2.794618363413645112e-02
5.595235813297114863e-02
9.744334836876436534e-03
2.586808826015736529e-02
-2.627959567053837070e-02
4.294183235740885174e-02
-1.549849395506324584e-03
3.484168828632429327e-02
8.484044323664577392e-03
3.204479261799760698e-02
-9.138735124001642549e-03
5.019623640512159424e-02
1.581458493252862335e-02
1.727647207050899553e-02
1.901674615362293486e-02
2.007439480902785400e-02
2.082580841112945461e-02
2.587557494154100676e-02
-5.103845061251714027e-02
8.873245690250230328e-03
6.934408348943794931e-02
3.294801587192764530e-02
3.321910504081685561e-02
-3.488557903258306808e-02
3.332083525037592836e-02
-1.158411909511433864e-02
4.067833883906222386e-02
-3.140061705854392538e-02
3.998571033212441721e-03
3.468228991661434502e-02
1.267374036079929600e-02
-6.405472618723210415e-03
7.507234059119958711e-03
2.120764811356246060e-02
-8.077008948383973888e-03
9.996520717124323524e-03
2.003552405248991766e-02
3.300793222231587776e-02
-5.585742710952922713e-03
2.568551247391353057e-02
1.142973074603903516e-02
-7.290960282819921971e-03
-9.642821822306576335e-03
1.943265541882790602e-03
2.450115659494818410e-02
4.645155170762994834e-02
5.493906798419281173e-02
-2.750594723776732947e-02
-4.840910961127655246e-03
4.198525707956500541e-02
-4.208117141072251904e-03
1.021368011319956880e-02
3.170800576700634824e-03
2.974093293989827844e-03
2.664087380429937604e-02
-4.462534275755672408e-02
3.856243090891933040e-02
3.551855601406231355e-02
6.992807819506719619e-03
1.012227932355621446e-02
7.602319333204344068e-03
1.210514458068272584e-02
3.102992134522900361e-02
-6.643045526802553169e-03
2.690109802254829485e-02
-1.849853998673153983e-03
2.128702355581747752e-02
3.720309398469905798e-02
6.462277771359069278e-03
-1.069615791724466344e-02
2.792472065438631607e-02
2.565624442999881599e-02
2.766113101332808716e-02
1.293082649622992811e-02
5.217524785793719450e-02
7.449138421310941977e-03
4.920865337804825046e-02
-4.084796401862941101e-02
5.694807813227503734e-02
2.685604621001300846e-02
2.181719724132539368e-02
-5.251014629443908482e-02
8.285208354226768213e-02
-2.766231858912904934e-02
2.046078964872350553e-02
1.407604705876464024e-02
5.382093436942521347e-02
-4.942122769275470590e-02
1.648723709833144896e-02
5.212681912199976231e-02
-3.253947928018258162e-02
3.436541175696110340e-02
1.971186720016593688e-02
-1.202445934214804377e-02
8.450759778678008927e-02
-4.662717616010251392e-02
-3.371378235600093476e-02
3.371751300700931431e-02
3.422790268828425873e-03
2.001874464248070903e-02
3.594732426138439602e-02
-2.897057095327037687e-02
2.273511960568082996e-02
1.374016565871336026e-02
-2.650439789675498523e-02
3.299527318427565581e-02
4.740373675208489623e-02
4.606906140977646419e-02
-9.655552041491290843e-03
3.108784624756759374e-02
-2.516023874012855710e-02
3.232014729869963493e-02
-2.853686814656412885e-02
6.547160973618799951e-02
-2.165675747011529956e-02
2.861774389385074446e-02
-8.451725583275681436e-04
2.726531112754785029e-03
2.070097499986828585e-02
-1.602482930516646586e-02
2.538479028980480598e-02
2.310439769704159679e-02
5.433924774859505251e-03
-4.004364849788986935e-02
3.850990142030372848e-02
4.369307966689169043e-04
-1.053545478353169577e-02
-1.528818334145650402e-02
2.209118028357065847e-02
7.188475193518215067e-02
-1.035607480886442840e-02
3.774737276833058097e-02
5.890359968824776873e-03
2.720869168528482901e-02
-9.714997208910310447e-03
-4.022707625136329179e-02
2.106644811611427942e-02
-1.251753260706095841e-02
-3.812347776108256786e-02
-7.568674906860936580e-02
-9.963054056301373640e-02
-1.714787123624017806e-01
-1.160578028217630203e-01
-1.694211945591384549e-01
-1.797665874154035226e-01
-1.375676761479742438e-01
-2.291187790006118385e-01
-1.912288590477855821e-01
-1.622672456622430981e-01
-2.001734906357742483e-01
-2.700823597584404157e-01
-2.289429244919642392e-01
-3.167242696535906288e-01
-1.335185398176975125e-01
2.322153410868395274e-02
2.914990704079189338e-02
-9.392529288388471245e-03
-1.361142651380678470e-01
-5.288577611256314176e-02
6.619758578808818128e-02
9.584186145844579216e-04
-1.137256094930130107e-02
-8.644853258448771671e-02
4.532872318418267737e-02
1.028739799652079318e-02
3.472770200299309801e-02
-9.053094076943440580e-03
-2.699879589439492522e-02
-4.471073200976389064e-03
3.457506040093113325e-02
-1.948791493094078134e-02
2.572882487544701779e-02
1.675479885539109606e-02
-2.690978532131048026e-02
1.345267225080817516e-02
-2.046762382436895927e-02
2.869758224601261232e-02
-3.660156728577329543e-02
1.413532011599285577e-02
-1.529735203786746975e-02
6.801821123619543330e-02
1.395705818640837793e-02
3.701618271508629217e-03
1.867812856480869504e-02
-2.918871413851649443e-02
-3.143643190706786519e-03
-3.636230726549345010e-02
9.296139480403881744e-03
4.606538223745388488e-02
3.900451768282520160e-02
-2.114592976227490720e-02
2.662825943216037133e-02
-5.493177955720934119e-02
-1.753618528923057279e-02
-3.068201966489249310e-02
8.091732274235909073e-02
8.293828667773142649e-02
-7.765645143311369902e-02
1.971818099187592002e-02
1.187315826354887888e-02
-4.767938244645609364e-02
7.044136496342344456e-02
4.258965290838158391e-02
-1.920764266810719503e-02
-1.415719626609672835e-02
5.669731944938572604e-02
-3.514518285239327106e-02
1.595400084425126555e-02
-1.046563998536959722e-02
2.289459659747803202e-02
-1.293307380060722440e-02
-4.199993024467658237e-02
9.527936914791712564e-02
-2.979468784951569069e-02
5.493309931875381413e-02
2.968940282748369630e-02
-8.585152887910792174e-02
3.974520198720220276e-02
1.626258862618260373e-02
2.381399548116567080e-03
-5.043771059566069109e-02
-9.672806406656273698e-03
5.066950550693570532e-02
7.689977274583990885e-02
-1.534022551849744120e-01
1.996499314447479703e-02
1.585898826446119694e-02
1.312467251758101666e-02
1.816879724044774200e-02
-3.164753023408377330e-02
-4.226479488023895253e-02
-2.052542036631719788e-02
3.842905999167814390e-02
-1.762971721119591384e-01
3.203909518081124452e-03
-1.245465362382220803e-01
-3.137130424069821399e-02
-3.285933050288859791e-02
-1.036511084234080504e-01
-6.297382862683907623e-02
-1.677007013857111373e-01
-9.465592553797802511e-02
-1.693970210734490472e-02
-1.682853032226723777e-01
-8.827769189699277708e-02
-1.073604098455062106e-01
-9.182895770765640842e-02
-9.278012884088861212e-02
-6.573404947930962250e-02
-1.055339973178683055e-01
-6.475259623509913021e-02
-1.221828765362826391e-01
-1.314630952559847979e-02
-4.671885811533153798e-02
-5.261038963711781036e-02
-8.750521077507492432e-03
-4.897312306123000059e-02
5.601981287567147499e-02
1.733138138620672619e-02
-2.908172952957516384e-03
5.057330924363467178e-02
-1.066071637802482389e-02
-4.933095749110844030e-02
5.124566568828053947e-02
7.062368465492238623e-02
4.371462260465631966e-02
2.382687096306503050e-02
1.016664281905201375e-02
-1.716295563163455426e-02
3.897208927589517619e-02
1.076087828032594191e-03
1.413932698987210509e-02
-2.297165363675665595e-02
2.603368668944453304e-02
-2.360645028188438754e-03
3.002945353992777372e-02
4.693781194970147314e-02
1.180194144364286706e-02
4.249527155771434805e-02
-6.531618923600837623e-02
8.930289307534801380e-02
5.552052815871279939e-02
3.473009503682927823e-04
-1.943737152260833351e-02
5.819849008713628286e-02
3.075926468622975848e-02
6.117436627030849172e-02
1.226637086555122658e-02
5.532539429327832520e-02
2.755355627306407817e-02
5.426037714744388202e-02
-8.843592665153941421e-03
5.187556738094516867e-02
-1.192602893170358405e-02
2.917256930747629678e-02
6.039548590282789453e-02
5.186452092262437003e-02
1.663183083385937067e-02
3.056321231813569420e-02
7.662202168099255251e-02
4.688923356467847303e-02
-3.029113018727036533e-02
4.586263556954019160e-02
4.848050954340566571e-02
4.665201795647171135e-02
1.466374633322655406e-02
2.796155464181544759e-02
6.742577259824428237e-02
5.819104107970407558e-02
3.919790923526871029e-02
-2.767134990804927946e-02
1.195516863324769599e-02
2.200463500243590373e-02
2.629934547462403974e-03
4.825228849803708114e-02
1.911158174995537112e-02
-3.082111193398777774e-02
5.754779198347938912e-02
-1.872338090563236551e-02
5.974878705564563852e-02
2.031826164816791930e-02
-1.441330689906223511e-03
3.410053536625104464e-02
5.049743139965427036e-02
8.664380263836184842e-03
6.036278685006052358e-02
-5.317345081851828498e-03
4.039595950177461009e-02
1.308829297946282992e-02
3.215459309141668193e-02
7.493237899666779778e-02
-8.436455822366413504e-02
1.967390573819328276e-02
-4.640545808672723316e-02
1.487489505081840239e-02
6.212271747584203335e-02
3.558322500963072288e-02
1.516376606748611432e-02
6.683064240310132575e-02
4.844674653796975095e-02
2.059334584669325965e-02
-2.521713021540172156e-02
2.138593036698832259e-02
-7.971643913155315730e-03
9.028304366451781263e-03
5.130080396021754335e-02
2.973699282631930840e-02
-1.148098709986969043e-02
-2.090560550364091441e-02
-1.725999241845754990e-03
1.179366749463400116e-02
-3.251305519563467417e-02
1.323228574505236066e-01
-5.576889598598269715e-02
1.008709844549171425e-01
9.008332902742309523e-02
6.492814692286569267e-02
-4.594388943720727203e-02
6.999995629044265810e-02
-6.738401715289106531e-02
9.402755783898099351e-02
-2.487170149393453170e-02
8.639016349672445916e-02
1.120649226081039118e-01
1.964419852497378133e-02
-3.495292965012776476e-02
4.214975121431283056e-02
5.300810735333567197e-02
5.222671604660419215e-02
-7.784457763443067280e-03
-2.808828399421823413e-02
5.623290210719442128e-02
2.752329275024826410e-02
3.004001596959620865e-02
-5.160067717774160373e-02
4.878387956545441467e-02
1.018376269455306127e-01
4.273438600147096145e-03
6.532210361067505855e-02
2.966171939204328631e-02
2.681977330841459062e-02
3.064521569596042466e-02
7.967056339922126695e-02
1.259450540377572980e-01
4.420995449172665515e-02
-3.642215886101993899e-02
8.557237529028469125e-02
1.793176033989413998e-01
5.279961595721904821e-02
1.174257285841897452e-01
1.722903699560990320e-04
1.502395072868322190e-01
-2.693375755483710943e-02
-5.018485131341980654e-02
-8.158492237322348406e-02
-3.495576192859124742e-02
-3.419420228232324110e-02
-6.628721034388240785e-02
5.488660882265222751e-02
-1.494107415723571475e-01
-8.696910141800320848e-02
8.732493032363185942e-03
9.556986313155793611e-02
-5.117512403297625606e-02
-7.072978143216028524e-02
-3.898604122401675559e-02
-1.127545606883274265e-01
3.821516928181257350e-02
-8.188435978410171789e-02
-1.552254413215923765e-02
-1.518544399593824701e-01
-5.243347162186635241e-02
6.770446282385808590e-03
-6.314954563706107193e-02
-8.395515791272208095e-02
-3.997568942551520121e-02
-8.865245627477039148e-02
-4.925251720034966307e-02
-9.222041368843150733e-02
-5.334015126286652253e-02
-1.385980092104849570e-01
-4.201541349167880329e-02
-1.009539845081520726e-01
4.753237638876684629e-02
-1.897777456003876539e-01
-8.879392192764287706e-02
-2.191283816244539440e-03
-6.159932652291130739e-02
-3.343869014627299380e-02
-1.191035686485646394e-01
-7.740874892549433339e-02
-1.751497437025256385e-02
5.277955315852070339e-02
-6.063485771765244475e-02
1.480917143543273966e-02
-7.200405136501385195e-02
6.566138673460429794e-03
1.808405990863447971e-02
-3.690595661755616957e-03
1.289708935199160474e-02
-1.555332787185103975e-03
2.482625066579842357e-03
3.075495541182713885e-02
-4.152399345877963444e-02
5.578080960471968469e-02
-2.142805790589678589e-03
-1.047684360226303546e-03
2.921851150408329070e-04
5.586289421079580764e-02
-6.023750874491003073e-04
3.162267628189309454e-02
-2.262709335134394095e-02
1.803436818910085504e-02
1.629336835800467009e-02
-2.098367890492265977e-02
7.619108015802518452e-02
-3.442911737791904542e-02
8.490167799166184470e-03
1.609487401062538806e-02
3.596535791054941006e-02
-2.312776524026440364e-02
-2.014893463355171312e-03
4.112689591679003637e-02
1.636992242768037925e-02
-9.857159358660411153e-03
2.098316343140899792e-02
5.169703921561594889e-02
-8.657612836815242394e-03
8.978196834620717076e-03
-1.476087723180372416e-04
4.207337301715180847e-03
3.625018952405426043e-02
-3.017790761902818669e-02
5.259888520065593431e-02
-7.312605828210815007e-02
2.604092591544920204e-02
7.290303405284129235e-02
-4.771030224929333208e-02
1.056899672902786580e-01
-5.362003696949785292e-02
7.210547695218466439e-03
-2.323555818392143354e-02
5.968462130601537297e-02
-2.345912780863845110e-02
-6.645083761737784200e-02
2.380734158147446156e-02
7.027079272625187494e-03
-1.020575354827500626e-03
2.880757780572638926e-02
-4.564888144160576290e-03
7.132375103984826825e-02
5.267822496608055849e-02
-4.267762339626153534e-02
-1.731525107079590411e-02
5.947131258270788728e-02
3.019000210178906032e-02
2.848044136409900659e-02
-2.776583393044965847e-02
2.739806443155804946e-02
1.292461088416188217e-02
3.164925802977845010e-02
-5.217460952499846510e-03
1.045700185350303610e-02
-1.102939590150358619e-02
3.677961148709731759e-02
-6.963783164515457980e-03
4.135142567478288650e-02
1.367740470405990304e-02
3.713038494786569110e-02
5.532792222300522700e-02
-2.073669305629200973e-03
2.928922043666037228e-02
-1.008625404618225668e-01
8.831966813626924984e-02
1.981900097860531812e-02
8.322452310008316909e-03
8.245400923228380849e-03
3.832782855517435916e-02
-4.424570006263991995e-03
-1.522466582476902051e-02
4.403186528979679409e-02
-1.421584813538940596e-02
-1.402887980486505759e-02
4.282010446183618507e-02
9.203163541654107299e-03
-7.820103589350406274e-04
-3.665769661085040154e-02
-1.437337745733980460e-02
3.489680351765746952e-02
4.247702773367608570e-03
2.064994917866603413e-02
2.747141911204581052e-02
-2.130741381551231467e-02
3.048303035782815723e-02
-5.739940662805238444e-03
-2.120953164910768796e-02
3.430529428746549592e-02
2.168800599871668552e-02
-5.734753159969400299e-02
-2.295398670578225817e-02
7.318642944644319914e-02
-5.563602617057045174e-03
1.952480260529539796e-02
-3.561929770732806706e-03
5.372965819291897725e-03
-1.268219762440022692e-02
1.523027782908530775e-02
1.741658511122819511e-02
3.038141857135303117e-02
-5.696258623143939104e-02
4.099778807852379886e-02
1.137220357192974228e-02
-3.865668259773143156e-02
4.829038177598986292e-02
-1.254773585970710495e-02
-2.314773772058064186e-02
-2.924357358523868231e-02
4.675489430018082287e-02
-8.996845368231750489e-03
5.561699790898468054e-02
-1.897735318518378039e-02
1.554981071017478428e-02
2.456146687209324886e-02
-2.164456776572406399e-02
1.060775154850564228e-01
-1.523415271592694700e-02
2.254761491766017756e-02
-3.114910513746015075e-02
5.609293452219082238e-02
-6.690759345937991043e-02
-1.306550540708392369e-02
2.301002126409529627e-02
1.044689159776981402e-01
-1.111339584131358915e-01
-3.220117634337592294e-02
1.797248712603004284e-02
4.612973792316650903e-03
-3.991518145875504187e-02
-1.525504023174812859e-02
1.482575356028576624e-02
-9.670245104961170887e-04
-4.677915023668186706e-04
-6.797251342241302820e-03
5.474198780702650008e-02
-3.759508496630544622e-02
1.983319769731173299e-02
-3.458574696045396690e-02
1.698765944354296452e-03
-7.610529735028494225e-05
9.784318157335823371e-04
-7.515312465160298855e-03
-1.486505655295700459e-02
-2.867695613698895835e-02
-8.202415242354921254e-02
4.995346745974767189e-02
-4.194248545315066440e-02
-3.462046782575938647e-02
-3.501470418910352170e-03
-2.780768016176745488e-02
-4.716609129235957432e-02
-5.137103352771291848e-03
-3.719138174991486190e-02
4.031079499818116668e-02
-5.144091601460006047e-02
-4.456276845081059979e-02
-4.448811627389462342e-02
-1.027708956658525581e-02
3.362898511008811236e-03
-8.762945886793880798e-03
-1.930190262421834640e-02
-9.360980115342520946e-02
-2.467869445186481742e-02
4.004373472580530224e-02
-5.792814780204236583e-03
-6.444054178947880573e-02
-6.492347430493153326e-02
-4.937729528752475561e-02
1.398160274801751694e-02
-6.345347289310987460e-02
2.223060822910214937e-02
-9.516848290721593995e-04
-6.311103690277915235e-02
-6.469932283952284369e-02
1.484701881306331114e-02
-1.217293898518702205e-01
1.384885859159850838e-02
-7.025809470964661241e-02
-2.392421448730235739e-03
3.612128430163522030e-02
-3.815893352432038477e-02
-3.741870250199239023e-02
-1.054918143500210986e-01
-6.305537423601360533e-03
2.520012111936879504e-02
7.739423378676248827e-03
-5.342607797251806845e-02
-3.119153253638003859e-02
-6.366073541392841539e-02
3.122361566723065585e-02
-4.082063554134512939e-02
-3.507592576787236377e-03
-6.226812458313764342e-02
-3.625651144856108232e-02
-1.092982599186394232e-02
-6.728511907988309060e-02
2.304393780956856541e-02
-8.720293346228336073e-02
-2.257129130376282072e-02
-9.018789129712535130e-03
-6.398742902755874540e-02
-3.144009302906771580e-02
-4.962399622196892596e-02
-1.882858279008272490e-02
9.664360826885588091e-03
-5.049470747527923936e-02
8.425012401491686204e-03
-6.891581170160987480e-02
1.411149684888874170e-02
-5.114075165285067448e-02
-4.485920170492597309e-02
-2.410321976133885519e-02
-2.095476633651873616e-02
-4.319448055288087340e-02
2.512950355125747812e-02
-5.613153062500484888e-03
1.704707736894221434e-02
1.462674033444528489e-02
-2.753179887721160599e-03
3.495503030801979522e-02
1.821965239921467458e-02
2.027826013715099129e-02
5.760291755014217141e-02
4.366791209748762705e-03
2.180150354007183433e-02
-1.751649371204412262e-02
6.247884176523323119e-02
-1.865481191445599041e-02
-1.636203508040752486e-02
2.789752120006791167e-02
6.787239186113311340e-02
1.524083197120621076e-02
1.197030790354194213e-02
7.970082111313980464e-04
4.880969300888942514e-02
1.161108559741828340e-02
-1.811005370770540565e-02
6.145149333474653197e-02
-3.003831846405983358e-02
5.138903885765686713e-03
-3.991254896112598691e-03
-1.461532821934255662e-02
3.482657299244351634e-02
5.715646205247672598e-03
8.754922778176825113e-03
-1.856106916041857027e-02
2.272388687596759577e-02
3.918134727982843651e-02
-1.846800818008871928e-02
1.148234634597367944e-02
4.334110640772072948e-02
3.056041609988000007e-02
-3.717078196094777097e-03
-1.136776499757633212e-03
1.295370213857625213e-02
-1.964908375417102199e-02
-3.375279012848185489e-02
-1.091004047449024329e-02
2.240434079235212664e-02
3.568080692562131118e-02
-2.362952913797036064e-02
-2.976093144288481304e-03
-2.037965050772885464e-02
3.660508029782114786e-02
-5.920690162756263308e-02
-1.924058839337512879e-03
-1.591499556669345034e-02
4.181052632486764731e-02
-4.704101798727394063e-02
6.190789394988430346e-03
1.579884853998952954e-02
1.711401812244705938e-03
4.162672073639592241e-02
-8.780017726443241702e-03
-4.202984794477331032e-02
-1.927163165019026014e-02
-5.824919813161855142e-02
-1.982647257269676971e-02
4.251459987501306909e-02
1.893111904189570191e-02
3.720424083419336669e-02
-7.883231440896542458e-03
7.634662340394922364e-02
-7.806520288090365578e-02
8.351257070281892236e-02
3.335989762521836960e-02
-1.688415335477997867e-02
6.256772018256331891e-02
9.541517094710311652e-04
1.185596885697907943e-02
6.143288442080215538e-04
1.223503600058908208e-02
3.270830729139747456e-02
-4.287238510006993047e-02
2.047289726950645219e-02
3.258053493661067224e-02
-1.359030811507646284e-02
-3.428996516892313107e-02
1.701449267706928517e-02
-4.147551770652777026e-02
3.684394216411740475e-02
1.280383683104978007e-02
3.702753552803654882e-03
2.005897752441484355e-02
2.502926039795711800e-03
-1.961202513672989992e-02
5.621570904743473929e-02
-6.081324259692467288e-02
3.864557902015911678e-02
-2.601095894530218791e-02
2.643562753199144022e-02
3.928774668191781921e-02
-1.587049620967920585e-02
5.340519784192826469e-02
1.021916562632642356e-02
4.578544190193518416e-03
5.903951132937170117e-03
-2.118799003877106651e-02
2.394763977622199613e-02
-1.742098255014034799e-02
1.255814226605415050e-02
7.781670011815372545e-04
3.073016860188845789e-02
-5.171327971299166659e-02
-7.431644837620549060e-02
-3.195846034550239162e-02
-4.565421201745149815e-02
-1.654752075556061713e-02
-2.446000669352455664e-02
-4.086524898584873583e-02
-6.105781359147907650e-02
-2.732186834782935822e-02
-6.959551849751757779e-02
-1.835859285518035011e-02
-4.358443098472788990e-02
1.599310608579192911e-02
-7.561599385213246816e-02
-6.272655929656353879e-02
-1.486734172501496740e-02
-4.216706842989689091e-03
-1.319409193646740516e-02
-2.413066656169536930e-02
-4.645807245976094069e-02
3.793234984600567933e-02
4.853597079369231793e-02
-3.643109060896986516e-03
-1.918458208706780993e-02
-6.292457084791796412e-03
1.958999762910201836e-02
6.088726675819753492e-02
4.484787938200662794e-02
2.610089188815636202e-03
4.112517713040869660e-02
2.559038644703012788e-02
6.838326941829350747e-02
1.276763212863390312e-02
8.127335415468762980e-02
-5.582037813591931436e-03
7.328239436104733162e-02
6.916646087367106510e-02
3.724975079873914241e-02
1.442075498233944854e-02
1.701825062856791165e-02
6.206148878614006770e-02
2.764123477381816296e-02
5.286964586792280985e-02
8.346311682480966193e-03
2.524934433022286637e-02
-8.411345233649622846e-03
6.775919691378184950e-02
4.346087245539148602e-02
1.735007199478188523e-04
2.225742427233860787e-02
-5.086807316542626967e-02
3.268268870421576350e-02
-8.407011331240628327e-02
4.078445286982113061e-02
-1.389748779107721210e-01
-4.856387984294831955e-02
-7.925321777617436170e-02
-1.644573830757199429e-01
-2.262735790627647958e-01
-1.222878881644276494e-01
-1.830054755942935041e-01
-1.871312424224509940e-01
-1.650239393797607590e-01
-2.065957831596609284e-01
-1.998013485020405655e-01
-1.988094944386762930e-01
-7.792702812484453290e-02
7.897742177986145917e-03
-1.235310349798850044e-01
-2.139968193748639086e-02
-6.035367176915748533e-02
-5.061069511895182477e-02
2.054263394423558667e-03
8.180928606118610669e-03
-3.778627616902123509e-02
-4.899043886385029238e-03
4.076059018785152185e-03
3.708040123695516971e-02
-3.223408371042126019e-02
2.218064607962917656e-02
3.112560907776894953e-02
-1.639087811884554213e-02
5.785690100244959052e-04
4.406347900053789873e-02
2.143591198257416633e-02
-1.349038062960230058e-02
1.821698228339807199e-02
9.332840818629376325e-03
-6.543807398574573962e-03
-8.561908592580767460e-03
2.689316771721410315e-02
6.212670780681762289e-03
5.061691860456174301e-03
2.874211662083459712e-02
5.513943678443202975e-03
-1.460649236636864072e-02
2.689347494224948384e-02
-1.477540650460166562e-02
3.142318299917558951e-03
8.235388859981701906e-04
1.769871932978768839e-02
1.277813893067187082e-02
-1.853865802306325222e-02
4.450137711228668164e-02
1.161773940010030030e-02
3.019580950638086486e-02
6.429740601426772728e-03
1.863441513563910204e-02
-4.545183651548475451e-02
1.832027212600415705e-02
2.581106656629410245e-02
1.657193213990793001e-02
-2.833367684098699393e-04
4.021780947304151588e-02
1.260225643376556258e-03
-3.290611853078598270e-02
3.557280356527384169e-02
2.529714342500576779e-02
-2.050445345805869402e-02
-3.634404050476024162e-02
1.585859532014066708e-03
4.015843672028558686e-02
-1.464797122286154440e-02
-2.821893536514665998e-02
2.816752080538701547e-02
1.889184110112328632e-02
-1.481106187789200598e-02
7.343401625405689311e-03
2.301773319458373310e-02
6.925883360261711821e-03
-2.084537146618237885e-02
7.924402092260866143e-03
1.761969184622407154e-03
-3.076482878581534089e-03
1.682724819236769767e-02
-2.837631299152554645e-02
3.927856636121400402e-02
-1.130995750437528702e-02
-2.706122188113398511e-02
3.148978228713904953e-02
3.778436627955790439e-02
-6.008360236692130221e-03
-3.072445270679007023e-03
3.543933970141344147e-02
1.980933415037723633e-02
-1.563707698803703389e-03
2.779867334420793937e-02
2.608212600370516179e-02
-5.901032502113856548e-02
7.996191298176053008e-02
4.120517677009007118e-02
1.622593437976041150e-02
-1.980207353088515865e-02
4.701547246637735773e-03
-2.203429909792219143e-02
2.485054062151077423e-02
-9.014687285622357757e-03
1.615532846211824303e-02
4.095077814469956501e-02
-9.265276084309055638e-02
-4.184985095414943401e-02
9.614053491559734765e-02
-3.913945038194707737e-02
-3.675878146022660414e-02
-5.747507916444559786e-03
8.547548693532781849e-03
-5.445370531302713701e-02
1.696407320443111058e-02
1.822392874111396048e-03
6.519967984405554418e-02
-7.075411620791180814e-03
1.640299318680165166e-02
-1.807114502172526421e-02
-1.571285466250762347e-03
2.337526653930662238e-02
1.365797072090882934e-02
5.407424833631564037e-03
-3.369607386070602034e-02
-3.630309863649391899e-02
9.811103450852801111e-02
-1.253537441179535146e-02
1.898846752742965223e-03
2.950412272195965940e-02
4.510753057996345211e-02
3.046221925988291598e-02
-1.344841658317229120e-02
-2.587470774341292523e-02
1.163632682908414921e-02
-7.420839810064579906e-03
-6.483934743167418455e-03
-2.268728178470986664e-02
2.730286676665075532e-02
9.211432838386443903e-03
2.829170512873815241e-02
-6.174661965063085733e-02
-4.032063246851931571e-02
1.482125878434213673e-01
-6.071865226988572978e-02
6.237046558665150162e-03
4.852111427463379895e-02
3.796736117696184604e-02
1.850090571838263268e-02
-3.267594011061389185e-03
3.979164151905143637e-02
-1.637738736137834064e-02
3.640391044664770953e-02
-3.533906669810059700e-03
3.903561042077543369e-02
-2.053730062216769375e-02
1.625283775071106884e-02
2.111149084705829862e-02
5.816036716773686360e-02
-1.715948863546776226e-02
1.895044542588308206e-02
2.192173198386529465e-02
2.569092341280404188e-02
-8.479376644665755081e-05
4.685544669433146930e-02
2.816604962756610181e-02
6.764364888634580124e-03
-5.937069965560883705e-02
1.347903497499224335e-01
2.459091609489377425e-03
2.879933866735134504e-02
-1.710432092018100356e-02
7.689947616793728867e-03
8.506852698710666225e-03
1.144614770448353948e-02
7.496909495797466835e-03
1.050931183111687185e-02
2.738940172751800489e-02
1.959199959520353460e-02
1.737689834110524734e-03
1.913567909672559547e-02
2.677986709191137321e-02
-1.298836791707911643e-02
3.677793583112717174e-02
-2.226064146286600709e-02
-8.923142435302107087e-04
1.628940178849386938e-02
3.917939322664865109e-02
-4.465452294423132712e-02
1.893858790645291598e-02
2.388423900116566113e-03
4.100355380024596832e-03
6.942519800297347610e-02
-2.249396168895117717e-02
6.587122083346044418e-03
3.145739584425304158e-02
8.989683751905161446e-03
-2.732342441331987379e-02
3.898232502819077433e-02
4.805321637139249764e-03
5.864164903529166945e-02
-4.453178163236266862e-02
2.215858982658400894e-02
1.836718772026330396e-02
-1.734041004216592755e-02
2.432325547679167754e-02
-7.489497941290221457e-03
1.276716363386216566e-02
2.234458470084704426e-02
3.626706189003129060e-03
2.643971236951549869e-02
4.337849454725443282e-02
2.093091302521930125e-02
-2.814630467863427771e-02
7.322913570416515749e-02
-2.566244736377580951e-02
3.418879843941426133e-02
2.945860500666002205e-02
2.580440367937457055e-02
3.065649611021960957e-02
3.853330437852556245e-02
3.139729382797416812e-02
4.396889912098669861e-02
-4.543871330563011013e-02
6.821246390162692685e-02
-1.493468819182833945e-03
4.717743374298961206e-02
7.982706202731849540e-03
4.083350664263853819e-02
-2.741525132167393908e-02
7.402880848276000014e-02
-1.703125723845387053e-03
4.090202416662887600e-03
-3.511342270667852650e-02
6.803445997160273429e-02
1.669917968940364678e-02
-2.074442759058083008e-02
2.574187603058940982e-02
8.298736224893099936e-03
5.383086037843160671e-02
-4.832459829345903124e-02
4.850427346011588342e-02
5.515187155326222584e-02
-2.270172809023368599e-02
1.345975065204126075e-04
2.107963183818490141e-02
4.295690292196256699e-02
5.430531182286051431e-03
2.470020030898584240e-02
2.625235548155816293e-02
3.468740366045846429e-02
7.731518178994641055e-02
1.951932587999933438e-02
1.756763881175909744e-02
2.220937787028494370e-02
2.826368810711655383e-02
1.576742778675420398e-02
-1.066912057615603503e-02
-1.736460825210275546e-02
4.378351908559753591e-02
2.405144834050782637e-02
1.182344789565997409e-02
-4.422563115554434265e-02
5.788390086919961014e-02
-1.953936487418308013e-02
-2.899149053514833360e-02
1.412778608987277917e-02
-5.235656914052914251e-02
4.033010413542523209e-02
-9.552192837157920391e-02
2.866829084457556479e-02
2.118907681904620005e-02
-8.875603264988438448e-03
-3.446276063094574904e-02
4.243903773248136613e-02
-3.484136375082989845e-02
-7.409254792157703162e-02
-9.570358114685486098e-03
1.250314085288905044e-03
-7.005272237915595446e-02
2.120135443072755296e-02
-6.633319356874371742e-02
-2.435950208189449628e-02
-3.437545514158393822e-02
-4.843352089376215530e-02
-7.334857233591124404e-02
-2.099246907373020221e-02
-1.050718420621833266e-01
-1.300526033743983345e-01
-5.944763562534061824e-02
-8.446204388254671680e-02
-5.867138251728366144e-02
-1.824112475208065631e-01
-2.045860953980898483e-02
-1.582884125272929765e-01
-1.300850398560972065e-01
-1.359531249181517021e-01
-8.874171955784487809e-02
-1.275064395581420040e-01
-1.882966148371652826e-01
-1.965126983050713427e-01
-1.824934836288178708e-01
-2.080518926664950974e-01
-2.045515606415882204e-01
-1.656176838933770268e-01
-1.509270851311591832e-01
8.302106834323902396e-02
1.912144554412114339e-01
-2.595179781375573855e-02
1.178603194259480839e-02
-6.765352242308554642e-02
-9.563430731634948306e-03
-1.393889294141657104e-02
-2.909318326386280996e-04
4.938754480476608560e-02
2.294192937319591320e-03
-7.762839576711182826e-03
4.695910281590728874e-02
2.353045053338974086e-03
-7.520295626951119250e-03
3.019392033038543685e-02
-2.307161215994459752e-02
4.177443406258773452e-03
2.425617931894568161e-02
-1.651873376907353821e-02
-2.531267800168438345e-02
1.746633535599976042e-02
2.729754039689393647e-02
7.660947804209304601e-03
-4.447096557986095905e-02
-9.541060165566606077e-03
-3.863078568345486297e-02
6.829207219690987089e-03
4.264734379659092245e-02
-5.842048905505620865e-02
-1.194968066125453275e-02
7.646663199692498025e-02
1.344545187267937383e-02
-1.570653379683404488e-03
-4.872705304808869729e-03
-3.482133035027689186e-03
1.172094370587946355e-02
-2.573099780028480221e-02
8.690164095337772621e-02
-3.928192856312989756e-02
2.418032419811756706e-02
-2.467904674833435938e-02
-1.755868534609702353e-02
6.859523672677954320e-02
1.038436123622712981e-02
-4.471540712750663588e-02
2.378446263646982056e-02
-2.391191336252193600e-02
-3.414865457015788062e-03
5.003177170071114455e-03
3.046783905366142950e-02
4.787627612639199642e-02
-6.202421203013968112e-03
1.174524831087883983e-02
-1.653024809312873128e-02
9.469071420434741621e-03
3.230833448752433446e-02
1.762268044612056578e-02
-1.480226703233547374e-02
2.757244397277782907e-02
2.830044152265593499e-02
-3.387921317150625888e-02
8.203539800984675431e-03
7.250053106115683654e-02
-8.044636047491389441e-02
2.389274385908591106e-02
-7.261183064302156875e-02
3.386274282735045327e-02
1.692391571851213986e-02
-1.342197999259347324e-02
3.151005565140622966e-02
-6.182033887059174698e-02
5.588019819611984851e-02
3.511137739027872517e-02
-7.091391342305389256e-02
-3.753287122746553489e-02
6.703435089498284427e-02
-1.871861210361880010e-02
-1.913307342987584023e-02
6.872829114655380767e-02
-5.160226246478002293e-02
-2.831199087010098647e-02
2.856671186642094698e-02
3.612214444303576272e-02
-1.104712674780732873e-01
-2.415119155824575065e-02
-5.138472925034054395e-02
-2.923302918147534582e-02
-9.696555658076577711e-02
-2.742873072538749152e-02
-6.811220214660179684e-02
-1.434189268987187682e-01
-8.976391211968190453e-02
-1.738479224220221553e-01
-1.435439890973783383e-01
-1.250842704167945407e-01
-5.128377794141072976e-02
-1.247888011843215628e-01
-6.866018622169120511e-02
-8.370487198227991033e-02
-4.311370360106565880e-02
-1.064574777423735186e-01
4.690930104083235880e-02
-1.137343306080065841e-01
-9.295385110180931498e-02
-4.036067274015685269e-02
-9.975719440741062649e-02
-3.510400730749480697e-02
-1.253523417222740001e-02
3.164742134357520498e-02
-4.000922546363494536e-02
3.166652194985934005e-02
8.608962738576442578e-03
-5.573306914180559124e-02
9.209636863841567933e-02
2.997105883527783135e-02
-5.922223942116383588e-02
4.733078430739080800e-02
8.160225286432794267e-03
1.591990059428488244e-02
5.773367830447170140e-02
1.039082950299836418e-02
-6.823240642493228706e-04
3.309790740887810084e-02
1.510548614145111081e-02
-4.228848747201262998e-04
4.366141790482488960e-02
3.609170256776424862e-02
-3.106105022976163310e-02
3.358385106056657049e-02
1.912480909487422262e-02
2.999538618987460104e-02
-6.369616750100068683e-03
-6.597669114651935965e-03
1.623945173083256310e-02
3.855851256109316810e-02
2.134548858978877611e-02
-2.132788265192673768e-02
-1.547357980974392935e-03
8.925231878594494517e-02
7.159801988159276986e-02
4.674713380370360688e-03
4.471231364429252564e-02
4.335822272899442914e-02
3.222852470205382625e-02
9.542845882806183511e-04
1.028136475697770669e-01
4.300927168615447521e-03
6.258834456070930252e-02
3.322522438434657305e-02
4.312589914579910422e-03
1.359814195857702787e-02
6.121408531909712514e-03
7.800621861358023046e-02
2.823158189798921983e-02
5.568955077045412150e-02
3.061353050775480339e-02
-1.658868454530505743e-02
-3.639878865809650227e-02
6.166256625488348436e-02
-3.658342869193795255e-04
-2.853996437009611448e-02
2.259475797208793102e-02
6.029722984286004644e-02
2.130510379922659348e-02
-3.386000143770504650e-02
5.899608305396904923e-02
1.219000850476712264e-02
2.994294473321183758e-02
-2.137541297561280917e-02
-4.210592941057698241e-02
5.347054527854870620e-02
-2.024134869620158525e-02
1.011689666294709675e-02
-8.830696959978078658e-03
1.152215721117468526e-02
9.838221199124434768e-02
4.738764339179771246e-02
4.693047447350214701e-02
3.486086662638186034e-02
7.189703931983315588e-02
-8.009969145913670152e-02
5.180190518953135120e-02
3.223171466430301696e-02
6.324388666735408782e-02
2.585531914992144145e-02
2.687304565068322770e-02
3.070842783982822080e-03
6.315015356731812357e-02
-9.573943260423765922e-02
-2.995366355234653499e-03
-7.457412182649099386e-02
-1.128702024085027067e-01
-2.482502996353019575e-01
-2.642736908940611640e-01
-2.820803710020791111e-01
-2.255258948270949526e-01
-1.517946112305012529e-01
-1.383116225492445617e-01
-1.598120706411225167e-01
-1.083089849720432624e-01
-1.541645322073093363e-02
-5.680966276068673965e-02
-5.078806827721894096e-02
-5.544176617503209642e-02
-5.802048995167909812e-02
-1.443058847193017663e-02
4.111111884501917474e-02
-4.133861866228780158e-02
5.984126921991842624e-02
-2.875087697728005362e-02
4.168123614897383672e-02
-4.734868708780020502e-02
1.006965933406194225e-01
-3.940449059874459592e-02
1.040405156274724630e-01
2.696118584749109329e-02
1.320417543020583062e-01
7.505715535976852787e-03
8.346840792813187138e-02
9.868889547213932634e-02
1.173572820268835859e-01
6.480582262244244385e-02
5.431117510273072990e-02
1.549023199168705206e-02
8.544836946911912867e-02
7.239665095444365248e-03
1.218768031967372156e-01
1.687264038308667821e-03
2.325294496717263126e-02
7.205413124106259393e-02
6.001198464332334337e-02
-4.982184433766452536e-02
2.290157572193090782e-02
6.061732321524158223e-02
-9.309828818715894586e-03
2.456866818900049765e-02
1.984061176798773349e-02
-1.687275429589938508e-02
-2.225436151990295083e-02
3.406739138498994512e-02
-3.163200466190264903e-02
-2.640161150811979468e-03
1.378261881257539408e-02
-3.517099106167658612e-02
2.430911192887003081e-02
-1.413295199280921455e-02
8.013410521458827485e-02
-2.041066729052471232e-02
2.749889731435154611e-02
4.966611838978689242e-02
-1.410434846826260670e-02
2.980198660668053473e-02
2.505487075301938635e-02
-6.921884417938435619e-02
6.073506213679599058e-02
-7.046457629673466561e-02
7.863195634487132879e-02
-2.884954839819928868e-02
5.034171875397361329e-02
-2.294075252309692864e-02
2.430208271258122582e-02
-3.692473283471728665e-03
2.909269823581124570e-02
-1.828331728157899308e-02
-1.067738480472004564e-02
2.359607158529736584e-02
-7.120145523293656270e-03
1.588795727139783766e-03
-2.882417354091119238e-02
4.015648581183729054e-02
-1.071125730229868962e-02
-3.914459415914861920e-03
3.115309948414209454e-02
3.247494278686421237e-02
-3.076414326063378526e-03
-1.525471379191330017e-02
2.025554625024732908e-02
1.400690932459300493e-02
2.470924571076088538e-02
-3.661646854286556424e-02
6.328635328306447122e-03
9.182197377675040129e-03
-3.902640271783407860e-02
1.709579954559175760e-02
-6.994088617330407320e-02
5.498315653115033730e-02
3.057405999643247885e-02
4.017752496451780508e-02
-1.001151917300495929e-02
9.820678827322307236e-02
1.119973095595853257e-02
1.102083701868504517e-03
1.343649937270740558e-01
2.214177427158075390e-02
8.053780211329283900e-02
8.263087226141874186e-02
8.251103336643858532e-02
1.441160729759063397e-01
3.555758718763975951e-02
1.041641922909707640e-01
9.917672280001300911e-02
2.949653989229873013e-02
5.893387770147993920e-02
7.128369795735509107e-02
5.532394132003276566e-02
5.225494159337794320e-02
3.022125999145953631e-02
4.109137229411249231e-02
3.417854975361864917e-02
8.128298053128707457e-02
2.511707261131113783e-02
2.837010610338014382e-02
2.476680091910870435e-02
3.160949804356557452e-02
3.377547868357275856e-02
3.091775642229653565e-02
7.757560509758165516e-03
-3.248079573590987451e-02
5.958020837082238230e-02
-2.698698541384992808e-02
1.388648657260039831e-01
1.730283408706522613e-02
-1.042141934623126986e-01
8.921203834738714034e-02
-6.134658241224882902e-02
-5.418456653302858306e-02
2.899310259578222540e-02
-4.265780250623148889e-02
5.743176963201642587e-03
9.688843513269848606e-02
-4.175554489995011304e-02
4.469799568551575952e-02
-3.692852456969371311e-02
-1.012098786017645025e-01
-6.884716346582046842e-03
-2.230144409995590271e-01
-1.973543567497316326e-02
-1.849802951213560254e-01
-1.001192103867448585e-01
-2.772221754007865302e-01
-1.702664723847875372e-01
-1.916162210580138192e-01
-1.978694300386814042e-01
-1.468981997597719191e-01
-2.224510882778936716e-01
-2.403167899653765593e-01
-1.075752324383412450e-01
-1.497295944822801816e-01
-2.207667716098344057e-01
-1.837758748811546550e-01
-1.770977667056513327e-01
-7.580474792325736511e-02
-1.829562792446463027e-01
-5.242142352522825843e-02
-8.779792813627602596e-03
8.795843752218875100e-03
-1.495094357265467147e-02
-9.426294314441993616e-02
1.192501255602955793e-02
2.450578572295051411e-02
-2.983688657804768607e-02
5.070818459505822655e-03
-1.976905219448455570e-02
-1.405761131098625175e-02
3.233262793502870991e-02
-1.911323789009074930e-02
-6.753048815420726811e-05
-1.233336896675532764e-02
6.799001604929000298e-02
-3.019020364560066894e-02
2.568718287501321404e-02
2.288553669676406804e-02
-2.950606024926684997e-03
4.068683646360032186e-02
4.608548380882081935e-02
-7.517518006968669508e-03
3.174995062601924239e-02
4.817494523631818751e-03
4.238254998470118717e-02
-4.414795295042898277e-02
6.727644190468498597e-02
1.706427719791261260e-02
2.674887318874061976e-02
8.837774013677085483e-02
1.608589563794380894e-01
-4.181150817123750751e-02
2.070013871903729763e-01
1.107838600464425005e-01
-6.664895836919822181e-03
1.450846244092966197e-01
2.548567013475984411e-02
1.099661718092647400e-01
1.378941194105415269e-01
9.922800253753417954e-02
8.278690270664799955e-02
1.296481152050448227e-01
5.940719262187407756e-02
8.178803217294777772e-02
1.589771775305904300e-01
1.047983177261818388e-01
9.531126944463988448e-02
1.346310199366105853e-01
8.854096097015784483e-02
7.247671409490483163e-02
1.082047735516827869e-01
8.584769443263712274e-02
1.344949752179847857e-01
3.930206214639896459e-03
9.861980282609519866e-02
2.717565555887819020e-02
4.833250784170835951e-02
2.733416612421420491e-02
1.347478807545509499e-02
1.019735523251560569e-02
1.261140417094501823e-02
4.550959644314563762e-02
2.023413984475896238e-02
1.948399230322627254e-03
3.824011775857896756e-02
1.726397932414297162e-02
1.175017892032772376e-02
2.663954539201342231e-02
-1.218181615290585967e-02
2.526118286582434980e-02
-1.931157168537167915e-03
1.801756987789549999e-02
-3.440516460666522523e-03
4.365803399139087798e-02
5.010862691456868800e-02
-4.440150109130142769e-02
5.067499851500090191e-02
-9.345913908514882212e-03
1.243855900961570934e-02
-3.007071942811136069e-03
4.751031742235183736e-02
-4.054158292502756805e-02
2.684262841156477564e-02
1.605887901583039415e-02
6.840666974615425278e-02
2.485575858880981551e-02
-1.402976723468366688e-02
1.529692663606652646e-02
5.787060076535369829e-02
-2.425712526067444821e-02
5.255862367049572628e-04
6.369685697481516917e-02
2.565976984882555392e-02
2.303207327239862809e-02
6.185635901778201856e-02
1.401478663050082993e-02
6.126651631608257334e-03
9.412647797615844580e-02
-1.700503372184417744e-02
3.252399756860026997e-02
-1.145693210094300002e-02
-3.888804924841129940e-03
6.019167265088924690e-02
-1.665393969295074494e-02
1.001342229213436977e-02
2.352395518422452370e-02
1.419870431712653980e-02
-1.844292120658379622e-02
5.155086225769798386e-03
7.704918940715344000e-02
-5.350067862186467377e-02
-1.943450190522259206e-03
2.565353848349169463e-02
1.833199491844110518e-02
2.944766637646576216e-02
5.438104702679184832e-03
1.172940293312435892e-02
-5.967052486075770379e-02
1.208662503570577945e-01
-5.069796672389526027e-02
-5.864091110098302966e-03
7.520625714764417324e-03
7.689969564554340054e-02
-5.110437488641034198e-02
3.391317841209141870e-02
-2.201895825443110286e-02
-3.473105894967484439e-03
3.293263436694622570e-02
-4.594234610074975772e-03
6.277722398174123697e-02
-2.823312521722103410e-02
1.120210426000950096e-02
2.556151574380338340e-02
1.818178137309972922e-02
8.340625595630963771e-04
1.728804902929214141e-02
2.421203031304690334e-02
-1.202491464901011067e-02
-3.142882121969762903e-03
1.550428495208325090e-02
2.238056145208974085e-02
-2.437203305048152649e-02
5.605161016273822738e-02
1.901195534574452034e-02
1.528666734458602669e-02
1.581008402808374395e-03
-2.331703743738130011e-02
7.426231572779427859e-02
-2.315950850191244442e-02
2.967446703412744691e-02
-2.599466427608767768e-03
5.038030238072274680e-02
-3.048457199834558526e-02
-7.347198193341757111e-02
9.998491691577218732e-02
2.628224523170195545e-02
-6.957648732612282949e-02
3.933501172226583353e-02
-3.897675796321117825e-02
7.213361406744299431e-02
-8.836817923177420209e-02
-1.173755456713883871e-01
-6.288666055775099517e-02
-1.325024513576241736e-01
-1.304179181775569629e-01
-8.848096185667847502e-02
-2.810417624027427008e-01
-2.884662244177391699e-01
-1.299130843083333708e-01
-2.269333952473264748e-01
-2.893119393253979488e-01
-1.714975412071061134e-01
-2.388257563644165804e-01
-1.142053714817870963e-01
4.749998427206866131e-02
-1.255732273952447631e-01
-3.563976192514944907e-02
-3.325204497933215153e-02
-5.237680444286201692e-02
1.991054629238313278e-02
9.072900885603902774e-03
-8.470248980591246757e-03
-2.001530007103377584e-02
-3.113125209821313976e-03
4.103457788841213816e-02
-3.291903415912954961e-02
5.359881520867927629e-02
-2.111809992795018152e-03
-8.909981438969247214e-03
1.492516378882259923e-03
4.344552163264304989e-02
1.040751487904276331e-04
-2.473448718933477300e-02
-1.247277432928295057e-02
2.713190291099148305e-02
-5.520409396174289635e-02
-1.578017467615748515e-02
1.722714074217431696e-02
1.091420530313370191e-02
-3.653538917932150874e-03
1.086805435752346075e-02
-2.510453572130048536e-02
7.041585171007291172e-03
-1.189475017767730597e-02
-1.681955616481428661e-02
2.407388721186154087e-02
5.413850345514951284e-02
-3.038410279529467350e-02
2.702469065396471623e-02
6.315216619934720110e-03
6.626442725646543297e-02
-1.035423180824327632e-02
-5.641258678342110471e-03
3.600235899631228694e-03
-1.544015284008590574e-02
-1.113778562674600653e-02
-2.455610036261194132e-03
-4.516538710230442663e-03
-4.517002393278478356e-02
-1.040076445914164469e-02
-6.643431902316320609e-03
-3.805615448292904573e-02
-9.898903017281109398e-03
-2.529194170575693040e-02
-6.879364402386098365e-02
-2.492445313029829912e-02
-2.986698022877481984e-02
-4.549199169916481184e-02
-3.324535746948966558e-02
-6.904724480040824730e-02
-6.197926649914654862e-02
-1.198657574837194012e-03
-4.800426505184274273e-02
-7.499728900348324317e-03
-5.627145496589835982e-02
-2.666513210226808747e-02
-3.798837046495957825e-02
6.984190412887840427e-02
-4.279334295904786006e-02
6.583536389434960050e-03
4.400779125116201923e-02
-9.887881952747128861e-03
4.678922786652359861e-03
3.908638492777577467e-02
-8.747079274403758015e-03
-5.530612582247559916e-02
8.185119666048502191e-03
1.015565350376850667e-02
5.177904514329620400e-02
4.087020525344438326e-02
1.837095285728289340e-02
1.935271548428611765e-02
7.107976071664023898e-02
-2.237171938378701430e-02
3.728787357863390384e-02
6.013801716672084741e-02
2.101359624281419827e-02
5.825958441449495540e-02
3.798144913973196257e-02
5.891467628720663263e-02
5.404251471093125120e-03
6.216575092755839693e-02
1.272958411778801063e-02
5.155063234688990470e-02
4.676473739150177611e-02
1.054658527378901298e-02
3.248786448515949415e-02
4.190998171342271567e-03
6.285718022880527889e-02
3.497399966763085379e-03
2.747805548452795371e-02
-1.616780098632349810e-02
-3.035971813307377504e-02
-4.307735913443239140e-02
3.940624320522664176e-02
-8.887346741660771821e-02
-7.201307435526074774e-02
9.241163962195715620e-03
-3.001624856416604953e-02
-1.004082861730201254e-01
-6.599083983912992779e-02
-5.565978788344816408e-02
-9.367725474730966007e-02
-1.149277719658571562e-01
-5.140749064667047424e-02
-1.557049904109416849e-01
-1.330335487253765103e-01
-1.448359815415607987e-01
-1.200623580670535789e-01
-1.518340667712066716e-01
-1.066146709532050929e-01
-1.493958577591750769e-01
-1.680184518955963324e-01
-6.189971051022058468e-02
-1.878199999134687603e-01
-3.585193480272238359e-02
2.521753359763211078e-02
-1.951262058728536058e-02
-6.501405131507088930e-02
-1.392398402544918132e-02
-1.611215779489430164e-02
-2.517312127584407297e-02
4.784586762494730944e-03
1.990060720649051984e-02
1.157920409703889521e-02
-3.596915420781221506e-02
4.439248753978389944e-02
-2.787349269834965299e-03
1.449693976646090031e-02
2.729627275388877162e-04
4.114327511033998410e-04
-1.462225297266138077e-03
3.259071421356848214e-02
-3.627221937198513158e-03
1.334087025391014238e-02
2.220748270683889011e-02
-1.727580692256211817e-02
4.355567852435506676e-02
3.752628643424958318e-03
2.558708332278883738e-02
6.697288114695375619e-03
-1.109157495837031354e-02
9.220060900440379351e-04
3.967743295309719698e-02
-2.610110782347288896e-02
4.846067651146216716e-04
1.996098352430893466e-02
1.101178603521074835e-02
-4.153837373981910525e-02
1.176061866859355078e-02
2.452776147819424324e-02
-2.243601199647266009e-02
5.205930226211226419e-02
-3.614225403882683624e-02
1.202251195277844950e-02
9.283294481212726879e-03
1.509009069269152872e-03
2.885249372765606377e-02
1.202389758637765690e-02
-6.292832497990599738e-02
2.146096520850807043e-02
1.558335974530965055e-02
1.003565419913224517e-02
-2.705797680767699567e-02
1.962583821173466761e-02
5.907877474026945047e-02
-1.211864619794240060e-02
1.464775029318883190e-02
-2.339779902498926797e-02
3.194777890746753474e-02
-8.459107697437042578e-03
2.757381228413196411e-02
-4.935863844823439039e-03
1.170306647747586769e-02
2.509101569121671357e-03
-3.866792526145442291e-03
2.875697994516284925e-02
8.683591989185685672e-03
-2.481400134765298846e-02
3.251705506052922356e-02
1.677003547378691853e-02
3.119310399254423410e-02
-1.951201123889049344e-02
-2.121951585380245017e-02
3.162176647918286260e-02
8.313455775107345472e-03
3.003015185755954913e-02
-2.308483537829449789e-02
-1.745018762285760645e-03
3.973565853756905533e-03
-9.394946844730661661e-03
5.141534779083256797e-03
-4.127346921838820175e-03
1.863967272292654798e-02
-1.038367923575627110e-03
-3.280311318024547833e-03
1.577820167700444767e-02
-5.686910960694252330e-03
-1.673544151109209246e-02
-2.563947743001247434e-02
1.076186094670538752e-02
4.951074790578002122e-03
-1.690044374767767435e-02
-6.009324883553608665e-03
5.579950101022120024e-02
-2.859216848898794155e-02
1.414850412760332646e-02
2.443148308095795859e-04
-1.366325562818958804e-02
-4.869504604499358749e-03
-4.800286273324256420e-03
1.458084202049520460e-02
-1.226710291373405738e-02
1.332107868583283332e-03
1.058099793740297466e-02
1.153896878778245226e-02
1.604913397713896711e-02
1.190098900027541321e-03
-6.867301561493397051e-03
-1.247585055328430479e-03
-1.318314498441241741e-03
2.354517399011389622e-02
8.045678299354201701e-03
-1.543567587038742299e-02
-2.164708813119693362e-02
-6.214798908408708175e-03
1.460367582601007803e-02
3.328461877153532215e-04
-1.478636764109412735e-02
2.917032558636757297e-02
-2.438601866099987525e-02
1.387417118817784074e-02
-5.015958711390502978e-03
-4.896815704850126377e-02
2.842656642768773279e-02
-3.439764785265254942e-05
-2.296194748073874040e-02
-1.069039061930295671e-03
1.370793486512889535e-02
-3.097697236250305727e-02
-7.596891722006090045e-03
-4.919148760399830698e-03
2.083035103734680663e-02
-8.435961342267759774e-03
-3.797367667021759458e-02
3.308007061635532403e-02
-2.027540524529470797e-02
4.704606849147417377e-03
