-5.909633325061003362e-03
-4.223968671323508062e-02
-3.365135209398983918e-02
-6.413955036293272904e-03
-1.842977418657831823e-02
-2.259159697787127552e-02
-3.402891388045881094e-02
2.252746690922569073e-03
-5.330370636858505762e-02
1.232557332618000601e-02
-1.944890322224090973e-02
-1.263300206216211308e-02
1.433364173322715374e-02
-2.728389823960375438e-02
3.243296559466890550e-02
-3.710664933299123724e-02
-4.544013650600531307e-02
-3.439345393145432084e-02
-2.236536631002161712e-02
1.805618972760392182e-02
5.407144471165636901e-03
-3.713546788925525810e-02
-2.329500269944961843e-02
-3.183004899683905542e-02
2.197109706639976956e-02
-2.919210058646992678e-02
-1.444980017861241528e-02
-1.027864804701295043e-02
6.801517541036261605e-02
3.161882034926399854e-03
2.932275362908232097e-02
1.723034069355344755e-02
3.067279417793589147e-02
8.552483883792705299e-03
-8.279497377104538813e-03
4.175716816957764088e-02
-2.254363782525636850e-04
5.803391320161743749e-02
-3.163058959218978394e-02
-4.407720807907189453e-02
8.887428018325094214e-02
-2.108947026483498632e-02
-3.420401288030161524e-02
3.632730084393687164e-02
6.912754480489891051e-03
3.306047291101910091e-02
3.557453290393541856e-02
-2.388907324007027988e-02
-3.596416436243399239e-02
-1.819766999938132734e-02
-9.928920314747013975e-03
-3.531581809953632245e-02
4.994266338297581598e-02
1.899743014546051434e-02
-2.792413967771634198e-02
3.765248169908641529e-03
-2.033686549570767887e-02
9.339616873464962055e-04
1.897618048238380872e-02
1.897450373297515647e-02
5.077855581422063835e-02
-6.945978695559462679e-03
6.935430176304180350e-02
-6.255474960855234023e-02
1.906046547679940417e-02
5.662462319791305987e-02
1.274061845204066401e-03
-4.845995927132928927e-02
1.705880736992604341e-02
8.962862847095465213e-03
5.208342268705079547e-02
3.981017796009611587e-02
2.608548879983718649e-02
-1.844949100092163619e-02
1.061012187957466324e-02
3.999557620658844570e-02
-6.729606384622410786e-02
5.952079845837765504e-02
-3.520751228814811284e-02
2.232134280751019162e-02
-1.064217641745024423e-03
3.583361111377714181e-02
-4.620370401430085039e-02
8.255467142567862737e-02
-9.010347193108003694e-04
-2.312476240368965819e-02
4.869241681869729277e-02
-4.272241746480576197e-02
5.957874985892663844e-02
-2.595577552938532762e-02
-4.632103248416008512e-03
-2.357295276513005078e-02
3.393710320585574536e-02
6.212885260335943016e-02
1.731275592220904436e-02
9.731017903431560256e-04
-4.200576216715457001e-02
-4.946457833931550141e-03
-4.293172209049100907e-02
-6.739410487968999774e-03
1.409720044202980027e-01
-1.566657834645490688e-02
-1.391565079624730306e-01
2.667553748771789301e-02
4.235848624217775082e-02
6.484564281963756116e-03
3.869120149735394421e-04
1.758107464820524157e-02
2.625486567574197849e-02
-2.369646106444944778e-02
3.112676395312385935e-02
-3.855663444488444114e-02
1.617436601028110488e-02
-1.373957633745481743e-03
1.421719491744299901e-02
-1.544415428531986656e-02
5.932191783686824316e-02
-1.178982842605114101e-02
6.364530201381723984e-03
7.748772237280454611e-02
-7.025146917076563469e-02
-1.542936182584475624e-02
9.932374573058622147e-03
3.361645604742946603e-03
-3.299148743212421131e-02
3.465801109548816150e-02
1.156877512762721771e-02
-9.078989310350449315e-03
9.948359283344254678e-03
-1.171769664651556297e-02
-2.818495014028998824e-02
1.567329200165024083e-02
8.716644006116602839e-03
3.743296177439980887e-02
-7.283455684310879974e-03
3.860861818907102005e-02
-7.532725244551174981e-03
3.630695681004159070e-03
5.671277812881703184e-02
-1.194349720892251554e-02
-8.124124279747046984e-02
8.888500857970593749e-02
1.281120264270996234e-01
-6.837300415367741913e-02
-5.684596520551821186e-02
1.432192311601010459e-02
6.326262039593855135e-03
-3.594203832879561133e-03
-8.045114061841607267e-03
2.452376196138583708e-03
5.048741525212308012e-02
-1.487544277804841997e-03
1.904122284394627052e-02
-9.864542960084321521e-03
2.590581622964105435e-02
-1.354933176387240756e-02
5.713223935877254078e-03
-3.210398248879808847e-03
-3.590040342627887071e-03
-5.143270908841279798e-02
5.055290413943325234e-02
-1.443759904562380569e-02
9.020851697683296422e-03
1.119353932200017887e-02
-4.950570458581715627e-04
5.309445958020386769e-02
-4.475377072554742597e-02
-7.355013948138555691e-02
-8.392169399054383305e-02
7.806007824933436368e-02
1.259256172851594968e-01
-2.640867499079968539e-02
-7.740713742618932081e-02
6.682303524831789687e-03
1.203646318084117262e-02
-1.714065874763193165e-03
5.068020837293296665e-02
5.723642308853138516e-03
-4.201026908942595561e-02
-3.819187395309153743e-02
1.598608590348615799e-02
-2.135167485687916589e-02
-7.108125059542613755e-03
1.097970919119761746e-02
3.108016209605768410e-03
-9.573145509202074521e-03
1.933408703054873001e-02
2.406065906512644403e-02
-7.229820916640150585e-03
-1.005684665183403936e-02
6.166618890339936598e-02
3.939450887048501215e-03
-1.654841322505751222e-02
-5.039669292074977491e-02
2.462099546101992331e-02
1.681943232531368793e-02
-2.129549442238864998e-02
-6.898236908239674392e-02
2.702895408552974388e-02
1.593326270717261295e-01
-8.375063093298296124e-02
-7.641673114671521105e-02
1.118705342729313656e-01
-3.772468334890755060e-02
7.521867911919777328e-03
3.093532080935545991e-04
5.365958999130571172e-02
2.715748648707716484e-03
7.083575332272618041e-02
-2.661093974539019413e-02
2.059575354049769658e-04
1.089065999583516131e-02
3.834690695209630462e-02
-7.541346626648071094e-03
-1.582997712481493124e-04
-1.945029895794636587e-02
3.643879862796994828e-02
3.324796305144728237e-02
-1.907726252600250305e-02
-4.343455862737588546e-02
2.853877915412583732e-02
1.519413961415283509e-02
1.027116417000817350e-02
2.855927469580832323e-02
-4.792964313645198260e-02
1.528550447879784002e-02
5.081430674333065056e-02
1.831910422758475931e-02
-6.102657181858983648e-03
3.065272785868211614e-03
4.616017874912325958e-02
1.012606406637073242e-02
-8.292021139431815513e-02
1.065543175153709221e-01
1.067186742392192134e-01
-5.802256756348711519e-03
-1.369792057767080795e-01
6.143611211460364707e-02
7.280004383817595404e-02
-3.261857641602738944e-02
-3.671937435446359643e-03
-2.412660836900526462e-02
2.962043995008789565e-02
1.640349203914404086e-02
-1.479694007153131707e-02
4.535629258611328929e-02
-1.914032431707024529e-02
5.635274290892633431e-02
9.910915418380739084e-03
-4.091202804422811035e-02
1.300643245929014036e-01
-1.587996434955685210e-02
-4.458726569455007116e-02
5.981978717323110928e-02
-3.715532130129495236e-02
2.460919679136042149e-02
-3.296325920509568519e-02
7.345598930457497566e-02
-3.951574060736828820e-02
1.717047061216470105e-02
8.003946936285810665e-03
-5.503835292294145809e-02
4.531182226141616809e-02
-1.009112424704694533e-02
6.851536261533919259e-02
-1.171658706612843659e-02
8.477781206761791921e-03
-2.124716846541852000e-02
-2.369901913537031390e-03
6.353833025836985726e-02
-5.474401714699173027e-02
6.097638293439877621e-02
4.248122609622839718e-02
3.859304985805778188e-03
-1.068207334438575629e-03
1.406390771805665629e-02
5.804024146628172787e-03
5.067278907951200395e-02
-1.617851521003466075e-03
3.358614156519101890e-02
4.385262444003190652e-02
-2.482863322056516608e-02
2.717180845091338171e-02
6.033147156066598349e-02
-4.848949024960957921e-02
-1.027189952180984633e-03
-1.246882722801512244e-02
5.113342523746888801e-02
-4.756392723603419803e-02
3.368716743714550432e-02
4.590068460987883903e-02
-1.703386271187223855e-02
6.245973447782704469e-02
8.352516662668785230e-03
5.632686310242340788e-02
8.735188122580739289e-02
-8.162743578026487867e-03
5.333856336053477420e-02
9.354768809358038339e-03
-1.365232006082894856e-02
6.994840625082932029e-02
-4.706759439719376825e-02
1.941088447416028373e-03
-3.153177890193870070e-03
6.535371345422980038e-02
-4.047303274788216498e-02
-1.615516028967400874e-02
-2.292893567356801832e-02
1.554187307382970396e-02
-1.741805552974723392e-01
-5.668306883891571779e-02
-1.254629257087835903e-02
-8.387742419348143130e-02
-7.371503038677773567e-02
1.101743502753997905e-01
8.048407172135929599e-02
-1.040617660280029888e-02
-5.158339988286542166e-02
2.269148581078206384e-02
-1.622020873855034573e-02
2.298905881153578967e-02
-1.357157984104562232e-02
2.472223709484033805e-02
-9.629195144907010118e-03
2.015383805799975114e-02
5.331611442138184387e-02
-5.940733952149779284e-02
9.585716810040167957e-03
2.543678524785586426e-02
-5.883474827169488108e-02
2.938817520902192726e-03
9.762097526977431272e-04
-1.058751667283663878e-02
4.746177474187374123e-02
8.506880694540308596e-03
-4.843406040666020651e-02
2.220968548181190272e-02
3.234271191231696818e-02
-5.500943933232371741e-02
1.723286441281457471e-02
-9.900017406101024875e-03
9.768479532291873824e-03
4.219113163224896823e-02
4.220813785833210652e-02
-3.871096034983456668e-02
2.853130353015531639e-02
-2.203081769153114600e-02
5.673223787045622579e-02
9.721889046107978771e-02
1.138247591097041322e-03
-4.173044974761763726e-02
7.381996269246782205e-02
1.844019429393850551e-02
-1.941055261012492039e-02
5.211433516927921339e-02
-4.657890813041931644e-02
-4.567317769613277179e-02
6.350704030658671506e-02
1.236139329114209762e-01
-1.514887537306490728e-01
-3.281982786487236403e-02
9.643666488736757358e-02
-6.115220171278834549e-02
-3.253168042025578188e-04
1.400647534950927309e-02
-5.128011323737213800e-02
4.141740570005381095e-02
2.086518762341493805e-02
3.908020328859440617e-02
-9.686427099537375796e-03
6.029623948670059796e-02
-1.381429999746552895e-03
6.631700292412556763e-03
-3.211556762080713945e-02
-4.527843410634102561e-02
3.618242246582514809e-02
1.495795593354110053e-01
-7.626630554341740087e-02
-1.374462978693813398e-03
-1.600580129903428350e-02
-1.709459366187715545e-03
5.964032440789468481e-03
1.918487212634611971e-02
-2.555989958537230322e-02
4.344614299055682416e-02
-2.082341288124567313e-03
-5.721972121722784799e-02
3.559997354369270894e-02
6.017122534647900700e-02
-3.823442932670229055e-03
-3.660508198928713597e-02
-3.011358431788990764e-02
-1.338534283725634211e-02
-4.093324950138033103e-03
2.472646082196616746e-02
-8.996798303377406825e-03
5.533978419542062710e-03
7.803483833524671454e-02
-2.681015519361062971e-02
3.364929259307869458e-03
9.097978338781675944e-03
-3.765941244622172945e-02
-4.357139097846607356e-02
-7.340405317829268306e-02
5.529100656204755104e-02
-1.517509938620698051e-02
-1.816402671662808999e-02
4.453186159868915972e-02
-2.341715493582574581e-02
-5.262031220507545903e-02
2.545400255891538954e-02
4.140228997685335699e-02
-7.307924512093899594e-02
-4.895132269047475226e-02
4.638247363616843089e-02
9.030144860742894686e-02
-3.932120563265550928e-02
-7.347745092345370210e-04
2.541052382287167788e-02
5.259149328831069781e-02
2.240642814335003230e-02
-3.116111692972456382e-02
3.630095430815716284e-03
1.517607231224515907e-02
6.138845887008415048e-03
-1.025007143029690315e-01
5.771551413562359123e-02
9.996535346413737422e-02
-5.023317821955464169e-02
5.032849179571474707e-04
6.393443781646857005e-03
3.932239185270347548e-02
-3.541939451710485187e-02
-5.168513027062449083e-03
2.805281148330518448e-02
2.157603186564660547e-03
-2.884645407864105948e-02
-3.677427018882628573e-02
4.006684973046970022e-02
7.739119775869163220e-03
1.168503614948024349e-03
-7.920832544112021978e-03
-3.531668701675672040e-02
1.101955887526484545e-02
-2.579234982614764249e-02
6.109261416672140399e-02
4.499304357304900748e-02
-3.172247049359699922e-02
8.051543700837626716e-02
4.184285520181729723e-02
-8.400587281604643408e-03
-4.095665260880076985e-02
-1.953064325621278741e-02
6.755164872588492742e-02
5.913093452890239021e-02
-1.018314634357997406e-02
1.838055809256911033e-02
-2.429599946051741455e-03
-8.235814556252218921e-03
3.745360016031806794e-02
7.307712586785530817e-03
9.602248364605880937e-03
-1.136275166220102051e-02
8.680630045130754979e-03
-3.385418104118098626e-02
1.309808315716365357e-02
2.367047743352479472e-02
-3.778884626681477954e-02
1.245654645096783142e-02
1.148660184708694132e-02
-1.735155194012083513e-02
1.793262241494586462e-02
7.142238369435638390e-02
2.770823420812584814e-02
-1.222183317002345504e-02
-3.310986097870394218e-03
4.648126478904179848e-02
3.380916690998159169e-02
4.477008571361462685e-03
-1.139107427451646615e-02
7.338150122776943007e-02
1.078611184816136159e-02
5.550666673265780560e-02
-6.639150615375122300e-03
1.227052849384913102e-02
4.103240606753111308e-02
1.738096924412557698e-02
6.413499758780982773e-02
9.536399585161525749e-02
-4.658763071362947983e-02
1.137370595211750768e-01
1.465691246208189469e-02
3.765157158392540282e-03
-2.707876861441382843e-02
3.615672687531978902e-02
5.883044485988841998e-02
5.028694273335299059e-03
8.829903457117094234e-03
-4.521259230326490908e-02
3.962376382501409111e-02
3.747484913549237184e-02
2.799196103802170654e-02
1.851865352165238399e-02
5.325711310803171727e-03
1.433775767221745490e-02
5.800848382112633317e-02
-1.141815775057193338e-01
3.577892519509351388e-03
-1.474089010871515448e-02
1.042464251510613060e-01
6.320255508680494572e-02
-1.178999109839351522e-01
-1.350553370131184483e-01
-8.582531100221002518e-03
5.755949971414175970e-02
-3.588124834475259206e-02
-1.690189828828980723e-02
-4.206903551220420034e-02
4.284894788503312846e-02
-2.486943366686333867e-02
3.479187997674371147e-02
1.372371287731866119e-02
-2.788719079206192220e-03
2.516834610278007034e-02
3.357418895144137494e-02
-1.190955239334101634e-02
-2.508075992462810433e-02
5.466033502455314164e-02
6.849030059051397501e-02
4.033267975867005362e-04
-3.237320504350593708e-02
-3.986981686230439692e-02
3.179704284242301782e-02
1.767512500962409305e-02
6.435838533648929882e-03
-3.858432574328762854e-02
3.090806559466052761e-02
7.224044958586972598e-05
-4.188424750721342349e-03
-2.616229103844514015e-03
9.610338622764302841e-02
-6.382776346471885631e-03
1.904325643217186226e-02
-9.188986261528464539e-02
4.985151002045995483e-03
3.227054518781713455e-02
1.873006418309541843e-02
5.017764549378433969e-02
1.286162941536472815e-02
-3.133016552680523148e-02
5.996332463836218096e-02
-5.633091681314805754e-02
4.084384965993459460e-02
3.474407793821665535e-02
1.318527460438767562e-02
-5.664235938605211018e-02
2.579843871474984951e-02
1.022039227868396516e-01
-6.548116997127317873e-02
6.449208261719618918e-02
3.862758419677003729e-02
4.020672936075797566e-02
-1.125060860347293357e-02
3.958194239296997097e-03
6.720141875709018109e-03
2.342536794873062433e-02
8.224231214402832890e-02
-3.069060730140060755e-02
-1.022908646301434743e-02
-6.376051055655063138e-02
-3.846482335367262806e-02
-1.562979402270192608e-02
-3.755612261048657530e-02
-5.473315802173450706e-02
-7.385699465755157789e-02
-3.641411492552792950e-02
-3.309597583679657617e-02
4.140376652260124857e-02
1.031335037178053859e-01
6.891517358028531604e-02
4.794463006882665468e-02
1.193182892477460122e-01
7.279040972614447824e-02
5.896453816521818325e-02
3.895750216488247375e-02
3.586563058165292972e-03
7.715233446926150762e-02
1.800385908580626193e-02
6.724378014399956527e-03
7.564575743869816904e-02
2.491209306377628607e-02
-2.307705386505443101e-02
5.986401274330632738e-02
4.997319406856548518e-02
9.446906557259771020e-03
8.490681419055201573e-02
-1.123290743832416894e-02
-6.864780093013767015e-02
1.005737193321933898e-01
-1.653656953768800619e-02
1.250589962524821797e-01
1.182162886061004503e-01
3.494816197242567313e-04
-1.849009161305970039e-02
1.726528803248195132e-02
3.787878044126169463e-02
9.946774098885668991e-04
1.881688224378552654e-02
7.409258461832779474e-02
2.832059532189967754e-02
6.461917657492555200e-02
-1.468466897933051740e-02
-6.538660592185174814e-02
3.357807257499434428e-02
2.777763498823149213e-02
3.169806406505970564e-02
-1.853915496864799728e-02
3.587328211322571292e-03
-8.462354307199104753e-03
-2.073015612673256847e-02
-9.783348115889989316e-03
-4.983532903136467240e-03
6.201626544964411458e-02
4.304141997118215990e-02
-2.883669736600791289e-02
4.375939391180194704e-03
-1.115354836320081588e-02
1.494214261323922877e-02
1.375734837250930376e-02
-1.068562116448790178e-03
1.717930770906472837e-02
3.110682333161030044e-03
1.574010197205177874e-02
-2.618827948524304894e-02
4.064622945253892894e-03
-2.056308753963320690e-02
1.575834625634731090e-02
-7.679122363265267204e-02
2.805336304692040983e-03
3.627496420866882509e-02
-1.626874304546443994e-02
-8.292658676819941732e-03
1.121206109369787818e-02
3.690395260822376677e-02
1.005203531275022932e-02
-2.190865860087565231e-02
2.988982697137387845e-02
-3.195492916130948657e-02
2.087135365739634096e-02
2.438305654365136022e-02
-4.152586460367846399e-02
8.333100595502074270e-03
3.653756880513769900e-02
-3.298964022446337907e-03
1.033910690523498488e-03
1.983071477516107350e-02
4.282413129140749675e-02
-2.765544707894340704e-02
5.118646085214528796e-02
9.746388702054353814e-04
1.421498918954178237e-02
-3.436184232864292198e-02
8.693153468216707758e-02
-5.289817982322442269e-02
3.728283556961997647e-02
-1.450935505533501590e-02
1.273620841694445005e-02
-9.800706000369974191e-03
6.000833733071697651e-03
3.652271701628562184e-02
2.307735692548740225e-02
-5.522026679454228315e-04
1.216674317916299763e-02
2.986625823563260340e-02
3.903165572293976204e-02
3.646691131191470703e-02
-1.678183329530957835e-03
4.874322750173587515e-02
-2.287269742814657114e-02
1.431470815766511251e-02
3.058219598595934841e-02
2.008809499544739197e-02
-1.752003215258901569e-02
8.570554836274446586e-03
7.862583840074321984e-03
-2.366994901206176394e-04
5.539226402108377023e-02
-3.358184760905458255e-02
5.307810498832399304e-02
5.093965085742047094e-02
-3.483412972960397980e-03
3.359871323962071443e-02
4.193961517136335360e-02
1.503685364642182165e-02
8.620542440860745614e-03
-4.574901289994026676e-02
1.401091799028253426e-02
-2.625784717361456799e-02
8.559804890978739422e-03
6.109211970927841406e-02
-1.724114673421417443e-02
4.941172340503463545e-02
5.831343461030336073e-02
-4.895311111506372992e-02
-2.818589300518048457e-02
1.262232909478746556e-01
-3.450777422486839274e-02
-9.713804559772554192e-03
4.357026991768275792e-02
6.439913449176659643e-02
-3.318231850371544667e-02
7.221220363725855407e-03
3.056588094316836646e-02
3.900885294542133508e-03
8.347582216750604189e-02
-1.052979383028840310e-02
-2.818513912905995511e-03
5.627171109105932878e-02
-2.033657255698018140e-02
1.203670392409006418e-02
-2.043914100603716477e-02
2.677934266166959176e-02
1.068460826651662643e-02
4.685237271418341010e-03
1.529714820751593152e-02
1.154247543400699350e-02
-4.715038908803204087e-02
-9.839921697032183445e-03
-4.341635830745249613e-02
6.298176388868048647e-02
-5.056391780769331490e-02
3.059077803613208246e-02
-2.506563436134690015e-02
5.708155034219219992e-02
-3.650730977521354781e-02
2.686379933810334464e-02
-6.633791672270517026e-03
1.899291750135012613e-02
-1.346442589608187745e-02
5.008076256576954322e-02
-1.574727726796121274e-02
1.666386263896235675e-02
7.329358982005818035e-03
-3.101747032762469658e-02
8.763560216668908609e-03
-2.920260882641212419e-02
1.382237860221624537e-02
2.681927342825796146e-03
1.113059906741042937e-02
2.196544900673025325e-02
-5.067155058683470159e-02
4.829616292893090801e-02
2.345263520311124950e-02
3.061736741788712024e-02
-1.797207168895420537e-02
3.157914459520072548e-02
3.852471057526729581e-03
3.248362497886025935e-02
4.774348196859667937e-02
-6.619333992719256266e-02
2.829216438952197876e-02
4.013629428656506626e-02
2.850571986119443402e-02
-1.028877512060022426e-02
2.197243484335409391e-02
-2.697400011262574004e-02
3.536520073151572241e-02
5.839870701991700663e-02
-4.885911261863351562e-02
2.795089469722622511e-03
4.161030356614503489e-02
-7.545983493328911607e-04
5.389355693804054326e-02
1.042002742083480982e-02
-5.967411056839289074e-03
9.510226044957104108e-03
3.098299955441952136e-02
-2.913265685075772105e-02
3.851787108530047021e-02
2.166781241083803877e-02
1.210109197241648893e-02
5.040326013437956831e-03
1.721825391458420285e-02
-3.148069258709296214e-02
8.798983991874020916e-02
1.196757644314372371e-03
-9.549411020004061612e-03
-4.790581607687638410e-04
1.458990255260483870e-02
-4.684421948055605966e-02
2.928979139550502708e-02
-1.415697354993206147e-02
-3.957419102981418746e-02
2.063324832269741727e-02
5.019185408477122579e-02
1.318097637258430765e-03
-2.013049504536223999e-02
1.239107281223494894e-02
1.400581547724666365e-02
1.760688015357092517e-02
1.508338670111397661e-02
4.854852179408264412e-02
-5.030192761023744019e-02
6.373777172374994748e-02
1.623619136318210643e-02
1.521255020066525354e-02
-4.118294029664526512e-02
6.164530264238043955e-02
7.430393712547567198e-02
-1.616494370857868290e-03
5.416884464306170877e-02
4.501240777664050619e-02
-4.111900750709307495e-02
2.519106918962066288e-03
-5.516537117101760757e-03
-3.337306857083022216e-02
1.174129809219954801e-01
3.647362731095604715e-02
-1.006636458787213417e-01
-1.056590795078888867e-01
8.885082825516743554e-02
1.931444362447543028e-02
5.137052626521376730e-02
-4.447420730818096857e-02
-1.696904105584029487e-02
-2.655608793327290940e-02
4.836585490644940144e-02
-3.167600985329332985e-02
3.330661506316268117e-02
-2.610419434139221728e-02
3.432665792815803307e-02
-2.664050082647584361e-03
-8.278362851732667949e-02
4.352050251847705553e-02
-4.965979433074307892e-03
1.770644309011282225e-02
1.755819246390100119e-02
1.827549222878244173e-02
-2.994589625806631794e-02
1.438598562288451177e-02
8.413047822465102854e-03
-1.653759429910950374e-02
-1.292400758284162343e-02
-5.086439416453636397e-02
-2.148132070863639775e-02
3.555101136338945089e-02
5.546299051904624022e-03
-2.170409416084506660e-02
-1.572928392071237802e-02
-1.382983616360577983e-03
-3.924814393982933858e-02
1.510683093076070627e-02
-6.639244198329841140e-02
1.008839704347606059e-01
3.375860624094784157e-03
-8.547493509071935058e-02
8.915004562124462240e-03
1.301947073553133549e-02
-5.025957050662821501e-02
5.907505455401196315e-02
-3.922863377558805098e-02
5.531888192593203968e-02
-1.541523053525617470e-02
4.763410069016105197e-02
-2.933933054331916424e-02
5.119266494962193548e-03
-4.638397198349153427e-02
3.334674497755640843e-02
-4.399751087239245351e-02
1.976045768420497950e-02
3.122621313671913867e-03
7.426657718547335918e-03
-2.900324931365361181e-02
1.376014156021154733e-02
1.803019891744428449e-02
-3.939324860914972248e-03
2.918789306149749407e-02
5.008358832423454032e-03
1.421937123058603092e-02
-5.157958349541136300e-03
-1.265811853321086033e-03
7.668033774326943330e-02
9.741982509892999076e-03
-7.391380841294115100e-02
4.239073644014546005e-04
7.942787219299241031e-02
6.803116936617037425e-02
-1.811509920349401170e-01
7.449009044779053568e-02
3.418839578407562030e-02
1.461446900932061865e-02
-1.984479019999652039e-02
2.883904934849956803e-02
-6.741886329408908196e-02
5.971521568008952841e-04
2.986724704027832189e-03
8.245638985621850381e-02
-3.889165478774714302e-03
7.554931705666856345e-02
-1.142454426744885509e-01
1.598824412758448332e-02
3.268785783857364180e-02
1.865899204121790333e-02
-5.151548214735313103e-02
8.444886653057004366e-02
1.632162951204296775e-02
-8.629711250325589056e-02
8.242555840003973344e-02
5.273688464842951618e-02
-5.237809750272037768e-02
-1.811013291980212436e-02
3.626541316880760313e-02
1.352057931369943233e-03
3.151305799887915704e-02
-2.155221720986078005e-02
2.294306835207682305e-02
8.523182736458534414e-02
2.551696393746416547e-03
-2.448729384370329498e-02
9.149907502790100011e-04
1.892949710587887857e-02
3.363725261422634283e-02
1.121205253322492545e-01
-5.390628201751557214e-02
1.146984932130930002e-01
5.434418972053478569e-02
-5.181854193279478160e-02
1.161194515675583183e-01
-5.132541002011170583e-02
5.234671145641756063e-02
-5.051889455723035383e-02
1.412763381069617186e-01
8.714371318695968149e-02
-1.570472945825243105e-01
1.565230898977276741e-01
7.982580979358289142e-02
-1.333069717218617889e-01
8.068272664547571082e-03
1.894954073911780945e-02
9.773882460613680934e-02
-6.420205609008089453e-02
-1.402190988591955900e-03
9.649126833009002979e-04
-2.305369712580884745e-02
-4.896333242203709801e-02
6.502049486675653966e-02
6.166413574762064087e-02
4.704936400708970012e-02
3.651745635104974852e-02
-1.884733873769972590e-02
6.815895187676312972e-02
-2.060020474257706624e-02
-4.543045503197618018e-03
-9.910742629777313795e-03
9.274324387590171526e-02
-1.036646395475893101e-02
-5.425647753736018153e-02
-3.761076456873180263e-03
8.867468737223127562e-02
-6.385078332981852789e-02
-2.296985370329185372e-03
8.915735194311302791e-02
-3.615628699697892579e-02
1.649771245019016064e-02
2.688423293136077419e-02
8.694033269839396283e-02
-4.094587759864221077e-02
2.106275778212829408e-02
2.030391736383130308e-02
7.339145283740133863e-02
-1.373851739852405274e-02
7.989547538995922515e-02
-2.848693817569047937e-02
-2.288913897362432337e-02
4.750661970625436048e-02
2.396839913529080768e-02
-4.190252388703674669e-02
8.006579975960304019e-02
5.024150044388142611e-02
-2.106338156593579036e-02
-4.621625790102168452e-03
6.332251045081171981e-02
2.765832440154358807e-02
1.053825936995576029e-01
-3.292268919551655237e-02
1.366925299190728804e-01
7.195184290920697556e-02
2.514340212681176467e-02
-1.995553791432969071e-02
-1.141378810042792402e-02
-4.107615377269113743e-02
3.722543413741341567e-03
9.501355687768042735e-02
1.333640321499667269e-01
-5.469494377939354557e-02
-3.047627509825923120e-02
-2.455717446065408538e-02
4.502863459048334072e-02
1.782037286964714973e-01
-5.774667027216540127e-02
5.062994381906027463e-02
2.203229255304028911e-02
-2.412304748114024733e-02
1.906326042291639489e-02
1.128596441881206669e-01
-1.724132158996560804e-02
1.729820427958927986e-02
1.486935552532098193e-02
5.604604973322580008e-02
1.119748780392260112e-01
-3.971993877165203024e-02
2.769341221211951698e-02
1.069354269309563676e-02
2.644459851340608125e-02
3.994338773612349236e-02
-6.115990958899475416e-02
-9.848459757866967479e-03
2.045548943694264210e-02
-1.219929120694485114e-02
-8.874627630123588240e-02
4.200015376297505654e-02
-6.297748522716672959e-02
6.915417609186480519e-02
3.572382969069698433e-03
-1.112997518838643174e-02
-4.991748351337332856e-02
8.663076006186720690e-02
-5.093319162578779924e-02
1.071494608416418970e-01
-3.025266545686688957e-02
8.423455920878897274e-02
-4.049541339678608409e-03
8.907844478907023245e-04
4.852549026956398670e-02
-4.419992419461538091e-02
6.364943924871302450e-02
9.113393386237511606e-04
4.783349009615678327e-02
4.804404568135023368e-02
-8.869688026747146736e-03
-1.564180686857818969e-02
4.469158304336429133e-02
3.494104904955475099e-02
-2.254713639714855944e-02
-2.803746515619676138e-02
2.629198789208841980e-02
-7.241842681811982985e-02
9.100367835119649307e-02
3.781578427527354513e-02
-9.765778743065611778e-03
5.606712947812897418e-02
3.341872524647793163e-02
-9.735840757624902864e-03
8.710644730879479880e-02
8.069868267206725676e-02
6.703833243998902347e-02
-1.158839153283652834e-02
-8.012756207042515122e-02
2.137599467566086986e-03
-1.810085138235728586e-02
-1.848085681805544667e-02
4.768499915420498780e-02
5.027512005342416046e-02
-2.938788696142391466e-02
5.971442215251254737e-03
7.628540013259477170e-02
-9.285461149749929533e-03
-9.148023453842135666e-05
-3.309704894957898880e-02
2.318309787601502414e-02
-1.591867355721787725e-02
3.700305212424681578e-02
2.329669885149820985e-03
4.718500473118814043e-02
-3.671682955343369414e-03
8.084619923717362155e-02
2.694230736160818651e-03
3.205307329780038295e-02
7.508348645391227372e-02
4.285929551016809391e-02
-1.529975116308479599e-03
4.808600654944661379e-02
2.760261432513733126e-03
-4.510931943910168052e-03
-1.778989862607660566e-02
4.390803388781894245e-02
-4.179820356960406436e-02
4.607630572079235431e-02
6.839659666872499599e-03
8.919952952481702280e-02
3.835825168071282931e-02
3.280699560672029058e-02
8.335155199294563833e-02
-2.861206393414994498e-02
-3.200295738059050210e-02
2.568995321275968635e-03
3.895905141546651684e-02
-9.386882142149893804e-02
-8.120644418967271072e-02
-6.660928145417255308e-02
1.891605019982645075e-02
4.879976768546934185e-02
-5.784764714231738214e-02
3.712235596946500404e-02
3.494487670381896116e-02
5.656784523802549369e-02
9.990584932773161064e-02
1.844985884107108731e-02
4.157576716254496318e-02
5.388301134400264036e-02
1.891720418370090862e-02
5.478686901952745103e-03
8.685155212429851446e-03
7.776383889924054493e-02
-7.716658503823015103e-02
3.784477683930975722e-02
2.064979784238296645e-02
-9.450237021656637815e-02
4.582729446104094606e-02
-6.217493587469480332e-03
6.209280817368867389e-02
-9.070010620472990226e-02
4.985550796814930408e-02
5.451131863783031939e-02
-5.604239933628396564e-02
7.814482883262963142e-02
-1.247708349424425656e-02
2.281690757239718259e-02
7.730438716645915420e-03
-3.890488348454734790e-03
-3.587569620360731015e-02
5.973362910478430265e-02
-1.912707055911444520e-02
4.042453452154504134e-02
-7.256206531286890637e-03
9.383378534551622963e-03
3.913993718640651487e-02
2.234827330008903878e-02
2.859339145420514150e-02
8.130510295855986058e-03
-1.991954502030823804e-02
2.431271567073789441e-02
1.177671466355822982e-01
-3.368515592029419636e-02
5.555431364265572824e-02
4.734527040691105526e-03
3.524395629538457086e-02
-2.899930794736427231e-02
1.708033999342095655e-02
1.280506655280344575e-03
4.039833474467791063e-02
-1.257932730055122406e-02
2.663291897068376102e-03
4.840990942780587503e-02
-6.830183319292126853e-02
5.202731973089491646e-02
6.064301924932724575e-02
1.847020343099625705e-02
-4.200303074687861127e-02
5.260521946494733925e-03
1.852198633184576337e-02
3.084515020234013249e-02
1.532556887229663545e-02
6.088828892762032652e-02
1.348754460393974952e-02
1.079107582138743027e-01
9.511548807283887186e-05
1.896295411086956761e-02
5.458810367106758932e-02
-1.329587755667160920e-02
3.914566428197208126e-02
-4.383611501197037796e-03
3.562804751437820272e-02
-1.235200527189750375e-02
7.597451817120770556e-02
7.995595254024046028e-03
2.746184889728953138e-02
-9.943766051232927339e-03
8.134388537647918582e-03
3.246346070287220442e-02
-8.913082963259544300e-03
1.589357527653190161e-02
6.450989371432047648e-02
9.394902832820850591e-03
2.378855121180079024e-02
3.026797538350711747e-02
3.881722373305551699e-02
8.750167692671340092e-03
7.224695921635548856e-02
-9.604467731792798446e-03
4.992422924047668076e-02
2.700361003324802667e-02
1.132946517098920580e-02
-2.517919347712194167e-02
9.557484626285805973e-02
3.692033035853237166e-02
-3.378528448584239285e-02
2.671118252563875473e-02
4.518783754829591714e-02
-2.852935310580484440e-02
7.686003031795518581e-02
2.266881505839979383e-02
-1.779684065654674185e-02
2.574833466559844908e-02
5.831469376716347242e-02
-2.401893607382188378e-03
6.284342420977928612e-02
2.396700082162128709e-02
1.767738616329905810e-02
5.625214660268618161e-02
3.448706022220049405e-02
1.019075730414709113e-02
1.323628323024150788e-02
3.370969942774415529e-02
8.171834027688174018e-03
2.862600766260747776e-02
1.912487927584649583e-02
5.936683741879988929e-02
3.486785889552201922e-02
-2.196485519431146116e-02
8.645349179173145160e-03
1.930637985750305319e-02
2.115403495243839416e-02
3.855263844872069967e-02
5.844067198437885580e-02
2.515763487710875879e-02
2.030414367675614784e-02
6.157290754585709180e-03
4.131223183566135049e-02
5.635292163378702313e-02
1.665249733796048126e-02
9.030354232832737971e-02
-3.015166082732778641e-02
5.327589620381045776e-03
-2.678022607270880151e-02
5.880646266061817506e-02
5.097855208601487220e-02
6.053332468843231062e-02
-9.594449139817107230e-02
-1.287164786074312950e-02
-1.687637647026951626e-03
8.091457245501532114e-03
6.738803821410233041e-03
-1.915303857679706567e-02
4.385411334309696763e-02
-2.813881088197534019e-02
-1.078551262880145245e-03
3.021093797188134644e-02
3.837598623989335600e-02
-2.720162705767270594e-02
1.238976733349672621e-02
4.311515190633397054e-02
6.525704318908864821e-03
-8.240426181749027634e-03
3.593605570883995348e-02
3.209737025191072846e-02
-3.127112106924956336e-03
-9.779877682609239287e-02
1.609379423868513292e-01
6.351901590191078029e-02
-7.567774717451536404e-02
4.082745505252005636e-02
6.314663762390981816e-03
1.081100423671155220e-02
-3.084709963328258198e-02
2.704372247799424755e-02
-3.084256740737334468e-02
-8.916278205003180801e-03
-8.669575117776773254e-03
6.329843914199395627e-02
-4.116574072865275546e-02
1.123113846311341035e-02
-6.941138116065337371e-03
6.874388506584283576e-03
-9.907279042033145799e-03
-2.180560890536131780e-02
-6.825108626856479788e-03
-1.593627916594630989e-02
-1.340364367401813972e-02
9.615489680548794382e-02
4.054885656172846353e-04
-1.092016146104588525e-01
4.076420949869685728e-02
1.961225051392867513e-02
2.607567765571405793e-02
-8.392396998467388514e-03
1.081066837961068838e-01
-1.258644225475971101e-01
7.031553086447073220e-02
-8.388991571307458095e-02
1.105758201564179810e-01
-2.931652692391395476e-02
5.167826169667688596e-02
-5.959779477190396690e-02
1.443764896588661806e-02
-1.968459607441075399e-02
8.852913878286461369e-03
4.264821793172313136e-02
1.519801375514262531e-02
-2.593395455638547453e-02
-8.563719238866340788e-03
-2.268932176544247170e-02
-3.929236725263907104e-02
5.187173441626713455e-02
6.506461185011858106e-03
-1.024390071566161353e-02
7.580171692322501542e-03
2.361889634879643651e-02
3.195889381898631143e-02
6.361597269758378914e-02
-3.957393243426032825e-03
-2.854133324477370337e-02
-2.497057746794562050e-02
2.385065622302251498e-02
7.919984909306787557e-03
-1.460255770424367938e-02
4.056113540108885474e-02
1.361947878496971853e-02
5.268715195441142640e-02
-1.263975507949854915e-02
5.744393609730913397e-02
1.749154385862894401e-02
-4.474086146187694624e-02
2.713270711226778431e-02
3.764478407121796266e-03
2.092865428146195583e-02
-7.541787305763936189e-03
6.058912416342865370e-02
4.001887554015803872e-02
1.923834947291069852e-02
-9.572537419626225841e-02
1.089863996973416960e-02
4.583090104403009235e-02
-3.236303479702407060e-02
-2.801200726159525090e-03
2.877969786799328133e-02
2.508687830776157313e-02
-2.673210151665550427e-02
5.051033108476654654e-02
-5.858855313351174487e-03
7.680002471039815148e-02
6.499058803888413394e-02
-4.076012882910973190e-02
2.541491863506184501e-02
-9.920198272391766992e-03
6.541981795684259637e-02
3.796315135204286761e-03
-1.154957003255940862e-02
8.000925876056097508e-02
-5.375016793971232332e-03
2.504252865068079537e-02
-3.502465895562512088e-02
8.389636721333482150e-02
3.871203504668097040e-02
3.551844754195587761e-02
-7.792325600983307510e-03
5.509776218256945413e-02
2.361898976798160188e-02
5.470614714488208907e-02
3.111466455536182618e-02
-9.011962671199524877e-03
-2.506479694136554137e-02
7.830079898345942979e-03
-7.391754815835760439e-03
1.601772300330261967e-02
-1.734521217582185582e-02
4.185810935893297113e-02
3.846302806212686942e-02
-6.722110627763611124e-02
3.044773665919131567e-02
-4.150530001456242957e-02
-5.322611706061075587e-03
-3.712915567643215731e-02
-2.585300616251329231e-02
-2.528306825523496393e-02
-1.029294111903955589e-02
-1.394775311616893720e-01
1.243137539811594028e-01
1.544816585697050826e-03
-1.922007193722818919e-02
7.742212447333862713e-03
6.913090366953222876e-02
-5.230470082886418126e-02
-1.869935393467359042e-02
6.509962201405317117e-03
-3.567026548078433557e-02
2.861987194194259843e-02
1.353852589696757924e-02
-6.776106725240094164e-03
-4.600914759706586921e-02
1.593615282791116528e-03
7.109991477046495589e-03
4.310154140039390569e-02
-1.241230363311340845e-02
-5.381966919218617029e-02
6.946635544120915995e-02
-1.837906332288996580e-02
-1.219183163374104595e-03
3.564054795459448144e-02
-2.701056204045393372e-02
-1.839563095314522556e-02
-3.741025002890907558e-02
-2.622985800861954431e-04
-2.334297060984269478e-02
1.730865952111448891e-02
3.959935929041424885e-03
-2.982218433180339190e-02
9.260424474605954970e-03
-1.881372611993459287e-02
1.765355056018425017e-02
-2.017202475019308494e-02
1.375342843915650093e-02
-1.365551459031255632e-02
4.724199233669912346e-02
6.624866336991086513e-02
-3.096740618361559783e-02
5.828588143304580527e-02
-6.859480578333521095e-03
-3.295118249506678865e-04
4.689895561604107144e-02
2.534451157369321805e-02
-4.617164589386524298e-02
4.285175876659774730e-02
-7.333481781258477383e-03
-3.352674822295931278e-02
3.608366567163079353e-02
3.147008831692232889e-02
5.262308652539626763e-03
-3.251134701850899589e-02
1.652511959204572278e-02
2.904563585024888539e-03
-5.194940741707165799e-02
7.086696080705578993e-02
-1.040326590631357462e-02
-5.144424325321139690e-02
-6.406067212685329082e-03
2.271914875162606151e-02
2.598700373910611816e-02
4.932757230868167753e-02
2.768010472168480618e-02
-3.429569317673797357e-02
1.329120102588632335e-02
1.424191831116461415e-02
5.269531528996118652e-03
2.669873809638723117e-02
1.783535438678551799e-02
-1.500152418969546986e-02
3.653806591532582360e-03
1.022341541310600732e-02
-5.047514328230695568e-02
1.248038732685472496e-01
2.988804631394836875e-02
-3.236114495613673370e-02
-1.704568887364299457e-02
4.424901786381241209e-02
-3.418002340030890096e-02
-1.021374576768385722e-02
2.972314560440914022e-02
1.845551047465754380e-04
7.158502422008439225e-03
9.563663517320186713e-03
-3.637056304682673158e-02
-2.673919453646256272e-04
5.665399958584016460e-02
-3.682498689886593013e-02
-9.484336785012370541e-03
-1.225871501466446745e-02
5.032493880628097216e-02
3.331827955278754416e-03
-7.509169402073467836e-03
3.936921146745886446e-02
8.616174404354470795e-03
-2.151243883584852412e-02
1.997337961606460155e-02
-3.575788582554650930e-02
-7.655496436344666478e-02
8.699457627615991839e-02
1.167528752238067291e-01
-1.578252308170071672e-01
-1.242826492504089941e-02
4.471444162639004460e-02
-6.514076777642907601e-02
-1.100632489840469574e-02
-1.365825990758029462e-02
3.493856904907222116e-02
-3.265347360844117475e-02
1.868638885065321276e-02
-5.329706029017167168e-03
2.008564214831887185e-02
2.370567786518007480e-02
2.951853393154735272e-03
1.598392681750793187e-02
-3.932340444413284786e-02
8.257909238645622096e-02
1.523876758365974027e-01
-1.608612959488060490e-01
1.870754521102435675e-02
-1.655680781424173631e-02
8.749857724359877409e-03
3.662489380251043869e-02
-3.086692905589050184e-03
-5.918167897874138106e-03
1.266304023446318539e-02
2.546690803528761649e-02
-1.523635067328932280e-02
-2.971565060866110386e-02
1.609366876581752592e-02
2.844353474719207853e-02
-2.107470330380589729e-02
4.831187143909598802e-02
-8.927298564151975313e-03
-4.813444338223593633e-02
3.839471622934875761e-02
-7.560690748041665188e-02
5.023535099493625644e-02
2.283348110105047901e-01
-1.587190877689703683e-01
1.359434534350256740e-02
6.383821695572189370e-02
1.501882435153945039e-02
1.155371587098796837e-02
-2.129237318023591286e-02
2.065967748905039869e-02
-2.323626034270276364e-02
7.027837090766908545e-02
1.201047747373706898e-02
-1.242408776788428426e-02
5.710632477370802818e-02
-7.129736828838773022e-03
2.098069255976531267e-02
2.781123695825726827e-02
2.585519905655364603e-02
-4.007724277997448681e-03
1.813277407684532605e-02
-4.844147677431354104e-02
2.596051234193463841e-02
-1.221793759554468117e-02
-1.287324358594688078e-02
-7.372664789448490907e-02
5.973142973229372821e-02
1.903882865047175077e-01
-1.520906212008481528e-01
-6.593810326292492974e-02
5.506684469448064334e-02
5.052906261218659267e-02
6.947907953222065558e-02
-2.627630757428800479e-02
-1.066753019142208103e-02
1.281871208664009387e-02
-2.192988804080009402e-02
-6.018382836477398357e-02
5.161672983436149664e-02
-1.322009048765337980e-02
3.885580043339675882e-02
-4.352196650980921788e-02
6.576166970768237974e-03
1.219807161548125407e-03
-1.645059359778944241e-02
4.895742274859138377e-02
5.727463801417398415e-02
-2.713295982760888236e-02
2.619382933048619577e-02
2.606684583078511253e-02
-4.717965090164977227e-03
-2.725213327842812561e-02
-6.233353214863734948e-02
3.364654907505348902e-02
-5.102693165789773388e-02
2.174688337601260457e-02
3.216896975860983332e-02
-1.602859509288734330e-02
2.187699416702804101e-02
2.066628001516068736e-02
1.569294798687659309e-02
2.075203682889270596e-03
4.646802773077274296e-02
-6.581015312827176444e-02
7.169586094705993062e-02
2.588752581007547349e-03
6.487161930559359746e-02
-4.831223405447682140e-02
2.916319291197044805e-02
2.470608088271486480e-03
6.200234501013923705e-03
5.727277573962519241e-02
-2.531461549200120231e-02
-1.226670000712370978e-02
3.645014278140878972e-02
-1.419126471631226849e-03
2.761566426188810652e-02
-1.550706036368065810e-02
-5.398553966106511837e-02
5.767366376676585915e-02
-1.215429653830479850e-03
3.997211015570156789e-02
-6.233462862823113682e-02
4.471625205474882847e-02
6.221574994648371160e-03
-1.854320368556816589e-02
5.687275638066280337e-02
7.608655933313945852e-02
-5.815906133924686472e-02
-1.939523269094456381e-02
7.859694835889241560e-02
1.819674989633979223e-02
1.755317622832031077e-02
-2.998045811785043924e-02
7.252868646797860919e-02
2.965544222943705677e-03
3.286430187918876200e-02
3.127087837815611948e-02
-5.336963189680243858e-03
1.793669078714810183e-03
-1.351757286098176358e-02
4.313918096840030358e-02
3.929600655961928979e-02
-5.585529773838970868e-03
6.737315477465255498e-02
-9.542343718365486893e-03
7.885740345386804684e-02
-1.598222964583229100e-02
4.360873182719982033e-02
1.752612648042184418e-02
-4.117236428620385524e-03
2.022840861134689305e-02
3.442446106712981901e-02
3.267255874072061417e-02
1.778561859946403700e-03
6.519118014961478025e-02
-4.071815530579314668e-02
2.515020002210155425e-02
7.610062577299014919e-03
1.284685178514588522e-02
1.301183943469563786e-02
4.810153608438239026e-02
-3.444407239893143569e-02
3.425074578429976313e-02
3.560757512744827658e-02
-3.643731525696503049e-02
2.524023303311961897e-02
-1.240782917800786755e-02
2.518873345967076460e-02
1.591830564171781148e-02
2.196553199089068542e-03
-8.118160652561767776e-03
6.323772071848532406e-03
-7.899024262656495488e-02
1.091748418680933419e-01
1.013591746566286922e-01
-4.132651535250553287e-02
-4.389675038508977778e-02
-1.157075104608273897e-02
2.653052354499463306e-02
-3.707847504945505079e-02
1.245580722909456206e-02
4.278131993911804543e-03
1.290998381414687479e-02
4.286397369538863522e-02
7.052997805249860974e-02
-3.654581900050257737e-02
5.384064067841620727e-02
-7.109480085929043014e-03
-1.214915518468195899e-02
1.130648890323846523e-01
1.754478004435111593e-02
-3.703662705968602253e-02
-6.408187431633671771e-02
1.108757414454402124e-01
-3.432759317660027953e-02
-2.560781133284928401e-02
-5.384047951206394345e-03
-1.085459436052316207e-02
-9.487571876150724393e-02
-1.579913249715934054e-01
-1.851998766009832487e-01
5.929276742566913505e-02
1.870794002759315067e-01
1.928861557263550353e-02
-1.398787132929435462e-01
1.571935960107517793e-02
2.152866316932278146e-02
4.562406172826749540e-02
-2.728043772813126822e-02
4.488025713423060559e-02
-4.203200899264292190e-04
-1.221792046177760938e-02
8.583063028675175232e-03
-7.523223162288616983e-02
4.919806170668006295e-02
1.048384963326509656e-02
-4.062757984084908180e-02
2.884063844410267308e-02
-2.477049761192895438e-02
7.881850101477239079e-03
1.945224899210007408e-02
-3.472700178600218734e-02
2.644677287664265464e-03
3.059730353828848948e-02
3.937400049001560376e-02
-3.525343520361134964e-02
4.916790060428555265e-02
2.648805545379273596e-02
1.359230155598423195e-02
-2.204899390330528064e-02
1.677580669949296777e-02
-1.828140935095134978e-02
3.845166759234652787e-02
-1.384334579428747602e-02
4.242691519220342933e-02
9.306562648247473923e-02
-5.353060130687725682e-02
8.867386526964615712e-03
7.347008649210451381e-02
-2.128596660795301077e-02
1.923821226905908510e-02
-9.068862367951568970e-02
4.743118955718661489e-02
2.391037433627374309e-01
-1.796417158241423451e-01
-6.802562435644587957e-02
5.463656743597478105e-02
-2.543461657928469677e-02
-1.305436125854098073e-02
-2.767379500755628996e-02
2.535903573701858704e-02
6.947635357948889201e-02
1.764606914031396911e-02
-3.282026581801633647e-02
2.298656328595494180e-02
-1.953771768514966922e-03
2.700654355012566121e-02
-3.002593982188050958e-02
-5.372396034886883776e-02
7.384971015662911142e-02
6.801639360428701764e-02
-6.167436976818696515e-02
1.138042147786477720e-02
5.104084640932171624e-02
5.319800600105639710e-02
1.280024297760706808e-02
-3.975184561644251602e-04
-1.293301022555226609e-02
-7.009216850750954464e-03
5.027776570944664236e-02
1.184341051927977340e-01
-8.667710623819857574e-02
-5.428206783328581864e-02
1.887973158041522659e-02
7.004424225143690563e-03
2.929594268209911867e-02
-6.241584411557088430e-04
3.552548909544994693e-02
1.290897498942378263e-02
7.240914243539786632e-02
5.398566845243468748e-02
-3.955018478993066466e-02
-8.957598015042700368e-03
-5.673521629259647980e-02
-5.815682822951839803e-02
5.576147144428644786e-02
-3.192648962465871598e-02
6.292033285915543672e-02
8.652049344815004872e-05
-4.106279648838428997e-02
-5.783867112867380200e-04
1.322650796578050958e-02
-2.084095312469824712e-02
2.133420752383852204e-02
-3.442572944717614547e-02
3.031830916016708954e-02
-1.448681495045511802e-02
5.068190079309076168e-02
1.667492053589825218e-02
5.529066014839711940e-03
5.235627979164236834e-02
-1.094212466310851006e-02
-2.180761811822140572e-02
-2.079367180366653578e-02
-4.085557511552306842e-02
1.242702028144129223e-01
4.441764942803128058e-02
-1.457856436139832734e-01
2.234751393480860493e-02
4.922835973132255738e-02
2.750956945929416975e-02
6.066854482460026787e-03
-1.245714605800363195e-02
1.118725132332221150e-02
-1.158084384306246051e-02
-1.801266661449840711e-02
3.735551949145010653e-02
1.830514003474670304e-02
-7.269914919540543252e-03
-2.774668900543675321e-02
1.323235039597037144e-02
-1.883142291244865874e-03
-1.669616124753714459e-02
7.199931972531725677e-02
-3.699320230729119530e-02
2.623279948303736120e-02
5.776045457533429683e-02
-6.445952505972618596e-02
1.844795646463648353e-02
3.802999235976045611e-03
5.378834832927070764e-02
-2.816817973239871264e-02
1.833722352251765386e-03
1.124510186622051933e-02
2.536322396815560154e-03
-1.147879552737895992e-02
3.857566578625659659e-02
-4.048817308288787942e-02
1.566162804071158376e-02
4.469320081501004793e-02
1.621622539685230180e-03
-6.657530843146020061e-05
2.452297829511573823e-02
-8.202027159657321320e-02
1.666320443319380118e-02
2.548889028929757217e-02
3.635046921817330912e-02
7.469081855873804798e-02
2.899081229514965941e-02
3.074758749642292344e-02
-3.247743405048630905e-03
1.618983914282745573e-02
-7.574204826853669914e-03
4.116323661637988351e-02
-2.564190883175054836e-03
3.752415764341732185e-02
-3.353237325521840617e-02
2.748809518067130142e-02
1.784880561227852880e-02
7.534811144127795401e-02
-1.869744169589271365e-02
7.393724505234811062e-02
7.591040362783063600e-02
1.228694398868901416e-02
3.754505318661482960e-02
1.300672131361890749e-02
1.674944900649255608e-02
4.317397642693676652e-02
3.689741748907460206e-02
5.188715078358496768e-02
-4.000535785504810704e-02
6.949425951729448769e-02
2.340734999328497601e-02
-2.641869130465024362e-02
5.592496115074352403e-02
-7.480716136743881250e-02
5.367089968811189493e-02
5.972471543537194449e-03
1.103090954682084401e-03
-4.490532572380767640e-02
-3.943377228754463282e-02
4.808345340470654428e-02
-1.664130266532470870e-02
-1.902136525355069274e-02
-8.837830212698349897e-03
-1.175894234919505621e-02
2.544108224889818359e-03
1.202657122786110477e-03
2.844069532634563302e-02
-3.628646375324606765e-02
3.807989453236881872e-02
1.814197016214835756e-02
1.915347636469144632e-02
-3.193576029110634096e-03
8.576734730172397292e-03
1.014293422515821774e-02
-1.445203441475362283e-02
3.037167394747131155e-02
1.849381019553941741e-02
-1.464867633749333820e-02
2.111123043940832389e-02
-3.312555536049188731e-02
-2.509800514934967808e-02
-1.621712082648585351e-02
7.624514353404165945e-02
2.868166118701953593e-02
3.618344377950499791e-02
2.504600020542957495e-02
-5.021340980747801552e-02
1.540077838454667614e-02
-4.302602768258001475e-03
3.729229985725890373e-03
5.035459225616722989e-02
1.216829399258889666e-02
-5.178567963613822656e-02
4.148949038402083289e-02
2.097729862546415802e-03
2.199671949817627592e-02
-1.982650054105006276e-02
-1.483294477489582874e-02
4.436822867124501357e-02
4.905834572887890488e-02
5.776022934662616848e-03
6.598210384466129952e-02
-4.092530996581356106e-03
1.029282647132356843e-02
2.724382925613078044e-02
2.754869594296138757e-02
5.331573431880176628e-03
-3.198546111436195716e-02
-2.448603982318875438e-02
1.088734927113481632e-01
5.367257453942642087e-02
8.919133057029648981e-02
4.589626847262584519e-02
7.437886420964767709e-02
2.233674027166721032e-02
4.828971637672019313e-02
1.125996411415193243e-01
-3.063696462235476758e-02
-1.329561346030150304e-01
-3.119205462961316400e-02
2.482207182304296822e-03
-2.883595038499908725e-02
-6.830462159338690498e-02
-1.083405947400923885e-01
6.340928233235487710e-02
2.026800821447194423e-02
-2.039085880586100075e-02
7.211782553247614302e-02
-2.702743369092885928e-02
1.140766490783207132e-03
7.188070325782858205e-02
6.713698373688181675e-04
1.425179780162846299e-01
-2.494369009524954883e-02
-2.980882633796966275e-02
1.484258942903289302e-01
1.142124872650085443e-02
3.925200717158050523e-02
1.272736417436426404e-01
-1.095047280573169246e-02
-4.433578246648250953e-03
-3.306144914758601949e-02
-2.616927972939331326e-03
4.416785881541707148e-02
3.892427087447769551e-02
-9.979383840375444237e-03
9.601139917449197370e-02
-3.402871871897517053e-02
2.516431952400477456e-03
-4.517263805418947342e-02
4.508475025698954752e-03
2.515337305111864374e-02
-1.015560329874842793e-02
2.979856118078072491e-02
-4.399448883067313965e-02
6.683525105630527818e-03
1.548491278047237074e-02
4.281673539878183554e-02
4.833831952219869166e-03
-7.410246418042998329e-03
1.973689903645259314e-02
-1.532949060092381188e-03
-1.012378151497106415e-02
8.209206186436057706e-03
8.919377422068608396e-03
-3.265886422665809086e-02
4.750037584929955869e-02
-1.322892084221471976e-02
-1.321580893012375135e-02
3.154403605935662824e-03
1.662143488994294316e-02
-1.642836739813935409e-02
-5.855370728833797500e-03
-2.378056409582995911e-03
-1.895131735854693744e-02
1.691737458146880257e-02
-9.884208088035695283e-03
1.335244958553971628e-02
2.583532253648312960e-02
1.200164305788220531e-02
5.869555014891725264e-02
-2.285300783168242589e-02
-2.509713865776230790e-02
-1.235782994341283469e-02
5.462799129821949151e-02
-4.324317055922932695e-02
7.826060927471623074e-04
6.824737155578075587e-02
1.169541729995060564e-02
4.065324761554345301e-02
-1.428493456037349674e-02
-1.466051349609553967e-02
1.486244062722930082e-02
4.085397985459593428e-03
8.920023803518084549e-03
1.665249127756451841e-02
1.269244001554037382e-02
2.504260514354417211e-02
-6.020504035600726667e-03
5.366027108085580366e-02
2.823136582622876034e-02
4.144200201345915602e-02
7.433162097480550123e-02
3.494841101340462330e-03
-3.953138874723816087e-03
3.522843281749188371e-02
-1.802850244747222774e-02
6.309797585597443081e-02
-8.364502967914178022e-02
4.855913876190576239e-02
5.769421384711925782e-03
1.204437802331814744e-02
-1.211131287048861083e-02
1.698530980922963174e-02
-1.654170691900924695e-02
1.257556998694564498e-02
4.168698684515725894e-02
-1.796669288595698077e-02
1.321452827462210600e-02
2.695668260598216293e-02
1.827950536873168552e-02
-2.959456850325081767e-02
-1.719263520651992394e-03
7.428499918582298633e-03
4.233845033848759876e-02
-1.420581006154897352e-02
1.517626995909315823e-02
4.364581625440688839e-02
-4.108293222721171034e-02
3.611321932864353101e-02
-6.409326860029374018e-03
3.081173839483364318e-03
2.109178529514377232e-02
-2.743563043953534120e-02
-6.521116617620958955e-02
3.997703291575493978e-02
4.545171394121161335e-02
2.191806474127644400e-02
-5.605846004657677462e-02
-1.175334347344025865e-02
-2.772580596063356495e-02
1.829405808844519754e-02
-3.547610534901246560e-02
-9.888341171427672549e-03
1.392576871724005017e-03
1.852214810834418302e-03
-2.841476711506030206e-02
6.085513659314534252e-03
2.133478211646089306e-02
-4.441072277893454157e-02
-6.553580421124305389e-03
2.164574065263824565e-03
-6.203449357993884306e-02
1.688709240342545215e-02
7.714225001935748338e-03
-8.564952392242197732e-03
4.301897470448068361e-02
-8.441434423621441141e-03
1.660868583228669593e-03
2.628394267623734848e-02
4.642356648218548543e-03
5.599519074584335954e-03
3.745246556844161745e-03
7.240210956276982301e-02
-1.349738542282663545e-02
4.548501094569612491e-03
1.715809294578818367e-02
4.882220374970724919e-02
-3.145954373378678781e-02
7.790647437928477359e-02
3.448584785146646681e-02
4.384445854049934255e-02
-2.255744386495450726e-02
6.461385036848144026e-02
7.560974737876247076e-02
2.175550368029988135e-02
-5.593040412811056683e-02
3.925113948118141849e-02
1.054811126509846986e-02
1.760947673869628360e-02
3.317273053965719143e-02
6.612081127211322240e-02
-1.758670200908607484e-02
3.135760051625968714e-03
8.519494639424252114e-03
2.291930258497432149e-02
-2.013314167639101981e-02
5.584959369447539679e-02
-3.438681154375777815e-02
-1.729403756904779321e-02
3.524466732377073974e-02
6.139144949292552056e-02
6.229774733338189208e-03
-3.156530293033332768e-02
3.189378065222014946e-02
-7.873949080729358840e-02
1.243916601671053446e-01
5.383162880195868638e-02
-2.965738001593920536e-02
-1.400041526717044071e-02
1.505096183463638937e-02
-7.178054920738086153e-03
4.048842106814309894e-02
6.451691376717727522e-02
-1.088419449867950028e-02
3.269406506015548608e-02
-3.459524948892989116e-02
8.254067276982701706e-02
-7.394026025948763348e-02
6.576160863065116935e-02
3.116109470814842908e-02
9.308834198208604249e-03
2.400406487011808032e-02
-5.076627552635493146e-02
-6.303675922730955783e-02
1.003476467156141361e-01
4.586587563325328354e-02
-3.552461781192461920e-02
-1.680543460252392762e-02
4.937987847953673182e-02
-1.728330854992687904e-03
2.249375762649696853e-02
-2.292854516751541283e-02
9.343135863442153521e-03
3.215567981897082817e-02
-2.279264233795164074e-02
-6.011448573345501423e-02
4.289993924228929778e-02
-4.720753417769119054e-03
1.410983308458901853e-02
4.063307104627855715e-02
-3.820056248751613204e-02
-1.507524553387251665e-02
-8.306822506075839385e-03
-3.876341799783800113e-02
2.411649392318082619e-02
8.428119152237778522e-02
-5.701008644957195060e-02
2.344436337299415918e-02
4.818321519408996778e-02
4.280505034176851353e-02
1.961119062863714291e-02
7.352398583750141547e-02
2.291615679025338359e-02
-1.301547577010264689e-02
-1.668117208346853175e-02
9.240460926898586003e-02
-3.162710344442776211e-02
5.713577881743692188e-02
2.378472266052522599e-02
6.293784645081679230e-04
3.675885182251414918e-02
-3.443390691611813992e-03
6.391192267721557130e-03
-9.872795692688729474e-03
1.144221910458305125e-01
1.157285446357159131e-01
-2.859186453111406401e-02
-3.502421766988428331e-02
3.742719487481083185e-02
1.142834342993168661e-01
1.661798751492438164e-02
1.478814366854286355e-02
1.591527681944238104e-02
9.370220513433502596e-02
6.814927910116019838e-02
-4.927562660411188844e-02
8.914495726651416874e-02
-1.912990867043884435e-03
6.502450636110879145e-03
-8.267281247731883553e-02
4.457177951541657634e-02
6.799386657412753721e-03
2.826160176474479258e-02
3.485185486770525642e-02
3.165283094677784348e-02
-1.558536392992326824e-02
4.595739874746485043e-03
1.637444071964422321e-02
4.015295629951554091e-02
-2.549909199135225180e-03
-4.292656249228699039e-03
2.888228736695541699e-02
3.137763638955526346e-02
1.834063263567919932e-02
-4.653211086602659918e-04
6.624412469105056545e-02
1.458216571228332370e-02
3.787063759452813372e-02
5.329749181664000801e-02
-3.307879300312954740e-02
1.120136082465350569e-02
2.648546042134869438e-02
4.403851863604257844e-02
-2.677689672538452470e-03
2.976828023711997062e-02
6.715259591845601506e-03
3.855793528401507686e-02
2.138418386396168103e-03
6.053064021890008917e-02
-5.587178214689236810e-02
1.471974862603664391e-02
-4.405902806441819308e-03
6.814967872691024553e-02
3.322592012277514328e-02
3.151818599978373214e-03
5.464431147201720407e-02
-1.700213058866140159e-04
4.187886020781883545e-02
2.533677738565387472e-04
-2.668192950580694500e-02
6.188722609808161579e-02
1.305523783712869701e-02
-5.162004458694635645e-03
2.007030638456441807e-02
1.033520878666260856e-02
4.059247251029063364e-02
-1.062388819312909405e-02
2.153019149237112018e-02
5.418511673534975870e-02
2.509981405193695281e-02
9.399300423012491024e-02
-1.696526896541383778e-02
-1.193154715663569121e-02
1.908705303263280584e-02
2.213520839555105368e-02
-1.497859393887246426e-03
5.559837071989237600e-02
2.752162947246095115e-02
3.840633728914388811e-02
3.503238936420682847e-02
-2.900400210000197987e-02
8.511869125393789481e-02
1.829328461360990588e-02
-1.621963225846623224e-02
-1.770109415428833266e-02
2.572305951488385034e-02
3.889933876878770569e-02
1.340619809292231679e-02
-1.270627891986286784e-03
8.007745171580848975e-02
-1.173395923172466659e-01
5.951079435633999104e-02
-8.456802566117582742e-03
-1.977499046281305795e-02
3.021550083962099009e-03
8.419262731159227187e-03
1.413822937307185335e-02
8.563323839923109304e-02
-3.542250641125965771e-02
-1.843984952349342343e-02
2.285132327342020986e-02
2.114766020745251218e-02
8.166646653178344373e-02
-1.209089247064643047e-03
-6.083076051941094242e-02
-2.129238642463260334e-02
9.570420996369288780e-02
2.194855753899216388e-02
1.097476449162826384e-02
-2.163237093243708387e-02
-4.245884723096415847e-02
-1.037163374022198603e-02
-1.673722740578775792e-02
-1.107955726816745035e-02
2.392746522736399761e-02
5.252732207308441481e-02
-8.014071664552502305e-02
3.322049098076140794e-02
-7.432461626478481520e-03
4.905607507017717417e-02
-1.272415585980790631e-02
-5.333440329164051974e-03
1.311811088641090528e-02
-5.328614613126170241e-03
4.474448162930433348e-02
-1.598396598331985885e-02
-2.114246097680738679e-02
9.813069887272263259e-03
2.581556553175956559e-02
-1.949074294931274487e-02
1.951362207022233619e-02
5.462623201640615100e-02
-8.388524705090616429e-02
8.266730719946679962e-02
-6.627705935619343514e-02
-5.288462056543585810e-02
1.122000667972227195e-01
-6.666370827458978354e-02
-5.386008063162917026e-03
2.374715088248491313e-03
-6.914611349273291907e-03
-2.496183801772078326e-03
-1.263183603024731205e-02
4.980842664464413261e-02
3.232718534125034182e-02
-3.348275763880304012e-02
1.363746328380610606e-02
1.158732676824447694e-02
-4.583170100671773994e-02
-5.204717164227012915e-02
6.279051673213054130e-02
-2.678225694661673373e-02
7.702320835304776736e-02
-6.238272604120043141e-02
1.807459374963071852e-02
-1.581816270516256395e-02
-1.594831463218238099e-02
-2.273117292058257632e-02
5.316912573427101663e-02
-2.470310456005275768e-02
6.544695360259389361e-02
-4.949103056424464242e-02
5.481114345115001285e-02
-4.142534788996155015e-02
2.620965391884633178e-02
8.723936738736526308e-02
1.939035695483326549e-02
6.349607163230519546e-03
1.491932765737580269e-02
4.879048166896149397e-02
-4.188286216827963315e-02
9.474958472357908335e-03
-1.382411365702829187e-02
2.641885604396243536e-02
2.558578528830635079e-02
4.235972237769303206e-02
2.447914474983781119e-02
-1.907574526084809818e-02
8.130481117751831022e-02
-2.401833332909886209e-02
9.349582911758202997e-02
-2.168958263031006695e-02
7.446699347332841334e-02
6.694876117185666331e-03
1.812138605584912021e-02
-5.679079767472172691e-03
-9.135770125270337161e-04
2.539232240849176314e-02
1.428406476924659607e-02
8.596570908778744524e-04
7.440798694749317654e-02
5.927540705561140655e-02
-2.874514032776409600e-02
1.481753572109512085e-02
2.651107706580702050e-02
-4.330837343170923504e-02
7.475403051293461054e-02
7.545282915135009816e-03
1.131116304578827503e-02
1.540231348763561048e-01
-5.445554810308661509e-02
-2.241677102868266935e-02
4.623525477618972701e-02
3.557998240681015112e-02
-1.189190690675794304e-01
3.805491639401381576e-02
1.780989288085121913e-03
-2.563259344731561029e-03
2.168067346037738652e-02
-6.341437864820109738e-02
-4.661955418820973307e-02
-4.163377466583506603e-02
-2.498783414804561787e-02
4.933302746851753184e-02
-2.088740316394410712e-02
2.439960170535115935e-02
7.393131133166597202e-02
-1.558429022695961841e-02
-4.643199877904335970e-02
1.088695917824722414e-02
-2.598444911470010332e-02
7.291526968029815592e-03
4.769894770588090083e-03
-1.623632295909360757e-02
-2.369005610285990215e-02
-1.901806733466426813e-02
4.407197736993051507e-03
2.778749550806924873e-03
3.590041920015307753e-02
-2.010950329370420064e-02
1.028759029425740934e-02
2.774743654167632911e-03
8.964938934009403226e-03
-4.248241994344637007e-02
-3.376531977950847363e-03
-1.283470665011465783e-02
-1.296064132211505182e-03
-1.596070896492474134e-02
-7.479729508307997321e-03
-2.464382869019177136e-02
1.327627912815376732e-03
-2.199702803148806396e-02
-2.487992123153270896e-02
-1.897780523580516743e-02
1.638248114321561033e-02
8.126584266627379094e-03
4.907981685450479858e-03
1.771667867697557242e-02
3.719497064525834062e-02
-3.902364718317974379e-02
5.132942235578097367e-02
-2.611420366600913923e-02
-1.642907583420827322e-02
3.642449576775863562e-02
-2.501387959309564479e-02
1.797409403043515042e-02
-8.430608525640259643e-04
-4.426424513928939319e-03
4.829519410909677291e-02
1.384934810138371830e-02
4.819941354532542022e-02
1.417182024662810846e-02
-4.114605526634607102e-02
-1.080244722096157517e-02
7.475906856710956561e-03
4.814666558913138772e-02
6.299198372611058971e-03
-6.211989994259736747e-02
2.130743039438431907e-02
-7.210777264433865241e-03
5.358119671520045202e-02
-1.547385617538843405e-02
-2.799887166773062930e-02
-2.843106507115056303e-03
5.286836659709104325e-02
-3.200967423822831392e-02
5.116970311458812759e-02
-2.875774295096888977e-04
-3.270307636507485682e-02
3.601831030793700705e-02
1.265210102726044283e-02
1.444260889923398850e-02
3.834348499177764324e-02
8.779184987462773648e-03
9.754606941573040757e-03
6.087068869662637383e-02
-4.552658725746638879e-02
4.485879875002973804e-02
-5.819743005067090635e-02
7.486077599849627617e-02
4.307107547306587847e-02
-7.492930333143021926e-03
9.186832223369911787e-03
6.816559075701533743e-02
-2.084523889979505995e-02
3.836453779855375501e-02
-1.172753015843586155e-02
-1.090880596488208454e-03
-3.038756576727097425e-02
1.580207209240391819e-02
2.160585310121776459e-02
2.719236885394327174e-03
1.182558337005401583e-02
2.388263113602473453e-02
-4.246814074294746888e-02
-1.946985771083697969e-02
2.258781703536305585e-02
2.043902550422900255e-01
-1.351012625292735692e-01
-1.691245493169093450e-01
1.721994815085210462e-01
-9.427244786116251163e-02
-5.356308538886844772e-02
2.672689311266474022e-02
-1.313192795419970693e-02
-5.770408770735135917e-02
5.299373478486302247e-03
-2.355371020729846165e-02
2.673238262602417592e-02
2.545635027403791995e-02
3.080843254800846864e-03
-6.786591515863804602e-03
-5.337184108188708365e-02
5.150292091538455352e-02
6.281025568471143572e-02
-7.060044034252888068e-02
7.236680098468895039e-03
5.233799953995976750e-03
3.644323399161653043e-03
3.267783461164386338e-02
-2.124971095849925717e-02
4.215974981117698306e-02
-7.755687977094360974e-03
-2.903914540306695713e-02
8.486000679875260744e-03
3.208920735316933559e-02
-3.034154821903278787e-03
9.466912450828424141e-04
2.602427480971947205e-03
2.173627178449422104e-02
-2.005663763528620080e-02
-3.705283759993083237e-02
1.154925962226838188e-01
-8.198773142386706070e-03
-1.140308337019346752e-02
-1.451611849689804501e-02
3.768522000061791388e-02
-2.975976558714332754e-02
3.867274567493117488e-02
6.566990390191040916e-03
9.259615454176639560e-03
3.857218204652745897e-02
1.873782641926435844e-02
-7.163030705887862837e-03
1.126890595304930187e-02
-8.476713645875655345e-03
-1.532605445257750887e-02
4.653400925121653486e-02
-2.087226772861017210e-02
1.733944971866296925e-03
7.359847214136294724e-03
3.726292785394047513e-02
-1.144185248296869517e-02
-5.298545595781201101e-02
-1.730166238753749752e-02
7.428729419446833404e-02
1.116591722861981495e-01
-1.886976708452756668e-01
7.603068758539777150e-03
5.229676596831911439e-02
2.339247400033661606e-02
-1.900815538933597892e-02
9.115360777502967693e-03
-5.251487925738729245e-02
1.418736695990574503e-04
4.355485052517193978e-02
1.483447939173210273e-02
-3.146814223500893348e-02
-7.396085836309573835e-03
3.259225193424253320e-02
4.999451830762335902e-03
2.500138883876390494e-02
6.688473626037971798e-03
6.422855279101247206e-02
-3.155754386336262485e-02
3.779553476077612828e-03
5.504496354868004815e-02
1.392452178221148529e-02
-2.059120059881758280e-02
-5.229499613866428476e-02
-1.803540031792172371e-02
1.193413862056291741e-01
-2.939717613138492780e-02
-1.196967272833506790e-01
1.104697401264882473e-01
-4.041448349540655016e-02
2.763746774388176064e-02
7.912407558425815779e-03
7.843134953842589852e-03
-8.784543634145158819e-03
5.216088487089942660e-02
-2.328608875156179536e-02
-1.394809611080161105e-02
8.009823544854866029e-02
4.195031430866968947e-03
-3.882503411693161155e-02
3.566060795425718410e-02
1.522040545645619858e-02
1.882737668390666030e-02
3.895521858090056355e-03
-6.527428936154366923e-02
4.157496078016986729e-02
1.168327145784564536e-02
-1.890956663697451745e-02
1.883654722097372058e-02
-3.343001460481787035e-02
3.356342093179920383e-02
-1.393658107925999090e-02
3.081488336430071584e-02
-1.751821786510232570e-02
3.980756829574660927e-02
-1.688306008778184264e-02
6.210331922252620984e-03
3.976694018291215826e-02
1.493502271857622965e-01
-1.362369024632505976e-01
1.589787610898962811e-02
2.880190604721111214e-03
4.058071121051343155e-02
-3.247006620697501234e-02
-5.348487489559961006e-03
2.944293104236139769e-02
-5.481014360362745919e-03
5.174748635811265984e-02
-6.263058218402672850e-03
1.195886707759408196e-02
2.821838999633197176e-02
2.761850362580764440e-02
-8.569714234360814586e-02
8.644816546129696633e-02
7.093851406860718356e-02
-6.678250306791078117e-02
2.743644224392838282e-02
5.703954226758511936e-03
2.987787723559565123e-02
-9.578557373248752782e-03
-1.443060277076080311e-02
4.930044308010650411e-02
-1.612669280247924775e-02
7.041514749139521356e-02
-3.377326736950969632e-02
3.957995239443112823e-02
-7.517220894147857990e-03
6.983877646445701970e-03
3.203736508691212848e-02
2.928636258233385803e-02
5.884654609134898351e-03
2.273065379612759784e-02
-2.377861841008455102e-02
1.636527055080216897e-02
-6.610473674947936473e-03
2.688245762015339935e-02
5.094709680198827861e-02
-1.592134411230938795e-02
5.263541582906117178e-02
-8.589044594329386939e-02
6.125838147702800107e-02
8.186414496051508394e-02
9.453979779638133074e-02
-1.423631371614912933e-01
1.233113787074935352e-02
4.083796248189464073e-02
1.251374018671109756e-01
7.096312037219565383e-02
-3.293147986699773710e-02
7.472908020485546920e-02
-3.919300793848101705e-02
3.927671435864432681e-02
6.351108772101632383e-02
4.152557255858124741e-02
-1.148463953562277595e-01
1.336065500222139990e-01
4.280922783324925263e-03
3.834288373803318439e-02
4.394187395932536155e-02
-4.919538489291130912e-02
5.778497844652075166e-02
5.472034441644535452e-02
-2.249993731884969428e-02
1.123127419510283609e-02
-3.069910728268265832e-02
2.372680119090853079e-02
-4.171994075805396385e-02
-4.973662538312328962e-03
-2.849827452113651294e-02
4.001170754142280295e-02
-2.859322248113849163e-02
2.658903384370236989e-02
-5.036314946700526374e-02
-5.723072244913873785e-02
-2.243616407760551379e-02
-8.052638191107919230e-02
-1.050447280486586088e-01
-1.740798803325750432e-01
-2.810678961129342568e-02
1.440689654724205404e-01
9.917859266987805178e-02
8.810205363435041903e-02
-1.165380683023866659e-01
-3.456679833728992790e-03
-8.943167233915971792e-03
1.734061412700005356e-02
-2.744506846579342074e-02
-4.085262533342071123e-03
-3.309583512528546656e-02
4.892421971475280351e-02
1.888348661797945027e-02
-3.691317491536416640e-02
7.415035856403129344e-03
2.759612114074028177e-02
-1.215217284971692457e-02
5.304426019320906960e-03
-5.647882725069663934e-02
3.096216020006070657e-02
2.162570747504877211e-02
-3.027315164982624651e-02
-7.985957226032125433e-03
1.142882174784087823e-03
5.266436643182625943e-02
2.745176087655210040e-02
2.320117611576177907e-02
5.639619360438707929e-02
-7.174112125793996597e-04
1.687593011416232969e-02
-1.549505373976334255e-02
3.120684025886877322e-02
-3.449874433064370471e-02
-3.513125065255517931e-02
1.904320239637513623e-02
4.573261839506614912e-02
4.703711253055931074e-02
-4.776501933545196366e-02
2.901918894394950321e-02
3.796878431120420672e-03
2.598913220304277516e-02
-2.726198412426916740e-02
-5.552589414440345372e-02
1.205512742901828638e-01
1.489077786872106124e-01
-2.442042276151088487e-01
3.087485863608119274e-02
-2.222219068249708940e-02
1.788559404627698690e-02
-2.890573939431462236e-02
1.270713247289290138e-02
-3.436556121909339900e-02
3.302902665448304020e-02
1.939173961012241598e-02
5.482165688971418760e-03
1.787173851157830562e-02
-6.345025642037205316e-03
7.305637051400881710e-02
-2.070622767504115558e-02
-7.306352988327069475e-02
1.017175237032688084e-01
1.325935171316392491e-01
-4.551785939179731066e-02
-8.260218232161320451e-02
1.377176603221363926e-01
-1.171195625859144940e-02
5.900176606953877467e-02
1.288613721294207259e-02
4.079823662688175645e-02
1.138891182989798523e-02
2.637030897152348174e-02
-6.106063190532617924e-02
3.168634677432091706e-02
9.481512620481780118e-02
9.150258855440629446e-03
-4.478872429132163546e-02
-1.121380087689449745e-02
-6.230797884516570129e-02
-1.846886226396193820e-02
1.991499792416351333e-02
6.737506196942355530e-03
5.232398667786863911e-02
4.489846986559742348e-03
3.896200223748014224e-02
-6.862395550845734604e-02
2.272739743631357889e-02
2.654529958405715817e-02
1.404648731639124293e-02
1.894842191425971656e-02
-3.214794217434757684e-03
-1.829664412546259111e-01
3.724538878156691268e-02
4.933583985447564935e-02
-9.781037848212603691e-02
-1.380872618571915567e-02
8.413075231311184510e-03
-6.048437505658399438e-02
3.601367247161069152e-02
3.631647282339645066e-02
-4.603072753337267287e-03
2.988217786616109706e-02
-8.210997802957398228e-02
3.279072711063801826e-02
6.975658166470655175e-02
2.109986580557943192e-02
-3.402848483420117809e-02
2.112692916119707220e-02
8.590593815258351640e-02
-5.324997072463588665e-03
-5.111330081623322030e-02
-3.203835964980417117e-02
-5.560550019698107249e-02
9.693692782084539772e-02
2.366377273461783837e-02
-5.319191081876173399e-02
-3.032639018946348131e-03
3.561681176764786017e-02
4.300723572840503550e-03
-1.023393711960518537e-02
-2.025777013558660578e-02
8.093388261868783573e-03
-1.742933917418554302e-02
4.426001279854041570e-02
3.356742132655421429e-02
2.082678746418453741e-02
-5.480835489264013205e-02
-1.325669518886973819e-02
5.449353076108831573e-03
2.223707738770253073e-02
-2.389251730136709995e-02
-1.093911327763663621e-02
5.063673857709227732e-02
-2.560840033534272919e-02
7.932147018702462304e-02
4.588884279819627210e-03
-3.004749873761980439e-02
9.457680668147006031e-03
5.718675106794357532e-02
-8.132006483262177454e-03
-1.161801565279674264e-03
2.076765272946579088e-02
1.508505650822744570e-02
3.611592030879862136e-02
1.525248969207515515e-02
3.909609981148642888e-02
-3.691456561455552787e-02
5.237888298672865872e-02
1.419540826245135889e-02
3.265942919176723080e-02
7.923233359501491435e-02
3.786290640143796793e-03
-3.377356575863776911e-02
-3.285409164652852709e-02
7.837978344390084118e-02
2.770479240051937353e-02
1.634354183599162624e-02
-2.563645783090162666e-02
1.483000660110223023e-02
5.465279199752925976e-02
-5.486851875200038364e-03
-1.187760279590621693e-02
4.134961863559505346e-02
2.268121391306276990e-03
2.140417300303232295e-02
1.178363573395202479e-02
8.973654557772547946e-03
4.130488103402552014e-03
9.699475188401596171e-02
-3.392292623401460538e-02
1.318483185705865424e-02
8.420813979189167853e-02
-1.985651356144058077e-02
2.829264667373809772e-02
3.770103274169600560e-02
4.088470249783204835e-03
1.307910280550927951e-02
-8.311558780753625086e-04
2.904865709731629941e-02
1.486060907622244187e-02
6.143397588756527306e-02
-5.439940306040491613e-02
1.450076205885901803e-01
4.527262303038570579e-03
1.091018408541362117e-01
4.054814767997605429e-02
-2.583467450806864463e-02
3.237461080533243774e-02
2.375047558954923588e-02
1.133428286012150288e-02
2.710195601879248350e-01
6.351971010749202229e-02
2.111213871168748923e-03
3.865713344329391177e-03
-9.002647899606985860e-02
9.204948813776425709e-02
-1.314262537819226306e-01
-5.327360502573319501e-02
-1.470444414307370273e-02
-1.087154512141301765e-01
-4.790558280757850618e-02
1.915653131185737212e-01
1.083714449755113218e-01
-1.607449696218739010e-01
2.665188814063301770e-02
4.151278606470021337e-02
-2.419416088136983056e-02
2.488874244354755128e-02
2.119293938656396925e-02
3.827597494060919203e-03
4.494801072069476433e-02
-7.158304081532795848e-02
6.521184382934919199e-02
-5.389084672480493055e-02
4.787773418836893669e-02
7.513021845402478860e-03
1.973544479245270544e-02
5.983872480177510056e-03
-3.647977461043172553e-04
-2.369172185863321900e-02
7.909452427123131457e-02
-9.595031186077296326e-03
7.182671346241642496e-02
-1.118905987107221556e-02
3.712171106823380917e-02
2.423322439643160742e-02
-1.125367283998945922e-02
4.017870445312299310e-02
-5.034072107968934340e-02
5.632895257593117933e-02
2.139991195662083179e-02
-2.398138895242762914e-02
3.877491270062960460e-02
6.359623314999973687e-02
2.041394841715216124e-02
-4.753230594936042053e-02
5.136668420273249325e-02
5.399250082774331716e-02
-3.691282302254705883e-02
4.795378198146638127e-02
8.940755874667249969e-03
1.073938888290593141e-02
1.148658674194957818e-02
1.191035913523430523e-03
1.599308841606306153e-02
3.004134628991361744e-02
1.613710171955307082e-02
3.185127138551369086e-02
3.579168335702354042e-02
1.201198664608504885e-02
-1.290639975973095765e-02
-3.982991175766459335e-02
1.005341393698224728e-01
3.254372544653993948e-02
-1.936712227278558629e-02
5.874994976359326770e-02
9.024499063604807247e-03
7.988529689065160255e-03
2.185399299158818920e-02
-2.054392503708823980e-02
4.388820360047063218e-02
4.803047332869381236e-02
1.178309504292318621e-02
2.856509265990681001e-03
5.401332456905771906e-02
-5.611784514907203203e-02
4.420680215749150932e-02
-4.987154630367784947e-02
7.517049883056525772e-02
5.260313038270147956e-02
6.558953435044756475e-03
4.729438939190666602e-02
-4.318123829886255649e-02
9.164917672125127979e-03
6.230966268110904593e-02
-2.840294644455010342e-02
3.551974349484510185e-02
2.751110936462319856e-02
3.032817463889081466e-02
2.505639569057005467e-02
4.246305060868049708e-02
7.389792498347702576e-03
1.113353705943143090e-02
-5.287859269894168435e-03
1.289562118506148991e-02
5.107781315281068046e-02
-1.542071523015375867e-02
4.815651002587939544e-02
-6.463380866552848047e-03
2.301806666778594135e-03
7.423869566770768813e-02
4.715983423248637507e-03
6.815094579432967592e-03
-3.405590874749009345e-03
5.292562151812152393e-02
1.752737396307191275e-02
7.441281320999904025e-02
1.042313975678732518e-02
4.407801265238653343e-03
6.561259969260357927e-02
1.056018874608164460e-01
9.791401602576632612e-02
-1.355498640552244005e-01
7.499927308146414617e-02
-6.252443803660634458e-02
-4.924411139992845854e-02
-3.512712229639869399e-02
2.708873014319435057e-02
8.710388441819638672e-02
-3.906231344512334225e-02
4.654204602020484138e-02
1.171700010844012319e-02
2.597557772615077809e-02
3.222741722767130668e-02
6.557665019963532238e-02
1.367005842944735150e-02
4.225021353049940309e-02
5.620332290319862700e-02
2.486193373648015736e-02
2.982319785447407057e-02
7.593563789151991372e-02
2.433387657729690901e-02
1.025362963308915631e-01
-5.074083588977074122e-02
5.388834608371584345e-02
3.018214899671756157e-02
3.942279608595189444e-02
4.288223422106707261e-02
4.578399400412069831e-02
-4.558875865220768375e-02
4.239942086160963797e-02
4.308431589113204119e-02
6.986944612035417279e-03
1.034664559738704970e-01
4.384958601521593557e-02
-1.627268164163142572e-03
8.930140583174728253e-02
-4.574673375785243135e-02
8.712827966373337674e-02
1.012481273181087271e-02
-8.123327142069591833e-02
-1.772889034642421979e-02
6.206176566658561100e-03
-9.817271152571149795e-02
1.296908276761589152e-01
-8.721768942791863211e-03
-2.968262089236362034e-02
-4.862921918498241958e-03
3.634861579996062630e-02
3.384054941096770186e-02
-1.005567324315004285e-02
-5.068561185937792146e-03
1.278972496150143634e-02
-3.459697386917603978e-02
-9.434224064319263192e-03
5.081858238806380434e-02
-5.184617860578688564e-02
6.062954161463429692e-02
1.209919098938758708e-01
3.199333469253407003e-02
-3.161851935501380773e-02
1.258818101407865875e-02
5.786625545059198572e-02
-1.003806976918746319e-01
1.589492208356024783e-02
1.481756590186122935e-03
4.204275685226543935e-02
-2.162779360600763923e-02
5.785634236258352381e-02
-5.018568101985398933e-02
3.600044539341551442e-02
1.939828647462782385e-02
-5.898695437264045438e-02
4.272127894764188305e-02
-2.943565250367297104e-02
6.223494215997771306e-02
-1.513117391845963944e-02
-1.232333329785717524e-02
5.850148334797511396e-02
-4.879464674364153431e-02
2.666328274036344759e-02
7.435135654961566587e-03
-3.425974038142598488e-03
-2.751350818823450339e-02
-2.186928244891284123e-02
6.485513643040552445e-02
-2.773358817686077948e-02
1.147279250669759332e-01
6.053904006504851054e-03
-3.184504214955996559e-02
1.154435323186437934e-01
9.662132654241206708e-03
3.348050305353456046e-02
2.376211288362317653e-02
2.455902081320004982e-02
9.151167759491984910e-03
1.828265894241098977e-02
2.829937046488018026e-02
3.781244261364924419e-02
1.142167493040124882e-01
-5.090007285882958143e-02
8.713487058917457340e-02
-5.780397214338739431e-02
-1.085054113447481150e-02
4.290303678304296930e-02
-2.149612100565501116e-02
6.403951371153171479e-02
-1.547013051419865448e-02
2.671697870535050257e-02
2.642470334311997071e-02
2.915342387221175890e-02
-9.104296126076016904e-02
4.001634559179789719e-03
-5.795400803568995229e-03
2.383700928538767805e-02
-1.295612892686737183e-02
-1.852699464203277913e-02
-2.103888413662691192e-02
1.176735874769829771e-02
-1.157099764629920813e-02
-1.943972923305814504e-02
7.687694942176692692e-03
3.008830168181142461e-02
2.647923426178278028e-02
1.510899583114611033e-02
-2.521713694747651502e-02
-9.527225841821085339e-03
-4.092769521556682832e-03
-4.319778443942512425e-02
-3.140385490260522161e-02
8.334542981772052883e-02
1.112767404416281636e-02
-6.627558125268828704e-02
2.869523040481114506e-02
-1.842492175354415451e-02
3.487657480495398588e-02
4.155831292533118670e-02
-6.184709267277099798e-03
1.549428899790594727e-03
-4.266525720109992648e-03
-1.276451610868534203e-02
-1.951854829010724046e-02
-1.161674634781562077e-02
-2.555509347661777397e-02
-1.061660997306956844e-02
4.283724547329592625e-02
-3.499794241966913688e-02
-3.905870334413030776e-03
-2.034350825072639424e-03
-1.760147241542808771e-02
5.478834162697587828e-02
-3.726024609487454953e-02
-1.016225601682707591e-02
-1.089282863901073206e-01
1.005071163469652973e-01
7.741207210531619864e-03
-1.875608047068721973e-02
1.644566266886204886e-02
1.087246483915782491e-02
2.410995594742360026e-02
1.606384445804343031e-02
5.736156054252816716e-03
3.793028521133834374e-03
2.304204148198785163e-02
3.103840168263882759e-02
5.636453272439378992e-02
-2.454238743127623579e-02
3.301087631001209388e-02
-1.806045496749897339e-02
2.833331727613419559e-02
3.786518389452320221e-02
-8.657739552138998818e-03
2.513526567240464971e-02
7.225496373989503951e-03
1.072929520038456985e-03
6.415142174975407841e-03
3.134004934084666516e-02
-8.035411245925772050e-04
-9.682399846543177091e-03
5.487111241326392275e-03
3.908080740881469950e-02
5.467331423956833802e-03
2.691396155426040160e-02
-6.021679393229106836e-02
3.676448754412375841e-02
3.832255826419506128e-02
-6.312851678788478083e-03
-3.470868367196366933e-02
6.006961869334492832e-02
2.122988913237611186e-02
-2.883739790967432270e-02
5.547995394239380040e-02
-1.107735387689667839e-02
-1.588071827432591121e-02
6.334617102249939791e-02
1.120714271401124229e-02
8.510221617084257062e-03
4.260358393862073711e-02
2.810985905193441603e-02
1.928774935675892088e-02
2.119788530147070915e-02
9.895363496690068317e-03
5.539077582072082784e-02
5.493119523023426432e-02
-1.793006696146903778e-03
6.360885112801017982e-02
-8.432341017633349090e-02
2.139383845943965134e-02
1.255392062913112117e-01
4.769918955379082171e-02
-4.323638587294031943e-02
-8.135870269546385813e-02
1.226254074590711340e-01
5.924240765249999541e-03
4.377180010739922800e-02
7.790734068402471735e-02
-3.762918639082890593e-02
8.320326307080216921e-02
-6.989408540504404854e-02
5.004771448657197030e-02
4.997235586716042288e-02
5.593153496759883936e-02
-2.989859185353083149e-02
4.067837815524688594e-02
4.842295744395097579e-03
-8.705549855415817273e-02
2.700426500594821366e-02
-6.584082925513978779e-02
-4.787265398923645776e-02
5.792607319085663065e-02
1.090758070652797507e-02
1.784807446989977731e-01
-1.676321578988317906e-01
-3.048808497978106047e-02
2.964267458029667957e-02
-1.655420656563855175e-02
3.389170330973789724e-02
4.375353033850948314e-02
-3.798365114178858803e-02
-2.563650977774001305e-02
1.358667943610258888e-02
-1.289961341412726448e-02
3.732823825143505303e-03
7.098333498247466622e-02
-6.351015214396871222e-02
-2.954203472725680513e-03
-3.639464830605865231e-02
-4.866560285567489430e-02
4.367993374854362010e-02
7.435503815773847336e-03
-2.689168858977630805e-03
8.568899105975136266e-03
4.121770670822266780e-02
-7.005006770887178824e-02
3.267766954953876812e-02
1.611922690107281397e-02
4.119926294346631934e-02
-4.948156839327211287e-02
3.179015001172369459e-02
1.293636197594023596e-01
-9.736087261829950990e-03
-7.641169026365135508e-02
6.095342329829023242e-02
-8.442238292974946212e-02
7.254491628776627010e-02
-8.669889868140989719e-03
-5.341793647653414467e-03
-5.452321955127770181e-02
1.026099449861050950e-02
1.625255763558808297e-02
3.197690238888450942e-02
7.233364869272396191e-03
2.835217138902201839e-02
-2.986848402174224759e-03
-1.113323409896449512e-02
-2.400941835385839163e-02
-9.630982385973929638e-03
-3.878083290068912170e-02
7.282376535953849483e-02
5.029463918345689066e-03
3.498047118114877563e-02
3.056446845492111208e-02
1.282345591584066469e-02
7.179564923820036526e-02
6.929208316468926654e-03
-3.102807305882926414e-02
-1.613293294544382306e-02
6.380891603088523212e-02
-5.290271655573031140e-02
-1.514060420125584727e-02
1.308597433550451328e-01
-3.656556011393474748e-02
6.257365193420572069e-03
-4.862869364766098101e-03
-5.793397154171930907e-03
6.863979523350183243e-02
2.715544459675278688e-02
4.715842181321150406e-03
5.778239428782949716e-02
1.927271750533821049e-02
3.169314848504134474e-02
-3.805341738373435589e-02
2.650315982137341209e-02
5.449137386185176624e-02
-9.888232690041531825e-02
3.641010116276266473e-02
8.701502971001140452e-03
-2.534377758458328245e-02
4.329748814952183444e-02
-9.394530165775849540e-03
-1.858329983572803989e-02
4.396671605012625328e-02
1.334892224471939670e-02
1.580371060030794084e-02
4.756718429807849091e-02
1.324229409900956611e-02
5.177354894512609107e-02
-9.792010916283011568e-03
2.749651727022905945e-03
1.916237920897989611e-02
5.370372455495298070e-02
-1.667509123759769452e-02
-3.979123096495840173e-03
9.365594339700389348e-02
3.172530096883252604e-02
3.131113022435849658e-02
-2.080479949217495239e-02
4.372776589853888396e-02
6.822022051788723118e-02
3.360809027906386248e-02
4.436542745387117570e-02
2.459329474483562539e-02
2.795159117428902551e-02
-5.548193053243011263e-02
-7.825303608629052832e-02
2.406709751315994072e-02
4.878122118656624817e-02
5.829440302231958526e-02
1.587585606728447729e-02
-1.805343924940183697e-02
7.417745510910123130e-03
-1.731040323057431163e-02
-3.277172996581234621e-02
-3.074460391575550844e-03
-3.823097814651488235e-02
7.928583998329408189e-03
-2.472142459340931353e-02
-9.442664643955600567e-03
-5.485007516752182788e-02
-5.460466471944247502e-02
2.367600304538752809e-03
5.443339649179979034e-03
1.132983478313009940e-02
7.548778025145552739e-02
3.482510984439901591e-02
-5.097293579125539154e-02
-2.172697110447252555e-02
3.635809382230359432e-02
-3.820506545063317994e-02
1.354072333375166970e-02
1.535144283503608875e-02
-9.158378909654096844e-03
5.682415982315669467e-03
1.463751641031296735e-02
1.943479247893553641e-02
3.445430365080515145e-02
4.461927137071319827e-02
-3.253044121488501972e-02
-3.762930191582847250e-02
5.730519102765896378e-02
1.696861188473564042e-02
-1.425194810501384524e-02
4.992570798245088426e-02
-2.213839557352570431e-02
1.904960884402373544e-02
2.466797829573907919e-02
-6.145432469345069038e-03
-1.297224139573671664e-04
-2.038893064471336558e-02
2.534803150702025221e-02
-4.165656369630599265e-02
1.268927636454364460e-03
-1.355585817682269933e-02
2.919944583500599933e-02
-2.702148054639685881e-02
1.873911085020574241e-02
-5.517059806463531224e-02
-1.876803194037934830e-03
2.472344961756633985e-02
6.807544723523406560e-03
5.434028197023543783e-03
1.264105675600690759e-02
-2.471869508617530187e-02
1.030521583657284523e-02
-2.002458264997963866e-02
2.266825821520690454e-02
3.963720510398860419e-02
3.181722928294172803e-02
-5.733102427808267620e-02
9.216735840150924730e-03
1.039638286902810904e-02
3.622684188531910543e-02
-3.321255757857910496e-02
4.811577145714318604e-02
-1.619894665132215472e-02
2.788333236112428004e-02
-1.889347931838569750e-02
8.122915911362360575e-02
-4.374078462220376551e-03
1.252063809728665156e-02
2.668968800673643393e-02
5.428745660050271482e-02
1.845453291077248092e-02
1.662120859901006220e-02
2.131645490572620094e-02
2.431847820946009264e-02
1.475249522023536208e-02
3.698276757786800317e-02
1.469345766035534684e-02
-2.063127885029603092e-02
-8.556699787698462956e-04
-3.886506996750860310e-04
-2.276187632243120706e-02
2.657719672253922027e-02
4.051281272559825730e-03
1.070254725353314562e-02
4.760004517735505480e-03
-6.323435255618248263e-02
-8.629458678211854306e-03
-3.548299254944753400e-02
1.505645036571212625e-02
-1.549339972938412746e-02
-1.425962040678674381e-02
-1.132573836085559726e-02
-3.594194009564966041e-02
-2.704498829257007131e-02
3.756603920688217357e-02
1.637212563266365883e-02
5.947833121610290874e-03
-4.730471641557887352e-02
-1.159033971446188360e-02
1.045821941523206178e-02
1.135228942258104112e-02
2.501962574181559873e-02
1.856549478822744348e-02
-1.033528794180926802e-02
7.281019765097429541e-04
2.025276486020821665e-02
3.746270617922875523e-02
-7.922808377129220148e-03
-2.701877359973203774e-02
1.700233929195582583e-02
1.591734889774754080e-02
1.928402164376108452e-02
1.628127861112194097e-02
-1.996273919220947768e-02
5.376013614720220879e-02
2.458151989958912154e-03
4.378115211004685037e-02
3.100022579857819593e-02
6.020174089720486954e-02
1.627654262976907518e-02
-4.081285720856020482e-02
3.786657266680648615e-02
6.682942935391400496e-02
3.992858185117520442e-02
7.758520366379473288e-03
8.557587463570159869e-03
5.938210060667603596e-02
1.548905728680705085e-02
-1.187181821605820531e-04
3.453244258397675237e-02
1.514917251665648390e-02
2.796873689152384879e-02
6.563136134815206191e-02
3.676973845653874751e-02
9.433763928859834058e-03
4.552232260106908734e-02
3.088040396323336878e-02
-1.028616423618571030e-02
-7.322640378336525355e-03
1.137465462219688223e-02
-3.038057046683873344e-02
3.766998497862322076e-02
