-3.713232499877915371e-01
-4.062379286437320380e-01
-4.535997162430032703e-01
-7.551329136284926635e-01
-5.316296598041991839e-01
-5.193668921170525588e-01
-5.541745186574760229e-01
-3.284719294357293373e-01
8.553260842550046428e-02
4.544461967504652422e-02
-1.784988546884260507e-01
-6.770927527580521132e-02
1.026449242732125205e-01
-2.154581673925104468e-01
-1.443727368891678520e-01
6.791304517871092628e-02
-1.988602394655074324e-01
-1.019304560047636643e-01
-2.147680348822821605e-01
-3.190267237494654462e-01
2.611524259087343383e-02
3.925860878418754168e-02
-2.779823822963801705e-01
-1.186349813920247187e-01
1.234722507846286732e-01
-3.240075168608649858e-01
-1.835736559477687824e-01
1.919160739296239537e-01
-7.087061693974532062e-02
-2.235465347982108775e-01
-2.916357316978048231e-01
5.290600143293046065e-01
-1.378237069618080124e-01
-3.191353398786538897e-01
2.405299076897384480e-01
2.766167633525111191e-01
-2.821047568048773435e-01
-1.234927626069165368e-01
4.149881470496356584e-01
1.506013445825244157e-01
-2.042889234328372494e-01
1.865825941357177054e-01
-1.105603161497969444e-01
-4.320472434419542901e-02
2.270835811011246430e-01
-3.030322305580664399e-01
-3.987935582579413274e-01
7.853860397641788671e-01
5.742380140851712778e-01
-5.643956582130745803e-01
1.283824538653894232e+00
1.674548980491191719e-01
-3.595422248365565121e+00
1.949795204308238050e+00
9.180156712519474960e-01
-5.946734478738017193e-01
2.626968360716603335e-01
-2.649126723688715046e-01
9.289092387931840999e-02
1.311905213207087417e-01
2.672166393444895816e-01
-1.608805135516810092e-01
-5.887050140263062614e-01
7.587397260720195602e-01
1.824553250767847745e-01
-6.520536952821254228e-01
3.025890210772417266e-01
7.389569872777349557e-01
-3.444067740007585865e-01
2.753077812014845804e-01
-8.372618176700060699e-01
-5.989419080704932313e-02
4.463429935034523011e-01
-3.019720978237172004e-01
7.245609690430479533e-02
1.914547138959872830e-01
-2.567084812341433597e-01
-1.385756758050883143e-02
2.660185566569340798e-01
6.401498990997762928e-02
-6.114378872298627948e-02
-4.081298714523152321e-02
2.399147899428041852e-02
9.949713746247203228e-02
-1.858428953531515437e-01
-5.980814203279566886e-03
1.131520263151622879e-01
-1.380906387635975618e-01
-1.967211574859975831e-01
8.163301543867321208e-02
6.387168473493230747e-02
1.533213994791390034e-01
1.369746074630908694e-01
-1.659694466296614268e-01
-6.668182329674340880e-02
1.732227936736011609e-01
2.137600398045134686e-01
-2.229561576708619097e-02
1.159368125106181813e+00
-8.699332631766925061e-01
-2.662734960395502615e+00
2.873806087909467344e+00
1.457545369049334516e-02
-1.337161238308911537e+00
7.863965852315404348e-01
-3.257044106442369413e-01
5.820998320821096916e-01
-1.130368061948399672e-01
-4.686484957281987773e-01
4.896179208210538203e-02
-1.724561821084684421e-02
8.516157527084533552e-02
-6.834935839476746766e-02
-5.826807754444968818e-02
3.048025586930829256e-01
-4.223470367014081073e-01
2.708674465044705881e-01
1.755673063772287046e+00
-2.389138842952855057e+00
-1.548408279378296504e+00
3.162324690648435244e+00
-1.031136815770054227e+00
-5.322976675457851137e-01
8.126725870027647902e-01
1.203944184521316269e-01
-4.558992057773133544e-01
-2.335716307295672145e-01
2.613935712105770470e-01
-2.760054523560034334e-01
6.197949077940293622e-02
2.664124752951221864e-01
-2.745458015173266823e-03
-2.019157062364159705e-01
-7.186592457322113492e-02
-6.931098924937105499e-02
-9.964162223158073983e-02
2.559514880761589728e-01
-1.029914136504990335e-01
-8.760802739150479190e-02
1.194576573211166615e+00
1.859162484040750574e+00
-3.506124943166127217e+00
-1.998342684227268684e+00
2.544397003631108767e+00
1.202465731442561969e+00
-1.222331155934347935e+00
1.636810766973774145e-01
1.901138369547227258e-01
7.391288659437496300e-02
1.485504318568998949e-01
-4.345978658087404356e-01
-5.229342245474273565e-02
-9.587177949951995737e-02
1.212160970472867805e-01
-3.092753245380884877e-02
-4.192954223429390392e-02
-8.461396255378011988e-02
-1.253998127554220576e-01
6.881372251618047553e-01
-4.748309280018284673e-01
1.777368146713898325e-02
3.118178011225580248e-01
-4.366113500622214594e-01
1.354653244372181799e-02
-3.207112519599112505e-02
1.516763334519619782e-02
6.718387079927313765e-01
6.928922810404524180e-01
1.170900546043699642e+00
-3.908158192339906023e+00
-1.486071568032159895e+00
4.161897309567311076e+00
-7.468772667116083674e-01
1.317429566048100020e-01
3.872754915561334166e-03
-8.656925104668368176e-01
1.189834572091780091e-01
5.169798335846057663e-02
-1.419255705016683189e-01
5.167825107827371811e-01
2.394059779354727469e-01
-2.783729208745577277e-01
-2.752495746589346814e-01
1.540327965733002402e-01
8.284971868890823876e-02
-9.643466296310942987e-02
-1.594804660770898219e-01
-2.494448355176341892e-01
5.483650667404224022e-01
-2.149221436911728789e-01
-1.187034687873376876e-01
-9.018369959459319324e-03
3.183859476814596134e-01
-7.368488584652677087e-02
-3.415568112609386198e-01
3.624085494958835807e-01
4.219676184989393231e-01
2.222918875304803255e+00
-3.540291255343277488e+00
-2.822427327749004178e+00
4.965765312579810242e+00
-1.734580112602606139e+00
-1.210781768765181177e-01
9.345792503879079005e-01
-8.389410775288481670e-01
-6.215527601749873399e-02
5.380793171306886835e-01
-4.302573091206488565e-01
-3.646392833542745626e-02
5.108417728750132003e-01
1.250109268495023379e-02
-3.260185684707514464e-01
1.880350668893789046e-01
3.406311204652252844e-02
2.991220243481576002e-01
9.197564790780681232e-01
-1.472139338085188598e+00
-1.649095702858250689e+00
2.227691291034999299e+00
-1.038435436755643371e-01
-9.316011231390800562e-01
3.321520934004754122e-01
-6.149674939686988057e-02
-5.563923277022346514e-02
1.231326394765538623e+00
-8.103042937482176633e-01
-4.263881732817402237e-01
2.888116257785386942e-01
-1.290908513515086620e-01
3.621755069819723727e-01
3.675904451039753440e-02
-4.782562326162032029e-01
2.480805073354978685e+00
-1.206861768387692102e+00
-3.812354100394726775e+00
1.480244056874796321e+00
2.370774846624686738e+00
-1.434777971973172139e+00
-1.231361063855001825e-01
6.853161005688314100e-01
-6.341071626912333503e-01
4.791189630478415173e-01
-8.327709344151614304e-03
-2.966576428783186947e-01
2.304145922936488011e-01
-3.289696814415096759e-01
1.649518808911506207e-01
-1.210303552615504541e-01
4.368271761057340719e-01
1.905126537697183764e+00
-1.546566755403070648e+00
-3.697268742554619347e+00
2.171456972695164911e+00
1.314306654573371036e+00
-7.098861565608478585e-01
4.068896104081679010e-01
2.184065825324655319e-01
-4.534971283615961933e-03
-3.031429875962631248e-01
1.738818081811187299e-01
5.969859053930304943e-02
-3.725424894398686182e-01
-2.144906155342487727e-02
6.881739449240509288e-02
-1.076877772540566491e-01
6.660151391224719553e-02
5.439096905145143768e-02
-5.465201374551947183e-02
6.478711112294936736e-02
-4.898767215414021742e-02
-4.685904550056373963e-01
1.271178696655391460e-01
-5.815273009524613707e-02
-2.267736876811753399e-01
5.809395648590702788e-01
4.860883739897816636e-01
-2.618303175289998230e-01
-6.159408686351488527e-01
3.886790195656967817e-01
-5.090375100638067085e-01
1.011389665831966544e+00
1.978266401614397152e+00
-2.394454357616208284e+00
-2.725584812915042399e+00
2.408445813385497569e+00
8.262939952456325177e-01
-8.154668384959843364e-01
3.176859419326655831e-01
2.949620412475782993e-01
-7.209847642700993597e-02
-1.051972762763393188e-01
5.221622122875482774e-02
-1.372195994195682112e-01
-1.331958935472065397e-01
-1.943976857002434333e-01
-2.034090054299379502e-01
-3.539987010734010203e-02
3.744540092297899969e-01
1.194567457588400633e-01
-1.144286909371531047e-01
2.010490843805050609e-01
6.910650198673701228e-01
-3.239673265955302917e-01
-1.998102633035439557e-01
2.737079769037670252e-02
-3.744262538862197509e-01
-5.524592248740843592e-02
2.409880898149325407e-02
1.536149854241280754e-01
2.686686155248464991e-01
3.538710307856346438e-01
8.915113347922224429e-01
1.189885447231154636e+00
1.488492058812478369e-01
-1.741727186839793662e+00
-1.478599895887769744e+00
9.859578723121106281e-01
1.347646121485735149e+00
-3.583758489425639127e-01
-2.422206434610981451e-01
2.251405841753725268e-01
-1.270844155185349433e-01
-8.838064882492357999e-02
1.142493241712981000e-01
-3.319758665162730188e-02
-1.521555555663796910e-01
3.011174146472435711e-02
6.202709663065571893e-03
-1.913377310014272858e-01
3.524240514873634433e-01
1.330444818416392228e-01
7.563169968480706884e-02
2.848335476868916333e-02
-9.505699551199595781e-03
2.881726620420906743e-02
-1.710479590439664688e-01
-1.657176643342744837e-01
7.314215556441458488e-02
5.101535082218016173e-03
8.508410660780589552e-02
-9.330348401192158081e-02
-4.769908646803446839e-01
1.756312220060095644e-02
-2.557673939102071345e-02
7.563734782399539336e-02
-2.411053368176062917e-01
1.198917542457261787e-01
-1.042938585905564021e-02
-4.883063210502194829e-01
3.763223323687620026e-01
1.003236461406062263e+00
-9.837046192579285142e-01
3.881880000977345202e-01
3.444353806893588610e-01
-2.476754952210095395e-01
1.444550744525161079e+00
4.028786723721717311e-01
-3.754836461441068085e+00
2.679451555260976559e-01
2.702496870650635152e+00
-1.044184007628550237e+00
-2.765758206880998826e-01
6.697107360288637734e-01
-4.192956614291400985e-01
1.064746279518251904e-01
9.591695049289949981e-02
-2.922855833439207407e-01
-1.561744883017348318e-01
3.817318253316964727e-02
-8.332635876005771436e-02
-6.005507071017956479e-03
-6.105215471156572038e-02
1.424480237840557162e-02
5.795287227190286661e-01
1.893294859974393951e+00
-2.161522781611092459e+00
-2.692164771632975739e+00
3.276647889805833103e+00
2.848386633175957749e-01
-9.403954405313005305e-01
6.529897780791623640e-01
-3.005361341587042268e-01
-2.874648546082325673e-01
1.404398491524755932e-01
-9.228855219336082327e-02
-5.387451540733986105e-02
8.991304298067401835e-01
-7.482907554026568819e-01
-2.128324077453902952e+00
1.614506718655229545e+00
-8.200412396376419166e-02
-3.288575720353570930e-01
4.737870335838864078e-01
-7.323529944561821270e-02
2.245658411489217243e-01
6.918406546961058945e-01
-6.320510109156703971e-01
-2.501868941130650503e-01
6.028767119135173269e-01
2.031838320293858635e-01
2.097556713115859839e-01
3.387613850804561122e-01
7.902052313001194372e-01
2.707275998006719031e-01
-1.178245644733692948e-01
1.596409793463474391e-01
-1.798768945086484661e-01
2.468912839518907498e-01
4.885156857865555757e-01
-3.825368075241301069e-01
9.860027732531904954e-02
4.036778745086809228e-01
-1.230617737682464415e-02
1.401054338539727551e-01
-1.293204627661481421e-01
8.867523023961768058e-02
-2.976651811868894978e-02
-2.825001761109863230e-01
-1.904294265230024874e-02
6.633000889885957985e-02
2.776713667593704721e-02
1.615318357372970415e-01
-8.255089744662000642e-03
-1.402831344880203605e-03
5.740624064560255757e-01
1.303946341848884583e+00
-2.850046120041768383e+00
2.247747508691986529e-01
2.386509147953252530e+00
-1.530946279813287569e+00
5.764201314963882661e-01
1.362556344201195924e-01
-2.538769472378658021e-01
1.780291069217618434e-03
-5.619552302393886201e-02
2.425851306368511096e-01
5.755307065292300517e-02
-1.637120313335346244e-01
-2.049378923295777921e-01
-6.391137490128849519e-02
-1.555847908198874086e-01
1.382108913952680984e-01
-3.766439821719193455e-03
7.182797878024099747e-02
-5.784436875381612775e-02
-1.380036992159366371e-01
-9.744851569485943332e-03
6.366015070888311755e-02
-1.979728350211324220e-02
-1.088683455083661877e-01
3.428953658351539813e-02
4.940662076468172459e-01
-2.911106030864589744e-01
9.785040200514309727e-02
2.596768256763336558e-01
-2.739164141075117187e-01
-2.360799130461648243e-01
1.777201513155878265e-01
-1.013674588536367660e-01
-7.414903141438357152e-03
2.965103177417631984e-03
8.437883924774736144e-02
-7.988701169992709628e-02
-1.171773133135243505e-01
2.745190640191869091e-01
-3.192572845860712216e-01
2.845009398407123413e-01
1.292178903005263280e-01
-2.513862232121994444e-01
7.209043414774016223e-02
1.822417560546125692e-01
-3.154172153933585965e-01
8.217003165325426073e-02
2.223236916640359828e-01
1.706965965108096228e-01
-1.917179064847646386e-01
1.845884149488201398e-01
6.678482279897099416e-02
-6.689475046041241935e-02
-2.810379679098875538e-01
-2.185683012197615627e-01
1.882081665586258362e-02
6.111822081212218982e-02
-5.018950087201905913e-02
2.541612533747635849e-01
9.572666776619184748e-02
-3.207575253303877050e-01
-3.808105734386398877e-01
-3.751290037118665821e-01
3.356141294694472421e-01
-4.742175699223347141e-01
2.722232561344910540e-01
4.791072602355950227e-01
7.425845890830895524e-02
-3.261510462359825113e-01
1.368787887251084745e-01
8.648546563407980003e-02
3.751371428717291123e-01
-9.677460678858287868e-02
-3.002478414763357639e-01
-1.011406570447474368e-01
-4.364791819060986899e-02
2.816259745022679783e-02
-8.312350819429069337e-02
5.002285143415655805e-02
3.130529886983131616e-01
-1.005010819068884037e-01
1.587858457832773018e+00
-1.071747954423724059e-01
-4.013009039687305268e+00
-2.974655709050677554e-01
2.949942804649719807e+00
8.413741215436047749e-02
-3.697090703819870261e-01
1.344993569249911258e-01
7.256447649260570898e-02
7.415680677963258915e-01
-2.124282263951458583e-01
-3.451367689064165911e-01
1.880198841020871148e-01
-1.870656652376431195e-01
9.726902098940715113e-02
-4.506403276723572326e-01
1.119402823452500355e-02
6.399511611951226586e-02
-2.336618615280348921e-01
2.103468633882493721e-02
-2.207910912039528772e-01
-1.084151235973480898e-01
4.040081567127082884e-01
6.368676902626696501e-02
-1.162286084847920925e-01
3.241284336132710941e-01
-4.864403767816863899e-01
-8.069456031448708766e-02
3.208435593788357965e-01
1.655677657498308974e-01
-1.032224116741612407e-01
-9.883032044839143437e-02
1.072463091821479649e-02
-2.704985069942760223e-01
-4.858592159652801168e-02
4.996686025241228735e-02
5.246350365594795173e-01
-2.473709139117466482e-01
3.224602708747644209e-01
5.226298768144499451e-02
-7.863543640846424321e-01
3.987017870431269762e-01
-3.641102372343037463e-01
-6.461739031618516371e-01
1.427748266334239124e+00
-2.086701025951563648e-01
-2.573440290131374653e-01
4.158098188695744657e-01
3.129122310801644991e-02
-9.090492568048853805e-02
-9.740556961123705837e-02
6.505435214443734404e-01
-6.964322438416085115e-01
-1.438275536721055625e-01
-1.318247217424501072e-01
2.716362423725205422e-01
-2.774581642249199231e-01
-4.186000344949818985e-01
-2.428719181037154173e-01
1.018544439977663085e+00
-3.404818017927081775e-02
-3.879008564685815230e-01
1.485139864385621733e+00
-1.395152749177626106e+00
-2.687644956584945843e-01
8.066392884835308363e-01
-5.260657856407796595e-01
4.057943981063490413e-01
3.652436143817064940e-01
3.111714848788119658e-01
-1.233927693681131643e-01
-4.647974747247077265e-01
1.966428029218007245e-01
-9.727913500651119705e-02
-8.189980426163718796e-01
3.705645411598505745e-02
2.596935546526187716e-02
3.490676578557432852e-01
3.820015056339458592e-01
-4.586263839575467349e-01
-5.093640685721908534e-01
-2.555114684305688222e-01
8.860716025668549101e-01
-5.813268537781610679e-01
-3.976951449691247253e-01
4.050231538791599362e-01
-2.362580089755562662e-01
-1.558013535731709032e-01
3.370719088721719353e-02
4.993053132540354877e-01
-3.307485113168601720e-01
2.183437394666738196e-01
8.751712016747598133e-01
-1.458164715714534543e+00
-8.524871080805947188e-02
3.698082906320789842e-01
3.205620825900076798e-01
2.509797531152955230e-01
-7.918168452905172128e-02
8.692926180400836755e-02
8.948063726790904671e-01
5.260503946061101388e-01
-2.363692547728726723e+00
-1.203694901987152566e+00
2.283780538924106818e+00
6.134121670816915506e-01
-8.626071258348216864e-01
3.339441272957365814e-01
-3.636267563501061062e-02
-1.690915343824803962e-01
1.166103233605110950e-01
-5.221472937023562827e-02
-1.324176890918511151e-01
-4.920204048360308363e-02
-9.714138854068772588e-02
-6.065620178093154846e-02
2.679123692107006349e-02
-4.678288116188518940e-03
-4.553763420955408980e-02
1.139961032345370440e-01
-1.408869589866867389e-01
7.073160443732053049e-02
1.125794216547397752e-01
1.870227016744727411e-01
1.250123716896832382e-01
-5.870710415506304181e-02
1.494006422282111862e-02
-2.402404716560795350e-01
-8.830238066209991632e-02
1.620558970782678132e-01
3.516237259871403120e-01
-2.489494862793689700e-01
-5.149313628450662844e-02
1.547340438398863982e-01
-1.576430890433668311e-02
-1.342133053259911453e-02
-1.259694107552986608e-01
-5.572437714680131271e-02
4.982508964444422317e-02
-3.663798700705588052e-02
-2.802515168166485465e-02
-8.924614000299249672e-02
1.021087835491583072e-02
-3.751817238161007928e-02
-1.536961875893706198e-01
1.560418770971221981e-02
1.533893063080383687e-02
1.088111793569282275e-02
1.806159410820028510e-01
-3.580942984756777525e-01
3.325293919429328504e-02
1.849705365948508540e-01
2.402066991711900301e-01
-1.369990651128203119e-01
5.538325587690157148e-02
-1.079968797511376977e-01
-5.467440369315537847e-03
-6.716989178358646617e-01
6.781135731225470531e-01
-3.065331109930543099e-03
-6.903602269306294281e-02
1.104841448222284445e-01
-1.419480737532983761e-01
-4.455152446851242537e-02
-1.890363580121489154e-02
4.135905652034618796e-02
-1.064704394854354419e-01
-9.637623628975662549e-02
-4.438668120548830420e-02
2.815349751399849887e-01
6.357145619738954756e-02
-8.551630286234621070e-02
3.661154733388489180e-01
-1.926159642168888131e-01
-1.537596919086436476e+00
2.339954038645481571e+00
-4.544647827015757535e-01
-5.006218061218769000e-01
8.950947174286544294e-02
-8.811517569574262021e-02
1.671624174966979404e-01
-7.337317687886722728e-02
-1.405605871003303697e-01
-7.840596513972407366e-02
-8.069681379640664121e-02
-6.500715526854883297e-02
-2.099706616229906828e-02
1.590124237958053799e-01
2.305173132757782073e-01
-3.905282730626288834e-01
-6.065127661304021284e-02
3.239376466177243952e-01
-2.532129644587358119e-01
2.804188570782950585e-02
-4.931644010858381166e-02
-4.562809669974807192e-01
2.704408143642077489e-01
-8.021977554561264545e-02
-2.713875931329450264e-01
5.043759351138912272e-01
3.476831545316437788e-01
-1.656630001719343603e-01
1.770306199672843361e-01
3.009693318748214996e-01
-1.633174479377555999e-01
1.796039731411742113e-01
6.657665125302358877e-02
-1.759265379508875848e-01
-2.869817457777724123e-01
-4.217898985271591183e-02
-1.477949420561872618e-01
-6.752292995928235730e-02
-7.091121713275078120e-02
-2.580480433675611321e-02
-6.461732281763146735e-02
-2.308542634574526492e-02
9.353600529659701623e-02
5.071377070592381076e-02
6.791635722274554088e-02
7.718014568537130693e-02
6.188006419024096039e-02
6.888725868392191198e-02
3.965510354314027291e-02
-2.559809252573678248e-03
-1.391697890505961821e-01
6.796221994296103297e-02
-1.129644782974592171e-01
-3.914997884840249603e-03
-5.100311481993381052e-02
-3.269400966391879711e-03
6.688848586477375013e-02
-1.488359663808030420e-01
-1.660058587894744642e-01
-3.805740220093419002e-02
8.364009666746058391e-02
9.600953061813743972e-02
3.311498997684339529e-02
-5.846680334256813827e-02
-1.472769399275281402e-02
1.603464471954501036e-01
-2.719102362748706397e-02
-1.503066163391909571e-01
1.819139497895030655e-01
-6.943077678250156315e-02
2.906395373570304363e-02
1.296007374098064047e-01
-1.289512801085066773e-01
4.244868173843979048e-02
-1.686563584813825789e-01
-8.663285383892312119e-02
2.458174679750554578e-02
1.138437696105071978e-01
3.757064548054399322e-02
-1.242592882840390378e-01
-8.915734020566776219e-02
7.698411809295978292e-02
1.475013188819921939e-01
-7.335239642184651632e-02
-1.476605312804043779e-01
2.151329552189265026e-01
7.953456818958645758e-02
-6.924427714661118838e-01
8.072543681447277297e-01
5.327535246570837268e-02
-3.480775349682597164e-01
2.668106182111705804e-01
-4.698329399419452074e-02
-7.308651919437260391e-02
4.795081462123450267e-02
2.849069788374875012e-03
-8.615785330639909312e-02
-8.036403088033335085e-02
-1.997924460129433533e-01
7.015551769559939289e-03
1.601346952616956587e-01
-5.673743816232082980e-03
1.305412348343641116e-01
-5.895418488603879070e-02
1.170901145372373965e-05
2.104547106139507684e-01
2.103719667639859792e-02
-5.247628296437115841e-02
-5.303380087687314254e-02
-1.724409911693041975e-01
-1.047888511139260332e-03
5.277396311931287914e-02
-5.275158190182815260e-02
-6.868561146138542350e-02
6.270897152992076229e-02
1.661659045278284993e-02
6.486669684618669163e-02
3.363569490840066095e-02
1.658403506750251999e-01
-2.571961730197198093e-01
-2.383963556738245143e-02
1.304380929641293929e-01
-1.439658631987323911e-01
-2.328775838602985260e-01
8.137943343505976701e-02
1.276144356427432250e-02
-1.002678976370160041e-01
-7.217647675253287265e-02
-1.979387201168965049e-01
6.450916160415187672e-02
-1.436283837034937894e-02
-2.094397568956922195e-01
-1.994095070989218010e-01
-9.772125121969216233e-02
-2.574962373284684358e-01
-6.014707560566364686e-01
6.260872209399179766e-01
1.074684056022130463e+00
4.277455091359502748e-01
-6.999434422236590070e-01
-5.015738476011409597e-02
2.566769736633691124e-01
2.424166981254450431e-02
3.292099795135898233e-01
1.343577010923204806e-01
5.299006867919204417e-02
1.679893227119286236e-01
-2.797438504962793671e-01
-4.308604669453431901e-01
-1.009829287531201214e-02
4.159881572320289767e-01
-1.061739767303938459e-01
-2.161443501807732703e-01
-8.617323591295984742e-02
-1.012469916081946003e-01
7.682413951531384677e-02
-1.145018007557422335e-01
-1.655780503698034076e-02
-4.181565754053306327e-01
6.040445126322822184e-02
4.973318570854780296e-02
4.947756582452195184e-01
4.695521899390673881e-01
-5.536336965466831517e-01
3.198431682784492330e-02
-2.683937094416855573e-01
-4.813672047851181440e-02
8.551072134185348783e-02
5.089465333815534898e-02
-1.028408646088108946e-01
3.735255576003018024e-02
8.662205387938343160e-02
-4.793658316805991526e-01
8.009192589993785472e-02
2.411698422999025149e-01
-1.058822431135069964e-01
3.139291095887618288e-02
6.965352409649709919e-01
-1.300536899773781840e+00
5.155992478677611235e-01
3.347420943434272766e-01
-2.460348526064060348e-01
3.325175405264017003e-01
-2.028525363862254405e-01
-4.367811932491624805e-01
3.535799342028012049e-01
2.756949662839791593e-02
-4.585213612467054500e-01
1.085031557636722266e-01
3.311033302562244041e-01
-2.700191496637744937e-01
2.971091270370105342e-01
-3.292026435891488023e-01
-2.853006386723510035e-01
2.179023101332013823e-01
-1.327767233119119851e-02
-2.254868374328281855e-01
2.345507932679705421e-01
-9.423826482039365793e-02
1.321033926724161922e-01
1.509860053475616526e-01
2.559824797767757398e-01
4.636611094840237812e-01
-5.476599850684231718e-01
-2.208970141510889773e-01
6.355772069181402084e-02
5.077378099334519529e-02
-1.967453654002638552e-01
-1.878619448330693387e-01
-1.311257675270516565e-01
-1.399728385144637377e-01
-5.189287101049298162e-04
-2.176379950073734429e-02
-2.367141990199067916e-02
-7.123127143074281520e-02
5.008706875701193773e-02
-1.376578347761649168e-01
-2.479049331166307824e-01
1.415012831846203634e+00
-8.344474253683766829e-01
-1.712045480044225021e-01
3.268459350785122286e-01
-4.979701138180828712e-01
8.801538528561546615e-01
-4.620267848798151888e-01
7.138373324150394661e-02
2.671960507120215156e-01
3.559997261014360287e-02
-6.122999578890333527e-01
3.748913077842465358e-02
4.881333829049309680e-01
-4.859503245559144702e-01
-2.903475238930519620e-02
5.080703193778729476e-01
1.988287283178305220e-01
-9.534585825686101579e-01
3.986582399658347708e-01
1.286898447424909830e-01
1.763742727169994029e-01
-4.497141476625182710e-01
-3.568117099266839842e-01
9.374416921766416666e-02
5.466602403038074431e-01
-1.953451576728549577e-01
-2.056094800115531585e-01
3.755654030439439239e-01
2.126178763182983433e-01
-4.762005583008957488e-02
-9.910595596926149997e-02
7.254952129757782919e-03
-8.141207767873804846e-01
2.655118583881279151e-02
1.950051140729744281e+00
-1.973060329996533468e+00
2.341269356996662498e-01
4.927335986433971637e-01
3.038020271072093825e-01
-1.027773083112266256e-01
-5.279757520072476673e-01
-2.929782046069637214e-01
5.051380315178219949e-01
-5.775608782990460793e-02
3.224657381373713938e-01
-1.042931755099001517e-01
-2.369819652070072058e-01
4.486443309900782772e-01
-3.718329220424454462e-01
2.400458513904436542e-01
-4.630914943491452884e-02
-8.083962921010120484e-01
9.432079839683987776e-01
1.869936943720676703e-01
2.259999012823928899e-01
-1.109341711345439435e-01
-1.063165118698317368e-01
-1.542286603660711075e-01
-2.692575407821978795e-01
7.171974986918822070e-02
4.512374668228962826e-01
2.327845382730097876e-03
-9.261810790659966153e-02
2.369006658586916836e-01
-3.051596397577316933e-01
1.401413773462467371e-01
2.770687312606006092e-01
-1.730838838879726616e-01
1.141646761570386769e-02
-8.439239909220055957e-02
-2.239197660519036959e-01
-2.576251699656918470e-01
6.505563740220578206e-02
2.677239500087751911e-01
-2.805563996956156880e-01
-3.177457316416637534e-01
2.336981897868579405e-01
6.851813493566837054e-02
-6.468412687182742427e-02
6.933932585969111440e-01
-3.049535783132151789e-01
-8.849434005093105571e-02
-1.764568528575761186e-01
-6.584697460099770971e-01
-7.427111009491585980e-01
-2.407350194039457492e+00
-1.225898182289982152e+00
-4.184129184783129118e-01
-3.785537420468693681e-01
1.203877713617244494e+00
6.078706719330099206e-01
-8.888728423680952728e-02
7.465719982887700779e-01
-3.287327139007999860e-02
1.948943213178636613e-01
6.794239585932934089e-01
2.237376577440373993e+00
-5.153908627615054749e-01
-5.362272995806577347e-01
4.852043269277206416e-01
1.391853304224414667e-01
1.666606013000653252e-01
-3.365709677890552642e-01
-5.337120616329595058e-02
-3.058310593398853028e-01
-2.712687392575387491e-01
8.551668930815495978e-03
-3.729014893119291796e-01
2.664022832592197743e-01
-1.568714365969614832e-01
-7.896157830411055789e-01
4.928618293597207267e-01
8.267450262128386296e-01
4.156832835926888015e-01
1.997517129699549754e+00
-8.382604035594778402e-01
-9.411078287676071241e-01
6.748425285117416461e-01
2.003364471556981150e-02
-1.196692053242154469e-01
-4.070774707689148696e-03
-3.227506148869720426e-01
-2.793127619695545127e-01
1.274460224452687168e-02
-1.167136145326738567e-01
1.136563933832966944e-01
-1.689615380111445242e-01
-1.694004428749306956e-01
3.145757287350813836e-01
-1.740480027324027013e-01
4.467698724019376899e-02
-1.042726836620905817e-01
-1.062606932366401691e-01
9.108304546251977385e-02
-8.104336851309400236e-02
2.173485339118814419e-01
3.433427783239305364e-02
-1.442403788606504700e-01
3.775485008292245315e-02
9.003362315414061012e-02
-6.224513100331255377e-02
4.129614910480990803e-02
-2.030140825373092650e-01
-2.373609797198395488e-01
1.191409402399145057e-01
-9.026387207003828224e-04
-4.908155277194731561e-03
-4.357294525469841417e-01
-3.354127565699315250e-01
-1.625988546438341953e-01
2.337637378332206028e-01
-7.212831881439460413e-02
1.825208776260845989e-01
-1.648843335607302896e-01
1.900400311030348705e-02
1.188300568012004219e-02
-6.439822618267682097e-02
-2.886707687543192680e-02
-2.289715947711245536e-01
-4.844797113369860853e-01
8.169343737986133336e-01
2.221223993722388768e-01
-1.049414799022510447e+00
3.005332811776701973e-01
1.390981657020925466e-01
-2.942366447477314240e-01
-2.963332587825672770e-01
-1.328054385807532212e-01
4.182008717615225135e-03
1.426192091139404372e-01
-2.248875127091498616e-02
5.834699219606971111e-03
-4.298249312404164857e-02
-5.214173611420205856e-02
-5.374356479535935538e-02
-4.258497956499414094e-01
5.806820260097098063e-02
2.261585760589844910e-02
-1.820532996120948765e-01
-3.887988357500535980e-02
8.494673977259104003e-02
3.219250054612914358e-01
-9.109468626495147159e-02
-1.791381808809817955e-02
-5.872195506847836810e-02
-6.728742422668530787e-02
-5.108957718699118355e-02
-9.866558696361099959e-03
-3.999496209544618763e-02
-9.286759234455903289e-02
-3.194485163267961059e-01
1.681734268669821675e-01
-1.561961731733461922e-01
-1.463048283455575249e-01
4.783155669907308560e-01
2.009495602984202531e-02
-2.013225312024831126e-01
1.224931900081106806e-01
2.625048268272603402e-01
1.459476040947825237e-01
6.100395791405203161e-01
7.909968943123464324e-01
4.242219376948689891e-01
2.605090981583064297e-04
-1.485361401081997934e-01
-3.274282998866813732e-01
-1.253638603241696292e-01
-2.147100391088146709e-01
-4.153790098772047190e-01
-6.484920161609539768e-01
-2.498506939687473449e-01
5.156755128371844910e-01
1.189322715849284867e-01
-2.650749724380958017e-01
-6.128383406392067245e-01
5.774028722445239126e-01
-1.549605704120134708e-01
-4.466579035403584613e-02
1.550967801188641859e+00
-9.666845771001069121e-01
-2.926355714782706396e+00
1.937503640919528536e+00
1.275463094870225245e+00
-9.612276698170749700e-01
9.520808765408876606e-02
-6.201539528055723116e-02
-1.928359185346171512e-01
2.655573469937596784e-02
5.839045763892664054e-02
-6.961357370429172020e-02
2.853167072615956368e-01
4.274605569308267267e-02
-4.353106322466607919e-02
2.718361339324649739e-01
-3.153971301768648816e-01
5.750164955959841118e-02
3.496148832086199976e-01
1.834106127304891698e-01
1.809127932928863147e-01
5.979467031621914924e-02
-1.559316170571228288e-01
4.754238764960352220e-02
-6.763626204811766518e-02
-1.241105141669801154e-01
3.976353730338782339e-02
4.515376355680108394e-02
-3.441719793044915876e-02
6.551808596919513929e-03
4.301661813048678062e-02
-1.972372466534619284e-01
-1.909927665339514191e-01
-3.723610140301617522e-01
7.309769376946185782e-01
7.038742539255937736e-01
-3.741850855630664968e-02
-9.197301778329223243e-01
-2.228409404048669329e-01
7.358851151865247742e-02
2.939714360865360310e-01
2.823000511543025809e-03
-5.046342306375064396e-02
1.111890190703065801e-01
-1.997252752935093148e-02
-1.366576478128684879e-01
1.201618506866706515e-01
-1.539325167343713607e-01
-1.569220772899053429e-01
8.079417053195708798e-02
2.570810922214610272e-01
2.270269418062676181e-01
-2.726003380046049251e-01
5.572503930239913750e-02
2.161073055633701556e-01
1.035654203766457476e-01
7.538255951099480422e-04
-1.866433047489479968e-01
1.009433715908262738e-02
5.476855465798221440e-02
4.678071794472898198e-02
7.453781915767949962e-02
-3.657662859220905255e-02
-1.778987579125214658e-01
6.433371176138895364e-02
-1.277868988625289332e-02
-5.854076455574506316e-02
3.083089600969802224e-01
-4.822425595140823751e-02
1.299263681013174687e-01
-1.722573031556104972e-01
-1.021617500395934353e-01
1.851890052755574834e-01
-1.500623997688131650e-01
-8.676596609905060445e-03
-3.871495033279253595e-01
-3.049984115789835387e-02
-1.252168045321858381e-01
5.881236724826801598e-01
4.906837530207918546e-02
-1.328474057243444473e-01
1.929324988436738053e-01
-1.287205763729961094e-01
3.663446266056582471e-03
-7.143066693763441832e-02
2.066422371109239223e-02
9.109268910407888886e-02
-2.133675145327946221e-01
1.852636256339188214e-01
1.461275713391617104e-01
-3.982397563456960971e-02
-9.647127696769357275e-02
-8.908139635215632512e-03
-1.690031910793305531e-02
-3.515454786220338634e-02
1.056919314529876919e-01
6.751708940845435603e-02
-2.091868241434830245e-01
-7.060097044958316137e-02
7.094152280016818857e-02
-1.946677980824436036e-02
1.011123607725887136e-01
-9.421071442722611655e-03
3.151320579209237333e-02
1.625099445962912767e-02
-9.209756662858514797e-02
-1.693150857750495564e-01
-1.187384031931010830e-01
2.304125870000623411e-01
-2.507824323872526739e-01
5.542763187255912716e-02
-4.533601078052648670e-02
1.480632947692312185e-01
3.519782863925467742e-02
-1.252538277806463686e-02
2.916369979587647987e-01
-7.557704258032879596e-02
1.898059860181677827e+00
-8.527500741276184959e-01
-4.161053853770646960e+00
2.749001991057926642e+00
1.259057875266731852e+00
-1.444815248680529685e+00
6.089031836115866847e-01
8.160962577404483331e-02
-2.889039063842883115e-01
1.778022119883754526e-01
-6.598063970930337363e-02
-4.819865888417535285e-03
-6.679424058806350539e-02
-1.013766955858255107e-03
1.260655029169905628e-01
9.423392278505875186e-02
3.567561375518135680e-02
7.084354532857189100e-03
-1.117894091757483110e-01
-6.677151850057032323e-02
-1.550384981858342615e-01
-3.453332009872557840e-01
6.552996278810254704e-01
2.152415406865489711e+00
-2.958387705396081646e+00
-2.337005683313907678e+00
3.502201950245155349e+00
-1.280206905035762843e-01
-7.016192481885675791e-01
5.845211408854532609e-01
-2.977382685334661883e-01
-1.111320195881445733e-01
8.985029538655957271e-02
-3.937358342336800578e-03
4.297865219123191138e-02
-7.653451860466038703e-02
-1.001964097486495592e-01
1.692751764258036973e-01
1.399276249556601417e-02
5.108648725341017466e-02
-7.152659225689873834e-02
-2.611133343799676779e-02
7.476953169199796259e-03
-1.180860626368110053e-02
-1.179750227502004284e-02
-1.723597998357671813e-03
-1.035419090123837899e-01
-2.678476930358711372e-02
6.566770355877449283e-02
1.423983581400635412e+00
1.136024046165914569e+00
-5.713250625829971341e+00
2.888334757637448291e+00
1.836074332339746373e+00
-2.958124968307986880e+00
2.118001264583327270e+00
-2.313969865830060590e-01
-5.221321252966100168e-01
2.144694089684865412e-01
-6.562589373025654038e-02
-1.833116291037631129e-01
2.119288518619942899e-02
4.056978342286585507e-03
3.210151117597533771e-02
-6.858331268684603188e-02
5.523261847870872959e-02
2.742044083719968328e-01
3.973897466181190719e-02
-1.427440438088704855e-01
-3.286592622686122789e-02
2.355242640574114685e-02
3.738771839102023042e-02
1.837484278786589431e-01
-2.572163174650191151e-03
-2.931658958336871845e-02
9.104157718378014241e-02
-1.786119858715800590e-01
4.762445834309558118e-02
-2.973667533323499576e-02
-2.657516578893868650e-02
8.657276638781380429e-02
7.580881284554931952e-03
-8.896937205586503972e-02
1.189995269958868535e-01
-2.497665764248205023e-01
8.480589720390721217e-03
5.449487493807974453e-02
6.674478039768716453e-02
1.784156951193379970e-01
-1.053637496419090741e-01
4.717092013792304611e-02
-5.933799832193347584e-02
-1.394142015196185025e-01
-1.253528042466910686e-01
-1.014184340342502363e-02
2.308221105713872123e-01
6.289092072055406379e-02
-9.327374856790092428e-02
-4.043038760203360865e-02
-5.722026756191848224e-02
7.471009775568014655e-02
-3.073956491801167409e-02
-3.398031314870238462e-01
2.850772039135908154e-01
-4.986719707115722100e-02
-1.478773302044747162e-01
-4.048322368578839703e-02
7.132550354969438046e-03
9.009499556142482046e-02
1.693130969987481083e-01
-6.156230077928561556e-02
-1.114716608565530787e-01
1.207830877076674359e+00
1.166179554020326109e-01
-2.273380008120128082e+00
4.136981756757026063e-01
1.046476029841090671e+00
8.717901180351145252e-02
-2.539338456791166432e-01
-7.142743287458050427e-02
3.014997904488264657e-01
8.884677293739362547e-02
-2.928807111048033485e-01
-1.680430506230825780e-02
2.125627718149139256e-01
-2.705583717756263832e-03
2.463257727874748615e-01
3.364498264388766646e-01
-7.276438014488081831e-04
2.663110405261754354e-01
5.718780098039204923e-02
-3.591125679393638026e-01
2.288344337094589120e-01
-1.263066481991475531e-01
-9.152548953177425117e-02
-3.419132737366590430e-02
6.640044770014512376e-02
2.713167993473860617e-01
-7.117803448603800265e-02
2.802355425753902396e-01
1.192162730782295038e-01
-8.728627808525486753e-02
3.223162205261293628e-02
-2.131621140218852573e-01
5.238439738109954558e-01
4.861117070127610185e-02
-3.477639864312589979e-01
4.265252472287468510e-01
1.136071892112815451e-01
-1.223415522244804439e-02
-9.120494263447662120e-02
-2.179703041105825190e-02
2.727632526784035671e-01
-1.899381124137826116e-01
2.018145777606643321e-01
1.777882037244395974e-01
-1.146764669196923547e-01
-1.450417302445750900e-01
-2.333031659964392712e-01
4.871184604341199376e-01
-1.154964168547710501e-01
-3.036801549933599298e-01
2.507783706291455417e-01
5.018607744738263349e-02
-1.537725782180675294e-01
1.797092707009256482e-02
-3.215758522191536350e-01
9.744019639620342399e-02
-1.559402262435577724e-01
-2.436725711681959894e-01
-1.773260859827495706e-01
7.362871874974588615e-02
-2.792979738962906300e-01
-1.990883726672451060e-01
2.499373684135894058e-01
-4.675936541236386246e-01
3.933198486981123038e-02
2.598891925321160645e-01
-3.129222156380548348e-01
-4.855380272716457446e-01
7.419677355927080109e-01
-1.873230080823045096e-01
-2.911741128862137540e-01
4.518809253132780035e-01
4.120989096407329938e-02
-3.795552326543487065e-01
4.030040343666894120e-01
2.380295081415232661e-01
-3.214937173611422949e-01
1.027173595829547897e-01
-1.509089111437047215e-01
1.934824158296047369e-01
-2.340227075511427113e-01
-5.112901042000542740e-01
1.106488489038714995e+00
2.134295935770033348e-01
-2.216290898980416979e-01
1.950952710264038048e+00
-3.102066962177613352e+00
-4.029006627756417380e-01
2.516000658238246146e+00
-8.463058501471574235e-01
9.034559563304333032e-03
-5.896291537942657118e-03
-7.292210089484851832e-02
1.673614138315579480e-01
3.575643034805105480e-01
-3.515734564100033155e-01
-2.072911702517923616e-01
9.424105672310413295e-01
-4.298276291359032775e-01
-4.125923898442416249e-01
8.408136562511832057e-01
2.307167036097805199e-02
1.755822021773246755e-01
-4.361703199732636094e-01
-6.889021667593528964e-01
6.264792660378436517e-01
-2.864961548005762193e-01
-1.097527245973879267e-01
1.992826591693276361e-01
-2.690417276666418611e-01
1.280228615002901825e-02
2.963392109973149724e-01
3.353329404838237271e-02
-2.025906044023833841e-01
2.534384052678448351e-01
4.124002682595467872e-02
-6.524626483346555872e-02
-7.513819624301519562e-02
4.783221458593620717e-02
-4.665579535807715117e-02
-1.641153442350795355e-01
9.487288151400152802e-02
5.919048809055354327e-02
2.086940606500695961e-01
-1.588825217928289402e-01
-1.420092435853932689e-01
1.946213426242261180e-01
1.470392194012524190e-01
4.245254630992890688e-01
7.720830364770889798e-01
-3.463441131652991611e+00
2.218185039978749717e+00
8.288924813518645518e-01
-1.796535593372531547e+00
9.770283524267776576e-01
-1.954533661225630325e-01
5.320201061287221922e-01
-5.504672113345612239e-01
-3.640307921612641329e-02
-4.953558377400036489e-02
1.009191492289761710e-01
3.167660843468875914e-02
-1.771313271990378191e-01
3.374033522677709063e-01
-3.879493480081598888e-01
4.181151724192469499e-01
1.688838477409575489e+00
-3.600192268850922250e+00
4.491803782185889715e-01
2.573111375633104103e+00
-1.969480154349827261e+00
6.339193310515203184e-01
5.570816889597547394e-01
-5.395725624145463195e-01
-3.064526691168358852e-01
2.950131835382906464e-01
-3.014158319284974685e-01
-2.250427693986749994e-02
4.208223750171277144e-01
-1.396590636523196982e-01
-1.866425948724992068e-01
1.289476447879938335e-03
-2.043632045428689092e-01
1.800905248284313531e-01
1.558210114397343138e-03
-1.747627208833756329e-01
1.584988625387150130e+00
1.501844935460543207e+00
-4.965704041851839001e+00
-3.117607036560919864e-01
4.067428078354540233e+00
-1.510244189980044949e+00
-2.203662781814945404e-01
5.081803911091719028e-01
2.558282660899688365e-02
-1.224243351033464378e-01
-2.706229011567686804e-01
-1.315194276855125854e-01
1.563734145805618647e-01
-1.529056408213329554e-01
-2.661536323521134298e-02
-1.403450948499345985e-01
8.211829988435043193e-02
4.249308697309105431e-01
-6.379809869718968685e-01
4.327016882404881026e-01
-7.180545555073401809e-02
-1.393493428726582106e-01
-4.488980035898220561e-02
-1.107314040303899044e-01
6.254312743914556272e-01
5.921711433313370243e-01
1.600905337827462915e+00
-3.833394870277136324e+00
-1.900716450853765505e+00
4.635830228528016406e+00
-1.324740888696914753e+00
3.758173282471474752e-01
-3.467395741076576554e-01
-5.445924645959724364e-01
2.431549475775268143e-01
-5.532548435869465847e-02
2.366183089220143532e-01
4.355968467054738280e-01
-2.934960126022604365e-01
-3.037778225374131447e-01
2.714352584315777306e-01
2.253426079497824336e-02
-1.244913515703631318e-01
-2.681107074788605105e-01
2.769106371473875061e-01
-1.191186663477142998e-01
-3.885526600332787628e-01
1.279938019390200465e-01
3.369109901373753546e-01
-2.823578153175165806e-01
-3.107534192958866237e-01
5.092845291381227213e-01
9.097614680176359103e-01
1.640997464038457476e+00
-5.644636818082613416e+00
1.498933181251433933e+00
2.885520185728891907e+00
-2.298536198097153260e+00
1.225799463818434409e+00
-7.855040319701443730e-02
-5.419139105616241903e-01
4.319229218132797365e-01
-1.312621468424598481e-01
-2.223294271067470240e-01
3.549939378943431367e-01
1.527297873487398483e-01
-3.555364452677108322e-01
1.661294067055202883e-01
1.015211609320360170e-01
3.271469942600039871e-01
1.036020584998780913e+00
-2.031547065773213312e+00
-1.115707986144644837e+00
2.637907862067434106e+00
-8.465378726891904515e-01
-6.918937621755717471e-01
3.200534873899081312e-01
-2.980761734891069215e-01
6.176980468101586075e-01
6.712671448630772586e-01
-1.083097739818456251e+00
3.848436600409509134e-02
1.801904355555900283e-01
2.262017142025173760e-02
4.176977057198699717e-01
-6.252915329954932266e-01
2.326651367557460937e+00
-1.193362614736021898e+00
-4.199681920681928027e+00
3.295826977760289989e+00
9.123649433706175760e-01
-1.830586819402612919e+00
8.890555032226122867e-01
-4.530782079924255412e-01
3.478335113929955646e-01
-7.901481879955798981e-02
-1.844076850023498304e-01
4.433411486390053530e-02
-1.934122049937721938e-02
2.471729118460162106e-02
3.186010079501860881e-02
1.760186755501678357e+00
-9.272894044258585267e-02
-4.653973413818147442e+00
1.922686695414675073e+00
1.837626588541473316e+00
-1.210501671920703126e+00
6.693289706762388658e-01
2.581978197067693048e-01
-2.313466713551206033e-01
-6.823426325705833628e-02
2.768672328145586614e-01
-3.114381320377336282e-01
-1.550670221768207513e-01
9.164906429739491656e-02
-7.186315428703252128e-02
-2.418192506564192587e-02
1.167930597683563138e-01
-3.301091102692756130e-02
-3.891915876179570521e-02
1.165950770279357979e-01
-9.497565627465343052e-02
-3.113029330345970513e-01
1.802958053518372294e-01
-4.021240482937342431e-02
-2.905247638848203473e-01
4.682424565379030845e-01
2.983697050885089630e-01
2.730348209529023240e-01
-8.122532657167388370e-01
1.799299297787033403e-01
-2.098056116111568850e-02
-2.966420737310896394e-01
1.511667282228292164e+00
1.314349675318198907e+00
-2.894390840001057175e+00
-2.070085875536247233e+00
2.472298571091640529e+00
4.895625734206865975e-01
-7.160354668079673690e-01
3.218721118304027629e-01
2.442676565856847226e-01
-8.739101586196483269e-04
-9.087587816655942619e-02
-2.922413041422891253e-02
-1.831185580559347714e-01
-8.677626591373339970e-02
-5.561906895936472028e-02
1.427816459635018352e-03
-2.912220417682005458e-01
2.987508380277838493e-01
-2.685365478814041307e-01
-2.119101836804643535e-01
9.630594802343146466e-01
1.205637882670334560e-01
-4.820470414358901667e-01
-2.362043273458708792e-01
8.568574534383406258e-03
-2.781237165243597986e-01
3.713637971864536813e-01
5.990458040852774113e-01
7.081977370406292716e-01
1.124874560235499921e+00
4.008628090416023748e-01
-1.883348971713544096e+00
-1.436350890907672317e+00
1.204491277427806262e+00
1.222058680588283375e+00
-6.001745501599327071e-01
-4.286686619282743804e-02
1.663444001809340211e-01
-2.735418022194708865e-01
7.989392470504201593e-02
1.417477771839993628e-01
-2.285107379473682865e-01
-7.997802512665613817e-02
1.563306570747447222e-01
-2.314647948443039616e-01
3.737544790638588355e-01
1.616561106075306842e-01
1.427927748680671120e-02
6.502399751691653740e-02
-6.637632096200689336e-02
2.205287259666903130e-02
-3.505010196776543463e-01
-5.543890514100838912e-02
1.071875877434522173e-01
-5.195867035599429501e-02
1.820707076947701009e-01
-4.657127764749416921e-01
-1.133566500111225922e-01
-1.056445272594649931e-01
1.389667743944613121e-01
-1.886228693066638873e-01
9.421099820181050299e-03
3.906713223478481822e-01
-5.064334959545413462e-01
-1.046568724898936792e-01
1.271297671734267221e+00
-8.329609175916699026e-01
2.956277332271460279e-01
2.263406613056463956e-01
3.162390108953252454e-01
1.370540571467522950e+00
-3.302314618766066801e+00
-5.969822342661544878e-01
3.197942836788836285e+00
-1.495860173749671285e+00
4.349017938767710256e-02
4.592890035487294798e-01
-3.165511703168796820e-01
1.941830872215710435e-01
-2.262204877371548906e-01
-2.046129189887488098e-01
1.333011196708922541e-01
2.695289535166877498e-02
-7.566891041589869638e-02
-1.037646511809191957e-03
-9.279963756038579412e-03
1.075360127517794862e+00
1.283208306207139326e+00
-4.248571071884914119e+00
1.108473110336223089e+00
2.725229115264489188e+00
-1.927798441592972978e+00
5.449804122681222163e-01
-1.847565602320340172e-01
-3.275975083801008769e-01
2.712500689353202765e-01
-1.336692018179048425e-01
7.104249303490945966e-01
-6.033027080606538917e-01
-2.242838732829532944e+00
1.868118797917525109e+00
-3.713244635971281737e-01
2.268562269512324966e-02
4.846691567532906419e-01
-6.560847545791324842e-02
7.064335175929793431e-01
-3.800541132931061772e-01
-4.728574567492042080e-01
6.076098822657890475e-01
3.090603850380355677e-01
9.779902613557310553e-02
5.039671828678952137e-01
8.107752411376878410e-01
-1.569361234324198051e-01
1.887639004589689307e-01
7.422386358216215806e-03
-7.667248563045585275e-02
5.325271616229078075e-01
-3.239076330319234920e-01
1.330093485062304459e-01
4.147125798717543055e-01
-6.658149467619695061e-02
1.238039497790051485e-01
-1.222877968795839237e-01
1.636508462410793951e-01
-2.821860579020983306e-01
-2.728335629456870026e-01
3.428797920843308922e-01
5.838998278708681759e-03
2.733560245636083852e-02
2.674580334418212302e-01
-1.275595468176059406e-02
5.993643130694533694e-01
9.527952583163277200e-01
-3.467266104215949607e+00
2.379727662850436243e+00
3.177488674223481468e-01
-8.562760029699068021e-01
7.177261306739033397e-01
-2.308919548554871359e-01
-1.597037638912838231e-01
6.388652383429477277e-02
1.916446984477010174e-01
1.414914404830623466e-02
-1.716437000057744189e-01
-1.399807501452422220e-01
-2.134239982779374545e-01
2.792401120317830956e-02
1.701245267293974295e-01
-8.267532830903170926e-02
-2.352377733272291438e-02
-8.127704254917400561e-02
9.012166416981723382e-02
-1.691314509127279653e-01
-6.770572176369725470e-02
9.413902425214229486e-02
3.104800345642727000e-01
-8.102343972569703290e-02
-1.015420747437300042e-01
5.025638148992529475e-01
-1.831535302316261715e-01
-3.255338775233511117e-01
2.890241109012323117e-01
-1.337151805624293421e-01
-9.892917629479823505e-02
1.128372872152811068e-01
-1.383365974556494821e-02
-2.958399567621953774e-01
4.246506431597995568e-01
-3.651692000318453868e-01
2.967017018841002218e-01
1.510252753949762050e-01
-2.828850938933437087e-01
1.619594529010935646e-01
-9.924463266945073026e-02
-2.324328454316585968e-01
1.180519217581657149e-01
1.924568878632238744e-01
-1.281420392494211913e-01
2.028836866286011509e-01
1.865699016469384575e-01
-9.742798892546276901e-02
-2.363208370720249751e-01
-1.588734374932991023e-01
1.042786856366017118e-01
-7.379081219051933371e-02
1.723387372936417417e-01
4.779740079006040976e-02
-2.402924682229067854e-01
-3.472112057092163750e-01
-1.560014648540127835e-01
-2.592376733204854733e-01
2.218750775299070666e-01
4.113219764847984572e-01
-2.892445380720727321e-01
3.882513241361781192e-02
2.148693526858566072e-01
-1.007407795186750638e-01
1.124759794481700881e-01
-1.292863893863457347e-01
-1.075619091594200438e-01
-2.266210227115723549e-02
2.075469169950461268e-01
-2.455428947859887231e-02
1.754693438445261489e+00
-1.536775785895185820e+00
-3.907029666928387268e+00
3.172243166353553523e+00
1.268749919442113239e+00
-9.280294675103888391e-01
1.854719603783462900e-01
8.747853585416433264e-02
7.557897071039402226e-01
-2.716193504849697127e-01
-3.001897257418313925e-01
2.631490628393645115e-01
-2.380267049222747552e-02
-2.794016690225032962e-01
-3.161315097329688295e-01
1.271671234386238247e-01
-1.575903186407028311e-01
-1.678251120423717435e-01
2.976181131577943471e-03
-2.716611734410807055e-01
4.069313630088803868e-01
4.745583331461656479e-02
-1.986630605292025731e-01
2.296236701476226660e-01
-5.634145516875652682e-01
1.079151872218340608e-01
4.972797572065688620e-01
-8.953663397626140941e-02
-3.941173908356641054e-01
1.546685892127302488e-02
-2.594882193740939980e-01
-1.002611987252239184e-01
1.950720830545634166e-01
5.666732059960135626e-01
-1.707972157876377350e-01
4.552206910896149372e-01
-3.360145523755458941e-01
-5.603146136907511954e-01
4.809822287384283301e-01
-9.095006189435752564e-01
1.088571749934969635e+00
2.439429355497660934e-01
-4.608011396900442147e-01
3.755663404828871732e-01
-3.376923041365065443e-03
-5.495176418385683270e-01
5.750599114838164105e-01
-4.193864374097752146e-01
-3.789834850814736145e-01
7.337941469204521949e-01
-1.336741376039229656e-01
7.150734440980354399e-03
-7.765152173532503532e-01
1.983663157983038827e-01
3.530899990785709708e-01
8.430003553344418421e-01
-1.217670163991815963e-01
-1.024008308301252335e+00
1.762643753336502195e-01
3.168518246162562169e-01
-6.734375556405993724e-01
-1.854699892442848164e-01
-3.874099639576717574e-02
-1.347310115887655479e-01
3.050254161775209361e-01
8.656452376187134812e-01
-1.807076114848400750e-01
-6.836659413292726084e-01
6.099772899800695591e-02
5.591475016876258364e-01
6.083344564052342029e-01
-6.736577753033150540e-01
-4.268193196874288109e-01
-7.230601537469939777e-02
6.845019769497702189e-01
-6.301940178376629342e-01
2.229458255003739231e-01
7.955277446281708298e-02
-5.529478028205725426e-01
1.318573810383577016e-01
3.247541970074587225e-01
-6.700806974513718872e-01
4.163919989391335341e-01
1.595199687482004858e-01
-1.196697755223118831e+00
4.726596824075194880e-01
5.246687286145045315e-01
5.561922229314618660e-01
-3.072401805083434939e-02
-1.285739264823779759e-01
2.848671458857074956e-01
1.340730084221822604e+00
-1.553909505239721822e+00
-2.484025054480949013e+00
2.386596283774669036e+00
1.023420614119348260e+00
-1.115562619595901417e+00
4.966559141539648170e-01
-1.808485832877277516e-02
-8.565401888584234236e-02
-1.884271678083880358e-03
-5.853576581255432593e-02
1.396695832675217373e-02
-8.663315546248313848e-02
-3.854435130070575644e-02
4.900264354330870729e-03
-1.127881953110681512e-01
3.400220440905507568e-02
-1.246539950746961695e-01
3.051213239503844030e-02
9.539407531450580513e-02
2.584812296043579316e-01
7.984605359571787797e-02
-6.049930888051485711e-02
-1.729653182456009353e-01
-1.943465023130039881e-01
1.041004540195987482e-01
3.999494870979305450e-01
-1.191885497937834881e-01
-1.731797627694038333e-01
2.088681103796813376e-01
-5.854670906962194943e-02
-1.906281987206748935e-02
-1.435997633058757605e-01
6.740825210989850880e-02
-3.977529431953060607e-02
-3.607023330870822581e-02
-1.176078802166212606e-01
-1.002179046769355597e-01
2.342023412707378363e-02
-3.946254820264852997e-02
1.571434832646312618e-01
-2.618396791501293452e-01
2.754407000403614192e-01
-1.715994191937992852e-01
-1.041999262759882583e-01
3.349553890269375001e-01
4.600338288229728623e-02
-1.080065752129061724e-01
3.673555686685226612e-02
-1.549455182896408711e-01
-4.797387928402905288e-01
5.941406215265055968e-01
-1.768485520715224746e-01
4.722980871000855702e-02
-1.035153028946189831e-02
-3.554616670458164429e-01
2.326080826164213938e-02
7.203562509238145561e-02
-1.059515120703453245e-01
-5.331315861109944126e-02
3.221501843047453462e-01
2.726949021736396195e-01
-5.822684302185530264e-02
-2.554278945828727387e-01
8.473300362489135651e-01
-1.570041542658501932e+00
3.432963863638812674e-01
1.466013868136464948e+00
-1.077354358151940028e+00
8.839144477905298836e-02
7.108026189099365955e-02
5.943094823093742624e-02
-1.289978312104930191e-01
-1.982250848547515154e-01
-3.503725463611211122e-02
1.110334713621485558e-01
1.065642179444985065e-02
4.736163978567590194e-01
-2.767157903587744716e-01
-2.305271512026097203e-01
3.644564612222576105e-01
-4.003685460514936900e-01
1.453600640674047595e-01
-2.024309477629625820e-01
-4.438950661656256708e-02
3.974638575199408025e-02
-5.126880822343888450e-02
2.504781168961414117e-01
7.524866779125720384e-02
3.698120294951718900e-01
2.064634278898542341e+00
-2.716093508976065607e+00
-2.605610083849533520e+00
2.629692856150883440e+00
1.417048814841528559e+00
-1.469649894072631024e+00
4.851202014033150212e-01
9.834269312365072346e-02
-2.996576996455398434e-01
1.821855363053149490e-01
-1.232232062030588077e-01
1.207238964432386236e-01
2.191484239132750755e-01
-2.853748654679145735e-01
-1.464758662727204397e-01
1.773628744643248323e-01
-1.999547219351204344e-02
-1.074744283583822096e-01
1.259644940245065459e-01
1.104017287162469829e-01
-3.439589219641693563e-02
1.654293665944304645e-02
-7.951052476052464235e-02
-2.369578890266776372e-01
1.990212206987790333e-01
-1.176020238579880001e-01
-2.736584675000813816e-02
1.527826788542398506e-01
-9.228917039585908533e-02
-1.759250953689981134e-01
5.128660916771501377e-01
-9.823433650588982158e-02
-1.402830177463355588e-01
1.439065086712657537e-01
-1.099038874788446085e-01
-1.427928785970427328e-01
-3.597341645838145197e-01
2.494345185244749574e-01
6.526286505442965291e-01
-6.480494924510982191e-01
1.026705364302481077e-01
-1.234291767296539499e-01
9.959718348001902685e-03
1.984923908327475006e-01
1.375785244484888370e-01
-3.224544531356496324e-02
-1.229536154519421248e-01
-1.470424514939342453e-01
-1.186720405232017383e-01
2.074743117560167230e-02
7.139628462110951534e-02
2.312059898785571999e-01
1.139487017818824749e-01
-1.229845791134028116e-01
-1.849968920263131422e-02
-2.585315329871213930e-01
-3.155573505263891687e-01
2.554830424069477052e-02
3.388722050341913539e-01
-1.878750172448035438e-01
9.639906826112342175e-01
1.432252179461939834e+00
-2.657840121060476957e+00
-7.241810531947854290e-01
1.884074693878993401e+00
-7.127600378308422968e-01
-1.650566225643758933e-01
4.020641564834538384e-01
-1.103001077270751445e-01
-9.083996338824651406e-02
-1.427079015309709042e-01
-1.520403209982991166e-01
-3.842629946332918323e-01
1.603793854682948883e-01
1.366212980945179511e+00
-5.743400702178044215e-01
-8.744667004773035712e-01
1.024791732925953491e+00
-2.732264505494531592e-01
5.844031975581197580e-01
1.051993630497698895e+00
-2.391733053882767912e+00
-1.099953396801190753e+00
2.289006860677147426e+00
1.982275311541123464e-01
-5.914218026295607888e-01
3.488275975734393408e-01
-2.188549865998748734e-01
-2.114962786016563179e-01
6.785057580980161096e-02
-9.547848852435605882e-02
1.142397320203911160e-01
-2.582960736915700106e-02
2.233815671121438806e-01
-1.380291331495931695e-01
2.639865095383490678e-01
2.964740543180827137e-02
-9.093179618804890507e-02
2.241881528376878097e-01
2.177622336570620432e-01
1.409352736289886110e-01
1.671541340182277624e-01
9.147372600594895486e-02
-1.515669440189314765e-01
5.153378507996096702e-02
-3.143898358017755551e-02
-6.297061580930266023e-02
-3.863907908875616193e-02
2.290807518298197953e-01
-6.133562116913243364e-03
2.318611598788038533e-02
3.776882302630896193e-02
-1.303991667584844527e-01
-2.491365934666295023e-01
-3.677002097783047541e-01
2.640147164749741537e-01
8.779098504176450213e-01
4.095638132761004191e-01
-5.746678429950143885e-01
-1.069840533533108928e+00
1.667216021426362049e-01
-1.198734771762908075e-01
2.853059842587445938e-01
-5.034800901132988060e-02
1.545663823040067768e-02
1.896940126897866674e-01
1.225896713059494575e-01
-8.330154047702408027e-02
1.079122599644128343e-02
1.976990291502721264e-01
-3.632932951575030822e-01
-5.972004185177131469e-02
5.106729193595967164e-02
2.037116926671511674e-01
3.105425560781782113e-01
1.769036787901210814e-02
-1.203916505045147939e-01
3.618383632986597875e-02
9.950762461603102071e-02
1.657418571630215332e-01
-6.633813870396416956e-03
-9.721630032384460940e-02
-1.729277377175298391e-01
1.259822736095991824e-01
-2.586069030284334630e-02
7.723948525368630469e-02
8.739281424067375792e-02
-1.896168319835056168e-02
-1.425395618976129375e-01
3.554917570727749582e-02
3.666999664677738496e-02
-1.311736442435718630e-01
7.729944139421664195e-02
1.686675792817068087e-01
-9.539226656128110826e-02
2.193145838969575434e-01
-1.038342561802778480e-01
-1.285631816193642252e-01
2.500445751013058993e-01
-8.724275092132643961e-02
-1.348201733786785206e-01
5.972198656798021615e-02
-5.543974365157777751e-01
1.007029399995009872e-01
-1.961914584403686712e-01
7.704001376637997778e-01
-1.657008578618304473e-01
-1.924505191280511188e-02
1.791311340831728827e-01
-5.480310431270294172e-03
2.835856839762188747e-02
-2.675600201754538277e-01
1.087055583360674732e-01
1.120557496222149840e-01
-1.555627528663577896e-01
-6.150466644852711773e-02
2.546063269486094072e-01
1.604370179285305714e-03
-9.764158915799849014e-02
-3.090199028827880431e-02
-5.077645954358325081e-02
2.530491032937023932e-02
3.181044077241157453e-02
1.641682782478854075e-01
-3.511182479965659770e-02
-3.084149177444196477e-01
1.787263947067889158e-01
-1.571795431400803134e-01
2.088606725989287649e-01
2.244464800684752275e-03
8.194812584478231021e-02
-4.266714718680709312e-02
-1.911964224623082798e-01
-9.477352481381627614e-02
-9.605894182069299458e-02
1.199080861896693745e-01
-2.084822559042962820e-01
-2.895449075536010025e-02
5.499553671031454788e-02
5.264589661358929362e-01
-9.727050966517362951e-02
-1.814005827030748808e-01
2.058000843717143202e-01
1.658276891994385771e+00
-9.276089366838154993e-01
-4.068363549948179170e+00
4.333961878832038650e+00
-9.903663836920744146e-01
-5.970939309500586933e-01
9.184619849006883108e-01
-3.689689406755741197e-01
2.137059218404865624e-01
-1.362025968510048868e-01
-3.623278063547012429e-01
5.850240685971783844e-02
1.233050708842484550e-01
7.520253348154611051e-02
1.303351598273770617e-02
6.407765292682713297e-03
-1.965790576011746671e-01
-1.124850688459132775e-01
-3.605493713991420046e-01
2.377570427197585712e+00
-8.932843389675519941e-01
-4.331388558883977780e+00
4.568831288014417957e+00
-7.233258990095744467e-01
-6.388832133797679447e-01
5.681678059239457790e-01
-3.946618677175961487e-01
6.685462714324617861e-02
7.943720210930842185e-02
-2.830344758194943688e-01
-6.550565137661459869e-02
1.870974226034219090e-01
3.811155625242394068e-02
5.323182827271136924e-02
-9.908025633485680050e-02
-2.929978925342869439e-02
-2.439779757420586573e-02
-4.404463589232342213e-02
3.400745242249525457e-02
5.000078444783143811e-02
-3.103245426967020382e-02
-3.579947677439163090e-02
3.081651899138719841e-01
2.508523366184240544e+00
-2.917503448549710221e+00
-2.839868637733060197e+00
4.922317003794312029e+00
-2.308012119659655248e+00
-1.142577336451403580e-01
1.393126742871527268e+00
-7.353058064194005761e-01
-5.770749729787531118e-02
1.362716976514673772e-01
-1.927697833249771842e-01
-1.475395538559467756e-01
3.927715170624088842e-02
3.201015421845917336e-03
3.629544499374328954e-03
-1.007630799749957284e-01
2.415022161814481816e-01
1.738001154486347455e-01
-1.686274747617544090e-01
-6.408275487029792272e-02
8.899895014727446374e-02
6.446157669720888050e-02
1.829016144821053180e-01
5.649768405899770890e-02
-3.283299104938290636e-02
9.010503318801269673e-03
-1.335980742813808742e-01
8.920422956885350196e-02
-8.230682147155099493e-02
-1.830388392978101603e-02
1.051624728671310682e-01
-9.727212280382470377e-02
4.265868505370393193e-02
3.411806260469462532e-02
-1.329276072848886159e-01
2.407207907047621831e-02
1.021782295631121218e-01
3.218055064170815410e-02
2.781665648328302681e-02
-9.583200008923675739e-02
-1.442915622632380823e-01
6.437192350786471486e-03
-1.350264932249016503e-01
2.151504027035028577e-01
7.794816055219019879e-02
-1.001153554118920097e-01
-2.805855633611150507e-02
-8.011734863174471699e-02
9.699394059055420347e-02
-4.740713740008107857e-01
6.085650340522948815e-02
1.643366844767368273e-01
-1.939490279633158121e-01
5.990024319973275002e-02
-1.464436277074246742e-02
7.684754460074316729e-02
4.168809079397164247e-02
1.159780137765293734e-01
-3.430902069764128065e-02
1.266935447988844610e+00
1.600567891314402108e-02
-2.390989655299593952e+00
5.613882315197706863e-01
1.154103741588520249e+00
-1.154282304540538290e-01
-6.582938967278559317e-02
1.495954488507375835e-01
3.625272315083001295e-01
1.343622592947801841e-01
-2.424915665959177791e-01
1.011231936755703775e-01
8.562915266749188126e-02
-3.153150084904971645e-02
1.375781619470998751e-01
-8.615956247427319914e-02
-2.908919682302206766e-01
-5.012695949732304951e-02
-1.557160322976621492e-01
-9.647014659275218729e-02
2.464176231283324581e-01
7.495054955185167199e-03
1.969439155828567600e-01
2.176983764947774402e-01
-6.296631843948365115e-02
-1.273712495137341305e-01
4.708041715550333461e-01
9.897488997165640456e-02
-3.571602647439489631e-01
4.301203579695218049e-01
7.916901436553440419e-02
-4.584478571372013062e-02
-9.990334923100196995e-02
6.635260936596572290e-02
2.201010174040289591e-01
-1.051815586398095748e-01
2.996552007212435198e-01
1.520801015372571716e-02
-8.116990770652474096e-02
-2.654278835565760941e-01
5.610149034453063704e-02
4.181081931475188473e-01
-5.431485669779512193e-01
9.907615535205628599e-02
2.939070434415817501e-01
-3.214143740979932828e-01
9.065151214131896007e-02
-2.408970645236989394e-01
-4.195971782114010784e-02
-6.518202152940584526e-02
-2.473797461696091715e-01
-1.900039044742805050e-01
2.490154776342171639e-01
-3.517906333982481759e-01
-7.163911745590284541e-02
-9.736560554137164980e-02
-3.014881843676577300e-01
3.820378117776346283e-01
-1.548929385794249880e-01
-4.963861983674243139e-01
6.436602471187353736e-01
-4.192486010951301800e-02
-5.297045152582030569e-01
5.257786406708759852e-01
-9.629360867296110627e-02
-3.952725270792626366e-01
6.391201679550010395e-01
-1.558750185277548161e-01
-1.168581458415602348e-01
-7.847726179105796174e-02
7.718778614245224053e-03
-3.632184847209288941e-02
-6.479502425804488652e-01
9.552731964590134295e-01
3.430079425838791773e-01
-5.440734704065385008e-02
1.645738873058819829e+00
-3.968767257616801380e+00
1.772247076847795366e+00
1.190039397818092315e+00
-9.157604174835007882e-01
2.318219739977694926e-01
-5.683938618961155431e-02
1.309127684724914475e-01
3.685740382373081658e-01
-4.415390186777028991e-01
-9.470137195980725398e-02
9.078493774932353544e-01
-7.234399235623726332e-01
8.647645377468324637e-03
9.772760172848471427e-01
-2.607731415350503790e-01
8.615934398200714162e-02
-1.114408832449933939e+00
5.895613966934923900e-01
-8.867072666348674304e-03
-3.019005609954322211e-01
2.592969169674194108e-01
-1.891673697880427163e-01
1.484699778762336442e-01
4.493930795776895915e-02
-2.062844679260479597e-02
-7.553017449730853317e-02
1.397271421057710017e-01
1.101309783175421081e-01
-2.208091887740462611e-01
1.356674108032805415e-01
4.295357492189669224e-02
-2.546109252449896831e-01
7.661157763247774047e-03
1.132931661837609377e-01
1.640608650836945515e-01
2.239887953749618993e-02
-2.164355869118558817e-01
8.592366337607421078e-02
1.937894455968258434e-01
-1.745062529716314911e-02
1.410218043608165939e+00
-1.941906642999321031e+00
-1.498588002220533122e+00
3.665458460425981002e+00
-2.053368427342343150e+00
-1.921750368766942524e-02
4.021073092753337797e-01
2.208741145748353285e-01
7.379880729406913462e-03
-3.251594284933536083e-01
3.917362629350232966e-02
1.145896757193257814e-02
1.080613376417906141e-01
-2.899428573332800685e-01
2.942311788179479692e-01
-2.305489988783598621e-01
3.334948174553644673e-01
1.573390462208506202e+00
-3.999883200607933453e+00
2.023455295130972775e+00
7.991182402110477145e-01
-1.356635963435019354e+00
1.198118221842476849e+00
-1.960824740558512747e-01
-7.631099994206884674e-01
4.361903270727712778e-01
-2.286894101675363833e-01
-4.232379670199817867e-02
4.151107026722853921e-01
-2.885121018456752728e-01
-1.256289512414530130e-01
-3.138966160872794231e-02
5.278384786870839174e-02
8.304263830454919337e-02
-1.857252003108026683e-01
2.529575200216085396e+00
-1.186089824214653810e+00
-4.799887389953223504e+00
4.394613779250837737e+00
2.360016986362877822e-01
-1.518796712123795967e+00
9.018908206307484354e-01
7.992657317920852378e-02
-1.237346765592429870e-01
-2.952649420845422923e-01
-1.049544593195170933e-01
1.461757439277912851e-01
-2.411304907107107709e-02
-1.060755853108490271e-01
-1.662225165351189637e-01
4.454171653074314174e-01
-1.096945173372379234e-01
-1.716067252056941161e-01
1.387181021334304154e-01
-2.532588434669621469e-01
-1.013757457502637155e-01
-2.574352998742309578e-02
6.779326066282510554e-01
1.318720477475346264e+00
-3.223522402935808939e-01
-5.021025620363309905e+00
3.909363303342477725e+00
6.465491045494149436e-01
-8.521537143502160294e-01
1.576959422031611602e-01
-6.751510510465458248e-01
2.517716215742488717e-01
2.431144565510835048e-02
3.394244862030497134e-01
1.709611506740019438e-01
-4.339650332116485321e-01
1.716380844258967933e-02
2.444728915964887728e-01
-1.448586629917923141e-01
-1.507948047127614377e-01
-1.916048380960716502e-01
2.597510116950532133e-01
-1.925440593574329617e-01
-1.428200393766433929e-01
3.169238452651579330e-01
-3.208632262063986634e-02
-3.134176759835903270e-01
2.286966323828061587e-01
4.534725297924817600e-01
2.261954018998463045e+00
-2.446232661133747488e+00
-3.983018756169651731e+00
4.971880416101161160e+00
-1.108530682711210469e+00
-5.640686021115316473e-01
1.107347358618912425e+00
-7.053929284518557496e-01
6.308167673309719725e-02
4.583717547908736090e-01
-4.123148933211837064e-01
-2.522184569491106587e-01
4.571858765669874480e-01
-2.595954038492482296e-01
-1.504122461744049066e-01
1.697576904333320535e-01
8.806429933791419529e-02
1.064884646423071679e+00
-4.521126505064280710e-01
-2.537589965639815315e+00
1.937067850988741569e+00
5.992569522419738393e-01
-1.263336475538286985e+00
2.909634320462584078e-01
-1.098042658892249210e-02
7.631851140358100749e-02
1.039058203953537207e+00
-9.664950354409194144e-01
-1.190905559860963858e-01
2.503342378783208200e-01
-1.137228675385002358e-01
2.562850446817312999e-01
-3.008407951880308073e-01
2.665018714659770360e+00
-3.306661109993809688e+00
-2.528301546486930729e+00
4.619603317955363053e+00
-1.405537521543558821e+00
-5.549112450463610235e-01
8.811524651548192644e-01
-5.325556582650188275e-01
3.419070484479987959e-01
-3.609664308278305866e-01
1.251857738449515256e-01
-9.390217965678808454e-02
4.034273264424073635e-02
-1.186268218052964063e-01
1.740885495454396192e+00
-2.544102836805565704e-01
-4.805771017773055931e+00
3.035743939304769157e+00
8.945766650278131893e-01
-8.182098673024951196e-01
7.432619350750454545e-01
1.751005297967265714e-02
-4.108317488514459104e-01
3.459497318785498821e-01
-3.548215989027797557e-01
-1.955869609136329235e-01
1.877517416976682840e-01
-1.562977558805384581e-01
6.181861136884495012e-02
7.994684408083514715e-02
-1.256241270629737672e-01
2.393083961385237268e-01
-1.626169461290083718e-01
-3.032871672023506604e-01
2.351964883406470752e-01
6.140541818170476562e-02
-1.560203796456171854e-01
2.102366055493717079e-01
-2.365633808459027473e-02
-4.138576674271373101e-01
2.441321649692811818e-02
2.229659739581588418e-01
6.156527082835968612e-01
1.343253980324865759e+00
-1.974481655695879689e-01
-3.946331338653087606e+00
8.687441650171053853e-01
2.486371333553953011e+00
-9.729793020754107236e-01
-1.793518026158531786e-01
1.803352095102913610e-01
-1.528746010022177804e-01
1.411817612606037498e-01
2.339332162559315531e-02
2.252957428231446291e-01
-7.705051506501274516e-02
-1.515050895225270866e-01
-2.812750612452229182e-02
-1.274693259168826753e-01
-2.546715823276930746e-02
-9.173635546899884530e-02
-6.359770063419864505e-02
4.778241138397089638e-01
1.060797778008904096e-01
8.254767735200794869e-04
1.280563996313666131e-01
-3.404272603181935919e-01
1.069329782556201480e-01
5.848592672109058643e-01
-3.756418070273529614e-02
-3.099829440234100689e-02
-6.438815724079946512e-02
1.079363324168128649e-02
-1.302012147444156498e-01
-2.796179196687534341e-01
2.030951125709796468e-01
-5.082784725596268399e-02
1.941668605139638959e-01
2.927516285369395899e-01
3.394893849627862448e-01
7.394192361492792909e-01
1.083219512104927507e+00
5.039471476686916418e-01
-1.283245653665911368e+00
-1.687355932285315996e+00
5.434118115291745876e-02
1.530162837031104450e+00
3.683674611335882032e-01
-5.892241421548031211e-01
1.909567999868550803e-01
1.472728273755470607e-02
-2.102478616741991768e-01
1.014302211317882341e-01
7.198453419111290608e-02
-2.032378326275754710e-01
-6.197241880425698873e-02
1.028044938936790442e-01
-2.353936684477038466e-01
2.709206512260621813e-01
2.563694108167960395e-01
2.120723179011790166e-02
7.269964519061572483e-02
-3.794643659963499449e-02
6.758818562111972017e-02
-2.080330827110350167e-01
-1.667812672135622343e-01
4.209961833265225828e-02
-2.683478678750519375e-01
2.296304294815071922e-01
-1.292950991940911842e-01
-3.446606165896554108e-01
2.377619705220845175e-02
-8.525158701499042577e-03
1.012671329926853880e-01
-2.867900899327893716e-01
3.145811341197206068e-01
1.476377709679357331e-01
-6.445500513004103205e-01
6.276269746260398907e-01
5.491565753481386647e-01
-7.493116809565574243e-01
5.030666193103112693e-01
-2.410262070662253300e-02
9.912461103359876402e-01
5.117712453056468824e-01
-4.030416202045168816e+00
1.354201400035517588e+00
2.180642458043875465e+00
-1.726078092611349701e+00
5.632316588490182685e-01
2.002809289251961666e-01
-2.238143711266316893e-01
2.648822135616438755e-01
-1.618412590477407986e-01
-2.579922915167092157e-01
-1.246937468776630059e-02
-6.346187268520819824e-03
-2.748240114497647532e-02
5.005431508194667194e-03
4.843213691211318422e-02
9.367218337971533471e-01
1.451881911738819753e+00
-3.706169656309484139e+00
-1.878226088982740682e-01
3.300585839944858879e+00
-1.637767612745936407e+00
-6.795369418464210221e-02
1.697387769243959288e-01
-4.583367196740627536e-01
9.647034186700137459e-02
4.010355405282206021e-01
-1.377697588147234753e-01
-1.679700476448950722e-02
9.026487345782414629e-01
-2.951109234727971598e-01
-1.849618590829279707e+00
-6.663848773216256294e-02
1.345028109524591287e+00
-7.330063783787611476e-01
1.649752625635342307e-01
3.399228041850095861e-01
-9.566120904929458629e-03
-4.398107422388979060e-02
5.759358616377016071e-01
2.422841142823192739e-01
-6.959416586007258765e-01
8.963652873756172701e-02
4.010222743121017452e-01
2.248989323261559037e-01
2.190333591447800599e-01
1.373182272751292399e-01
5.895338672055473461e-01
4.008131519838263879e-01
-4.931170267141263969e-02
1.386044548616198469e-01
-1.901057736376835783e-01
6.930509029724427061e-02
6.848023127150560940e-01
-1.279705085032863954e-01
-1.172733429437603919e-01
4.842157389088465047e-01
2.814621151564581855e-02
6.321467929262185315e-02
3.252165558778318671e-02
-2.139797908577974542e-02
-4.465881318641033992e-01
-1.954455839177708099e-01
4.289194488824083495e-01
1.099993956443487582e-02
1.512545695701653266e-02
1.966118138080312217e-01
-7.286278083148733931e-02
7.005688897265202053e-01
9.468005643448537123e-01
-3.401717164162882057e+00
2.093730991778066208e+00
8.199190451514207778e-01
-1.082989237282566686e+00
7.723516921382004297e-01
-1.616275838174127677e-01
-1.952756115707683648e-01
2.469735153259113025e-02
1.422711457627192366e-01
1.532474936888576222e-01
-1.573980860889147571e-01
-1.933006148656116197e-01
-1.679189797008517893e-01
-7.502850640091135448e-02
2.208675921998352332e-01
-2.783462458390063843e-02
-9.957876800429869141e-03
-9.294161982916306075e-02
4.028991662498734166e-02
-1.500901079902888097e-02
-4.450128804686372119e-02
-8.045257576799456911e-02
5.397042324293394033e-02
4.256461103243920352e-01
-1.944655751179676928e-01
2.870737631346387264e-01
1.161365676043538131e-01
-4.077463413249276525e-01
1.029557605714177260e-01
6.913480720278457337e-02
-7.452737301936659953e-02
2.316084853909107510e-02
4.659537670602950654e-02
-7.822652761041461178e-02
-1.498821111642962833e-01
1.887912396669460535e-01
-2.940272209677128323e-01
3.366873187279794677e-01
4.582511558677734853e-02
-2.660307500086270815e-01
1.470033526668516055e-01
-3.219018655514992167e-02
-2.289677959197183310e-01
1.101956281318790531e-01
2.362767403286993029e-01
-7.873487577223828304e-02
-7.254621190242128981e-02
2.179527175065613942e-01
1.944990324940160109e-02
7.661783446630433293e-03
-1.846146627896895209e-01
-1.540057378333944682e-01
-7.410576935342670646e-02
1.213773006389521486e-01
-1.510443084763700983e-01
1.569028114333149426e-01
2.112312169514146132e-01
-2.500786642810437499e-01
2.251156566206403281e-02
-2.850723860567416779e-01
6.960256399421875517e-02
2.365949757565498010e-02
-1.094560360230350110e-01
5.848078146295054847e-02
1.516087215522519405e-01
-2.210152236984261886e-01
-8.952215561059354010e-02
1.810420037121876768e-01
1.466746515452633792e-01
-3.454528749791740405e-01
-2.713447132870320799e-01
-4.516063493617286095e-01
5.428253204090341399e-02
3.469981477114130741e-01
-9.104533562064569263e-02
1.439774680982314647e+00
8.447845152702595506e-01
-3.637849005560276794e+00
-2.425232781879758548e+00
1.714631212192310628e+00
9.894535044023314851e-01
-2.877897441758052732e-01
3.506821956909556559e-01
5.094677534988233392e-01
5.020238760353025187e-01
6.494488713011289382e-01
1.418422724929230272e+00
-4.433705017680481530e-01
-3.554450729126386044e+00
-6.673551309809728771e-01
2.766181795114003972e+00
7.874892111971386610e-01
-1.384057827512000793e+00
8.388424972415282621e-01
-6.965010340440991321e-02
-3.826436535268687433e-01
-2.551864098192568268e-03
-1.775435071775270934e-01
-3.022487497329356260e-02
-1.893346618456146283e-02
5.983764033655739611e-01
4.750274210780033313e-01
-2.235605382870289315e-01
-3.569637281871440027e-01
1.059612797313231290e-02
4.046650069199457245e-01
-6.625034502691602711e-02
-4.028055346473766729e-01
-8.153028078824871641e-03
1.883896824435394302e-01
-3.552675682954922198e-01
-2.506006171071034627e-01
1.509032781698312065e-01
-3.055246040016175169e-01
-3.155802639041552227e-01
1.070087580685084166e-01
2.667443376757740268e-03
-1.387795657535073612e-01
1.489522893964431161e-01
6.589691808661365946e-02
-1.565803248927882807e-01
4.977063737756481226e-02
3.872861603291729432e-02
-8.615324581323144512e-04
-4.318966001311735220e-02
-7.692847669527574928e-02
-1.327646942440889322e-01
-3.762491456859470146e-02
1.914325980978313080e-01
-6.986974990827755916e-02
-1.118468926462822498e-02
8.996187899668417476e-02
-9.780140450577136380e-02
-8.451929651246346820e-02
1.062444329411863647e-01
1.736940811670713014e-01
3.414418782066964142e-01
5.370660200833028419e-01
9.535536482465551966e-01
-2.179386487506949965e+00
-2.278047774345408893e-01
1.989663345879731482e+00
-1.812957285704744237e+00
1.496456297520418720e-02
6.810410046467094691e-01
-1.467698662777501828e-01
7.627171016580695795e-02
-3.776355394204347626e-01
4.050528092802838098e-01
-1.589302956897623020e-01
-2.094044569826422342e-01
3.157979136294680189e-01
1.742105594012122727e-01
1.303838086043168643e-01
-4.094976040476987905e-02
-6.185901179383355292e-02
-2.907609329549920019e-01
-3.071348493586095740e-01
-2.136550419461976380e-01
8.913311313175056871e-02
-1.667554958532679790e-03
1.101033879552590494e-01
1.481759302281948076e-01
2.979980164574412282e-01
-8.547364380091290736e-02
-2.647831224780632375e-01
-1.704805450534304101e-01
-1.484296352676792996e-01
7.835212995203905129e-02
1.996331660898550131e-01
1.041367180262513098e-01
-1.564937015928658526e-01
1.540896364685332143e-01
-6.173606935933439316e-02
9.386443525920792896e-02
6.111818338722779104e-02
-2.782246478079984375e-01
-2.012916559163260011e-01
9.311468108720975800e-02
9.302624227789114963e-02
1.558444403251510457e-01
-3.747921473074739551e-01
-1.310153696828909170e-02
2.016869248987414875e-01
-2.762494194462762342e-01
1.314240340370994131e+00
-3.044620527548026478e-01
-3.718661018019282505e+00
1.527108172871718850e+00
2.068368814079503792e+00
-1.485481860191128822e+00
5.963268533292990226e-01
3.179623898696610218e-01
-5.591171820151602523e-02
3.442356860700837018e-01
-4.319574837984226923e-01
-2.566941105503734444e-01
7.511939352755230004e-02
-7.126720921158199995e-02
-4.044864636640039812e-01
-1.221484291909442910e-02
-1.278086410472366319e-01
-4.159298161481019829e-01
6.097736246830296608e-02
3.276682642744170315e-01
2.447347377442807836e-01
2.515451936469143557e-01
4.323542405433025704e-01
-7.965800866702532623e-01
-2.427903654781411902e+00
1.733411115435324668e+00
1.010814021982878952e+00
-8.327492307708050934e-01
3.952492912711684792e-01
-1.384942194024480211e-01
-2.156204854243568003e-01
1.012964888475447883e-01
1.673214443331021151e-01
-1.201468186590278625e-01
-3.067656972981300245e-01
-6.823663717029722353e-02
2.862900974474925642e-01
4.058357678589138290e-02
-3.834702544325899187e-02
-9.866397070321480944e-02
2.945281770046578318e-01
5.763457807030991642e-01
2.962545795319833641e-01
7.057789202550939223e-01
-2.378835039406358987e-01
-6.775706655170453674e-01
7.278652262274263318e-01
2.377871217390022662e-01
-2.338163915839611695e-01
-1.090410885086492004e-01
-5.287739369263072531e-01
-4.014231169578418301e-01
-1.772573065181829166e-01
-2.035140923190455475e-01
-2.647420472630518384e-02
-5.109047583943455463e-04
-7.430790165513312395e-02
7.619470705330651239e-02
-3.400893246086133387e-02
1.586071006251692783e-01
-1.579584099026517807e-01
4.293525867001869029e-02
1.471644454533497237e-01
-2.229980658015161821e-01
-1.387281537701954559e-01
2.100337360122126462e-01
-1.831943754488163378e-02
-6.873162485626206630e-02
-4.006372707662536059e-01
2.062098211105726359e-02
1.692901375538679309e-01
1.770384815583280202e-01
-1.216088176966908102e-01
-2.060963732508165891e-01
4.159560396669120252e-01
4.239178922651098969e-01
1.651289589383209827e-02
-2.837276667710985079e-01
-3.643932511063534274e-02
-9.063579574372143677e-02
6.792892569001107717e-02
4.057020924518909277e-01
2.313041879388716068e-02
-4.196064534813904179e-01
-1.991966673985149094e-01
1.539514423229446094e-01
-1.795989824417617009e-01
-6.049058197627158462e-01
2.947102118319473441e-01
3.077114196417377601e-01
-5.361628674837412012e-01
-7.086489683288971220e-01
3.549032234706742117e-01
3.827040229288641293e-01
-2.205642594023352610e-01
-2.962224897951383495e-02
2.444267028984602186e-01
-9.746899861281757005e-01
1.225812751326529719e-02
4.341172426801679363e-01
-3.172284775021161352e-01
-3.730008732442597480e-02
2.505549088265490720e-01
-3.810141768636273740e-01
5.244872289489435624e-02
3.478846182581240565e-01
-8.091143311606090183e-03
-3.704782333900809993e-02
1.128239452263081616e-01
-4.855162212850843151e-01
-4.163532832609486700e-01
8.209634908351267635e-01
-1.603547340689632505e-01
-4.318001867368211899e-01
5.363256628693370276e-01
-6.405640708901362557e-02
1.879676112034315422e-02
9.165459485590005118e-02
1.202944105591571833e-01
-8.555982122593193406e-02
1.032034205036277547e-01
-2.574113103809309022e-01
3.245524119582516263e-03
-1.130408154401255257e-02
-1.709604311061053150e-01
-1.366782041420625156e-02
2.850952281490737664e-02
-4.200554688888852861e-01
1.709491407376932393e-01
4.629220720761047930e-03
5.247555384067283946e-01
-1.002117674658179053e-01
-1.525375263617565966e-02
-1.550687416710394909e-02
-4.837570244981155843e-01
2.647729294046500814e-01
4.816466054239319089e-02
2.565013474181895847e-01
-3.887526978495349783e-01
1.701267759120216605e-01
3.240127537351441545e-01
-3.202535409384792420e-01
3.027001040770853357e-02
2.134161333608931843e-01
-1.197498020340641983e-02
-1.023651849632978700e-01
-8.675895384414096523e-02
-1.263937369599268390e-01
2.094772101848110246e-01
2.679837581936670224e-02
9.296658510657736241e-02
-4.128733043959217364e-01
-2.063833565934080072e-01
6.347009554401000786e-01
-2.592710551948556041e-01
-1.209595996427148407e-01
3.209784065911958639e-01
-2.761334346720288324e-01
-1.546313366943131151e-01
2.679588929457550894e-01
-2.129809619396240972e-01
7.243954455351060695e-02
1.583749589162995186e-01
-6.241827595891063368e-02
1.301262523539050975e-01
-4.275593994045697732e-01
4.251728499138725248e-02
-2.772899497430649229e-01
9.477960208607980053e-02
1.362246077782715108e-02
3.296895017427184937e-01
-1.069449382962158884e-01
-1.743857926085221055e-01
2.547278899273968111e-01
-1.429002808356802656e-01
6.160675974499948276e-02
1.296572314691149252e-01
-2.718935953150470458e-02
-1.456495800643667349e-01
5.182364003651987461e-02
2.704306417009426089e-01
-9.541230431317283822e-02
-4.680100323934028445e-02
1.545825497479118987e-02
-1.378046251506486741e-01
4.407529942140933632e-01
-6.087004329473829634e-01
3.504544709517291162e-02
6.839888705069833152e-01
-4.849610334178374726e-01
2.838053573559664450e-02
-6.183713456154011495e-02
-1.665152752527656876e-01
3.295018565639203922e-01
1.151893056701680379e-01
-4.779767782678141785e-02
-7.688892761389816422e-02
-7.260250602612745852e-02
-1.317667404175789370e-01
1.180695872259604484e-01
-1.145074585327732902e-01
4.525508297154157145e-02
-9.378754766877474280e-02
-1.755669693463630665e-01
1.924045676490332771e-02
-1.056659498042947093e-01
-7.229060510968361719e-02
5.356339954485673793e-01
1.851180004741300955e+00
-4.805338572364788452e-01
-3.733546495152345823e+00
5.259301747621581979e-01
2.562858531327070644e+00
-7.244825461371972031e-01
-5.461896395206886634e-01
2.393722758507366433e-01
3.013869565879542800e-02
-1.183780311519654210e-01
-1.572239804580516376e-01
3.652991494616424362e-01
5.329436651354323429e-01
-5.197184699064579805e-01
1.534281985189924480e-01
-1.290753044582700348e-01
-2.671145150143426905e-01
1.837310992595889980e-01
7.892119990403538843e-01
-8.230697537322754220e-01
4.902215158915986248e-01
1.397733307739785102e+00
6.988138193591289515e-02
-7.575385972018490177e-01
-3.035303159446274268e+00
9.079962418078768582e-02
1.457436581972595846e+00
1.050411694326574885e+00
-5.500775209807226007e-01
8.785120370602531037e-02
2.105230115747570574e-01
-3.153606711057184708e-01
1.871147435351237353e-03
-1.513676778625587006e-02
-2.112529522606786808e-02
8.739253392802696918e-02
-2.394250101557871685e-02
-1.571783900771443476e-01
5.167900796071887154e-02
1.312950814742435968e-01
1.799259831928307421e-02
6.245325248823751368e-02
-7.660552851692978282e-02
-1.437168055320872662e-01
-1.321520062770016046e-01
-2.536017655804971224e-02
5.516645935070203094e-02
3.832074926534914661e-02
-3.829945946594691397e-02
-1.091206323742627445e-02
-2.738433775938891798e-02
2.329353989898633959e+00
-7.696884443545027876e-01
-5.092252311563847833e+00
4.556376695576797253e+00
-2.642304237077741647e-01
-1.785786241890688242e+00
1.962453590149492610e+00
-4.673637955866354332e-01
-3.360951802335242489e-01
1.982756509831497538e-01
-1.117491636894903245e-01
-1.818763850038742080e-01
-2.255549230542593618e-03
2.138397270223074600e-03
5.859494871138017091e-02
-9.388690716092448763e-02
5.155150169865806847e-02
2.440629699153344934e-01
8.411074181298428681e-03
-1.464678565044735536e-01
7.550453449470493315e-03
4.404841060564478050e-02
4.373661577048283677e-02
1.889773147691348187e-01
1.576358334802587316e-02
-3.888215741345692894e-02
6.545547627249907741e-02
-1.156447201138820075e-01
5.619588605371660800e-02
-2.781013312527902057e-02
-3.231223076803294708e-02
3.015908301259654159e-02
7.657058220821275074e-02
-1.280346795734677301e-01
6.107859097719348096e-02
4.980914550014779729e-02
-1.103102115836691183e-01
-1.235247395305253890e-02
4.247641683172407451e-02
-3.330880317679315444e-02
2.101007656734816056e-02
-3.032248682670784373e-02
-9.849595659150391005e-04
-1.188533492912415140e-01
-3.715173069994780891e-02
-5.357090260356006661e-02
1.120953989801173473e-01
1.340798544694491168e-01
-4.127268906374249174e-02
-1.083132411996760580e-01
3.451537010477387368e-02
-1.393922794016984046e-01
1.421698123674639824e-01
-3.099653315415438759e-01
6.635583232669478582e-02
1.825587859950548730e-01
-1.354053471782241946e-01
-9.710910371213470060e-02
-1.867631473584445770e-02
8.105701852073363134e-02
1.841858172711681174e-01
1.411617625378996654e-01
-1.323811018641301851e-01
4.862659464645042312e-02
1.512346265952151381e+00
-4.268479196531131947e-01
-2.112426404195567819e+00
5.683085719508026434e-01
8.597990490084919113e-01
-1.772907647780373741e-01
-6.267448962452969174e-02
6.232103574618350073e-02
2.778811651681917239e-01
-2.832824951470295713e-02
-8.849990418347750132e-02
3.269806940161611997e-01
8.180481956147631073e-02
8.350580359521217466e-02
9.846842593752001827e-02
1.968542743108347703e-01
2.302704168897944659e-01
-1.317644164894707544e-02
-1.770599572834919977e-01
1.335062251597499694e-01
-4.274491297858592359e-02
-1.077953810776489940e-01
5.730576054134076114e-02
3.868978775598209685e-01
3.143896670918212670e-03
1.764479597646049225e-01
2.402343411738963042e-01
4.345049108575024105e-03
-6.089577859288116540e-02
-1.957303293826012092e-01
4.482801833399482905e-01
1.235713356797022294e-01
-4.061813291329677833e-01
2.556851724986149987e-01
2.584260788359097338e-01
-3.914716919005659795e-02
1.310495245047058445e-03
-1.666077000676675912e-01
2.635021931017051955e-01
4.406009900605700746e-02
-1.124013305881231689e-01
1.369951215858500326e-01
1.672568309763009659e-02
-4.756934021845313915e-02
-1.753802441002622059e-01
-1.569384901191921422e-01
4.790751754768957094e-01
-5.129215510698222763e-03
-3.618791247601504946e-01
1.079870103360918016e-01
-1.796699416494976220e-02
-1.078393123034229878e-01
-2.891748712435111002e-01
-1.307316955691086580e-01
-3.329561647082610043e-02
-2.765954464364262511e-01
9.766280558213663587e-02
-2.253743025171106584e-02
-8.162028577577393196e-02
6.823799022432375239e-02
-2.230295446745027832e-01
-1.077497344298355419e-01
9.793839660221662080e-02
1.167549380544796178e-01
-2.187240725354046983e-02
-2.751787756332722545e-01
1.956677118712882579e-01
6.529866819523565125e-02
-1.780101437726933633e-01
-1.411261296546292565e-01
5.208389896560663979e-02
2.645011329038293169e-01
2.379330794904974122e-02
-6.787659768813633643e-02
-1.936034619527507716e-01
-2.051908934201223389e-01
4.067744109431021826e-01
3.463111869551412370e-01
-3.924445464755464408e-01
-4.357313333868032684e-02
1.197396028384962313e-01
5.275772852503392979e-02
3.003131677516784337e-01
-1.090419350942564425e-01
-3.550178682351549098e-01
-1.622008458856262145e-02
1.456353691847582510e-01
1.271236819829037745e-01
1.139232253292641606e-01
-2.754729654856957755e-01
1.732636169431769901e-01
-1.575113168440915937e-02
-6.354407709448198216e-02
-9.678423683789133536e-02
4.410846737143393065e-02
-8.112447510513483284e-02
8.228053264893800400e-04
1.314150837037654784e-01
1.839131259957895725e-01
-8.649949265870388038e-02
-5.438535311778976318e-03
-5.872205021952516674e-02
-1.451633192768792269e-01
-2.286181732507266140e-01
-1.056846803125536943e-01
1.366708091483601895e-01
2.717427464180927066e-01
4.628870932039557684e-01
2.483869522731068369e-01
-1.540310207849089064e-01
-9.992327770600367698e-02
2.787493930698658681e-02
4.357086228433180719e-01
8.825046103314982959e-01
-5.889850523396268633e-02
-9.406036476972181593e-01
-1.756706225482696615e+00
1.875956033539140089e-01
7.595564998845547589e-01
4.233567197864241960e-01
-1.665001224273204850e-01
2.175454872857840727e-01
5.937945631262236956e-02
-7.535346803965116413e-02
-1.766911647874682967e-01
-1.949595033937854549e-01
2.413654264707255082e-01
4.833198331686870686e-02
-1.113525550058693664e-01
3.783287264431777763e-01
2.151715913720128326e-01
-3.264527752806415939e-01
-3.840394185747361133e-01
-4.489100031659265522e-02
4.196198100834442890e-01
2.763337293231694636e-01
-1.835295428934216044e-01
-2.613733057033135743e-01
-3.337644573863747244e-01
-2.725449421695557151e-01
5.384583824308766253e-01
5.683777585875116056e-01
2.025900239744343051e-02
-3.725339398856741258e-01
2.282601001404757635e-02
2.026113018747000838e-01
1.700558672618754097e-01
2.392826425632640919e-02
1.328988135466229459e-01
-1.240198609314061978e-01
-2.433275150016062927e-01
-2.166011202518986489e-01
-1.255623233035178810e-01
-1.371882601302677473e-01
-1.256683918783397247e-01
-7.763048089470142576e-02
-1.898360682638007904e-02
1.777322564064530083e-02
-1.442028066522253564e-03
1.429022563826826478e-02
5.723071721452512028e-02
2.636753123586256867e-02
2.643691117879259922e-02
