3.050424654881931930e-01
3.394641162572580861e-01
2.803530505093735914e-01
-1.992802768754109444e-01
1.135057181601615978e-01
1.537300870017700716e-01
2.921808914350932929e-01
1.803114722577089934e-01
3.089910113365920696e-01
1.898585640080039660e-01
2.877084936410565508e-01
2.050467891327086012e-01
1.145921250113895451e-01
2.514577009052465506e-01
-2.241181518899895420e-01
-5.668043100405451007e-01
-6.134267512590073634e-01
-5.441266796595943811e-01
-5.941599409528994791e-01
-6.524311586148344722e-01
-6.578470044857099852e-01
-6.688043312492207848e-01
-6.628730389001369350e-01
-7.411525076006315604e-01
-6.943397366243938551e-01
-3.347504353895552898e-01
1.282488435934960869e-01
2.076322918234494719e-01
1.262722566986792805e-01
2.097559932021594853e-01
1.644269979672195459e-01
1.394323544646660085e-01
1.179876356042887098e-01
5.994778807218977684e-02
4.706301082953522064e-02
3.253214959103859633e-02
-3.895759736259696293e-02
-5.278455641488596917e-02
-1.293550322737114511e-01
-4.416716437012745966e-01
-5.693496208585629992e-01
-5.241514382820029461e-01
-4.372346407594265849e-01
-3.766777240183118436e-01
-2.797158231742014056e-01
-2.045949596410558957e-01
-2.915673640041182568e-01
-3.144654148149539918e-01
-1.090040438826790636e-01
-2.618067243402216193e-01
-2.172525284793162814e-01
-6.213685449754963175e-01
-6.519454890595860475e-01
-7.799894648058203206e-01
-1.123582361692741394e+00
-9.001791975175714722e-01
-9.243348297442682826e-01
-1.108609774160509209e+00
-8.411785351449704295e-01
-1.139737069124580282e+00
-1.068814970506116957e+00
-1.104670657296663139e+00
-1.276054722643921835e+00
-1.226767562063749040e+00
-1.349414295140996867e+00
-1.441258217583659462e+00
-1.333747063759589624e+00
-9.400104051815129091e-01
-9.989459556428801346e-01
-6.820629385493791608e-01
-8.943537612868383002e-01
-8.597935862279727504e-01
-8.990631178404967505e-01
-8.083648741563841389e-01
-8.637259143188921184e-01
-7.497237545208981224e-01
-6.159396202035850587e-01
-8.904688634486794541e-02
4.562113520810710809e-02
8.081402511259795640e-02
1.151962355715928088e-01
7.099600649697734855e-02
1.064058818582724469e-01
1.360231986065565668e-01
9.658164373800880165e-02
1.837158703019644568e-01
1.676777251636080990e-01
1.331009658352126090e-01
1.192170341556557378e-01
1.182953104932247673e-01
1.028107926181136278e-01
6.755363673910601274e-02
7.997677866497629462e-02
1.110292524124087826e-01
7.393696794556713081e-02
9.876030347860607905e-02
1.776071452910274184e-01
1.976522946810473635e-01
1.376237809866472372e-01
-1.304045879015792997e-01
-1.663098643869453108e-01
-5.435526703845640073e-01
-2.373931892080827222e-01
-3.677177006936874770e-01
1.744259678060065266e-01
-1.076012276142462448e-01
1.035946150179602038e-01
-2.523323553831111760e-02
-7.273446934015968812e-02
9.263336708651405405e-02
-1.033912834235199418e-01
-4.516524608199683904e-02
3.732240611904501237e-02
-6.423762354697243326e-02
2.408167545104565946e-02
-6.454489191595995379e-02
5.685213410603477676e-07
-7.960977964681498209e-02
-3.378939387432411956e-01
-1.450185181704048143e-01
-1.815069483631906178e-01
5.038487547654500048e-02
2.501607842947501520e-02
2.033241956375707662e-02
1.101321370043525510e-01
4.314150471420016147e-02
3.220423881221765733e-02
1.317068217793185836e-01
4.045018390883899084e-02
6.365575067376572083e-02
1.749008419950077997e-02
1.473776304553175431e-01
1.275493010292415574e-01
2.902006012144598968e-01
3.857081750180254009e-01
3.431007771459828604e-01
3.338958909681127296e-01
2.900215388982466114e-01
2.896353397583164568e-01
2.543384156803139562e-01
3.832027114596546491e-02
-2.688398232883901784e-01
-2.541878286107868146e-01
-1.904641029282965747e-01
3.325061696643460407e-01
3.130844062633788560e-01
4.449355735529330058e-01
6.467859995488433045e-01
8.913041488956015002e-01
1.017161336911818426e+00
9.409980642889269609e-01
1.024637310079685726e+00
9.825074058232975416e-01
9.950968399319082280e-01
9.816977028590365695e-01
8.217791546746996412e-01
5.839551544760871460e-01
7.066874532977391876e-01
1.116102733379670919e+00
1.191897369425154674e+00
1.280748037205490020e+00
1.250703612149484334e+00
1.227733723176279490e+00
1.240209985996514774e+00
1.178973598285170343e+00
3.339367801443030026e-01
-5.250118009807376585e-02
-2.506641687790819306e-01
-1.592300881088614950e-01
-1.636869964689715851e-01
-1.347642558554658365e-01
-6.967094340493809428e-03
-6.624836795106334164e-02
2.127607547697779045e-01
4.355211911608473652e-01
5.478500456876654878e-01
8.447242403163911506e-01
8.264088696157630975e-01
7.404327262213415972e-01
8.952048616405301473e-01
9.098791930438825393e-01
8.509473640775822023e-01
7.008462971064514102e-01
9.458363286457731681e-03
3.352111921418862717e-02
6.250026593181109980e-02
3.349481926911260787e-01
3.298715492231849566e-01
4.022946296593101212e-01
1.601913768400833882e-01
2.946632514547494613e-02
-7.917687539956369189e-03
2.223834435694055020e-02
1.214862610541795757e-01
1.325632962509228074e-01
1.879915573035016996e-01
2.934838034500826254e-01
2.796968313055352429e-01
3.260164074774847265e-01
6.019306405162383466e-01
4.194837095916520431e-01
4.663147938641354351e-01
4.172667035415977277e-01
5.434430088229584843e-01
3.717580103662528335e-01
4.936436187298070544e-01
4.321896998657681621e-01
3.919582632435755776e-01
5.128206335805330918e-01
7.702128139707510313e-01
8.879851967529761581e-01
1.019252218735123616e+00
1.044989403136016737e+00
1.016111942746979357e+00
1.114759507060540722e+00
8.366126594465339572e-01
8.360746550011364242e-01
5.802290649703498726e-01
4.686402801637393201e-01
6.872422336862251679e-01
5.808245989394733577e-01
9.994714515920826159e-01
9.020839799318012275e-01
9.730854918996303393e-01
1.048413319833587876e+00
9.506666900804519038e-01
1.050966684557563591e+00
9.396303308929750964e-01
9.255577572152084986e-01
9.443174444650211941e-01
9.197584872032710246e-01
8.099783185396260965e-01
9.950331684234743346e-01
5.393592558087680899e-01
1.054460524351229500e+00
7.731308664146981924e-01
8.219391003369111992e-01
8.539808246711974027e-01
6.762328672814617025e-01
1.007388416049405544e+00
6.874816606483503678e-01
8.688534000993961559e-01
8.554007516290623725e-01
8.136688702598680045e-01
9.441325966597869934e-01
9.134953416698072814e-01
9.194265054459561659e-01
8.107063911937364420e-01
8.790335839974995347e-01
8.679017193863434176e-01
4.748486338868910805e-01
9.527933074595041907e-01
9.707028499571744851e-01
5.060164554284116711e-01
9.259717376875320483e-01
6.135259139752776703e-01
4.115477169800733082e-01
2.083608114853259807e-01
1.977468011224415567e-01
2.736065641871952558e-01
3.830674373750824757e-01
3.952869530316633906e-01
7.346516639903267754e-01
1.209449590965088417e+00
1.128322160323018464e+00
7.746886197437904409e-01
6.143751438941623677e-01
5.144274468869749484e-01
5.029035863082964575e-01
5.586720606463400074e-01
6.176122159194934458e-01
7.267122731566796334e-01
8.926049317690509799e-01
9.088881398001721346e-01
1.135058929909850134e+00
1.200558691375553266e+00
1.391062807046966165e+00
1.114281869639682121e+00
1.422654328288036174e+00
1.002583780288631043e+00
1.151606673951272919e+00
1.162699301572454713e+00
7.134887883480864890e-01
6.896795696856137248e-01
5.332617039334741627e-01
4.176108621678802924e-01
4.997849156282421212e-01
4.224451756425471882e-01
4.830539599274126794e-01
2.818568220099112454e-01
-7.436401474638162368e-01
-1.433372689995326743e+00
-3.060619552279616240e+00
-5.203029468623753928e+00
-7.169411375414407317e+00
-9.629022330807293528e+00
-1.207165371603020887e+01
-1.436361295698036322e+01
-1.590454314765615429e+01
-1.694159310738663393e+01
-1.876148831888632529e+01
-2.163847016665240375e+01
-2.380069664014620656e+01
-2.583316741433901598e+01
-2.877685664597803950e+01
-3.011236710600926614e+01
-3.050397473016945327e+01
-3.143406898843229058e+01
-3.143093591354059058e+01
-2.877107008543329414e+01
-2.371799174082017814e+01
-1.726637212530572185e+01
-1.243626623870577674e+01
-8.095954305510449700e+00
-5.666304559467166158e+00
-3.379407592323638188e+00
-2.498591231322456974e+00
-1.347442826688801443e+00
-5.714150804806025219e-01
2.227260199549425251e-02
3.722500512624577623e-02
2.704217562021096199e-01
1.634976314921161022e-01
2.422324802425329660e-01
2.623102397182119645e-03
-4.123111525026525448e-01
-2.969978630607166270e-01
-3.899419113451970675e-01
-3.215938302381827207e-01
-2.339269517837767598e-01
-1.660771786227430991e-01
5.187460912974979355e-01
4.128254126567934557e-01
4.092259253197288449e-01
3.694751695733369257e-01
2.668784934828199451e-01
1.877184633684640114e-01
1.049528124731879952e-02
-1.165272767622426431e-01
-2.816078847280588104e-01
-1.332025719576703515e-01
-2.215838186335769289e-01
-1.406286651801829934e-01
-1.195922692242680219e-01
-6.524318927861097461e-02
-6.805392053923667306e-02
7.014182752656489273e-02
4.415304427962096212e-01
2.733143381432378005e-01
5.749041792522296274e-02
6.401569949164838923e-03
-1.852533081719549835e-01
-5.262300401245165182e-02
3.630080090192021602e-01
2.109322131232092001e-01
2.303998537132057878e-01
2.309556648447995408e-02
-2.682245322752605521e-01
-1.230859408525863397e-01
-2.816033598874248534e-01
-2.683390514987015751e-01
-3.386403021534303281e-01
-1.269388970729910804e-01
-4.259596499117958013e-01
-2.216111505161710571e-01
-9.467781402489702791e-02
5.300977563223629313e-02
-3.689532940249476423e-02
1.185120959789856682e-01
1.234757507032318569e-01
3.078295120679551133e-01
2.365972266421643710e-01
3.999001918596510330e-01
3.253290186913304072e-01
1.627382923043975971e-01
-8.006123463558140196e-02
1.492166178993438730e-01
-2.942141467017590495e-01
-3.573646285446605564e-01
-4.681704944375724708e-01
-5.671729693330999078e-01
-4.926644946057183727e-01
-3.714051568973136819e-01
-1.742044712432589681e-01
1.468408309179350113e-01
1.345122386386836677e-01
1.275737133526621547e-01
6.130984970495636892e-03
1.020809918047929088e-01
-2.079872376657950772e-01
-4.870850893024084582e-01
-6.130718468213171013e-01
-6.959279200798630383e-01
-7.907058208759223383e-01
-1.075166004183639501e+00
-1.956509862061398097e+00
-3.328296185313421418e+00
-4.313232089191370022e+00
-6.696374069946230634e+00
-9.185576163676085315e+00
-1.029284755388951034e+01
-1.039805018348427446e+01
-1.092827260009646650e+01
-1.166580808998500451e+01
-1.240383420682220006e+01
-1.319855437834077350e+01
-1.341199634829212073e+01
-1.421421157867036023e+01
-1.441738773268877338e+01
-1.434347901047194718e+01
-1.471752396364832727e+01
-1.462934464832739678e+01
-1.358500130018196828e+01
-1.223898266610936325e+01
-1.183379939620067312e+01
-1.180877170541041465e+01
-1.189242421934672755e+01
-1.140812046510459865e+01
-9.965679286188169783e+00
-9.354636489518957987e+00
-8.124856319175391306e+00
-5.834560570449045080e+00
-4.917854737098203088e+00
-3.497275278627843598e+00
-1.855307931669301302e+00
-4.724555981816779271e-01
-2.488062245342175793e-01
8.850675881319921556e-01
1.226307054622434833e+00
1.143315278862008455e+00
1.187056292907920030e+00
9.167489740679127808e-01
6.757844793424594432e-01
7.098523572474817467e-01
7.269754615409397269e-01
3.995591645986788509e-01
9.762120627897657998e-02
1.167636748231789395e-01
2.038634784535953148e-01
-7.059163956191043254e-02
-2.240906831905063179e-01
-2.106085351925008897e-01
-1.437409812469999937e-01
-1.846289354260886029e-01
-2.133267042104446398e-01
-1.536091271392071578e-01
2.619611141596782655e-01
5.079138645471837910e-01
5.249673875352980357e-01
6.562078521104715012e-01
1.444506683891659815e+00
2.032253796645120403e+00
2.122417529070691256e+00
2.110899647525511735e+00
2.528660981654070383e+00
2.556157084678654989e+00
2.713747559130515352e+00
2.658419113888718766e+00
2.607350699807986949e+00
2.802437417180082324e+00
2.854336743592688297e+00
2.613147157814484256e+00
2.354553071402310849e+00
2.070108213498210503e+00
1.982510798790243056e+00
1.899798566018408463e+00
2.029118847058907438e+00
1.952281674287010826e+00
2.363198192984297563e+00
2.473421974793201805e+00
2.556274607052285042e+00
2.597206767817665352e+00
2.752172342975022445e+00
2.674397995982575882e+00
2.775482415593101049e+00
2.753383279885125212e+00
2.726718327060948521e+00
2.708900789087650640e+00
2.752642588317377736e+00
2.808824239801174460e+00
2.766760408138472016e+00
2.703806468438188393e+00
2.541291222646195891e+00
2.440887326740603491e+00
2.427796060216057317e+00
2.524094971390600683e+00
2.414862838813219170e+00
2.226915201613692830e+00
1.204981716611014164e+00
1.038795086699762837e+00
8.603755460688963241e-01
7.435009488947579293e-01
7.021439442394435959e-01
9.405379975497095701e-01
3.392786613073452417e-01
1.638239344581333967e-01
-1.936978042295944748e-03
3.910087367479064824e-01
2.210074395359547417e+00
3.544412472032440586e+00
4.727306943176539988e+00
5.729465324606409560e+00
5.672535313737409268e+00
4.931284691781264051e+00
4.688493685807557654e+00
3.607309273852596920e+00
2.988624018109359515e+00
2.845018144064719312e+00
2.201689378807141217e+00
1.364868711555154546e+00
9.795664682398087519e-01
7.971948584314558772e-01
4.106789808653082408e-01
4.108744623084176900e-02
2.559923928688807027e-01
1.846573792193104691e-01
2.598945516369094988e-01
3.464750145781098634e-01
2.684215138481753637e-01
1.639974187845935072e-01
2.809666714273445498e-01
4.392539588308564946e-01
2.930856220453241789e-01
4.780526813073260328e-01
6.323373193178890572e-01
1.900307534425461187e+00
2.397286282675586300e+00
2.412386701430280223e+00
2.427760258590770714e+00
2.386391281564327560e+00
2.721218896003362531e+00
2.739568295859173386e+00
3.125355450797254964e+00
3.093158607430415152e+00
3.113624331217291097e+00
3.174577696145205241e+00
2.842510420993924480e+00
2.649675672163127160e+00
2.468391431644890055e+00
2.147489924518626303e+00
2.072082133002038251e+00
1.773702175756946442e+00
1.747715398617654126e+00
1.957240082383832291e+00
1.982542462888157164e+00
2.030770061314454367e+00
2.384549474429952465e+00
2.350977584086238803e+00
2.610591389695415376e+00
2.775089115658396111e+00
2.866652679762682343e+00
3.372322296772511496e+00
3.720329819912847391e+00
4.055193351391991108e+00
4.528919676013639872e+00
5.439138871936980202e+00
5.646055199669837599e+00
5.523152788827734305e+00
5.429449591541665399e+00
5.204795883891526032e+00
5.326572874621675169e+00
5.062675148284114357e+00
4.442585584031776058e+00
3.800733417239834377e+00
2.997538054752940440e+00
2.397730499696026474e+00
1.982264284724554404e+00
1.513233177604050850e+00
8.434200342081880075e-01
1.144035342541099842e+00
8.715280784514479739e-01
7.332555947009556929e-01
3.897338335088238459e-01
-1.614818362219463399e+00
-1.833515549001830447e+00
-1.693308923074144046e+00
-1.795606572978897475e+00
-2.605087073283371080e+00
-3.168022109279216458e+00
-3.394871210614935020e+00
-3.147460224137286211e+00
-3.688375891381278637e-01
-5.828288766744338378e-02
-1.781836545153033802e-01
-8.051956694141293447e-02
-1.926884639602150617e+00
-2.698772740307395779e+00
-3.791185070935009005e+00
-4.152395165561686419e+00
-5.398066033249516060e+00
-5.736908782092779546e+00
-6.258405118022723812e+00
-6.530745036946719040e+00
-7.571880773164422429e+00
-8.436048545705894242e+00
-9.673979215219256744e+00
-1.064400289593675275e+01
-1.042046003007967947e+01
-9.490221964099482932e+00
-9.235601801070416172e+00
-9.443656788202803298e+00
-9.235351899263335440e+00
-9.156900142739885951e+00
-9.368331142353389041e+00
-9.460656528938480747e+00
-9.475090544138568660e+00
-9.703617081039181969e+00
-9.317859983308741434e+00
-9.867518509036312224e+00
-1.037146120066392108e+01
-9.458248846591283510e+00
-1.103152985617139059e+01
-1.203297106985107057e+01
-1.167317724002014856e+01
-1.212618799700324601e+01
-1.197812976108776972e+01
-1.190753641392282702e+01
-1.167216105662185122e+01
-1.143505187360519848e+01
-9.537958796521136762e+00
-6.744920415909384737e+00
-4.982628560450720556e+00
-4.142400061662228516e+00
-3.001326432072429551e+00
-2.405344416144666209e+00
-1.928839680385872057e+00
-8.062215558097148849e-01
4.611693302522455046e-02
3.263730094169487450e-01
2.761336560940120810e-01
3.394560801835472819e-01
2.899830190749358438e-01
2.609990695755297629e-01
2.073246230308223859e-01
2.137649729058005432e-02
5.155354386998229482e-02
8.226437368421390950e-02
4.524103868808566076e-01
3.640445620620390010e-01
2.271521072755853521e-01
1.644652700753358177e-01
-4.711338826031050836e-02
-1.044811600129748608e-01
-4.803765499242796388e-01
-9.978846331121793423e-01
-9.384370431089913422e-01
-6.509765983118894761e-01
-6.177485110701165238e-01
-2.579459135460286934e-01
-1.898998650872708860e-01
-7.515971580066725666e-02
-1.614537650746014890e-03
5.024986037394860161e-02
8.772586050427469417e-02
6.476569996307267318e-02
-4.462600799458939227e-02
-6.409231407991440588e-02
3.254221718693980359e-01
1.032446304218269884e+00
7.276408112302654718e-01
7.148427597001956180e-01
4.167801395586359092e-01
2.912844233049959319e-01
4.988556846757126462e-02
-3.122995753345313985e-01
-3.762723102123222696e-01
-2.883285150986930057e-01
-2.613501609383656610e-01
-3.091656440199250788e-01
-2.901682619565827403e-01
-2.728460143350927014e-01
-2.524747900119079791e-01
-1.650315120469416641e-01
-2.493576772292254162e-01
-3.909870775247415997e-01
-6.915418863740393496e-01
-6.436124279919931412e-01
-5.696775065941594995e-01
-5.884709942032759766e-01
-2.161497031885834252e-01
3.129491717578288257e-01
7.404136006946484549e-01
1.098535526366029913e+00
9.922004796622715395e-01
9.741952328339177347e-01
8.992130888368096153e-01
9.610744063706977425e-01
8.451378700177446524e-01
6.190023297273692382e-01
7.043219979068818248e-02
-7.736483737982589870e-02
-6.303606811687968714e-02
-5.270717090889737166e-02
-6.678697365575672618e-02
5.464324587518405441e-01
1.957926378794360378e+00
3.402484422745566395e+00
6.615535659529173884e+00
9.112258265890828213e+00
1.110395914640664294e+01
1.279961990493747592e+01
1.421698013297970853e+01
1.554602654372917314e+01
1.702157923440800502e+01
1.801213259164689262e+01
1.732018335219702365e+01
1.891927930453697826e+01
1.892668273214135155e+01
1.933651909934086532e+01
1.895524539893634142e+01
1.920083450183321716e+01
1.888736959672416305e+01
1.869880430450671938e+01
1.761421113153171447e+01
1.575070904265402305e+01
1.359001614262661128e+01
1.158245698356569520e+01
9.665818359210829769e+00
7.568209484748992466e+00
5.279847822344852837e+00
3.702242449989197492e+00
3.255147034450612153e+00
2.499699447227831328e+00
2.248836826368095121e+00
1.520690048413070095e+00
1.595420763887717142e-01
2.502986708801350768e-01
7.296624668513822243e-02
-6.879424664740311224e-01
-1.221115908565233221e+00
-1.374377734662688422e+00
-1.369648375721179923e+00
-1.362799716599000677e+00
-1.034171154328946463e+00
-6.207413562724227729e-01
-1.875962990906545613e-01
1.077281505366815689e-01
6.244949637268495390e-01
6.322642369020161635e-01
6.595660362259879728e-01
6.651022879344781202e-01
6.127217288943938023e-01
6.195498659838263311e-01
6.926830978926264981e-01
6.585004905901935546e-01
4.703199902505834085e-01
1.909701412041679425e-01
1.119651010479286689e-02
-7.338492136119385834e-02
-2.159172832898010319e-01
-1.899021792438224943e-01
-3.962075260582827441e-01
-3.072761767629585417e-01
-3.167530281719562191e-01
-3.784775031362008768e-01
-4.161481667899834536e-01
-3.596646347598310145e-01
-3.770179438003127270e-01
-2.793682194534837793e-01
1.827727090562316081e-01
2.976201404945392204e-01
2.942596875787856781e-01
4.561447860685626243e-01
8.397796711211249487e-01
1.206490149574660276e+00
2.003813868073562876e+00
1.972735282995740302e+00
1.908482689699725343e+00
2.045455177486260823e+00
2.001555765533628684e+00
1.571561801884908460e+00
9.718062740904115371e-01
7.017300949988783954e-01
-1.376219767460735433e-01
-6.675116141370147638e-01
-7.357946317337265008e-01
-6.432540781323622392e-01
-6.149327337522882964e-01
-6.926537028810604291e-01
-7.341182888579929067e-01
-7.050149417867049850e-01
-6.727972667954336128e-01
-4.632605732679386246e-01
-2.494216609954570119e-01
-2.400260450983015548e-01
-2.708439205632849900e-01
-3.421411296591209683e-01
6.063471421481413798e-02
2.047167360968195904e-01
2.502283329716032401e-01
2.290454735340285986e-01
2.157737007072500213e-01
3.081588035149135374e-01
5.256077961512868324e-01
7.466778989886788676e-01
6.537968207227872197e-01
4.837687322356437614e-01
4.689762188028804291e-01
4.259477730119087258e-01
5.181451818386242358e-01
3.908931931405574822e-01
5.784336274089736385e-01
4.496736298455023539e-01
4.012739561234893726e-01
-2.854905557498300661e-01
-1.033179781826072396e+00
-1.004678272796151850e+00
-2.152827611113992567e+00
-4.153890066109248380e+00
-5.371222416426694402e+00
-8.259046303332182148e+00
-1.200801721980477943e+01
-1.522045342518207534e+01
-1.812616515026309116e+01
-1.923521971440814227e+01
-1.914546230076080491e+01
-1.896344185981050501e+01
-1.957370913383531175e+01
-1.890615514046503520e+01
-2.025186031215975646e+01
-1.824114498051500988e+01
-1.510543388774681617e+01
-1.355093884770828616e+01
-1.312666552682200916e+01
-1.295329578865299602e+01
-1.101461463050731915e+01
-8.594214920072577257e+00
-6.298463702916669682e+00
-3.244115608510067084e+00
-2.471853643330452766e+00
-2.269005581215580936e+00
-1.899432728939720372e+00
-1.583454555262819863e+00
-1.170770064994873794e+00
-8.671703956313435713e-01
-5.781777776674732472e-01
-3.945709874638191894e-01
-3.521686637485845761e-01
-1.851742547983147857e-01
1.272603032366708201e-02
1.082659750246133396e-01
4.725766911941572945e-02
5.963576469131948860e-02
-3.029629375696226996e-03
6.936872147868777295e-03
8.462168180943570317e-02
-2.050138166354255331e-02
7.948641938680567343e-02
5.039368671212835632e-02
2.680182802204497117e-01
2.594977925639702088e-01
2.319922752279293399e-01
4.422585369032773772e-01
1.206483437752974563e-01
3.825130830291919026e-01
3.442104076929388135e-01
3.802487280685754034e-01
4.685731553140807804e-01
1.496434741596458784e-01
2.511772726780232556e-01
-6.963926295046740655e-02
-1.509146533468495033e-01
-5.337033619071741564e-01
-5.550781219875103867e-01
-5.457384482830777150e-01
-6.506779744187528580e-01
-5.318761772143508759e-01
-6.203875159996915523e-01
-5.916591334762197896e-01
-7.449085976359898220e-01
-5.730519413714456611e-01
-6.848051840665632106e-01
-4.823771953991695671e-01
-6.682011328859605026e-01
-6.129158016870283054e-01
-6.522312806104321181e-01
-7.202664370697881013e-01
-5.101427533930922298e-01
-6.061245219240859461e-01
-6.639419085623284866e-01
-1.728640131656064227e+00
-3.725505644327453680e+00
-5.258788588825435539e+00
-6.206430455578452410e+00
-6.362255853487031487e+00
-6.441690662976166770e+00
-6.578748852511793643e+00
-6.623075833657061651e+00
-6.225796540744996221e+00
-4.402750202447970551e+00
-3.768683979780895754e+00
-3.241581002188096416e+00
-2.178258432147656354e+00
-1.444838993112590453e+00
-1.073579451589584011e+00
-1.119763907887959986e+00
-9.671956736913900343e-01
-2.466040899182319057e-01
-1.768358543531692584e-01
-6.921550429745652877e-02
1.043106334151903541e-01
1.344848610186139271e-01
2.175853513694716301e-01
-2.872890062011148118e-02
-1.759681671526697189e-01
-7.142290075421542372e-02
-1.464063363035471022e-01
-7.629206681080806796e-01
-1.862477103505886911e+00
-2.436192714076995891e+00
-3.731597930844863686e+00
-4.031622399738576945e+00
-5.394209315278024164e+00
-6.874105774653053835e+00
-7.530896918395677098e+00
-8.595802903179091459e+00
-8.279894527608844257e+00
-8.373019774592821207e+00
-8.184540042259438763e+00
-7.763795824877585794e+00
-6.646848111581403984e+00
-5.774412341570366536e+00
-5.187971265451967184e+00
-5.014035016885546980e+00
-6.191089446010797914e+00
-7.586361680172450939e+00
-8.047211506881909671e+00
-8.208196465725235313e+00
-8.150538893943149787e+00
-8.358968597150129298e+00
-8.290861802656262824e+00
-7.767709823804777258e+00
-7.213887608573663179e+00
-6.246297289970295097e+00
-5.966196570347107375e+00
-6.173896036767589912e+00
-5.974500329001275034e+00
-6.468070503930674953e+00
-6.148372368672905708e+00
-6.622225471341524283e+00
-6.428401667964653399e+00
-6.681232934672434176e+00
-6.569663509605248031e+00
-6.399126352506173454e+00
-6.001193166659229306e+00
-5.464146915049973074e+00
-3.954384171493427136e+00
-3.850650353278992633e+00
-3.298863142974000073e+00
-3.393878579495200221e+00
-3.372247879723448971e+00
-3.600492722165361759e+00
-3.706276618913129539e+00
-4.416310669870921579e+00
-4.606902695115013380e+00
-5.081802485624248966e+00
-5.632570354128266565e+00
-6.467395522956989495e+00
-6.638946407541431505e+00
-6.930753342747861367e+00
-6.816485845461764725e+00
-6.884915313490942879e+00
-6.896495686421203253e+00
-6.859876175662066977e+00
-6.880671994028312533e+00
-6.676033054152486379e+00
-6.465909272996842816e+00
-5.414891505686949991e+00
-3.933801897563158789e+00
-3.242661089356215776e+00
-2.649364774296423697e+00
-2.556178779585445593e+00
-2.491103187028886445e+00
-2.341240802107225516e+00
-2.292689366134766260e+00
-2.270201533998964738e+00
-2.256142270885485246e+00
-2.866211393002615626e+00
-4.550791959125351838e+00
-5.484985230033564640e+00
-6.199193670864502792e+00
-7.601369886228948936e+00
-9.178226870245103086e+00
-1.105836026659932791e+01
-1.089920068206134118e+01
-1.163094621722031796e+01
-1.136875901407910661e+01
-1.028685196570503457e+01
-1.029925696952980374e+01
-8.450769241443683910e+00
-4.771123356233372803e+00
-3.977216889084176366e+00
-3.309602964587381013e+00
-3.192310341516714445e+00
-3.116929339189006498e+00
-2.808049667093801549e+00
-2.514268368203750104e+00
-2.341936559110041838e+00
-2.403999993269214208e+00
-2.582595824219255043e+00
-2.622057312587062761e+00
-3.026329101809039912e+00
-3.195936056604248066e+00
-3.421323469062651501e+00
-3.297742980514796418e+00
-4.195348422141509381e+00
-4.591117190704094853e+00
-4.861731888921097422e+00
-4.378759408872049619e+00
-4.695472808480697147e+00
-4.982589590965312176e+00
-7.305585183455410636e+00
-7.523680936687392240e+00
-1.003814462786920103e+01
-1.083024817964503228e+01
-1.164080457654364942e+01
-1.250208740882872505e+01
-1.292670531573718051e+01
-1.266364635415064122e+01
-1.273069528590872324e+01
-1.157024332871033323e+01
-8.813964410315948683e+00
-7.326824140740338720e+00
-6.643367673742483603e+00
-5.764283566539616821e+00
-3.746157811440581575e+00
-2.235329771830331325e+00
-1.790616707203618319e+00
-1.722015124987528401e+00
-1.491671086569043458e+00
-7.587549884668497446e-01
-1.865295830991134940e-01
7.470317608638562534e-01
1.111406872897821474e+00
1.339017121838823376e+00
1.208994993114127725e+00
1.692176872047109093e+00
2.330456250043052346e+00
2.650012903975730083e+00
3.072996725904939552e+00
5.366328744553569230e+00
7.678863669143350279e+00
8.804048568543150211e+00
1.060338292014712991e+01
1.277524390442988533e+01
1.539697419478883234e+01
1.796410317991547956e+01
2.002849799915225049e+01
2.069611416005132654e+01
2.272250349943553260e+01
2.208135399563045809e+01
2.320466986972153833e+01
2.245784378235140721e+01
2.178001959700318935e+01
1.764882061619754694e+01
1.382366805036118507e+01
1.261326990432316997e+01
1.183539761645891275e+01
1.162150512309661998e+01
1.096258466820948030e+01
1.076288158738354994e+01
8.325374148079655257e+00
6.555890592425223318e+00
5.386880205346454176e+00
4.700202404978791826e+00
3.469738596015622178e+00
2.226534019593344738e+00
1.034510015863997490e+00
2.990427937387526991e-01
2.850687450194188677e-01
-1.855442619413100180e-02
-8.599588981312668023e-01
-8.710902873556178871e-01
-8.101292465937764975e-01
-7.247529140073342147e-01
-6.553993475576662675e-01
-4.991601076502726886e-01
-6.511241348827254138e-02
4.238594396897599030e-03
1.712321319927934959e-01
2.788841939452439411e-01
2.683584020925873226e-01
3.025954081242544502e-01
5.608608528913913149e-01
9.958628483046770841e-01
1.005563258708800367e+00
9.969231505255525816e-01
1.106329390906801713e+00
1.446321119628593888e+00
1.212972272537925944e+00
1.076039885490167158e+00
9.492940870573072232e-01
8.130827377930075484e-01
8.885382843178868395e-01
1.008819775678206021e+00
1.469576168954372930e+00
2.432606583394818944e+00
3.792085046328125486e+00
7.312589089710501256e+00
1.194590482474828974e+01
1.425666103065479007e+01
1.712824279166792607e+01
1.900896773630688585e+01
2.113196176594319553e+01
2.283083364010177618e+01
2.347332527989649975e+01
2.405230575672814552e+01
2.376375059619719110e+01
2.307108635226242299e+01
2.152851646117450457e+01
2.051693731618501459e+01
1.859250230029819662e+01
1.585197045864326881e+01
1.179028850178411503e+01
9.491296635377013402e+00
7.143976889093526239e+00
4.701719105193016723e+00
3.416019209046141203e+00
7.460617369999251736e-01
1.052295070724840326e-01
-6.169260635510414037e-01
-8.841841290987967339e-01
-1.166752501294029853e+00
-1.537600649192253366e+00
-2.044643555038908378e+00
-2.955984895807572066e+00
-3.570123782245749222e+00
-4.238249118750488265e+00
-4.587196573818650869e+00
-4.945938598701973277e+00
-5.434896987292574089e+00
-6.016854837488435415e+00
-6.015643410599277097e+00
-6.012573656960078061e+00
-5.660223357567800484e+00
-4.903367449055952676e+00
-4.503558937059593426e+00
-4.524280586637233981e+00
-4.463019889003303931e+00
-4.653071380444272265e+00
-5.041470414645263354e+00
-5.345221045026867124e+00
-6.001382784653777946e+00
-5.894645175649695368e+00
-5.992772528156268486e+00
-6.090343412960741887e+00
-5.468100181588001263e+00
-5.553604205519620862e+00
-5.709858165807411012e+00
-6.025470422135487780e+00
-5.697901341056302194e+00
-4.441811116842909968e+00
-4.703386290836697903e+00
-5.288566322353446481e+00
-5.914182754764627070e+00
-5.818732555653460814e+00
-5.894802516288677907e+00
-5.907725476831176437e+00
-6.034572857553913039e+00
-5.716284462986691572e+00
-5.479066707123468660e+00
-5.260501832010243461e+00
-4.907018436945935314e+00
-4.783990726513603242e+00
-4.723004882299754570e+00
-4.808613128099621825e+00
-5.759652773261551673e+00
-5.888324594497280629e+00
-6.486716137540491367e+00
-6.905586497355944431e+00
-6.857127559406269945e+00
-6.670710127802533584e+00
-6.874273721865185927e+00
-5.969130028709097147e+00
-6.132444552366830948e+00
-6.595561910189570831e+00
-6.640518158014571348e+00
-6.693578454907528119e+00
-6.890353897118696835e+00
-6.421364037021461968e+00
-5.284145389222866029e+00
-4.442648352964655878e+00
-4.262283051708267045e+00
-3.762423619677621733e+00
-1.256959502827249997e+00
-2.345157214832431225e-01
-6.885235193308911761e-01
-6.261274498238198483e-01
-7.676651845391790907e-01
-6.936566571088852440e-01
-7.860548298325644723e-01
-7.905546814417857560e-01
-7.915078070004589739e-01
-8.863691007903816699e-01
-8.040019872096699771e-01
7.554107134594767459e-02
6.673761026959457165e-01
5.923106643339738353e-01
5.328172412158130866e-01
4.268027968156990481e-01
3.469474712623876744e-01
-9.647031989051845988e-03
-2.228208636531479325e-01
-1.792981740838192339e-01
-3.734166637889683726e-01
-5.308165831653673949e-01
-1.103882707985012424e+00
-8.124903948410253651e-01
-8.593407080290936806e-01
-6.289422977268265269e-01
-4.020496513262495908e-01
-3.226012180242135430e-01
-1.360503655313629878e-01
-1.959350126254177579e-02
1.325380363096847203e-01
4.618227397870815903e-02
4.560969729055781852e-02
-1.261984488015478467e-01
-1.311499865674647380e-01
-3.916205371680504810e-02
1.070584495150797705e-01
3.170675627211931857e-01
3.133060836747477151e-01
3.535273958497254787e-01
2.794795784007707562e-01
2.717788104621324807e-01
2.637132117714207635e-01
2.505803095264806934e-01
2.188301542509902553e-01
2.048256944389191814e-01
2.207191693111445752e-01
1.484183392666530710e-01
1.302446427269281781e-01
5.626332060887994507e-02
1.674050674035727493e-01
-4.590853933877683812e-01
-4.227892189253225630e-01
-5.751696567564904550e-01
-4.325749885611243628e-01
-2.256593158424558265e-01
-2.716197420601970669e-01
-2.234872018090302559e-01
-2.054833037212034086e-01
-5.090916104753079319e-02
-1.243000190027507001e-01
-7.582979682023155421e-02
-2.394025713706717240e-01
-1.303855200906436640e-01
-2.014286705690870316e-01
-2.061079124336969715e-01
-3.500137118726977248e-02
5.486822631850993837e-01
7.766160050497894485e-01
7.463941347638471946e-01
7.652827346269421849e-01
6.488106495355849823e-01
2.829115442883784470e-01
8.640085165008104529e-01
-1.023981721256986277e-01
3.352812394258462003e-01
4.185792564797599091e-01
1.425176243378162635e-02
2.289646628245595450e-01
1.669634719100580519e-02
-5.015727662403999254e-01
-4.284850481579433601e-01
-4.636545047481780424e-01
-4.440549984281039197e-01
-5.405894292487820607e-01
-5.282620633975029234e-01
-3.356171066859956476e-01
-2.005433106411167732e-01
-1.965224156119815546e-01
-2.432228950717155169e-01
-2.513310957863916784e-01
-2.447412152208270630e-01
-1.663371328778474323e-01
1.459148129782834313e-01
2.476588817617477456e-01
3.235217779047340203e-01
2.828135347178937220e-01
2.492568418577618405e-01
2.095575401436159391e-01
3.156996435767450704e-01
1.919281594476733299e-01
6.595520268928917185e-02
-1.154272275475064571e-02
-2.115009588791544048e-01
-1.959669471290031995e-01
-9.108537611144176815e-02
-5.749638525911199283e-02
-1.749479638189070374e-01
-1.974345244474073890e-01
-2.292350457726181345e-01
-4.115949015152317036e-01
-8.901729317833680932e-01
-1.047218084749105049e+00
-1.949171843752527611e+00
-2.334751551136770686e+00
-3.593831012448102769e+00
-4.715109470040303563e+00
-5.202459475935380162e+00
-5.326982263635898107e+00
-5.652076899428339907e+00
-5.808462420601284038e+00
-6.076677794438240632e+00
-6.571689455802710356e+00
-6.746126286934053695e+00
-6.876361318929339106e+00
-7.263473033483498043e+00
-7.612486586480240014e+00
-7.491950346883894163e+00
-7.212795812468669077e+00
-5.746811550662649815e+00
-4.919392499305491384e+00
-4.747481168999932777e+00
-3.687165572690352278e+00
-3.545427219710131084e+00
-2.958048481654521389e+00
-1.778996684129531936e+00
-1.310312092786289240e+00
-1.141210860887387435e+00
-5.655994582076266930e-01
2.429658571822924384e-01
8.183123591719829726e-01
1.495430250843986286e+00
1.851627377931881258e+00
2.178111782611038105e+00
2.163207368077554982e+00
2.374406648741668846e+00
2.519061459185566232e+00
2.772890530055777791e+00
3.016291072270561813e+00
3.584776305023115839e+00
4.362511576968980620e+00
4.843147203536036116e+00
4.920904212747699624e+00
5.442529608906817806e+00
5.665204565563016104e+00
5.979634689659732771e+00
5.734897129735994525e+00
5.431209842900457829e+00
5.869928027150998595e+00
6.103111914430557228e+00
5.611072331861734597e+00
4.519704999961812852e+00
2.941698055295516312e+00
1.969109158428988149e+00
7.488141696143593151e-01
2.601807462602307441e-01
3.674200061229178638e-01
-1.462410227574419963e-01
-1.294787155200123108e+00
-2.747335149520825137e+00
-4.289795247596173589e+00
-5.813485724936577448e+00
-6.938250140348782402e+00
-7.685660829431249397e+00
-8.263030544619818230e+00
-8.649101207097702471e+00
-8.905365269894726765e+00
-9.626422905684663078e+00
-1.035403200370494048e+01
-1.117914824740148738e+01
-1.219309573305972449e+01
-1.249208214915431370e+01
-1.427650731404382434e+01
-1.607106581894386466e+01
-1.687799736969077102e+01
-1.830586425639657122e+01
-1.873781215238503961e+01
-1.972976270905767748e+01
-1.970842808896570020e+01
-1.942617238100406851e+01
-1.958355789820784310e+01
-1.644235303790823011e+01
-1.120276480982480649e+01
-9.145500899061923761e+00
-6.667929062732786960e+00
-4.285048195366750079e+00
-3.062957621988143586e+00
-2.861462879046992924e+00
-2.270848643272898038e+00
-8.549122248203490093e-01
4.862854460027331988e-02
4.060693768951007532e-01
4.687976782507597973e-01
3.537436330485744240e-01
2.037011024690813799e-01
1.301967486137044494e-01
9.543318126669984858e-02
1.428284797233471681e-01
1.086245237417204773e-01
1.627829871133190942e-01
9.572405284581350648e-02
-3.588714364938497825e-01
-5.086274895141205121e-01
-4.774383884873066308e-01
-5.269729390324640050e-01
-5.004895358236477465e-01
-4.505854042690731198e-01
1.115150543382126408e-01
1.535610556461719789e-01
2.069621799871485535e-01
1.958944493331303272e-01
2.635981062553750531e-01
2.051359763690363269e-01
1.935387990677189529e-01
2.086670611325650848e-01
-1.873656582251321048e-02
-1.644808034016027598e-01
-1.970263649283206242e-01
-2.557133088748028693e-01
-2.554847490672486066e-01
-5.035739380249267816e-01
-8.633925795747759979e-01
-8.361408129564388281e-01
-7.756919004065147005e-01
-5.279220836761749913e-01
-2.661104446787517230e-01
-1.413939384410499156e-01
1.860882496102757022e-01
1.958877379711669309e-01
2.576819288146262599e-01
2.694088394622333738e-01
1.813951674368627365e-01
2.665035398333547301e-01
1.889815284948381524e-01
2.163256548996267403e-01
6.724204152262025502e-02
-6.846064124429112052e-01
-8.360007240272437912e-01
-8.074578565193405444e-01
-3.799658806563786517e-01
-7.690615082038679828e-01
-7.379971406028673631e-01
-1.112236282265000931e+00
-1.642086013400368305e+00
-1.459988629876360022e+00
-1.684901489837051125e+00
-1.466935462942296597e+00
-1.509629171561042815e+00
-1.613789667841773801e+00
-1.503360892099371293e+00
-1.668977619016738467e+00
-1.715747274208609952e+00
-1.583518345927166449e+00
-1.551681643291570545e+00
-8.176243732687816790e-01
-3.345408514895459318e-01
-5.754167420068110328e-01
-5.046181010447884363e-01
-4.587366715408475182e-01
-2.700906973300539748e-01
-2.252377066696240326e-01
-1.916434559963478279e-01
-8.340417885414891375e-02
2.371120543267631747e-02
-2.409558406528870128e-02
6.218568902199440862e-02
2.414246533039382872e-02
4.922878310723760586e-02
4.216292866834523978e-01
5.481828671154311827e-01
5.436068641438046578e-01
4.334515869140825872e-01
4.142276262321689662e-01
9.465656956257437193e-02
-3.773578909578056972e-01
-4.096809629743657921e-01
-6.213840819595390919e-01
-5.539009074902736529e-01
-6.263379726749800369e-01
-5.876283611382646654e-01
-4.567555015980764854e-01
-2.912686642245430613e-01
-1.210777127192896353e-02
-7.559317556950607975e-02
-1.447073530237415473e-01
-2.221144049616327887e-01
1.712460369302677143e-01
3.207535815530662693e-01
3.002114254112732139e-01
2.330313191755916391e-01
1.847244918942216318e-01
-5.679144211964543693e-02
-5.750442181181793233e-02
-4.107625718782365043e-02
-1.722039101077090135e-03
1.545627137223987493e-02
-1.901911727672957533e-02
6.154288896339687315e-02
1.216975768382196760e-01
1.811618249661953450e-01
2.420896686265886499e-01
7.631008722303483927e-02
1.122343389095667027e-01
1.263344487615853384e-01
2.051550560698300052e-01
1.907370446568666111e-01
1.654475415659156234e-01
1.737114158093897576e-01
-8.527240598157208307e-02
-2.003319562189613823e-01
-1.760943688690229658e-01
-1.617656378702099496e-01
-1.548702072843082256e-01
-1.895112627320667542e-01
-1.749186318657133810e-01
-2.469653383209204911e-01
-1.762373974451898750e-01
-2.149261133885554398e-01
-4.930257672749098485e-02
3.464729880160822284e-01
4.463782089520426655e-01
6.492188022354536958e-01
5.195335134950461731e-01
5.211099305204663912e-01
5.989261672266019687e-01
8.806373148042994092e-01
9.077060813044787180e-01
9.544303974148119485e-01
1.001348283616295687e+00
1.015823933363215525e+00
1.042030536801024088e+00
1.043609872287266427e+00
1.079520785025275709e+00
1.046987588838795169e+00
1.120495056585428140e+00
1.147393029150189703e+00
1.064861479260226007e+00
1.155741938854368156e+00
1.059891496458428506e+00
1.147690897909551477e+00
1.118868457434553099e+00
1.525805938564888553e+00
1.386348981729308205e+00
6.642155147988354491e-01
4.486834307880787631e-01
-5.074997147019643107e-01
-7.982688560024063795e-01
-3.595716340178288228e-01
5.219366988632694049e-02
1.308146057450960686e-01
1.296129448192665234e-01
5.831623222570642140e-02
3.064740770025147221e-01
1.198474309619310813e-01
2.115406523320626508e-01
7.241912768110944087e-01
6.895772863283143872e-01
6.884538277979379561e-01
6.313146767768937906e-01
6.551451219647498325e-01
6.538877833762745118e-01
6.019221543637062188e-01
6.946906555201431965e-01
6.959792681847069007e-01
7.189877572003541273e-01
5.194828606601508136e-01
1.298695967481413305e-01
9.772260556136364018e-02
-2.054781348189987922e-02
-4.682772053347621088e-02
-1.284301211268367923e-02
4.309571695895273447e-01
3.536228688819069710e-01
4.282961891944717658e-01
2.527969007526319478e-01
1.833218083399999476e-01
3.649302470708944979e-01
2.750989771867072275e-01
3.425275678462348927e-01
3.991171206174520814e-01
3.347093671659976399e-01
4.998159545452384167e-01
7.598638151071768210e-01
8.772710296445368483e-01
7.914799276234670833e-01
8.257472630904822974e-01
1.017386229224859218e+00
1.096384889412984398e+00
8.513488120744734378e-01
1.070811402546508528e+00
7.314554928627798880e-01
7.668998431116880177e-01
7.222244318975555855e-01
6.968495414669862997e-01
8.425182260809835899e-01
6.488439485446699795e-01
8.509917363169242632e-01
7.550865508585169472e-01
7.598545664331322058e-01
9.064127042569298798e-01
1.338120069082204600e+00
1.441112714393045335e+00
1.539828489825880053e+00
1.332602311936157413e+00
1.476442252848986003e+00
1.079563245139897987e+00
1.500525964545212032e+00
1.448495733416726772e+00
1.162787434713652646e+00
7.232357621938497738e-01
1.032226771370007734e+00
7.474105198839965380e-01
9.270853791354017881e-01
8.488939044419872015e-01
8.297492773686696577e-01
8.384855417723475757e-01
7.247839556581255893e-01
5.723442739836691606e-01
5.507769500514831940e-01
7.762028525853494898e-01
3.630202861397157088e-01
6.125475038284103890e-01
7.840536843741643391e-01
4.969789945768807726e-01
7.467034339382537800e-01
6.928786598838345689e-01
8.106300876264216360e-01
1.009751618022787900e+00
8.672539658377058647e-01
1.026550810374378342e+00
8.737519285267950631e-01
8.004377538726746844e-01
7.527086688862852926e-01
5.323549108901600713e-01
3.033706052748904591e-01
3.303274258255044504e-01
2.824116154039736371e-01
2.892335161157647550e-01
2.919394736656444889e-01
3.246799747337249520e-01
4.253534561692891014e-01
9.566672411857189973e-01
9.434925192951594264e-01
7.344134401282061964e-01
8.730735014612744926e-01
5.771456626221593833e-01
4.902045042814309750e-01
2.208450313788036246e-01
4.238248264331569426e-01
9.274549617644672894e-01
8.407313489748882152e-01
1.230456948592301369e+00
1.394624491866598426e+00
1.142316584792788969e+00
1.395236372138071612e+00
1.305635025689551920e+00
1.004572386738599610e+00
6.123716744951794855e-01
5.762053749931479452e-01
5.006475856121979096e-01
2.691066247492054919e-01
-4.473995786122586527e-01
-1.566664515623594989e+00
-2.957351409584121349e+00
-5.633268738677735143e+00
-8.947265368732907120e+00
-1.304912939553924645e+01
-1.651016066997576814e+01
-1.946531626810290305e+01
-2.159390992178456159e+01
-2.442226556147564764e+01
-2.664835629282496043e+01
-2.737878943630644457e+01
-3.011677250443252518e+01
-3.063570101707718507e+01
-3.084223213926329876e+01
-3.124311457258578528e+01
-3.113982012068958127e+01
-2.793626944638516107e+01
-2.102079954744574053e+01
-1.613088736268038659e+01
-1.363557120637803699e+01
-1.169939085590899452e+01
-7.986753542114610305e+00
-4.995899676932269884e+00
-2.947902140267984361e+00
-1.663613031432145783e+00
-6.869648008651331184e-01
-5.587924007530924442e-01
-3.434405676054307910e-01
-4.452138984751827788e-01
-4.338458177581339670e-01
-1.248399863559603029e-01
7.962386149413070574e-03
4.456256827303909859e-03
-4.098976965514668225e-02
2.463257659461502436e-01
5.517979120068538385e-02
1.770769385050315337e-01
1.324923459429395989e-01
8.931954658071519781e-02
9.100489853783476357e-02
1.650472512268663953e-03
8.592969728936815377e-02
3.688493283584756144e-01
4.292768791151932994e-01
2.420958217253570410e-01
6.196458614920440783e-02
-3.953484976039405713e-02
-1.686029676917522313e-01
-1.169182484134426159e-01
8.485244749300631384e-03
-2.465491933609419845e-02
9.717301395158388366e-02
3.490987066060884797e-02
-1.159858097578923414e-01
9.942726221492181188e-03
-2.849357100289780925e-02
1.714147982672630799e-01
1.172635856174805841e-01
2.216614629858892627e-01
-2.050312798541871831e-02
-1.993546358068374325e-01
-8.322990977977259841e-02
-1.723490256997785852e-01
-1.682481406751475672e-01
-1.943954835510635637e-01
9.582515623073593891e-02
8.269255944460911223e-02
1.202858945996257700e-01
4.156736159907650080e-02
-6.946098897125879690e-02
4.013399963527850001e-02
-1.497751240602126499e-01
-2.327393689026716894e-01
-3.188611466754380230e-01
-1.266358535785651052e-01
-7.920244028100172085e-02
1.972445593334643255e-01
8.590059728462093314e-02
2.916371262620061633e-01
2.105738701878981378e-01
-1.235820242594808799e-01
-2.655094318379849216e-01
-2.123397852279604314e-01
-2.486927939985291713e-01
-4.068567356063746560e-02
-6.063787023473776044e-02
1.678499454813405234e-01
4.614895520182938360e-01
4.827278450368503449e-01
3.565236533697491716e-01
2.394285249474563948e-01
-3.271943234646159659e-01
-6.400324650284517913e-01
-9.711424583158745349e-01
-2.090258424123260461e+00
-2.613681288876902542e+00
-4.792642109220291324e+00
-7.654573699463276704e+00
-1.085461559317524660e+01
-1.227995244489598470e+01
-1.318554784329929319e+01
-1.369075144949589351e+01
-1.418992104722481251e+01
-1.490986747478456209e+01
-1.495686599612649559e+01
-1.572300844358548311e+01
-1.589388085781285120e+01
-1.558023337882026738e+01
-1.620304879230353734e+01
-1.635846651843767674e+01
-1.618523246924717540e+01
-1.526425459950197272e+01
-1.345704025458654840e+01
-1.252369028906012716e+01
-1.116102458643315387e+01
-9.771767480284184515e+00
-8.524373679656374492e+00
-6.897897165101966266e+00
-4.917452964951101180e+00
-4.520633989833765298e+00
-3.500444993126037740e+00
-1.025494378557060493e+00
-9.199675328971198551e-01
-5.630947113572896123e-01
-1.297946310307245277e-01
-3.270741817796274375e-01
6.178060247659589166e-01
1.184607546893230667e+00
1.359326523264277498e+00
1.303491599471570117e+00
1.193694714156800396e+00
4.778628428459660293e-01
1.129808878765188596e-02
-1.240213456021801997e-01
-1.178142156256573453e-01
-2.426935404661736129e-01
-3.180690929703177128e-01
-4.215115445074663625e-01
-4.320441103631129098e-01
-1.326046909028861798e-01
9.664198544425207649e-01
1.276969144589290117e+00
1.474312841316504752e+00
1.791810114754281091e+00
1.904925833027467430e+00
2.223638240564858481e+00
2.140028973574581883e+00
1.925275133407774009e+00
1.834717156107404268e+00
1.888352769335479353e+00
2.144013800116827628e+00
2.301538632978597398e+00
2.602888043276317731e+00
2.577673300830557679e+00
2.596510114914130973e+00
2.594574364041263070e+00
2.562585901789426135e+00
2.638181798031355552e+00
2.782243179641828323e+00
3.160167837597997575e+00
3.308705655980009208e+00
3.400558310129085271e+00
3.399216620960491486e+00
3.529822865769929319e+00
3.467108719859447685e+00
3.396086736549856600e+00
3.007667866621825947e+00
2.463927997237636003e+00
2.492045359893278800e+00
2.552646889729605295e+00
2.540724264490435313e+00
2.447364068382061664e+00
2.465015788887551462e+00
2.482872707794685052e+00
2.436765300073566731e+00
2.581170191442069939e+00
2.700127850537994867e+00
2.571320366077531450e+00
2.865175597836146171e+00
2.623131518942728224e+00
2.679265921465560307e+00
2.581570088428584153e+00
2.973412672380999933e+00
3.195638675716789834e+00
2.980522221152333451e+00
2.881554286040864277e+00
2.725591644624847376e+00
2.787961663090394726e+00
2.605368114210469432e+00
2.215495881023369140e+00
2.072703277110501840e+00
2.014481832243920856e+00
1.847639735673863415e+00
2.362712365158144756e+00
1.816762196799614371e+00
2.051292356550000306e+00
1.665845879441645749e+00
1.597807255926149139e+00
1.163769307525928998e+00
1.281280812796503410e+00
1.731808096341654224e+00
1.730774022028798598e+00
1.618328156309677857e+00
1.099814646503200599e+00
9.447720780801186491e-01
1.030406723493625165e+00
9.163089610831465226e-01
8.860872695939857602e-01
8.674007190373530518e-01
1.107679716903418488e+00
1.366217247409114988e+00
1.594821483796786232e+00
1.855804361370041455e+00
2.068761724555757908e+00
2.196012522393704369e+00
2.705841740964312070e+00
3.114299188814807273e+00
3.335646901968663425e+00
3.493253578597646403e+00
3.610225797302484718e+00
3.499118810694878068e+00
3.275885920090158443e+00
2.891278915985571185e+00
2.157653044507195528e+00
2.115407234087212540e+00
2.115180070035472149e+00
2.640865091826682054e+00
2.646336700304285916e+00
2.627484159494844373e+00
2.579581769572806049e+00
2.412680307761005949e+00
2.692701217623138632e+00
2.634580203074808669e+00
2.876871459634723127e+00
3.416806770033012253e+00
3.693743784518415119e+00
3.533577970145416192e+00
3.537432722925634376e+00
3.445236060550830093e+00
3.427270974497245604e+00
3.330516986915145861e+00
3.176831694006004181e+00
3.724625669138051265e+00
3.898155509144674458e+00
4.719522843720324268e+00
4.968986372505038496e+00
5.043228028210171132e+00
4.426295123628247730e+00
4.407061550862242605e+00
3.181576649289245218e+00
3.251806237841096792e+00
2.514511223696670683e+00
2.526767745268891030e+00
3.822582382785584709e+00
2.772374505647440479e+00
2.218452196686311773e+00
-2.811036483048228729e-01
-6.132219025980539806e-01
-9.287932939623246842e-01
-8.918988687006694782e-01
-1.812987552101856581e+00
-3.437486902929004717e+00
-4.208240487632966875e+00
-6.178827682861418147e+00
-7.502292793283888095e+00
-5.827856092360032214e+00
-5.672767885571070146e+00
-6.468225990375274570e+00
-7.430400541211953147e+00
-8.238316631675143498e+00
-8.431072920778499125e+00
-8.582550999016705262e+00
-9.291591495230866471e+00
-9.628344721962470487e+00
-9.560852959129924500e+00
-9.784574893954593122e+00
-9.806041991526187829e+00
-1.054617701088886328e+01
-1.047576401158462289e+01
-1.162891607145187578e+01
-1.224658630138004867e+01
-1.230993952306745420e+01
-1.235352861640650524e+01
-1.207552686045951695e+01
-1.174544521420605037e+01
-1.271942788651447742e+01
-1.111652178367741683e+01
-1.243439701310891543e+01
-1.302232113211712772e+01
-1.129367221139545840e+01
-1.158899714019088201e+01
-1.136938491738258428e+01
-1.117922507222931827e+01
-1.046565877979410608e+01
-9.441560267345018076e+00
-7.535495920507536027e+00
-6.264259850209318081e+00
-4.291646005253775265e+00
-2.836969949223097309e+00
-2.430069186785828617e+00
-1.839666314297311756e+00
-1.310083054326028451e+00
-6.593357740110448173e-01
-7.475122237739183495e-01
3.247302591320408993e-01
8.142454075411666992e-01
8.141710569908892081e-01
6.896795218229957447e-01
8.962616717001148370e-01
2.238437258043996514e-01
-3.478245073531252562e-01
-3.677411079229495061e-02
-2.055100285251948780e-02
-4.601956756677925975e-02
-1.512509289891116881e-01
-1.810645877491546540e-01
-2.486918396505291284e-01
-7.567581299434821274e-01
-6.857706475665310553e-01
-7.028401946712388160e-01
-7.453423445734873587e-01
-8.657168418441489877e-01
-5.588880103099282959e-01
-3.996629523320913147e-02
1.089257956841470226e-01
5.635682203012096769e-01
6.501150838340499227e-01
6.400220427081071417e-01
4.844745584504072666e-01
4.399836615130108819e-01
5.440599191468433737e-01
4.044108763314311350e-01
2.024610420500884966e-01
-1.979749028926361398e-01
-3.148489840918407001e-01
-3.174168399174698840e-01
-2.474082985862018635e-01
-1.100491936794704972e-01
-1.177760558126716289e-01
-8.433187170741937577e-02
-3.160345992173259344e-02
1.254747253160855974e-02
-4.032607660443584402e-02
-4.228247582147327127e-02
-2.132355203008353545e-02
-2.927289908050117670e-02
-1.341496684429075714e-01
-1.998175417671927689e-01
-1.849782659040994093e-01
2.375457038415826685e-02
-9.203720064534945400e-02
-7.246082135976859850e-02
-4.443803294342939247e-02
-9.560802157407424784e-02
-1.384857754460019352e-01
-5.778842195252655856e-01
-8.905578660340659480e-01
-8.434367393355983733e-01
-8.496126321863478603e-01
-7.614702781182935976e-01
-6.767770876788897771e-01
-9.195560960868227884e-02
2.468897594428113296e-01
6.071544493326027636e-01
1.071827765938121318e-01
-1.756426404106583017e-01
-2.780063184244824792e-01
-1.732843539264185273e-01
-6.571036992029674270e-03
5.309056710988026007e-01
9.162726404752807863e-01
8.669577785937173653e-01
6.103549485976001998e-01
3.875057254266384699e-01
2.332673688839988213e-01
-4.998230672249149784e-03
3.253320826251074882e-01
5.624198085801453834e-02
2.124049699196808583e-01
1.753919628525008600e-01
1.469173061713457407e-01
1.756183826128788761e-01
1.855008162584334541e-01
1.562292556435459223e-01
-5.878236787490880022e-02
-5.345203414967500954e-01
-7.067960502701967629e-01
-5.772535701046566103e-01
-7.042111108659810936e-01
-7.529667432344971933e-01
-4.407181424909292211e-01
1.493637479349339270e-01
2.648355805255500073e-01
2.692892889898469977e-01
3.523188298072280067e-01
3.770955617938168136e-01
4.190949262929314356e-01
4.265024738675093907e-01
4.330882615402449898e-01
3.405697711359602642e-01
3.690747518046189612e-01
2.720803593173525270e-01
2.448606396368170068e-01
1.217251466835300860e-01
3.741144061284776279e-01
2.005341706412790137e-01
3.014052193350155728e-01
2.674643185050754601e-01
2.201584947696207106e-01
1.976098620880467338e-01
2.301248735482219407e-02
-2.756285665271475116e-01
5.843883010944983525e-02
-3.679990277090562367e-01
-4.235068588781634724e-01
-5.325939414799983895e-01
-6.490955798783103470e-01
-2.530957867062421651e-01
-3.632348172086828381e-03
7.969277106361455365e-02
2.177455488680898887e-01
-1.188483929558961233e-01
-1.207924375187593019e-01
-5.135256271917422455e-02
-2.827873784670566215e-02
-7.738823904877394078e-02
-6.406858892383919535e-02
-7.458522700990394272e-02
-5.905403447296085628e-02
-8.153426018316679846e-02
1.736180331027810733e-02
-2.401847254186997016e-01
-4.505978873662077056e-01
4.424023135107447990e-02
-4.598267314094409697e-01
-2.619257872262421849e-02
-1.364681334306545313e-01
-4.400192610886143746e-02
-3.496510673822889603e-01
-3.873097981948773749e-01
-1.647941300532764775e-01
-2.035321845244585925e-01
-2.344480904695000756e-01
-2.716751703434835963e-01
-2.971155475412464164e-01
-3.006543774735379038e-01
-3.084932295359775756e-01
-3.523341737776777283e-01
-1.932841422050733393e-01
-4.749841994887226693e-01
-3.749727136059215482e-01
-5.006623764989278635e-01
-4.557766210196145251e-01
-3.174355773422444793e-01
-1.067819203529319472e+00
-1.823248902120204296e+00
-1.864290034945355279e+00
-2.546096098695644017e+00
-3.500619161689677572e+00
-3.645695586954675438e+00
-3.890244991824959531e+00
-3.854127932305170479e+00
-3.811109051137045345e+00
-3.943947511243779402e+00
-4.046058481591276568e+00
-3.859294682064356330e+00
-4.056106504177369843e+00
-3.683973545390570425e+00
-4.035174127756877560e+00
-4.549012922296815198e+00
-5.238131505530659204e+00
-5.657659111099047955e+00
-5.243908420746654642e+00
-5.401652117421910759e+00
-5.214114736335984546e+00
-4.946698598508395328e+00
-4.902317376098993762e+00
-4.939759412513883063e+00
-5.094037890539373947e+00
-5.145768573376273025e+00
-4.995465470747697090e+00
-4.805706183186462255e+00
-4.860781064244054761e+00
-4.806453104941034837e+00
-4.976600017782687679e+00
-5.247700689513012051e+00
-5.415093014372090785e+00
-5.349509682244877773e+00
-5.466092514696445193e+00
-5.239152987180778709e+00
-5.051618447399609302e+00
-4.867144376867106104e+00
-5.496090977775346609e+00
-4.632728667662326494e+00
-5.114452017090708402e+00
-4.910289924188028010e+00
-5.041599315205683496e+00
-5.127071188081003150e+00
-5.129265963351839375e+00
-5.149411623976673624e+00
-5.136345612849354758e+00
-5.116554370918497519e+00
-5.089850349893828785e+00
-4.938919267226633103e+00
-4.767375330058925442e+00
-4.462044959549777090e+00
-3.668846970942216235e+00
-4.121245520143407504e+00
-4.655258948798482344e+00
-4.615083937424708793e+00
-4.547054613876957418e+00
-4.930231262410616822e+00
-5.344275480439965698e+00
-5.427821598089338728e+00
-5.935026834923680106e+00
-6.604132608948774852e+00
-6.659470863541701036e+00
-6.667611064218742278e+00
-6.784437718554636731e+00
-6.699619739346673875e+00
-6.413241411410167458e+00
-5.140201499375183225e+00
-4.806892769486002415e+00
-4.819762612648776923e+00
-4.707120005294383347e+00
-3.893990299141643519e+00
-3.050114670560389651e+00
-1.987618195724594639e+00
-1.107058318758281423e+00
-6.306251127640030152e-01
-3.417808911816969109e-01
-4.217612064130525917e-01
-3.413617474687990483e-01
-4.090336844913581849e-01
-3.533415101355939503e-01
-3.425797759386284835e-01
-2.348523201582194131e-01
-3.751618700444880883e-01
-3.745794535017354931e-01
-9.689327495962972436e-02
-1.171325631140086726e-01
6.331099458119797685e-01
1.132899772760772583e+00
1.105438446948784792e+00
1.036728011405157357e+00
1.054431596583739195e+00
8.374005922672576041e-01
5.141931337585887718e-01
2.331001800995008699e-01
2.569484563882402095e-01
-1.105263129759689184e-01
-3.025611924314479118e-01
-5.782371034317261849e-01
-7.485144365978431136e-01
-8.722348981769996179e-01
-7.926696596449251953e-01
-7.892485398377210304e-01
-5.573873510481425209e-01
-2.909862219155419094e-01
-1.169121978252915355e-02
-4.608005037084340200e-02
1.966762047077227904e-02
2.622103255266314825e-01
1.440016335554325788e-01
1.690540211625056743e-01
-5.576580134960735374e-02
-2.305434469526612962e-01
-1.992287966616655692e-01
-1.946018483151324141e-01
-1.690326009300613108e-01
-1.440938298227000258e-01
-9.700444743407064807e-02
-1.588946881393203114e-01
-2.165658657409301191e-01
-2.231490922695350265e-01
-2.792634303582079425e-01
-2.842154309326476724e-01
-2.871171442303611099e-01
-3.796748985088241879e-01
-4.366675989483853604e-01
-6.787294554472262931e-01
-5.184699950259772372e-01
-4.893079950037739767e-01
9.851823135521681207e-02
2.343890182151202317e-01
1.952995377042029412e-01
2.004466201750906840e-01
1.150662041254205126e-01
-5.959830274698862951e-02
-4.113861411810006141e-02
5.008009102052627393e-01
1.163264934296791786e+00
1.242123172450969593e+00
7.824228377732118656e-01
7.307125585234462983e-01
7.372103919935938388e-01
5.099749391545862487e-01
4.610946374830266481e-01
7.689790961857455309e-02
2.599756126414007884e-01
8.532893054135154420e-02
2.374559282059130194e-01
1.633977962214685498e-01
1.563582619126774320e-02
-2.559779287793100266e-01
-5.059169174457228690e-01
-7.229534488740098075e-01
-7.540958746112412792e-01
-7.297616605589249961e-01
-6.783191967554369484e-01
-5.698237643301395927e-01
-2.758378246552102217e-02
2.512196111555948796e-01
2.015008112808517049e-01
2.065848205827683359e-01
2.016628394776614208e-01
2.085805632441448398e-01
1.256393196939990242e-01
-2.390927744902118512e-01
-1.454235399585636634e-01
-2.190966851258007164e-01
-3.924185868431190882e-01
-5.820489214751236595e-01
-4.281468181086691693e-01
-6.576478896251869433e-01
-3.454609838038695813e-01
-3.894195879127456683e-01
-3.716845658834502797e-01
-4.496651953253699707e-01
-5.572601498601486014e-01
-5.418135797674712428e-01
-6.449646495988663464e-01
-8.225315024449666446e-01
-1.351191717917069157e+00
-2.422121750880417146e+00
-3.124097621953487280e+00
-4.436910232005898180e+00
-4.793563412029858917e+00
-5.144405528755092938e+00
-5.555491004809256950e+00
-5.624831130982777871e+00
-6.099599882817165586e+00
-6.576745087547253732e+00
-6.878930478001672455e+00
-7.232482402857978165e+00
-7.349414660214542927e+00
-7.429529452519175514e+00
-7.494220053565537221e+00
-7.544940183031319414e+00
-7.229853230078747472e+00
-5.647894035657177625e+00
-4.323479141460830455e+00
-3.750858618031575276e+00
-3.033102329326308855e+00
-1.265848984044238401e+00
1.416375342894787143e-02
1.993963149871528506e-01
1.833794538690022291e-01
1.649536378445457252e-01
2.969194318620885786e-01
5.172918406573132621e-01
1.278547237618619992e+00
1.895132744819747916e+00
2.715548317001880374e+00
3.817004469216232820e+00
4.150070640048060255e+00
4.330879453812232605e+00
4.426891869410929381e+00
4.685439349001061515e+00
5.439060224723254677e+00
5.720585288706514504e+00
5.328129245445540008e+00
4.908768767078597328e+00
4.610683342326922229e+00
4.438399257885117244e+00
4.268338684725147658e+00
4.053505790970196365e+00
4.032145235663890936e+00
4.014580073652092906e+00
3.853590862996125299e+00
3.145338484377281585e+00
2.034569852202478657e+00
1.106838668151755911e+00
4.706335548955840609e-01
-3.695160666269270422e-02
-4.706076793534202385e-01
-7.864892547756037189e-01
-1.877704972452646226e+00
-3.680654761725176360e+00
-6.387977045790869113e+00
-1.078409796210091365e+01
-1.354324651435475957e+01
-1.694819105011990601e+01
-2.029981277632964876e+01
-2.298410065019809778e+01
-2.322426482047173479e+01
-2.426620955384467493e+01
-2.470593954942575721e+01
-2.565253313419258774e+01
-2.558794157341298003e+01
-2.393722538428273694e+01
-2.044288770983084902e+01
-1.561268577604562857e+01
-1.245968852752012879e+01
-1.024241885819241560e+01
-6.310376160259290934e+00
-4.774776107465079633e+00
-4.101781763719120733e+00
-3.383577294933358015e+00
-2.881687485123334724e+00
-1.879436182325072702e+00
-3.399678124499219134e-01
3.286072838928698059e-01
3.805889258040353051e-01
2.810631913426754336e-01
3.287814167975108837e-01
2.914774357276874728e-01
2.706181590112001212e-01
2.616635600359203950e-01
1.764991599134178857e-01
-4.002892600351735108e-01
-5.192035455611403449e-01
-5.462701430580108042e-01
-5.345835274406092186e-01
-5.588071949384632031e-01
-1.501155872399408120e-01
9.657410946987436684e-02
1.303676761744509416e-01
2.021467166934848569e-01
2.203395578958576295e-01
2.482611995202949617e-01
2.804676354473389366e-01
1.904596330499209456e-01
1.903626137461231216e-01
1.327023704135855964e-01
1.886561457621895033e-01
1.706135182312118193e-01
1.483806038889802226e-01
1.842718709324025206e-01
1.940860921454950760e-01
1.401414110883335562e-01
1.370058780051839620e-01
1.842647025601423794e-01
1.545861524774622131e-01
1.335436072578959077e-01
1.982873538799487245e-01
-3.410586881735045428e-01
-6.496513647179527062e-01
-5.724075577189982056e-01
-5.819099704419813390e-01
-5.569475609162684027e-01
-6.371229223895864546e-01
-6.287208614795788408e-01
-8.034640771004482040e-01
-1.148331932602745686e+00
-1.374876334497431962e+00
-1.220844921280538342e+00
-1.280758276062089474e+00
-1.347507143753413850e+00
-1.112912929938488560e+00
-1.144900017124341973e+00
-1.124509566858499454e+00
-1.247496121176833173e+00
-1.157872488936338762e+00
-1.206537057700505011e+00
-1.223200996967489296e+00
-1.157020003193034441e+00
-1.270505663264944518e+00
-1.324084339355344975e+00
-1.073340684449792137e+00
-1.456604725028313396e+00
-1.189121752900796469e+00
-1.394097850728536425e+00
-1.268410325984198783e+00
-1.029057404409739362e+00
-1.964757341599921991e-01
3.470968891504828679e-01
3.994589182196111588e-01
3.258504836721039521e-01
2.765895918440708368e-01
2.134466454219246800e-01
2.295971607117377189e-01
-2.043660254660925948e-02
-1.068766371904489448e-01
-2.108508061946357814e-01
-1.185445550814961252e-01
-4.095953021666344507e-02
6.438756023518880933e-02
1.063955227549507471e-01
1.573887118952139452e-01
1.291385190642823089e-01
9.427708562417208560e-02
1.709219980864302157e-01
7.217464843009391284e-02
1.262250093463367639e-01
1.557938960510265869e-01
7.711207091882538167e-02
-4.068260152146994102e-01
-5.569938404328055315e-01
-6.935072079675701495e-01
-5.870827096167156034e-01
-4.085784408667790801e-01
-1.654191818482498022e-01
8.701495310706547359e-02
1.147399427575880454e-01
-1.416641349733780975e-01
-9.819217691324808039e-02
-2.028624380254840376e-01
-1.886952599168568445e-01
-1.239932871750303034e-01
-7.259502355464557410e-02
-5.178724627344538645e-02
5.036309007653919784e-02
1.308787033800870581e-01
2.922013170030259843e-01
2.183436876624530176e-01
2.136474792323495298e-01
1.934100211136309255e-01
2.710764820742121994e-01
2.823317083190607368e-01
2.425429143109210650e-01
2.761412739550596629e-01
1.952448612645578119e-01
1.626867821577026030e-01
2.720007098633461795e-01
1.485600608952242219e-01
1.832741884998985438e-01
1.881247978878566041e-01
1.624999685851489795e-01
2.108160437315005631e-01
1.857268530530292172e-01
1.985800753967144061e-01
5.065828791345866611e-02
1.569126834912350499e-01
-4.590749593082462526e-02
1.135228672694261615e-01
1.676170546493900571e-01
6.983598837187919850e-01
9.386844912433625066e-01
1.020578237123700438e+00
9.567711276226233963e-01
9.570335465363850602e-01
9.885990385176282036e-01
1.036059327611030589e+00
1.058277765204671095e+00
1.009559946301172406e+00
1.103124608310930510e+00
9.996066966760339678e-01
1.075095958548524466e+00
1.086720252737422898e+00
9.388328135176798872e-01
1.065745087943955394e+00
1.168968704210001430e+00
1.321184617958716778e+00
1.106810815374716483e+00
1.009398139916598769e+00
9.764582286779992237e-02
1.924346126007934477e-01
3.977979505545866101e-01
4.094329653435858640e-01
4.259783726369392176e-01
2.435082457467689088e-01
4.126970286825495382e-01
1.656849840788034434e-01
3.791636657117979370e-01
2.950757173794671950e-01
3.745388564646185414e-01
3.593446609071742626e-01
4.007181635382583984e-01
4.415658380082477241e-01
4.298312323492039511e-01
4.550858154509404008e-01
4.695721841328671098e-01
3.310301814751543392e-01
-2.035392789221747989e-01
-2.626168697453693524e-01
-2.564436307853459329e-01
-2.749635591178032912e-01
-4.010103005107842206e-02
6.072375703445594824e-02
2.945690401619033838e-01
4.537630609079382205e-01
6.413607702081493001e-01
5.986593044111029327e-01
5.632179038970406282e-01
5.602832655653539051e-01
6.804265780263396568e-01
5.406699822943474842e-01
6.219253850442367781e-01
6.604056379628350237e-01
5.506920228625570291e-01
6.096632661596791403e-01
6.719388439934628199e-01
6.529929586834903876e-01
6.893391343621010359e-01
8.144854379987453985e-01
1.119113465825465337e+00
1.245468874050748243e+00
1.050063412422079567e+00
1.165216261234514938e+00
7.941642598309976986e-01
9.844447786482464213e-01
7.275794642908615106e-01
9.419213607880014827e-01
1.036584435507669211e+00
1.214928076434467208e+00
1.218588798031700060e+00
1.178085265364957168e+00
1.084081066795674397e+00
8.487687440583157050e-01
7.535643530896374287e-01
8.333210033182157916e-01
6.915562635446519391e-01
1.000627485694463470e+00
9.151956619407137783e-01
1.206204697196369136e+00
1.156152075053376915e+00
1.067944171146745003e+00
1.055314330852135107e+00
1.185493646362727693e+00
1.058312240534321269e+00
1.222329017348952718e+00
1.077901272204382810e+00
9.989641027315651067e-01
8.781264999201082722e-01
8.694550297611070011e-01
8.783561586112402786e-01
1.049459848638475190e+00
8.817648165871798671e-01
1.181319776333652261e+00
1.247844559175403711e+00
8.849642682706283514e-01
1.130216599332558580e+00
1.170593919363872804e+00
1.886849205656905726e+00
1.911618202017644874e+00
2.043621048401001339e+00
2.392566335188226478e+00
2.696664017861023499e+00
3.061020791899059290e+00
3.268135113965731975e+00
3.230471651708575198e+00
3.081726444300274537e+00
2.724435323544719623e+00
2.133064212533243076e+00
1.263918053402484754e+00
4.335983733594193645e-01
-1.576678013408889245e-01
-1.174816302656426892e+00
-1.607480711370301796e+00
-1.762519099203670114e+00
-1.634860160366864656e+00
-1.451974910878466307e+00
-1.137500682758977311e+00
-9.737874824701142629e-01
-9.504108978158335441e-01
-9.280611226720300033e-01
-8.702737288382262903e-01
-9.735049759564523564e-01
-8.018436077118102911e-01
-9.160373012316487262e-01
-9.367649858608371183e-01
-7.498746509221556611e-01
-1.462437401764371536e+00
-2.688821463503494158e+00
-3.906318940207845092e+00
-5.086720889233221854e+00
-5.712346822488652442e+00
-6.125322470276516107e+00
-6.822416973545689878e+00
-6.749100013471204917e+00
-6.369334557742205583e+00
-6.134508622695276969e+00
-6.543570115459149683e+00
-7.071762645940767200e+00
-7.086183291000495821e+00
-7.199041485917836880e+00
-8.155970284298925677e+00
-1.013399712777706974e+01
-1.093322444149439221e+01
-1.230968031819718078e+01
-1.405571152510873389e+01
-1.573590485700868413e+01
-1.707539136367633859e+01
-1.799138615546485909e+01
-1.812260087703468514e+01
-1.938771182370459911e+01
-2.169453592308775924e+01
-2.305423173031766737e+01
-2.376634008035869883e+01
-2.447665395521507392e+01
-2.459143606414801653e+01
-2.288673326523738183e+01
-1.876063745289891571e+01
-1.323353629302533285e+01
-8.707010585133840408e+00
-5.907152678813556435e+00
-3.876033518162257607e+00
-3.530070176354636047e+00
-2.573000100660231659e+00
-2.013886987630308933e+00
-1.509489296368058175e+00
-6.761587367728629783e-01
-5.594722252809786189e-01
-3.224262411159390385e-01
-2.698452938007488422e-01
-3.144005025058062008e-01
-1.896117699119929112e-01
4.319690457372722669e-02
4.722393514801281333e-01
4.964200398610556508e-01
4.418882388964708863e-01
4.182739211789933131e-01
4.472773857779424600e-01
3.955105744695036618e-01
4.163291006509093894e-01
4.025990742578891002e-01
2.705314239647372831e-01
1.341038690157871360e-01
-7.110865171493291337e-02
-5.144460097089605943e-01
-8.752640342033402021e-01
-7.683265091023665505e-01
-6.264257169359035426e-01
2.443640986815099336e-01
4.677960761521485211e-01
6.312697203112279665e-01
5.365974001858800913e-01
3.826393409315223537e-01
3.759230382201393383e-01
-9.135793402572542354e-02
-3.019463363205949769e-01
-1.463360970590470711e-01
-3.209400973449831329e-01
3.324716871642266480e-01
8.827293497842308989e-02
1.316438001491928578e-01
-5.408853784207226512e-02
-1.860720707774759508e-01
-2.163761466297124680e-02
-5.289847156331268369e-02
-1.242887043773050204e-01
-1.121752371533434600e-01
-9.236144224995609942e-02
-5.928828817747484187e-02
2.983426568060825596e-02
-1.043677710256498727e-02
-1.568194606265740088e-01
-5.841994937435084079e-02
-1.741823301934192492e-01
8.003058339072191552e-02
-2.737178949242821333e-02
1.192173664668555039e-01
1.733093575174576850e-02
-1.668740626595358878e-01
-5.304870422407745867e-01
-6.221245496794448882e-02
1.174152069120852279e-02
1.119596436345721563e-01
7.736099678294695858e-02
1.351235373278537877e-01
2.532609773787501406e-01
1.858077958681808306e-01
2.261541069867499532e-01
1.868658153264938226e-01
2.480716571580698915e-01
2.595577808507522621e-01
-4.052278216572317154e-02
-1.866068442187942319e-04
2.703878514963741764e-01
-1.046812535260217281e-01
-3.681675562810140384e-02
-1.069401138831465592e-01
-4.245677778583037965e-01
-5.092418138338209443e-01
-6.365561249349299677e-01
-7.682455968993956441e-01
-1.001902112087151187e+00
-1.903458609226812426e+00
-3.487395378561679138e+00
-4.671569556507107812e+00
-7.750885422401854186e+00
-1.124037516706508022e+01
-1.368240962188272292e+01
-1.587789282693346138e+01
-1.631698510633162869e+01
-1.759001890707017068e+01
-1.881851568489174298e+01
-1.758137890255560976e+01
-1.661964015121121108e+01
-1.484787662430756683e+01
-1.249994737050916171e+01
-1.115688669276587497e+01
-1.119466133777561900e+01
-1.131512857168055319e+01
-1.061713526982082278e+01
-9.872874258475997422e+00
-1.014150631667177294e+01
-1.015143853495928461e+01
-1.014637936831860721e+01
-9.388604489085729199e+00
-7.967184517509878994e+00
-6.727255753536236504e+00
-5.320432931568939594e+00
-4.375256433406344847e+00
-2.681436390691827931e+00
-9.243496729002202983e-01
-3.514073993554238662e-01
4.037463749665339274e-01
1.721902329409997767e-01
3.328181246158817275e-01
3.102693970562716008e-01
3.950796962834173254e-01
3.115748395420420702e-01
3.462496260463409081e-01
3.544604603116220387e-01
4.128413317238824876e-01
4.008371794641765740e-01
4.616078328842182499e-01
3.082135843712142664e-01
2.484347223554544126e-01
3.542920721295749753e-01
2.899942727845074564e-01
2.898557963785504676e-01
2.120014873465249639e-01
3.226894418387357688e-01
2.596956609697107510e-01
2.921204658823975953e-01
5.068305708433972212e-01
1.659285237504536825e+00
1.865761342454099303e+00
2.026386927952088524e+00
2.177671533482712807e+00
2.114197820381586990e+00
2.181330760343016539e+00
2.070835910872375951e+00
2.166102906878238255e+00
2.187921412036280877e+00
2.604966083295285895e+00
3.317135195139866433e+00
3.567919231263363855e+00
3.645601736537477322e+00
3.960838944157470731e+00
3.378302467400649434e+00
2.688716953459766579e+00
2.304326481185810405e+00
2.090803821403379725e+00
1.784630772840429591e+00
1.183682719539086881e+00
6.657747418519945892e-01
4.848490617383948154e-01
4.748810760376078743e-01
4.560732918238836753e-01
5.506160789152300117e-01
8.563298529730218878e-01
9.466863247198397113e-01
9.467729944084799509e-01
1.011906490503454270e+00
1.043431762012863917e+00
1.004958113863131386e+00
1.022778027935107747e+00
1.272062908934540548e+00
1.372710088572953957e+00
1.777593248801705217e+00
1.708959559933222128e+00
1.787810430742156509e+00
1.844436279060157169e+00
1.896882705489844057e+00
2.046097209084712265e+00
1.796470933571292061e+00
1.985550212400389425e+00
2.758242336585803756e+00
3.580132839033904890e+00
3.601308258953610952e+00
3.441314080490910587e+00
4.197896602286616208e+00
3.446219682372420934e+00
4.017917458864359581e+00
3.361175011110198785e+00
3.595833287263029643e+00
3.525336276498411969e+00
3.408655951929223438e+00
1.740069923851954359e+00
-3.376229314394994407e+00
-9.582443908451455883e+00
-1.491144984783955429e+01
-1.896132306763997377e+01
-2.303350375407121220e+01
-2.617575825935606204e+01
-2.883529601156245903e+01
-2.859386215871058567e+01
-2.841491852742187874e+01
-2.790476001072827472e+01
-2.461406995812233944e+01
-1.930423037887059579e+01
-1.468129536372201294e+01
-1.081618504259145297e+01
-6.284209392667295724e+00
-4.658825624607787041e+00
-3.310732770258181468e+00
-2.102515958495551729e+00
-1.891566801101867812e+00
-1.584224039961869002e+00
-1.085088999596754533e+00
-8.105978926806534091e-02
5.114037435829801304e-01
4.606590128580348997e-01
1.177196088805243956e+00
2.438847572568901168e+00
3.131544336560672548e+00
4.647923730768226847e+00
6.398249365916820253e+00
8.322897841582552303e+00
9.126176689376887197e+00
9.565306773347943547e+00
9.901353318261094216e+00
9.339865774188256253e+00
8.836811379920415987e+00
7.898451251761565928e+00
6.653096504878608819e+00
5.615981805691883544e+00
5.623402071545998915e+00
4.645074617422319641e+00
3.879046543787752377e+00
2.984337403950969581e+00
2.619688920360466078e+00
2.031207990523864026e+00
1.556363231328491192e+00
1.372695281495811770e+00
6.079410896553303356e-01
9.738863120480295565e-02
-1.892910782978862172e-01
-1.434614813319874949e-01
-3.660072447899304637e-01
-7.043281178906912743e-01
-7.213258440079072242e-01
-7.715095999646882641e-01
-6.748843326250429930e-01
-5.600644334101513300e-01
-5.112518665195596723e-01
-4.925435407343499161e-01
6.177234469614549528e-02
3.687850059181875251e-01
3.856928331408995825e-01
5.320700483751528154e-01
7.188728243831327136e-01
9.201316308847387049e-01
9.101538291072001075e-01
5.792049274330738351e-01
-1.204531212115782235e-01
2.058566544222862338e-01
1.768807396363200057e-01
2.294618898618228930e-01
2.589089489597546367e-01
1.262950478591754466e-01
1.608696683659401050e-01
-4.269286706542282928e-02
-1.674992304730610615e-01
-2.424248373161065895e-01
-3.965426509704381708e-01
-8.452943368588551332e-01
-8.684865415833671332e-01
-8.743548567341720146e-01
-7.732670798798788603e-01
-8.104022395038915638e-01
-7.497363440566744419e-01
-7.387726186662988415e-01
-6.579653518325613293e-01
-6.745844973139437650e-01
-6.355132281466550070e-01
-5.935578364234772586e-01
-6.832132696605341948e-01
-7.198987885137365650e-01
-4.595311322735707860e-01
-4.040382105749948938e-01
-3.278799567144718430e-01
-3.975938140235898421e-01
-3.005639565622115206e-01
-1.476602233240712492e-01
3.217916106183452141e-01
7.722310914049572705e-01
8.177885979641343894e-01
1.328333888288810050e+00
2.416890736295085329e+00
4.118311221024720581e+00
5.444830030298737356e+00
6.888523000704679156e+00
8.672229037440461141e+00
9.974303944256934784e+00
1.175899198795299760e+01
1.279486274220420050e+01
1.253877248122335608e+01
1.217143642843976004e+01
1.171149441685644987e+01
8.723219783227262880e+00
8.256117026733779340e+00
8.209542111549625432e+00
6.245181485170737012e+00
5.561828453507658310e+00
5.496934440146834078e+00
5.537404297054173696e+00
5.739595761401545815e+00
4.990234303527053328e+00
4.220660092576007827e+00
3.281766168712626719e+00
2.629403681735058562e+00
2.283524813838286871e+00
2.076362355848607955e+00
1.467690490640873646e+00
1.352330913017002256e+00
9.450082680813347569e-01
6.485635906401220341e-01
4.737914908136638958e-01
4.238083433305690484e-01
3.590451483376393971e-01
8.138715019703492981e-01
6.477388585045050773e-01
9.096029731197539936e-02
1.447070106407804257e-01
-2.482866919171979395e-02
-8.263064538151248042e-03
-9.077344552489745311e-02
-1.464058116487559902e-01
-2.537383225642285134e-01
-2.883957158644155916e-01
-7.122829115768543051e-01
-2.286166795209245262e+00
-5.295904033867004479e+00
-8.694771448578320516e+00
-1.297129920533211589e+01
-1.585115834054613337e+01
-1.851238438501746586e+01
-2.157150448129261022e+01
-2.570524681437115433e+01
-2.678006422844722678e+01
-2.847439726876963206e+01
-2.893645412186646126e+01
-2.778243071045356416e+01
-2.946383511619384876e+01
-2.939857722402463480e+01
-2.946931954920840724e+01
-2.914458564838470878e+01
-2.931822952032392138e+01
-2.988713035925420769e+01
-2.909705247552016161e+01
-2.600360860254926365e+01
-2.395630858069590019e+01
-1.941320779560453147e+01
-1.202669926798417244e+01
-8.135592711159786106e+00
-4.230021626258782419e+00
-2.285940959127768846e+00
-1.946568387487717322e+00
-1.883686644612348582e+00
-1.941514683797396890e+00
-1.815714931818169786e+00
-1.937739023657558457e+00
-1.677585159720434538e+00
-4.839816578477217912e-01
-4.168041127444107041e-01
-4.590288174776561703e-01
-5.127084885105855916e-01
-5.122173398781476594e-01
-3.777002352946550734e-01
-2.680515152293128645e-01
-1.915583773553239388e-01
-8.067347483836570521e-02
6.494703430316004500e-01
1.521540765917479998e+00
1.509923038790755623e+00
1.259769229093971932e+00
1.255448529555261983e+00
3.904201768208047096e-01
3.614591773035188971e-01
7.578560726170988637e-01
1.192690057034464290e+00
2.543231469302561276e+00
4.705461668836900202e+00
7.115435379638622493e+00
9.858253961008820454e+00
1.136293911778504118e+01
1.149483748886768097e+01
1.226910115819688940e+01
1.268167440946107583e+01
1.354313365073785391e+01
1.412770211810507703e+01
1.336692222932337337e+01
1.347920109963477664e+01
1.384872214606369312e+01
1.438210090994876822e+01
1.568975404859311418e+01
1.638066307063963123e+01
1.581047497345828212e+01
1.530902065962218295e+01
1.511127089993776629e+01
1.476039322447252466e+01
1.590649502235659440e+01
1.612372940919498987e+01
1.594092193768444865e+01
1.574059579878203508e+01
1.366940110342016546e+01
1.061309191956427078e+01
9.252512118579426570e+00
5.984816405553089247e+00
3.101491307322206126e+00
1.616747563263062126e+00
5.383761705428659061e-01
-2.772708258542109019e-02
1.486014190832947723e-01
3.518711728587604892e-02
1.073468556955616132e-01
-1.685029360592682213e-01
-7.505663465466856643e-02
-1.948621168387114355e-01
-1.577067390629323662e-01
2.019748678336023562e-01
3.832727875808830120e-01
3.939038375393448255e-01
1.951878140665904982e-01
2.893187651319845122e-01
1.162264897145060538e-01
-7.061232582336600394e-02
-1.082068809190494668e-01
-1.228600106364228367e-01
-1.520070726875765721e-01
-1.242025300023533868e-01
-1.447654223677576901e-01
-1.398369753966773321e-01
-1.107825346949477957e-01
-1.108877302681122445e-01
3.113100544502220984e-02
-1.924755297686686351e-01
-2.603423371953568211e-01
-2.983683679494016916e-01
-2.663240735891347355e-01
1.059609810012163665e-02
1.283388893131024756e-03
2.908284026025698132e-01
4.931155358344748718e-01
3.935308495771651094e-01
1.934171846900159808e-01
-9.752811970640054562e-02
4.555871263404747545e-02
-1.502889346488607732e-02
2.652554556583475165e-01
1.114330654857483560e-01
3.167754831024485740e-01
-1.334658674522198329e-01
-1.149672417604448438e-01
-1.868143251457177190e-01
-4.599889067915021168e-01
-4.101242961036425938e-01
-8.603115201048529281e-02
4.990471307902533127e-02
9.777174890734105506e-02
4.650172607330887303e-02
3.962993600918199300e-02
5.435384451650804999e-02
-2.594757723707116215e-01
-1.981115660489964070e-01
-1.772390061949991880e-01
-1.489804906637889892e-01
-8.339070705506949899e-02
1.639716047380914560e-02
-8.895781216380788115e-02
4.455125221428759413e-02
1.921373184645530918e-01
2.216436850369516987e-01
2.271042511884001358e-01
1.580024699378355379e-01
1.210567852814687789e-01
5.870407597881593248e-02
-3.312323148529577183e-02
-7.477457851923596799e-02
-5.053834762881483922e-01
-4.581498393065983055e-01
-4.629960908817499221e-01
-5.313990480331541866e-01
-5.872593795957569140e-01
-5.870587933552319226e-01
-6.307239586586362856e-01
-3.096150353461697979e-01
-3.612700021800760997e-01
3.664361645189465749e-02
2.368068189866943951e-01
2.665247181596035464e-01
1.582469458054205358e-01
-5.148915768960425632e-02
-2.028217807228665515e-01
2.666338264152205983e-01
4.866904235492744424e-01
7.235934533682271130e-01
8.968768741281660795e-01
1.058463313556428309e+00
1.046382416468688570e+00
9.749011135971296094e-01
9.900210362994479318e-01
9.563559432348408551e-01
8.649610021728857401e-01
7.157790813473179359e-01
7.219655479682285382e-01
4.974740419710356187e-01
-2.372931709233680464e-02
1.747945049846272025e-01
-9.196670108432908330e-02
5.804748666356009806e-02
1.006980869550875984e-01
-6.775775092853243420e-01
-2.997834242843468111e+00
-6.364476054161031016e+00
-9.961866913535647683e+00
-1.497366170083960135e+01
-1.753933903569661013e+01
-1.895425670057750622e+01
-2.302372618304892526e+01
-2.679169024093070206e+01
-2.760041865653072790e+01
-3.043690956555700922e+01
-3.087385621313549322e+01
-2.953374923683684727e+01
-2.883598885099374698e+01
-2.459535800347600087e+01
-1.927207939697239425e+01
-1.646235812234881024e+01
-1.315498334590506424e+01
-8.647196659929740292e+00
-6.393573992946162576e+00
-3.018439107870519944e+00
-2.177814590958959684e+00
-7.291753921032597674e-01
2.428973475472405164e-01
2.769595028473849641e-01
1.066020495747392188e-01
-1.800143053151419172e-03
6.918143139262983299e-02
6.494490341097497454e-02
-1.211983716108530965e-02
-4.130064226386963994e-02
-6.743664873618901434e-02
-5.040366380199796242e-02
1.642873472571727556e-01
8.571330956988759686e-02
5.873831242097441591e-02
-3.775617798603498332e-01
-4.399880552375908249e-01
-5.945223415659599553e-01
-5.338834761699298159e-01
-5.894586095948105564e-01
-5.279237018824213257e-01
-5.153210107784105265e-01
-4.829145278765025195e-01
-2.406731478064298435e-01
-2.158308658949054382e-01
-3.510393848580680154e-01
1.632878057797207058e-02
-4.242132515335672593e-01
-2.837897244823205933e-01
-2.789728226629796248e-01
-1.947689031083403854e-01
-3.044716983196014137e-01
-3.670025877228944022e-01
-6.481215676320055685e-01
-1.004940275145776996e+00
-1.099923682888976906e+00
-1.302722022335914831e+00
-1.592376096008992103e+00
-2.046941039480560942e+00
-2.671710166881903437e+00
-3.107753357431376262e+00
-3.494691237783182469e+00
-3.877391471529249678e+00
-4.158512772875147867e+00
-5.297910449990123283e+00
-6.294027581225886792e+00
-6.871419346368634606e+00
-7.181225340126086820e+00
-7.257947126495683854e+00
-7.286858356095260447e+00
-7.190887599175002087e+00
-6.746783309331095602e+00
-6.600687197683718921e+00
-6.389264425857530405e+00
-5.531253455701086175e+00
-4.890093990513643796e+00
-4.302379824694782862e+00
-3.176363300749209362e+00
-2.437404170285673910e+00
-1.226159419873985801e+00
-4.972647213068467353e-01
-5.425084586784880702e-01
-6.052516003948843482e-01
-5.488972801480174191e-01
-1.706808686304138734e-01
2.500031265043178297e-01
1.428716503053469866e+00
1.955589804986222147e+00
1.959263602257192094e+00
1.993713709858070837e+00
2.739336508334383691e+00
2.854155458548174984e+00
3.350604643840186192e+00
3.530526060430291935e+00
3.797543849886712231e+00
4.324642290927168453e+00
4.574564458529425615e+00
4.807156155858233859e+00
4.805658559694644616e+00
4.590816062572928402e+00
4.531357825302063880e+00
4.655680712580922531e+00
4.250045917441890531e+00
4.130794121340473524e+00
3.981846929391016587e+00
3.780506544934129742e+00
3.514306674198554248e+00
3.238637934642759841e+00
2.939458054361363537e+00
2.829680918930819189e+00
1.676617058876688882e+00
7.652091370350551092e-01
2.062182060320484622e-01
-3.228199111503132213e-01
-2.178468839748964214e+00
-4.305112583855785324e+00
-6.228245548039464730e+00
-8.067161725506842629e+00
-1.034200421279943249e+01
-1.037462241984611744e+01
-9.506949854398122568e+00
-9.274700034904528323e+00
-1.048029487255836578e+01
-1.211742876749041464e+01
-1.413825758770176755e+01
-1.593954143209910157e+01
-1.717932962570634814e+01
-1.781898170633311906e+01
-1.819338142334499864e+01
-1.876814611286000556e+01
-1.911552870051615827e+01
-1.971554511731858739e+01
-2.008275131745942588e+01
-1.888619507513253737e+01
-1.733320570602839794e+01
-1.354766743691447317e+01
-9.631957284787594276e+00
-6.493428892671717634e+00
-4.711423746085860564e+00
-4.488842547115456938e+00
-4.427839473949954474e+00
-3.224354756519608678e+00
-2.885983689465609014e+00
-1.711362936354596576e+00
-3.138097500719445043e-01
4.978718055779747798e-01
8.007121685624293272e-01
7.547207482546066659e-01
8.219276363728912349e-01
6.779553358516898776e-01
5.250662817814913952e-01
1.108771238825394289e-03
-5.008369211928668241e-01
-1.483671114895714904e-01
3.518394605733671798e-01
4.156889775400364750e-01
5.118346785613168137e-01
3.180089841388522021e-01
2.564443118599944449e-01
-7.032723928110053147e-02
3.109145644210725354e-02
1.824816298926499464e-02
1.462030520747180928e-01
-1.403291159502179364e-01
-1.416096385598034080e-01
-3.221855983505324955e-02
2.698297673790939905e-02
-5.551868545195771942e-03
-2.217327472662825316e-01
-1.548339406389601103e-01
-1.812038129530574859e-01
-1.583295236129427797e-01
-1.755142063198675273e-01
-8.298733267691478510e-02
-1.309337971874212636e-01
-2.841548670598759152e-01
-1.585839750613101951e-01
-1.512512756395784086e-01
-1.232221477128105230e-01
-2.264623887526301949e-01
-1.874789866363366364e-01
-1.141504403241122706e-01
-2.076104823669249477e-01
-1.857009655468239706e-01
-1.136294899480943393e-01
-1.515157618434693765e-01
-2.095099603831571677e-01
-1.619758379020611316e-01
-1.149733418450859940e-01
2.190867175949318471e-02
-7.449758593558158948e-02
-1.999690429262296898e-01
-1.581638728359330004e-01
-1.637471848664793783e-01
-1.350023133680842979e-01
-1.508510505467626495e-01
-2.514198219667951317e-01
-1.086647101153307149e-01
8.347881441203534869e-02
1.338313615932994749e-01
1.631638748293817720e-01
1.209024412965502698e-01
1.361790804849583314e-01
8.156523171571554431e-02
8.650022707150951951e-02
6.668910378636908054e-02
1.285357947756529395e-01
4.568150217954203979e-02
1.109397603750232331e-01
4.865901137039832514e-02
-8.325549865340535483e-02
-8.808879785325209044e-02
-3.844562820118972019e-02
-2.223305746839673511e-02
2.430649115164791943e-02
-1.742976024554766801e-02
3.464307489425916958e-02
-7.870879979979210350e-02
-3.341446489944183695e-01
-4.361120762786443450e-01
-6.044706888250287458e-01
-6.564960226560896395e-01
-5.336468889715013653e-01
-2.129801114261757333e-01
-3.104393292352388700e-01
-5.308163452145517880e-01
-4.720993934945607595e-01
-6.889464080621792164e-01
-4.372659164912638396e-01
-6.124620312084809726e-01
-4.267842463001397801e-01
-6.026208243143545973e-01
-6.984611590695173344e-01
-2.519996835888153042e-01
-4.851497477231466182e-01
-7.818971708895061656e-01
-4.369601287475800011e-01
-4.623124728318049326e-01
-5.228559369231119414e-01
-6.888608892441472342e-01
-6.696829157250473452e-01
-7.887989966841577605e-01
-1.114737588646223410e+00
-1.028810911037565390e+00
-1.039811039727347897e+00
-1.275763675792678464e+00
-1.338759044285896538e+00
-1.262054928653858044e+00
-7.618842793848206174e-01
-2.856501372043069864e-01
-4.667568709246107117e-01
-2.169045695841470001e-01
-2.469713602927693652e-01
-3.824957488667229261e-02
-1.956477948733135186e-01
-1.245915703190109691e-01
-1.087435623920442324e-01
-2.370496634449516804e-01
-1.652864874388195737e-01
-1.477166025588634302e-01
-9.433679701697719744e-02
-1.285632057815672968e-01
-7.172433035325495587e-02
-7.208248352580196028e-02
-2.960513037325205547e-03
-3.335386579120945723e-03
1.912713452015965586e-03
3.556541708410785631e-03
-4.087405769973913739e-04
-3.773631465839547981e-04
