6.479837761917106587e-02
-4.550859458763911736e-02
4.126576838189213031e-02
2.874016016337110208e-02
2.540599554144515673e-02
-3.725258153594561417e-02
4.108922579113810647e-02
1.686334792389932238e-02
-1.751992812897424506e-02
1.188404138412958895e-02
-9.656697407484232665e-03
8.628882956555420855e-03
4.359397873009356744e-02
-3.796910014722750058e-03
6.012143975830946951e-02
-4.345953770895633755e-02
1.648378737470676883e-02
-4.531701587076984727e-02
2.782154016667284790e-02
1.333314697832940245e-03
-7.306236043888598986e-02
4.068999082995312933e-02
-6.685854810599660414e-02
1.461996876842550953e-02
-1.318523538749673263e-02
3.704028968608062689e-02
-2.339906232706193828e-02
-2.008415698827837464e-02
-2.001448359642968300e-02
6.611641478432876695e-02
-2.289480759183477529e-02
9.012766780125991417e-02
-4.033761063824076176e-02
4.929264045068009609e-02
6.620419950601780235e-02
-4.198488594106322691e-02
2.819555251901105161e-02
1.644519059862260477e-02
-2.172471737768696259e-02
-9.492381593691702479e-02
9.864613088917725120e-03
1.029251332677166668e-02
-1.113979418307465240e-02
-3.090652131830740751e-02
1.639437848761303440e-02
-1.439914702760409192e-02
-1.069638188896845921e-02
7.560500999144872947e-02
-3.195010691720115426e-02
2.772382667412116863e-02
-5.007070967879494877e-02
4.888236848255836375e-02
1.935855971359861857e-02
-4.629176736702540762e-02
6.995146096447377171e-02
-8.551009456172839127e-03
-2.302859943885281202e-02
5.435669368730457890e-02
-2.590611081284328182e-02
4.337562537985490546e-02
1.053753102667197468e-02
-3.135118269425019033e-02
4.361836473846612133e-02
5.349228334277623953e-03
-2.836086473840363983e-02
6.462910985779882211e-02
7.580905387136561285e-03
-2.796382443572106510e-02
2.978586053954428159e-02
4.612395971958146990e-02
6.151044962360543294e-03
-1.977093639345687062e-02
9.567191062614874286e-02
-6.090715350934464839e-02
3.149597782104499033e-02
5.303158820023694958e-02
-2.415284571562519023e-02
7.736895657065020158e-03
-1.130367151206503225e-03
6.841405013023658943e-02
4.655979490486865380e-02
-5.001813309661775307e-03
1.247952078371436860e-02
3.902506333041143999e-02
-2.524042691724350754e-03
3.721289658442788334e-02
4.560854718124125740e-02
-1.553761949017504369e-02
3.383954095387953220e-02
1.836745672822614681e-02
-3.324117363033164425e-03
6.047852965909893824e-02
1.992562824382575551e-02
1.747663279155970556e-02
4.973617853774450759e-02
4.361598746332557772e-03
-3.496162659971518982e-03
-4.280365027706800607e-02
7.438271705346392870e-02
-5.434395867598702107e-02
-1.116423338601556584e-02
2.954404288147601670e-02
-5.624464177220506525e-03
-9.216357055951231170e-03
-3.561165525907218632e-02
5.425336807960198099e-02
2.957744668872827956e-02
6.337238977948855823e-03
-3.098000158725079667e-02
6.178354227377817059e-02
-1.364858592227288260e-02
4.074330580571302457e-02
1.140331492121187361e-02
-4.032669390844336593e-02
8.203593941870074291e-02
3.945361769747471326e-02
5.044450788802429947e-02
-8.199532328761043390e-03
-7.134653702592186168e-04
9.594815436351759874e-02
3.644542220438582586e-02
-4.913126751177109702e-02
1.413008994369429347e-03
1.419574784452957115e-02
4.179582059833525376e-02
-3.092807381658285726e-02
3.199553019728079012e-02
7.432575623269648858e-03
2.969095143136852091e-02
-1.340503821146224808e-02
4.023638697063528814e-03
1.898597982782917679e-02
2.951255826811217606e-02
-4.446901272325079479e-02
1.199993545276385049e-01
4.744168538354100878e-02
-2.706079594062158963e-03
2.812243790567624940e-02
-5.005238178307036545e-02
7.805602091375514473e-02
-4.691292230322360868e-02
6.534287143810164900e-02
5.855592785616140633e-02
6.113551963044973683e-03
-2.262417665749046070e-02
4.847157008412272816e-02
1.341273919449975649e-02
-2.393202337309553208e-03
2.722418119206921477e-02
-2.274202565211009067e-02
-7.722735396581888526e-03
2.167615508317445247e-02
6.192829530186529097e-02
-3.729243283590526203e-02
-1.278187290920613844e-04
1.383154205693234821e-02
4.231289688905612995e-02
-2.099870936708677499e-02
3.776959428508678933e-03
4.551777185208948084e-02
-1.548542189743615412e-02
7.480853953327346040e-02
-3.002793830130583846e-02
3.662910417140189528e-02
-5.098818239017287313e-02
7.933035123786415233e-02
-3.137031680153431340e-02
9.704394543226597947e-02
-2.585939407156922012e-02
1.215031208999018883e-02
6.051008580373907347e-02
3.617089560563301054e-02
5.949563077141067219e-02
-1.895584784438625325e-02
3.642541899749425494e-02
5.055178366291872283e-02
9.664151475508020450e-02
1.191587346502218439e-02
3.213888088834033346e-02
1.771903304282254621e-02
4.351430656173978229e-02
9.612012245271455563e-03
-6.346403535563371889e-03
3.971051391600309219e-03
2.253416097390297489e-03
4.640396961381689639e-02
1.356364930794313160e-02
-4.457886917271974836e-02
6.355630451780343304e-02
-1.171122690992570416e-02
-9.971763078096452723e-03
-2.920300984749052940e-04
4.942218120930799707e-02
5.170300028235092632e-02
2.695555503939521536e-02
-4.954635518384192805e-02
7.091291134044129529e-02
-2.309954148668194596e-02
6.162594060371896776e-02
-1.201886838118816289e-02
-2.573317784061240725e-03
-2.209911751203437122e-02
2.794173917243594762e-02
-1.236113515564707084e-03
2.170568976812906406e-02
9.300294512819388265e-03
-3.807724525090391832e-02
8.402622341539781048e-03
2.800751958044335813e-02
-3.939295595616321144e-02
2.663134991708029226e-03
7.798237280907820146e-02
6.459079274407895921e-02
-1.697440795423868845e-02
3.070392582289805175e-02
4.866460042377384471e-02
-1.936251070953986034e-02
3.365250431888326677e-02
-3.913344174432260847e-02
-1.901692613601492499e-02
-6.513445423498506748e-02
3.036936484611073989e-02
-2.286750194105844486e-02
6.392864930201122564e-02
-5.795217448193163562e-02
2.929619521828289233e-02
-9.870601572832895382e-03
2.294345933872914134e-02
-6.013881641108483750e-02
-1.820994624019632926e-02
5.976800133407501880e-02
-1.254584032167567823e-02
-3.423639312328193018e-02
3.118621671372990428e-02
5.630794896342784447e-03
-2.252767038677817510e-02
2.749240077797072621e-02
-2.095077932377860039e-02
5.721770108499735219e-02
1.005641572515217352e-03
-2.083716294502539063e-02
2.975987446234961212e-02
-8.476570341296767175e-02
5.486491944270442678e-02
-2.277336064037813537e-02
3.465928818821741031e-02
-4.804193845126013968e-02
-3.603538315514408230e-02
7.341848020920785367e-02
-3.320318955349747803e-02
-2.006404551474395143e-02
-5.962183501088018367e-02
7.460411297537451747e-02
-1.657075399091595055e-02
-1.223834612806359336e-02
-1.805434658678235771e-02
7.012611527363160624e-02
-5.365825911510674340e-02
3.843352398529172737e-02
-1.694680499042622995e-02
8.099137778869331186e-03
4.389251781164425770e-02
-1.072233853170943274e-01
4.470883693729185010e-02
4.022846802409130867e-02
-3.228482074681952863e-02
-4.065229521805737573e-02
1.926056656502666761e-02
-2.247685563404894227e-02
-2.585148833042873531e-02
9.328567879795537920e-02
-1.278355674020369148e-02
-1.444147725688027691e-02
3.799017678374352197e-02
4.054387622030405230e-02
4.536234055706318824e-02
3.040883124429149750e-02
-2.092649857729706950e-02
6.080419670406130711e-02
-7.944248187191024768e-02
1.185915894645105662e-01
-5.106443632348396655e-02
9.119487238292302289e-02
-1.408527406529421766e-01
6.951241084735952647e-02
-5.707212171352428476e-02
2.838890938446430104e-02
1.785401940468612711e-02
-2.925675640236896635e-02
4.654494617758280633e-02
-1.701638271615030923e-02
-1.477613257219389381e-02
4.367777969183328501e-02
-2.001129386950900590e-02
-8.678204942799999655e-03
5.580693869964247628e-03
-5.544350576435480051e-03
7.032821050958534825e-02
-3.512543203649125256e-02
-1.147536687472693745e-02
7.329905671551395496e-02
5.484864863877363800e-02
-1.150306451734976060e-01
3.088616342455904537e-03
6.663597783885592818e-02
-4.621893289108214981e-03
-5.363252336852852853e-02
4.175448383297338667e-02
7.699699972842204143e-02
-3.861199082165131524e-02
2.085219781733820693e-02
3.372009039130597664e-03
-1.677585353009976299e-02
3.150418596723288805e-02
4.619419615141913578e-03
-8.041471094427515842e-03
-1.223230021790563254e-02
-1.578736797353367735e-02
3.182732552967983131e-02
1.454225556717347705e-02
-4.178693939065477973e-03
-2.708269546280120399e-02
-3.018672692207024708e-02
3.867450145990475319e-02
2.967046660068977867e-03
1.096488046346408979e-03
4.683650566798265580e-02
-2.012924475343214059e-02
3.752895066090260884e-02
3.122627011016975221e-02
-4.290361032787994716e-02
2.215864258854517363e-02
9.809509944648280716e-03
2.395228298815265180e-02
1.459858088631107303e-02
1.601707014870421691e-02
-9.124565329851308873e-03
1.910638921638902615e-02
-2.616225922320058322e-02
2.847417627328738092e-03
-9.593346576088840685e-03
4.093670753763332254e-02
6.094081889747824353e-03
3.731864079033979376e-02
-9.158937316858978966e-03
-2.595646356955460740e-02
3.265603959896198893e-02
-5.068125555185754721e-03
-3.561938594556718352e-02
1.709979138087374187e-02
-3.526755346129963140e-03
1.449270480241346068e-02
2.487928609393027374e-02
-3.734615668265412608e-02
5.809464248047253865e-02
-4.009769186207302882e-02
3.396103735197879975e-02
3.319466400565830588e-02
5.115537145566988880e-02
1.509688775513656940e-02
-3.832368674598771868e-02
3.215946647386414003e-02
-7.139019071505305503e-04
7.683089090347501593e-02
9.177581603528467413e-03
-8.774493404622843440e-02
4.672913686370334246e-02
-4.194885295282473059e-02
5.506999480564694210e-02
-4.516686509871721544e-02
3.013412791587989289e-02
-4.402349492018372418e-02
9.810047140915477415e-02
3.074210326180379371e-02
-6.416495073695452356e-02
5.874862066202807959e-02
1.956975740904708105e-02
3.349675570660042706e-02
-1.162328887677455819e-02
5.794475215170304117e-02
-9.516540313959705871e-03
-1.514839342780985700e-04
1.400517716228232012e-02
1.788299256345081065e-02
-5.296499818512215123e-03
2.947034280883653948e-02
-1.397887096273660833e-02
4.074049497481686127e-02
-6.337560353833338045e-02
6.012896674510243011e-02
-4.357137218793944410e-03
2.938551270607887150e-02
3.864525221922430684e-03
-5.547850559635988249e-02
6.710121176152766820e-02
1.825941634036210362e-02
-3.671845284358486727e-02
5.862849090363532467e-02
-6.296447591710861887e-03
8.261024418430571933e-03
-2.972686688151256543e-02
2.357824374637540465e-02
-1.452476593422886812e-02
6.882303352148214440e-03
2.479149234188775947e-02
-1.400524377298259168e-02
-2.705456707800788646e-03
7.743494911158056195e-03
-1.402384971529985029e-02
2.963452464495232308e-03
6.493068408638327446e-03
-2.896140716162852111e-02
3.660432248338689465e-02
-2.043139424139181134e-02
6.751203075623230659e-03
-2.465867023881142608e-02
1.064699742068618213e-02
-1.318269619005129310e-02
5.191054549904166107e-03
1.491800141888715604e-02
1.094326412257697013e-03
-3.485476164741248273e-02
1.823590689300707418e-02
1.002037533296894212e-02
-5.711192373854997659e-03
1.123294227844724019e-02
-1.338771385468795309e-02
4.941115768148458300e-03
1.733943335489261661e-02
-2.932776837005544521e-02
-1.839742407468076754e-02
5.386978191441120500e-02
-2.546121207058833075e-02
5.350691665437367836e-03
-4.886225237676199151e-03
5.656331919819182485e-02
-4.728412029319126880e-02
-1.788282984452966087e-02
1.773276363924798649e-02
-1.515250621295539252e-02
2.538832943201796769e-02
5.003480727996717416e-04
-1.650078139096527313e-02
2.005626363986100572e-02
-4.072668777549248026e-02
6.621051049186664483e-02
-1.396475905771552006e-02
-6.135694392295395518e-03
4.601335975782149326e-04
-3.829168402647874659e-03
-2.034967194966738613e-02
9.556283338815198605e-03
-2.216953362026138213e-02
5.784051974600912249e-03
-1.690098198417082365e-02
1.885404559522586149e-02
-1.112014581447375201e-02
-1.031205838762806228e-02
-1.158909700450867948e-02
2.282081916170040220e-02
-6.795319487907823704e-03
1.294257920030002403e-02
2.227854332902142256e-02
-1.369647485585718041e-02
2.150772237751966132e-02
-2.572098299388300008e-02
-2.954801731117545280e-02
6.791546127593610371e-02
1.719560175309739133e-02
-3.006572303606230845e-02
9.155271417942088819e-02
-2.024480752928442887e-02
-1.171697358072918901e-02
1.395299261749740997e-02
2.935297564634198331e-02
1.314650113660625896e-02
-2.078410631112984942e-03
3.738524517384318041e-02
-1.470457258992222301e-02
4.999759520973649785e-02
7.167388067070028582e-03
-2.876704547421297595e-02
1.360550798998310003e-02
3.762128195178925799e-02
-1.679829029753665548e-02
9.172325044100490890e-03
-4.166693084582522022e-02
1.878587486965996312e-02
-3.597282639643614027e-02
3.237748666341668663e-02
6.057805088307983629e-03
3.336062984306074897e-03
-1.170443385100088801e-02
5.265016211257449869e-02
4.419933925478455178e-03
7.706438715815339645e-03
-2.608837593868294433e-02
9.420778671964759321e-02
-1.577632098198788330e-02
1.556062446070069494e-02
-3.336062467984324265e-02
3.761247578215625581e-02
6.592900287836859878e-03
4.139821632528190715e-02
1.605444279394129675e-02
4.426812766649630693e-02
3.064586082653406734e-02
1.586905128862743999e-02
3.100277426701836606e-02
-1.955594134848159457e-02
4.896294072219180282e-02
-5.503235005188582968e-02
9.505592766981846298e-03
8.833226505191232869e-02
-4.925149797963043752e-02
3.642557461196941574e-03
5.595961775758640649e-02
2.454017678288644699e-02
8.605779652718768824e-03
1.771229880682480967e-02
3.233078661544197541e-02
4.317338363334509432e-02
-1.805025046885509049e-02
1.234037168269118412e-02
9.647730682535718416e-02
1.426883095879896354e-02
-6.430105355986343030e-02
1.146186675834113405e-01
2.218818200360913456e-02
-2.954719792672359097e-02
-2.780548535412611516e-02
3.452383207949309522e-03
-2.103933542594136133e-02
1.222474923084954646e-01
-8.031955606844326870e-03
2.143117131681117771e-03
5.141003494345749991e-02
5.133596551759467969e-02
7.218448066534279006e-02
-4.957825730892333541e-04
1.709145217939153638e-02
-1.821995002749476553e-02
5.816564816667896959e-02
-4.769849596379942443e-03
3.643592811397704245e-02
8.308972111512245157e-03
2.163507209678839152e-02
-3.219072915691677250e-02
-1.427680600830350671e-02
2.702197672269870260e-02
-1.737786706951795906e-02
1.098634057345196542e-02
-2.243108090468613237e-04
2.253739825714166575e-05
-1.744159676099650558e-02
3.349176609935154703e-02
-3.577476123676024550e-02
-7.679877652400598706e-03
5.516685150855745595e-02
-4.584037784684148742e-02
3.008206305413844636e-02
1.346463958172392991e-02
-2.726428875094925701e-03
5.599362238626911722e-03
-2.046036027590818554e-02
2.069959372134988485e-02
2.186598315441632551e-02
1.422190979142216177e-02
-3.620841358475745952e-02
-5.273108662984394256e-03
1.731120529728440854e-03
-3.322944412457790042e-02
1.786666531671166850e-03
2.394328812563942602e-02
1.541523398934149455e-02
-5.465794047475790174e-02
1.951975484470000813e-02
-3.832241767248512673e-03
-3.687600026131210990e-02
2.090463622176583994e-03
-3.096869592548869704e-03
-2.641965929954443598e-02
-8.045528017611481425e-03
-2.142744030865013916e-03
-5.609269707562879875e-03
-7.427748645424223084e-02
-1.574331071026739345e-02
-3.656443358860590048e-02
-1.333801813684297455e-02
-6.988894815393838222e-02
-2.752519622903168775e-02
-2.649909042108437862e-02
-6.808637967666031354e-02
-5.571612097068804476e-02
-6.360892819590804881e-02
-4.060494235043098782e-02
-8.750634774013718586e-02
-4.665326775335440490e-02
-8.447318474715158343e-02
-6.139578520239946657e-02
-3.665633024027811770e-02
-1.073480846585281451e-01
-4.721633861464681614e-02
-5.209569635866294346e-02
-1.212762913117931413e-01
-1.039172145060823504e-01
-9.594148250637514475e-02
-5.259493033780343607e-02
-5.251078599310166073e-02
-8.671653360068624916e-02
-1.603512404648486100e-01
-9.171531941047258996e-02
-1.358194785574282359e-01
-1.039146845261654378e-01
-1.330937347199238063e-01
-8.306857262734253233e-02
-9.747718247129977254e-02
-6.641680472603503360e-02
-1.098713111291728384e-01
-4.574657289822200296e-02
-3.710755332470987156e-02
-4.589005629146637039e-02
-1.533328389641892830e-02
2.891969889397225796e-02
-1.172186421843239568e-03
7.073800473121427679e-02
-1.417288422617123860e-03
5.027277052168828420e-02
-1.706210118548720511e-02
-2.352128066801248765e-02
3.283429562444857563e-02
-9.144526667264129410e-03
4.457334626322138893e-02
1.920857338493463240e-02
-2.484628644226999361e-02
5.197747003067419713e-02
-8.237514258108646903e-03
2.137630830829392869e-02
4.368997036715702859e-02
-1.419376561167984621e-02
3.153251240289569463e-02
1.412902824652820591e-02
-2.665681150635930072e-02
-1.874784901452565197e-02
7.105586530893892583e-02
2.595348558241272752e-02
3.266294888557200876e-02
-3.597013820472125256e-02
-1.903537368635230265e-02
4.168631041618100358e-02
4.296238204059005944e-02
-4.080608799648442406e-03
-1.697596848346058854e-02
3.557157501650407005e-02
-1.597232754344160566e-02
4.179624789617547576e-02
-1.531805985606488583e-02
-2.241981593636364553e-02
2.670189990940348423e-02
3.032014444025390651e-02
-9.233369569853180220e-03
6.284875610224249787e-02
2.997926028309806645e-02
1.802166374693939949e-02
-4.384627210619113091e-02
1.047489573568845776e-02
4.531360768283532181e-03
4.715725616306547241e-02
-1.829046306592765209e-02
4.119162828327718046e-02
-6.578074729443029144e-04
-2.045695608547829641e-02
-4.719151234607961952e-03
1.297722241862927367e-02
4.114342746343086638e-02
5.191271196025965678e-02
9.993294971389829473e-03
-1.944102127316365419e-02
3.693400234943831212e-02
3.652396120146854386e-02
2.890736526217559457e-02
-2.171299074835140314e-02
4.680163269065703083e-03
-2.185827906634297754e-02
3.269491262524664571e-02
1.126015501518042722e-02
6.426775463506081629e-03
8.280590630349746141e-04
-1.095734352128577629e-02
5.594199669684483262e-02
4.791680815611847576e-03
1.216453650323050771e-02
-1.948456860246396138e-02
-1.336962112144326337e-02
2.390635881656117193e-02
3.481396225096832116e-03
3.142103291923184494e-02
1.888546636387660252e-02
-5.638675546334796958e-03
1.736158206675070259e-02
1.141329999117692701e-02
1.647398234706787604e-02
2.002366279192908591e-02
-4.651493963639453944e-02
5.074851182559487334e-02
1.329524296743466241e-02
-1.019457411023074779e-02
2.024528052404013859e-02
1.553337916067749208e-02
-2.380764116658904209e-02
6.666811639384334631e-02
-1.070928596915865678e-02
5.149458077645276827e-02
-2.983176550996718968e-02
-1.269293304291622265e-02
1.408860712819536704e-02
2.414262570542672140e-02
-5.255977059492164018e-03
4.832179861662092707e-02
-2.471339120645249868e-02
-2.905353015214088425e-02
4.807080992759203697e-02
1.324931704747124399e-02
-1.504988215852335123e-02
1.903471193638345618e-02
1.033754584420296281e-02
-1.746573064668232103e-02
3.471196571692255345e-02
-3.672638414159408449e-02
7.277543043124859619e-03
-9.980852789576753065e-03
2.857982913663823996e-02
-2.952807122962922831e-02
7.441231245188535681e-02
-1.043159492741084840e-02
3.183218542282428842e-02
2.246995192499085664e-02
8.256938609833161524e-03
-2.455834242547094010e-02
1.374144280474030866e-02
3.358486403464769343e-03
-1.813283347102608301e-01
-2.339304152424900862e-02
-1.117815339857881479e-01
-9.519933224659297977e-02
-2.172240567497767949e-01
-2.193446836333747263e-01
-4.785065854642170380e-02
-2.708400779250906276e-01
-1.116307285395026494e-01
-2.015457522203208951e-01
-9.971539840866522342e-02
-8.128631524295504285e-02
-1.404814335417520488e-01
-2.230778407058905954e-02
-3.215278537026060313e-02
-2.158265978570310384e-02
-8.999874712222804760e-03
5.920688446449311887e-03
-3.966493745070783644e-02
-9.901459777714949340e-03
2.628587189874162511e-02
2.384706815891371109e-02
-2.550720135799408594e-02
9.825147754089321589e-03
2.284426202130838274e-02
1.927221933180289087e-02
5.334661403120481704e-02
-3.068996027514522482e-02
9.126378923574272883e-02
-3.213526190253101350e-02
6.553854156806805664e-02
5.413816091028492844e-02
9.410472140258066900e-03
3.761648744215893847e-02
-3.642717559888176970e-02
8.119352636623043684e-02
5.778955638666227052e-02
1.821303459552073289e-02
1.705845874600744536e-02
2.264645305287241693e-03
1.442723136073452428e-02
1.410212404367666532e-02
4.990320888620907586e-02
-1.374608479959282641e-02
1.626244611663454909e-02
1.762735386273545091e-02
1.704029789259928554e-02
3.928161865091110011e-02
1.016068840186745530e-02
3.089274007172921905e-03
9.637490636818044770e-03
-1.365871394649937308e-02
-1.713519866169365552e-02
-1.156431389992676299e-02
3.141692130686924572e-02
4.569963345146102474e-02
-2.918989033212959078e-02
3.333546675004207815e-02
2.603018254246213664e-02
4.501265725436875281e-02
9.150768434458353071e-03
9.680483543147835879e-03
6.780137511822219298e-02
1.713673823305761346e-02
-6.618270617932782082e-04
4.059649722825615231e-02
2.834453773281957883e-02
5.043648956459115262e-02
-3.295856000344267456e-02
7.226979264209595910e-02
6.728365022195662015e-03
-8.236992011209696637e-03
3.092137903412538538e-02
2.776753554525231496e-02
1.693618552709628099e-03
-1.499610431474588529e-02
5.287397312313932979e-02
-7.658884588708504172e-03
1.089885465109563106e-01
2.871476093362196683e-02
1.988123948047176848e-02
1.894285569835438623e-02
-9.630991807449940448e-03
4.091966452493807360e-02
1.474847234705899471e-02
2.128330563712260703e-02
7.900102976826049728e-04
1.731075285708837119e-04
4.796792990136991564e-02
6.677200628281454442e-02
6.442048565087243883e-02
2.547866127247002538e-02
5.765922750446847433e-02
3.605710805159657861e-02
8.174194031627227824e-03
2.664237756302217236e-02
4.041390060723670796e-02
5.725827916919489641e-02
-2.904964070877143548e-02
5.836569317349408342e-02
6.888699566221123671e-02
1.470548399240642276e-02
8.213097494369428139e-03
2.523625874636429081e-02
1.049942399979341030e-02
9.569527064199095934e-02
-3.024636553292005953e-02
6.860947620942436931e-02
1.537790380959122051e-02
1.271644581606782946e-02
1.586982635643408024e-02
8.242865455746933856e-02
2.829295100707830690e-02
-5.895274070817889400e-02
1.267569093416826553e-01
-2.510675286690351032e-02
7.243780864883817006e-02
3.079850876237652177e-02
4.005619958960890403e-02
-3.072065880988412642e-02
5.197073518300339423e-02
-8.857284670190317122e-02
6.238642882125514100e-02
4.350522043833186109e-02
-2.640902161541350268e-02
4.991529554941630947e-02
-1.335823144668904679e-02
1.613188012724432741e-02
-1.822924118779074842e-02
6.762147659283197949e-03
3.778138644408141761e-02
-1.222247345491056687e-02
5.063376187482448998e-02
-6.609529257433819326e-03
1.308998287361809801e-02
3.946569670049301926e-02
4.491588048715886017e-02
-8.413754671772827320e-02
9.750527208555220815e-02
-1.676779004143871127e-02
1.694363812949401318e-03
2.762065145329550830e-02
-9.156824835372717741e-02
-7.271082028126203689e-02
7.050146766695353229e-02
-1.577643448742516510e-02
2.006735720587040153e-02
-7.415604113215622760e-03
-3.914824772967120253e-02
1.340079447031095883e-01
-5.869986497388043900e-02
-1.314008645420875615e-02
2.778039380997111840e-02
3.995064316179984532e-03
6.340813646751788241e-03
-3.017448551384020045e-02
2.612505831813251300e-02
-1.405461016193976405e-02
-4.520472574371534741e-02
6.630559526319450281e-02
4.016038932956669805e-02
3.523519549032912146e-02
5.111615221733693815e-03
-1.186303717351565139e-02
5.937081753347505514e-02
3.307941241538136286e-03
3.488095658837938456e-02
5.487215102158810726e-02
3.947608363583068186e-02
1.662055086813087751e-02
1.298211959304476637e-04
7.316482259347584227e-02
1.017755632069504423e-02
2.203140858854785861e-02
8.706695922795687492e-03
4.283145607650684639e-02
1.878518612269268126e-02
2.305722363012116527e-02
3.228600558146908772e-02
1.538913826596426636e-02
3.579915071137073582e-03
-1.299220578687037414e-02
-1.241262652114267367e-02
1.168654236656191045e-02
6.427332236324717618e-02
-4.731602333328162498e-03
4.271907799942391282e-02
-7.186963828443278246e-02
5.102618061100343272e-02
-6.906014423060492791e-02
8.715169540872180765e-02
-5.519928158125420037e-02
9.262474210023402890e-03
5.602756273761256428e-02
-1.712313818592525738e-02
-1.990860749722912337e-03
7.901557801333503051e-02
-3.185067825910428349e-03
4.203962811225022550e-02
6.480117092888830477e-02
2.903422863817727018e-02
-1.200460899486587019e-02
7.159183639375250874e-02
3.446318141396358462e-03
-7.069628303155580176e-03
7.105654699881239211e-02
-2.061069909615312681e-02
-1.602729762893235696e-02
1.820810428928176100e-02
-5.431503392386921418e-03
-6.235331644851120625e-02
7.779661992870509982e-03
3.357364442204366708e-03
8.356278654547490831e-03
-1.396610510977405305e-03
-1.092788170324984764e-02
6.875575592659567345e-03
4.558573245091243620e-02
-1.780892650928102283e-02
-6.894753369829581015e-03
4.785279477490726047e-02
6.513874151529622236e-02
-5.826669892722800836e-02
-5.189732158562576636e-02
2.002725316762123814e-02
2.453418525206440062e-02
-1.779626472525269038e-02
3.700091128243179761e-02
1.644505408628688797e-02
3.963886493917739146e-02
5.592331271748129246e-02
-1.505240828630585379e-02
2.972931420812805967e-02
-5.248847940289668584e-02
-3.129829479435367739e-02
1.471808269945139823e-02
-2.358477667733474559e-02
-5.347345683778895187e-02
6.326407979495698997e-02
4.098520596619792400e-02
-3.481708285287019294e-03
2.798241682085642404e-02
3.276712249502243546e-02
-4.631610173969706243e-03
-1.535208553885408084e-02
-1.329979647483784180e-02
4.054214623188474170e-02
-1.892366920508034220e-02
-1.535118341455072623e-02
1.134591107812227273e-02
2.205432651993107299e-02
1.739939083233864314e-02
-5.395240025468680395e-02
5.745469417671567741e-02
-2.046782532562115703e-02
-5.891175149589090304e-02
1.081338252866128474e-01
-6.118107652579077987e-02
3.441034054176835694e-02
2.114189450903927736e-04
-3.504482584027700503e-04
-6.337292482870333574e-03
-2.809034153103142847e-02
5.597125023611238676e-02
1.452914409251970448e-02
4.108954086403666245e-02
-1.470118125118413666e-02
5.811565488573847485e-03
1.821929934781311641e-02
-8.194409205676266017e-02
1.041087798174092360e-01
-3.386139595995525664e-02
4.844738595755562066e-02
1.957556780928739609e-02
1.265469168056496119e-02
-8.792093065619085643e-03
3.735451145437738985e-02
-1.194244683392721440e-02
2.087875250842301592e-02
-1.165661878730613228e-02
-2.613639213045756277e-02
3.118981234869603117e-02
5.509401564826733183e-02
-2.824574901366109711e-02
3.844226119030969696e-02
-2.700257322542122529e-02
5.369224981277068154e-02
5.904351879924514546e-02
2.181792080019149052e-02
3.792931161046137617e-03
-1.021272402610527014e-02
8.600533598063650476e-02
8.877162903954051443e-03
-3.356487817481380170e-02
-2.143767127717975327e-02
4.482083827473612447e-02
-2.594284060176867482e-02
4.116043318394068534e-02
3.299179052745507962e-02
-4.339848158682645465e-03
-2.173121944894079727e-02
1.728144165136361043e-02
1.821509858249711900e-02
1.293091947753897963e-02
-4.396839939489836924e-02
3.881563518955683662e-02
-4.183694588097458533e-02
3.697207760282532341e-02
-3.235247397935705344e-03
-4.086489898366088558e-02
-2.889255721562368137e-02
2.232221946294394091e-02
-1.510029490898339918e-02
-1.166203453956098923e-01
9.196309691854004376e-03
-3.586314620700910977e-02
-4.316325650104785305e-02
-1.715189629044284736e-01
-1.768480403139231077e-02
-1.047378346634327273e-01
-1.100278467534775706e-01
-5.580443818139078915e-02
-6.409939211736856435e-02
-7.014780656502728196e-02
-1.238500743335818055e-01
-6.888035212286894304e-02
-1.408022362018080953e-01
-8.951149227541921327e-02
-8.238449129527128378e-02
-9.776337170605169102e-02
-6.365120859348896709e-02
-1.392395317451357029e-01
-8.183791100967524601e-02
-1.334108816491429705e-01
-3.880643778744140987e-02
-7.261378644959910755e-02
-1.568957852630921412e-02
-6.439407030423885403e-02
-2.665160156301729297e-02
-1.941419855483824189e-02
7.453038902582864722e-03
-3.587147957070689792e-03
-4.120679679615095459e-02
1.039957734468053077e-02
-2.297897634853890425e-02
-2.374950820384073846e-02
2.499964199061688666e-02
-6.555477450608132584e-02
4.790864728714236409e-02
1.735309504288839316e-02
-1.863894879914272662e-02
2.517490624809167951e-02
2.876853840257245429e-02
2.044479139806744047e-02
-1.984112986765681694e-02
4.632071277978454249e-02
-2.404379689944747753e-02
3.840941375490137394e-02
-1.198649556990694434e-02
2.811585001412097995e-02
-1.316757051983811870e-02
1.578256939741172829e-02
-2.098478899893280528e-02
-1.077162808867001241e-02
4.712991003854583721e-02
6.405739225662121505e-02
-1.555853583512834676e-02
4.678807833608427530e-02
1.343696852024166624e-02
3.230803302182196773e-02
3.091860812899872510e-02
7.017575966559147504e-02
-6.170725979643801318e-02
-7.930548251353270600e-03
2.436679586446770240e-02
2.715429263335401855e-02
3.133453404285787419e-02
-5.070259119655064206e-02
2.991204777247066793e-02
4.129394290874680885e-03
-9.137960105677021480e-03
1.196212918553556971e-02
6.798061127805804515e-02
1.595339103775818279e-02
-1.936258701631780182e-02
5.743738764495727456e-02
3.630139503928509620e-02
-6.246967896533041353e-02
3.678162251048661124e-02
1.163658581506893663e-01
-1.342258565250416258e-02
-3.976685741357122161e-02
7.129997525905952538e-02
-2.003625366883651088e-02
1.262679861374569057e-01
8.214072517123355288e-02
-2.025765826368600836e-02
3.906767711687064715e-02
1.048323660184188443e-03
-6.278244880724116565e-03
4.827700944190852633e-02
-3.211735491839949608e-02
2.607641266343192678e-03
1.439416330677367566e-02
4.091571509648813526e-02
-3.281104226571941729e-02
-1.145239821691550891e-02
6.415995865432409795e-02
-1.606854743620570597e-02
1.163998507980814300e-02
-5.177671388298064892e-02
3.451997336305284020e-02
1.012788879550553453e-02
-2.499888907514639935e-02
3.454666041203917348e-02
3.447437944560060620e-03
6.254480360018588314e-02
6.101516269724564095e-02
2.679131761681582263e-02
5.043279838630412848e-02
-6.367986564637752311e-02
3.452074720548012343e-02
-6.343864775412707407e-03
-2.388899274815378324e-02
-9.296620095939893413e-03
-1.032107188625719374e-02
-3.246334335461495413e-02
-4.706743907194519544e-02
-4.728155039922880137e-02
-1.011358035995590932e-01
-1.084206572747170028e-01
-9.063205145658756456e-02
-3.342384983281183886e-02
-5.955703794300507004e-02
-1.160206828026173198e-01
-9.341483218546001166e-02
-6.487578141815281141e-02
-2.073978520439595796e-01
-6.647561433489668214e-02
-2.300923112761392789e-02
-1.248418416378264673e-01
-7.384042335641002874e-02
-8.515115889910522540e-02
-2.693671266758551619e-02
-1.574310731612137831e-02
-6.019503738404549664e-02
-6.830950260153478837e-02
-2.390835204568412392e-02
-1.040484122471677791e-02
-3.635738080497624702e-02
-4.186318372532825405e-02
-2.211468519476731190e-02
-5.702505907255575601e-02
1.358553014250857630e-03
-3.467786972157529263e-02
-5.965328690829486968e-02
5.898175066176119391e-02
-4.653341786807336372e-02
1.498410382414018874e-02
2.556613719656232117e-02
2.115675924048778661e-02
3.415062421488134631e-02
8.939307043998827654e-03
2.485712866956283837e-02
-1.785689669226397241e-02
3.197635119501358869e-02
7.162991059512131831e-03
1.399301509749219328e-04
-1.653391276955093123e-02
1.551286468475805182e-02
5.648666516886756590e-03
2.803513706179101839e-02
9.227553407368542862e-03
-1.505907528778297096e-03
1.226112273372266664e-01
-4.123298886446384592e-02
4.975678721658585019e-02
-4.716349281245487551e-02
3.285037685369465027e-02
9.221070299573728285e-03
-4.799110715225009954e-03
-1.159297409649840196e-03
6.959839838244957777e-02
4.031109154297360386e-02
-3.764825630623480635e-02
2.202280723899564460e-02
7.062009383608604252e-03
6.447756277358204779e-02
-9.399544623258114517e-03
1.038617180953777062e-03
5.611160359771985226e-03
-2.663244467841623109e-02
3.969603921002332059e-02
-5.382123062237261640e-02
5.260486657659720067e-03
-4.672416509373231164e-02
3.174052436803962568e-02
2.910950278006981320e-02
-1.934132776757930064e-02
7.479785375410222086e-03
-2.986172359512095226e-02
2.162434801607030638e-02
1.252101555296576858e-02
1.711626637037286583e-02
-4.146164188619972865e-03
3.877752309244829332e-02
3.593053947653118002e-02
-6.264670997909929651e-02
2.562959691477438573e-02
2.554510154760117682e-02
-1.879766110747104271e-02
6.160146996736141217e-02
-3.401051597818067346e-02
-1.656298221287271118e-03
4.852592612249545523e-02
7.335960732613394306e-03
-1.736449173390008927e-02
1.341036408222453201e-02
-9.961405947137907599e-03
1.525579110125787480e-02
1.632007350498144993e-02
5.265029170717401216e-03
-7.589268688191120119e-03
5.120277169208285739e-02
3.310402698228718382e-02
-9.545729823488814658e-03
6.498387254537845228e-03
-4.538724518549831083e-02
1.025335113230958078e-01
1.118939464324071251e-02
4.408527325202395153e-02
6.665891373612645165e-02
-7.942215447220099533e-02
4.466910705084330135e-02
1.500874982033472034e-02
-2.183382005961697833e-02
7.870350521782636111e-02
2.796873956475530096e-02
-2.913587653795690798e-03
4.516337240254371388e-02
3.228460957862486908e-02
8.927758556474653731e-03
6.585969367407776623e-03
6.096780705722682631e-02
2.794797354597006872e-02
-8.724125185158722318e-02
6.216268105600516666e-03
-1.619010532719674170e-02
1.289030002382513529e-01
-6.636079991882927465e-02
4.242347354658099895e-02
-1.324705827626414256e-02
-1.378165319489898719e-02
-6.058999253153631720e-02
8.270640085159072785e-02
-2.150646917834989416e-02
1.298946428449858637e-01
-1.078893075181360933e-01
1.043541329482948338e-01
-2.767414335084192323e-02
5.957704259117676399e-02
-1.291414734742622403e-02
5.709926705099947764e-02
4.751432397278201186e-02
-2.411059216640596900e-02
2.870382856256060988e-02
-3.330023727641129999e-02
-6.178441175545435621e-03
-9.828785697435940549e-02
1.620690427015353541e-01
-3.503346066933402808e-02
3.611494272810684969e-02
-2.022426162697760210e-02
4.160373971123865894e-02
2.572337777771887060e-02
-3.047091284700233216e-02
5.754472732881679709e-02
-6.009987810605225966e-02
4.708671506874839013e-02
-4.222813295424195090e-02
-1.312656527773816556e-02
2.132787547867337572e-03
1.867704542361559722e-02
-3.408217312286609263e-02
6.459436474015640972e-02
-7.178288981418959325e-02
4.523688480674794427e-02
-3.527970295867267209e-02
1.295069440768070040e-02
-3.998672860894415815e-02
4.538113732506274256e-02
1.251201932584880723e-02
3.491667631784035625e-03
2.617396484442754620e-02
6.320819842214384088e-02
-1.809049706661144605e-02
-3.147149745256046672e-03
1.525554110698156690e-02
-4.007597467377303074e-02
1.264667362806224174e-02
3.474378612448254106e-02
-4.345176677021653916e-02
8.299919169132170945e-04
-1.577763435834381167e-02
6.781207540969427794e-02
-6.938456443247163763e-02
1.257872368835280356e-02
-5.744715880733146374e-02
4.723972495594388338e-02
5.239399981719669586e-03
-1.505408625376689936e-02
-4.249485192091896624e-02
1.061922550352596174e-02
5.202749930712772392e-02
8.107875240131486375e-03
-2.175393337771264202e-02
1.544149667347516873e-02
-6.474004610945765549e-03
7.895181637189125495e-03
1.361384477132380859e-02
-2.270985641640928428e-03
3.657565423093638718e-02
-5.653897328491283569e-02
-2.413820949306440256e-02
5.472987860153668421e-02
-3.899130266486693086e-02
4.112994392845124164e-02
-3.781667318561541397e-02
5.128000935619484411e-03
5.735615241765032457e-02
-5.599798231932530922e-03
-5.928977780951189339e-03
4.456316607088379317e-02
2.014575986877579356e-02
3.355787317092733413e-03
4.804594398878476308e-02
-4.810503628662721881e-02
6.976732914046866740e-02
-1.759949012588499576e-02
7.545908849803866641e-03
3.188014155151046997e-02
2.812546739322761141e-02
-4.757877383272611505e-02
-1.433115183581003607e-02
-1.278725328876205783e-02
5.698858530880995810e-02
-2.183981211683914264e-02
-4.478648490270339087e-03
-1.498001968535629842e-02
1.685949987449331805e-02
-4.335083671891332494e-03
-1.191743286647792277e-02
8.043089487651541858e-02
-1.683681800762195160e-02
-3.428424117428217552e-03
-1.921354186989517737e-04
9.382551253463924587e-03
4.029030933253422569e-02
-4.260261405227058762e-02
4.338278428987071833e-02
1.435231820968815332e-02
-3.183039638620719508e-02
4.459005112763669842e-02
1.428922072806293291e-02
-2.642856786104410757e-02
4.648135909247043396e-02
-1.859559902600352310e-02
2.515058862525065136e-02
1.451593532970509894e-02
1.771440859294756351e-02
-4.195713843841442775e-02
7.766491710504973278e-02
-5.879979557040657979e-03
6.126533302596010727e-03
-3.369229285008829705e-02
6.186952257161389829e-02
-1.800051175352442717e-02
-8.317110978110876102e-03
-1.621931296913500797e-02
4.248878935643531779e-02
1.495513305720254024e-02
-9.207666006657361929e-03
5.387122188256740496e-02
-2.497987410804280647e-02
4.099016871130319040e-02
-3.768671698504388878e-02
7.853197467582442859e-02
-2.242324347752485542e-02
3.205953159151023191e-02
4.294694610329136131e-02
1.972804062853131257e-02
-4.945025036773274991e-03
1.808684613535939401e-02
6.857707581912396433e-02
1.906530035710389537e-02
-2.121338261543585443e-02
3.747017611227530798e-02
-5.393907906313269440e-02
2.871486247971007794e-02
-4.354101349166167312e-03
-1.279233099288915564e-02
2.522379626264812519e-02
2.582412119819633631e-02
-3.116894938249065855e-02
4.009630089557585098e-02
6.359656619126005661e-03
-2.148783165950981719e-03
2.314574179787346267e-02
7.111038124964380938e-03
-3.504516403143280445e-02
5.240578284419709909e-02
3.984098617136943264e-03
6.490023653671669890e-02
-2.305800449359613619e-02
1.796048081388778445e-02
-8.392408909056941341e-03
5.523295922737975205e-02
1.321202475537944926e-02
1.160133472127424653e-01
-2.373502981950035076e-02
-3.395807349664114322e-04
-1.175352428822682913e-02
2.255787394494367451e-02
-6.219838993933494986e-02
-9.577562078157351652e-03
2.964684881246313145e-02
4.167561175285499492e-02
6.899466244786151350e-03
-1.100608070714722934e-02
7.141217614740102970e-02
2.708524551867575597e-02
2.720662440969495374e-02
1.879611162514901665e-02
7.082839467184091908e-02
1.990866482461381166e-03
1.403744428690852303e-04
5.191985348458091204e-02
-4.273033932630788435e-03
2.926896533058328739e-02
1.837450641077222405e-02
1.840302695679705419e-02
8.275576515449543924e-02
9.282556901396692497e-03
6.401330655684348003e-02
5.894087143482683311e-02
6.111736147610657283e-02
-2.528420818165821177e-02
4.733271704742723213e-02
9.778072738934086294e-03
2.253544956219750983e-02
-1.688662884338976156e-02
-7.339289522544990840e-02
-2.747338536769261194e-02
-3.282971692539844721e-02
4.174788540217681115e-02
2.447739605568170426e-02
6.560919734454810637e-02
-4.389844718667443996e-02
-8.586319696073877600e-03
2.656431607803000708e-02
-7.227419141285350290e-02
3.146506983815478692e-02
-1.540799421302425747e-02
8.780269760953116759e-03
1.307050843559526450e-02
9.541981798724856467e-02
4.348041123867100143e-03
7.130233860849737558e-03
4.239571714188187374e-02
5.490368686133294956e-02
-2.364585492962796229e-02
-2.555904398009283419e-03
1.777492575665351199e-03
5.960705581693141741e-02
9.036975642551337701e-03
-2.598804201444020884e-02
6.379774625132063684e-03
1.266337348755580960e-01
-2.259974114405454912e-02
3.652626060120182927e-02
-8.226435787110967374e-03
-5.216866276560917087e-03
3.303495323310304266e-02
2.840068691933334694e-03
2.235237485250759354e-02
8.851420819370714455e-02
-2.855613237377602198e-02
8.298280315702617760e-02
-8.394997846444620521e-03
3.710544485991351671e-02
2.360194819639909597e-02
-6.190126233223591096e-02
2.825690062953483545e-02
2.607160014575781240e-02
5.665816421877458570e-02
4.968779515088009996e-03
2.721385381135967702e-02
-3.862451661862896513e-02
7.998982613535231267e-02
3.120139725438092482e-04
-1.846208373396441768e-02
8.760569656068471767e-02
-5.487441424598032275e-02
8.954326672643840579e-02
-4.502302311590625911e-02
6.428884923643218841e-02
-2.934336925022292680e-02
6.290763534545650015e-02
-1.645990580495277147e-02
-1.162989396689630486e-02
-3.980756839226898963e-02
6.710129269097736548e-02
-8.140812282893875040e-02
3.498388693833026641e-02
-1.086527482241023135e-02
3.679139366890772644e-02
-5.058401378056657377e-02
1.005399930346023013e-02
-7.700412850964553912e-02
-1.487394642143076776e-02
-8.215315564679723237e-02
-7.813936164541700202e-02
-5.571504610066894958e-02
-7.885043110368009089e-02
-6.545479180850825862e-02
-1.111515145057429543e-01
-6.004881732693620466e-02
-1.029793497121537782e-01
-1.172424681132650942e-01
-7.143810297201586001e-02
-1.703476430755294369e-01
-1.271885863829184116e-01
-1.412346583179831527e-01
-1.079584565039346938e-01
-1.228660146763422001e-01
-6.107406515430793825e-02
-1.645959148900673630e-01
-1.295305404955113815e-01
-1.000218453432924065e-01
-1.581582073985985659e-01
-9.273132333890218848e-02
-8.369828250851589491e-02
-1.031764595758461051e-01
-8.258230455694484662e-02
-4.135911889264652641e-02
-8.922306869449191102e-03
2.902186491485721914e-02
-4.765953148567367292e-02
2.818487979236862159e-02
9.842555132972991352e-03
-3.015779846816504448e-02
2.485635810499241607e-02
4.925422103901432036e-02
-2.876727608872964304e-02
-1.184143157097161149e-02
5.883736068954700804e-02
-1.968293334002769318e-03
-3.160801258829295645e-03
5.254654283375866097e-02
-2.548169490572951487e-03
2.026567962772913775e-02
5.208119440523912257e-03
5.176658023587526331e-02
-1.989263968049729756e-02
1.304738887368945763e-02
2.672665985799374706e-03
2.052103390731765606e-02
-1.793262794846914310e-02
5.360979036082829524e-04
4.806160095761555229e-02
4.679814129515628279e-02
-4.537149080094410314e-02
3.134807509488325705e-02
-1.138677846323753184e-02
6.271146275511066404e-02
2.237627174822609533e-02
5.546385539759061956e-02
1.401098906239572894e-02
4.033723195144574281e-02
-1.952275949436443891e-02
-2.309384493034744371e-02
5.753128457553946529e-02
-4.820877893029956035e-02
4.447531729923019650e-02
6.532082684619215651e-02
-3.819470824369804174e-02
6.695836351293879551e-02
-1.680749848239127681e-02
3.123968872557627424e-02
5.880404547074630922e-02
4.440799988588753008e-03
1.878107091688620972e-02
4.724767928627192359e-02
-9.492667785490245536e-03
1.087758105433526100e-02
2.425069439244623495e-02
3.923981594183697380e-02
5.549489716154639568e-02
5.138933352632477775e-02
-4.351565293693235303e-02
5.799840516400829767e-03
1.407353534254404508e-02
3.878016866142174057e-02
-2.255189287207051696e-02
4.093125420797463776e-02
1.996623828328940656e-02
-7.030316932928906649e-04
-2.036595587898538257e-02
-2.082245773792607176e-03
5.278840340072731702e-02
2.641145966225596359e-02
9.475084998561927527e-03
1.991163560400031722e-03
-1.646601301137504830e-02
5.865784596847753440e-02
-6.030435428925519370e-02
2.838163773431627221e-02
-3.082521633000847097e-02
3.029692408237457182e-02
2.698906091496685450e-02
2.854309742738637620e-02
6.618366831418538709e-03
1.975330293727795006e-02
2.727903605527247713e-02
8.827017593669011022e-03
1.777860749918716565e-02
-2.322559402395377517e-03
3.005796615533041366e-02
5.814274272891967188e-02
7.235154270293009046e-03
1.012939130130504142e-02
1.381800584449798973e-03
3.470734378837171327e-03
-2.005098330215934407e-02
-2.263198103439612030e-04
3.068767388584985392e-02
-8.868751843430527915e-03
1.650332846335084841e-02
1.678888093638793849e-02
-1.307783989037498637e-02
-5.549337082583944564e-03
4.291196135009876268e-03
5.150039431071884444e-02
-1.678789874407292035e-02
-1.873217977974830570e-02
3.233711763499991926e-02
-2.384455273391131516e-03
1.460902315681672850e-02
9.048859501881185291e-03
1.885579506849854696e-03
-4.195339475552581354e-02
6.233555436454117638e-02
-3.711564548540069453e-02
8.956219401441350286e-03
6.631749011066237487e-02
-1.262971811280430047e-02
2.960221863196130926e-02
3.517430079228495935e-03
-3.202046119181251732e-02
4.748088453600259051e-03
-6.813220547477275013e-02
-1.381399077683197474e-01
-5.912578099435648882e-02
-1.046357485077363814e-01
-1.126032620976663567e-01
-8.338753638762889941e-02
-2.137963414811076546e-01
-1.482764706754750583e-01
-1.684523556080037843e-01
-2.777633489284187518e-01
-9.813914380753269162e-02
-1.394054035569313732e-01
-3.609558017881891318e-02
-1.477963707675680749e-01
-3.152358553297786997e-03
-1.347673165924949956e-01
-3.266216324234840970e-03
-4.985197799445097167e-02
-1.107387506047635001e-02
8.791108821773431156e-03
-1.368212019018000790e-02
6.615054478601475885e-02
-6.257464233256244956e-02
2.662799927588068577e-02
-1.876713903809904688e-02
7.415245010915103019e-02
-4.131471759866774118e-02
4.812774090336699451e-02
6.404379790884368040e-02
-4.499576951661865554e-03
2.654733555305495429e-02
3.851086717459559217e-02
3.269595660025131911e-02
5.912272540541319704e-02
3.650806883792920288e-02
2.393046920195619764e-02
2.679975514981865203e-02
5.371564833631702757e-02
-2.354411906339419838e-02
2.362159358524810321e-02
1.373574299905303345e-02
-3.036416456539128492e-02
6.616109249720503183e-02
-6.897418966114653160e-02
1.524821203445159840e-02
-1.703637905919495876e-02
6.655567921557084543e-02
-2.636958924894145222e-03
1.110346705345444281e-02
4.801114997209229157e-02
2.984134108173004674e-02
5.247717716572785490e-02
-8.988104594218603374e-03
-4.001371731851344205e-02
6.148713073871875379e-02
-1.303144497527313969e-02
3.136967057861569236e-02
-1.432733995127045794e-02
6.935819175721098795e-02
8.812538810382877091e-03
5.065770973580378117e-02
1.725493025390458651e-03
1.925198139026714633e-02
2.710458365434020855e-02
2.639819520753814222e-02
7.618570420411707733e-02
1.771063468919675463e-02
8.027802028972279291e-02
-5.234499261047666219e-02
-3.733717994101412412e-03
6.519955292515615397e-02
2.741054550077508950e-02
-4.300585481049178788e-03
8.794550616893830053e-02
2.494650897207819837e-02
3.190876757794539748e-02
3.882976409409995278e-02
-2.239521798186002235e-02
8.786106118510003671e-02
-2.113728709834967676e-02
6.341760974629953584e-02
7.083053151901781697e-02
-4.542614765755910444e-03
7.394551385496092588e-05
6.765545019132992999e-02
-1.256036995023416744e-02
9.274329394324543063e-03
-2.103069334511731281e-02
5.749605192970284884e-02
6.608373324266238191e-02
-3.996220702445924325e-03
4.531884581991064975e-02
-2.477788940823550876e-03
7.942746588696561472e-02
-3.658844202385698463e-02
7.481217176304297278e-02
2.017303832946395689e-03
5.700810182685099592e-02
-4.046455126071867719e-02
1.682274131132463491e-02
4.248055449212990997e-02
3.396119823387427211e-02
-8.461916296145517713e-03
9.323899128088088128e-02
-6.409401911415894479e-03
-3.532975471999276473e-02
8.270301836912133386e-02
3.097363489203392231e-02
-1.208422959978966080e-02
-3.107591724006533371e-02
6.370329759047403152e-04
5.042333638469829321e-02
6.348074224024966017e-02
-2.624587508863805707e-02
-1.085903120497472979e-02
-4.826462935833687046e-02
-4.710366373422094147e-03
5.266309137497772463e-02
3.828973832270929356e-02
-3.727225922704775068e-02
1.206242353384950720e-02
7.125010229186261312e-02
-3.051002711515534566e-02
-5.621116171482757468e-02
4.258021863548015068e-02
-6.974782576795759276e-03
3.777328631070524245e-02
-2.520153736391272936e-02
1.863688556040165450e-02
-5.625204899944974413e-02
9.752845326456374697e-02
-2.553960234317410177e-03
3.442259027057369830e-02
-6.041620379262070684e-03
-3.039363511977386315e-02
2.900650833171428133e-02
6.650198862365621147e-03
-1.157853383530211833e-01
2.064504918329733429e-02
6.947708814584080406e-02
-4.322173684635836899e-02
3.122169518520819323e-02
-4.248166581405499187e-02
-2.671581820609123664e-02
3.580790273114491801e-02
5.071428401000481478e-02
4.704424776532228729e-03
-1.167592078444597281e-02
-3.463964077521296953e-02
9.218021552216855430e-03
3.181882895870383199e-02
-2.006806392606963821e-02
2.983937366885196577e-02
-3.689863761289161048e-02
4.044106594075901062e-02
5.379641342579676022e-02
7.211367180334165780e-03
3.682419576696052688e-02
-1.537766299070975756e-02
2.564218044428187571e-02
2.708106523998644877e-02
3.226615578595717210e-02
1.507910069933608363e-02
-1.117096401222280461e-02
5.912398331644977412e-02
1.738304556835875911e-02
-7.480047502791319081e-02
1.062802967805539650e-01
-3.780175423155797410e-02
9.616450131864867634e-02
-5.029916870263974327e-03
4.429185727935247563e-02
-1.735539242046926084e-02
6.721346438184862271e-02
-2.567474771575569900e-02
-8.507811148269551690e-03
7.339720728096667257e-02
-3.257017634005319323e-02
3.152347668378045059e-02
1.278443738180510755e-02
-1.142002711421022040e-02
1.399766894728945478e-02
-2.195807774011736963e-02
6.999204471317616028e-02
-2.722279804139544554e-02
9.996977262447319726e-03
2.387800421067972842e-03
-2.596244835242005750e-02
5.625691818584385717e-02
-1.465995229435878601e-02
1.671218750170128803e-02
2.765818319590671384e-02
6.448997016521662573e-02
-3.347207160048736030e-04
1.608117514832608716e-02
2.581879168385701334e-02
1.171863309999085674e-02
-3.593680126248876075e-03
3.009270406982960180e-02
4.035549409197092957e-02
3.978755419204405008e-02
3.062791124745302407e-02
-2.122414849577870799e-02
6.370911300912109054e-02
-9.454997921505768621e-02
-4.042279522132605912e-02
-1.361325223819849148e-02
-6.027918276563462574e-02
5.453900043407978321e-02
-3.680223294012364976e-02
-1.129594073755338206e-02
3.583137975377438667e-02
3.427255739719500816e-02
-1.689296841630822180e-03
-2.256017866062589097e-02
6.869776944518654442e-03
2.585989892239553764e-02
5.121399994544446194e-02
-5.143899942919735735e-02
-6.229557317668520805e-02
1.684840324244317109e-02
-1.886217792937706960e-03
-3.025136108082880290e-02
4.509214346216723623e-02
-1.329828068054646206e-02
6.861445437526565716e-02
-1.419944314697171688e-02
1.100809358384938486e-01
-7.793858950308996114e-02
-1.235508480758859204e-02
4.551846340266967050e-02
8.855245332526275048e-03
-8.403135095962949164e-02
8.934506853267266957e-02
1.851321288229829803e-02
-2.857759450221093733e-02
7.048673686754007572e-02
-9.991700393850003886e-03
3.786891846207680878e-02
-2.518705694110225449e-02
-2.576292390256598730e-02
2.914188194729618389e-02
-5.690610078495169505e-02
7.106049287027559058e-02
1.083065268600488101e-02
-3.482264230109423375e-02
-3.562451445668086275e-02
3.510204027964499568e-02
-4.755697249650206460e-02
5.778673746204728706e-02
-2.262804334833459080e-02
4.510485846831106815e-02
2.689232251925397985e-02
3.183604834823398899e-02
-1.569575761491495691e-02
2.789891981315443734e-02
1.604718762906919352e-02
-5.094128067090072237e-02
4.188463858138232604e-02
4.356405470772044264e-02
-4.941876950158117371e-02
2.176525730056363961e-02
7.288163903475638333e-03
-3.692374104733291140e-02
-2.964322890521765494e-02
3.460126123500451012e-02
7.337712239178681428e-02
-5.879734365707250943e-02
5.986946856050943955e-02
-4.378263703956980502e-02
3.698258251642232153e-02
-1.471442036280579992e-02
3.161709429147790962e-02
1.654056185698124515e-03
-4.156602762325200401e-02
7.561785769670334445e-02
6.950971207263083318e-02
-8.055635178474188779e-03
-5.409132596792566583e-02
7.109435134340785778e-02
1.243637438165086512e-01
-2.019249637354239568e-02
3.840616881039805863e-02
-2.572360798560292469e-02
8.221414750377364217e-03
6.416134131284982611e-02
-1.615414681915390213e-02
-1.972090883345358620e-02
1.536800086151005051e-02
2.312990801790023275e-03
3.898811611687467982e-02
3.490238749165951171e-03
1.419812104948757307e-02
-1.091324094747367357e-03
6.388055388731007922e-02
-7.097611933412853458e-02
5.266952069798468833e-02
-5.467443800768423401e-02
1.239986121660709498e-02
1.532226426677140915e-02
1.992168594341921922e-02
-2.586512746233362442e-03
-1.720484608615769836e-02
-4.022243788620299965e-02
-7.542146279188452485e-02
-4.013388912798383085e-02
-1.575227636176314283e-02
-5.826715029565939646e-02
-7.480167453733663208e-02
-3.176383078741809585e-02
-9.743640775334116988e-02
-1.088444744439166639e-01
-1.276603612509348284e-01
-5.995439676783555216e-02
-9.562066590604531569e-02
-1.095079914544848515e-01
-1.177850230764817818e-01
-1.126252938859012426e-01
-6.495098808618830766e-02
-8.106162571226312175e-02
-9.702948802485260316e-02
-1.090089009716338486e-01
-4.577224069177479593e-02
-4.980004553718561655e-02
-4.081907877530607798e-02
-5.918891298541290036e-02
9.830896840725581592e-03
-1.051343011398791771e-01
-4.829774439461258922e-02
-6.368521192273968179e-02
1.023365219210439769e-02
-3.455862495995060124e-02
2.395630940829090658e-02
-1.740397655830643042e-02
3.264023217036950836e-02
-8.276010098504092347e-03
3.659187166103645278e-02
-7.430398908420802508e-03
3.649053560477315966e-02
1.059786084358907247e-02
-1.310601684258490447e-02
5.614641347058569459e-03
1.451940927385501554e-02
1.361916166043970061e-02
-8.671177349509321189e-03
1.461523097311573371e-02
8.775877176044281219e-04
2.820635671892630578e-02
1.711179498242101395e-03
3.454232351237059018e-02
1.527031204312686088e-02
1.056506044145135402e-02
-2.990400780085798044e-02
8.502505287622280639e-02
-2.588653192850017687e-02
4.575001815234427949e-02
2.146807185558328307e-02
4.775479487056114025e-02
-4.017538809806570077e-02
-9.891612249842803711e-03
-1.781157965721873182e-02
4.956290164423521327e-02
8.675345593573455250e-03
-4.021985017274291169e-02
4.416994196217480240e-02
-4.192954943023446263e-02
7.119124522749732675e-02
8.389424911379334340e-03
5.231111322040453426e-02
6.384081802850978191e-03
-2.553267637093991488e-02
3.432125991183187369e-02
4.765797633823672108e-02
9.915240114448367614e-02
3.960594846292415927e-02
-1.175038679561094673e-03
2.845320276774438925e-02
2.888330027705102859e-02
7.359267121091511016e-03
-2.637630427723633084e-02
2.270678640628330872e-02
4.641476726951138110e-02
1.387643371011160025e-02
-1.225828422306144208e-02
3.516315214410077605e-02
-2.384011398438404955e-02
8.489386428221960823e-02
-1.937780212967092283e-02
2.669632661852499103e-02
-5.259564210568188312e-03
-2.452497046431182520e-02
3.966109823744500343e-03
2.236002304213623518e-02
7.038887867889928596e-02
-3.387028623561103013e-02
4.737756635346576650e-02
-1.193012192184395026e-02
-1.791702325671030299e-02
-3.665889522932990613e-02
5.813996275614442821e-03
4.116481169041168175e-03
-2.763879227841252451e-02
-5.009229618321128091e-02
-2.780591887297793191e-02
-9.073071534796221804e-02
-4.302109839397549873e-02
-1.260570390748722014e-01
-1.468661136608200302e-01
-7.817220288812629092e-02
-1.029533897912431467e-01
-1.621835107504079332e-01
-8.276793048575062373e-02
-1.385413909076727568e-01
-1.443129914572790773e-01
-1.103828562372519417e-01
-5.399510629494776170e-02
-1.068583673013692864e-01
-8.535132957393185005e-02
-5.168580474851066503e-02
-8.796902098809489257e-02
3.208419665948112481e-02
-1.621198753326345832e-02
-1.621513258153962633e-01
-1.717706049421575260e-02
-4.159418467046865908e-02
-2.346613571370555554e-02
-5.538874978878425420e-02
-7.115946046370263955e-02
3.152904603462734073e-02
-3.296773866419328708e-02
8.152359868455305580e-03
9.999398381489651988e-03
3.783664707922504422e-02
1.527579243718435800e-02
3.098679797061798871e-02
4.040814611729557498e-02
-9.600840509009434670e-03
2.726468897871051067e-03
3.839152109934918997e-03
1.604248315500789168e-02
1.949021947137008839e-02
1.862301773514160944e-02
-1.375928730989711690e-02
1.594833993757652224e-02
3.183491378259871440e-02
-4.365903192009092798e-02
4.949708512591876469e-02
-7.129243864859216573e-02
7.175377486404248273e-02
4.627858211144356831e-02
5.817673030465685124e-02
-7.678301415447326417e-02
6.667303311235252272e-02
9.478894447752432562e-02
-4.997096072476805984e-02
-9.298651887382823264e-03
4.379306001679443561e-02
-6.841263620487418595e-02
3.494559825196542902e-02
-1.199998184700679094e-02
5.244892853249866899e-02
-1.630864484562320055e-02
8.273299743649978333e-02
-4.495574664008667592e-02
3.437891860781089326e-02
-9.562580597598107496e-03
-1.112736805093785149e-02
1.343467124849375728e-02
-1.786428820181045971e-02
-2.024795024658326142e-02
4.602589080527105629e-03
2.347035715129961939e-02
-3.018384705035876553e-02
4.514987621264949895e-03
3.907255969701921988e-02
-4.081854864266646482e-02
8.317523489290983008e-03
-9.943816274909677774e-03
-9.158100609032606212e-03
