-7.000043367326789223e-01
-1.420527300092059519e+00
-1.032378148992796341e-02
-7.579636935721278945e-02
-7.646016202366068271e-02
-6.225845453916134531e-02
4.814074191994111018e-02
4.241187947123061797e-01
5.096664160590509418e-01
9.547949731910425619e-01
9.415993278821344070e-02
3.076823753008106621e-03
8.340294718616891867e-01
3.336410794167984140e+00
3.306863738213237092e-01
1.568608202800818141e+00
2.366280366928155132e-01
1.320055035249003694e-01
-2.016872779164938123e+00
-2.641179844294731627e+00
-2.978644376200456634e-01
-2.613433051418745379e-01
-1.478310799878876924e+00
-1.908732209681296865e+00
-2.139077985012569627e+00
-3.236321921328189077e-01
-1.308503486845108199e+00
-1.830312797187399809e+00
-1.436383266630228306e+00
-9.359758995184481734e-01
-6.195599033036156555e-01
6.339662663005949383e-01
3.373979119466685717e+00
3.408194353540784149e+00
2.087790222630129477e+00
2.283319802114978980e+00
5.094561361315809833e+00
4.659128987940857058e-01
1.112845343996041514e+00
3.650702044784015499e-02
-1.038766838018911898e-02
-4.335157979746577794e-01
-2.034660063331537927e+00
-6.474486805824701818e-01
-1.609932946704052181e+00
-4.592382558684483529e-01
-2.277458861944527402e-01
1.368497897954904063e+00
1.146724623408291954e+00
-3.821065970555981295e-02
-4.595227910944412741e-01
-2.696354096873304407e+00
-1.008875829333704566e+00
7.162543479632432764e-02
3.069702617694627378e-01
9.762380138428979892e-01
1.971021083751770764e+00
1.484502658735866731e-01
-4.478262630722542603e-01
-2.293581952344262653e+00
-3.418064127877195046e-01
1.916828650517090171e+00
1.034887579545481939e+00
-6.377484902394159327e-02
-1.426682097521517090e+00
-2.161906185397109326e+00
2.272490015990611401e-01
1.087784523618291477e-01
7.820275222802749449e-01
-3.477512959366391154e-02
1.555551445746559125e-01
-1.411264140767003461e-01
8.654517721960844900e-01
7.987002912048889458e-01
2.974749856595495512e-01
-6.387551313040441547e-01
-1.960088680457083843e-02
-2.385931245476584195e+00
-3.788346687397885493e-01
7.551445718100762150e-01
8.101067388826836968e-01
9.348541248876900411e-01
6.032839861909733425e-01
1.646108307786842140e-01
1.911810963646830563e+00
1.346695830903099633e-02
3.313399865924147036e-01
-2.077390291495162522e+00
-2.302470365183053591e-01
-2.152680243976951679e+00
-1.250029740766153141e+00
7.668447985467361505e-01
1.766808843354749747e+00
-3.275289456521476072e+00
-1.931843302029909282e+00
3.841769912671333387e-01
1.037895036357303624e+00
2.528367549870073283e+00
1.830515835383039525e+00
2.188676540591424136e+00
-1.955820375349470730e-01
2.535865713308997904e-01
-1.517452736221878595e+00
-1.104003912309990953e+00
-3.626146126886121146e-01
3.651908359818251681e-01
5.971072024290317026e-01
-2.166303868911828578e-01
-5.873283816606489349e-02
-7.676341862766085100e-01
-4.956887454030080298e-02
2.699935312786094221e-01
-1.129713067782598390e-01
-1.485383205627051950e+00
2.633867851997195864e-01
3.026738236159111084e-01
-3.307913269752971175e-02
5.934268319278602766e-01
-1.220950637371727709e-01
4.574071954247050376e-01
3.717446945323343854e-01
-2.385514132797270648e-01
-7.119659416692477594e-01
-9.450516822919452498e-02
2.964980023472929549e-02
6.075125993542564995e-01
-4.613074415838079312e-01
1.085825833486729619e-01
2.487572112291509818e-01
-1.846759716241618693e-02
6.544344542974940282e-01
3.565982242122702761e-01
9.062796432472763897e-03
-1.278247534133901686e-01
-2.372478998756625268e-01
-3.013214800213273037e-01
-2.742276671356273510e-01
-6.608946564283912917e-01
4.799884836481203010e-01
-2.378670131080838634e-02
4.996727488184908583e-02
1.885891759333928608e-01
-1.579139887653464136e+00
-6.296724801107809188e-01
8.664326907005470702e-03
5.776495204710565545e-01
1.952189169598433693e+00
7.910755342912659804e-01
1.154462421829243191e-01
-3.357037795375303890e-01
-3.639322398010904624e-01
-7.779693161552747593e-02
8.540826568177628531e-02
2.999608766195913656e-01
-3.197882212826734794e-01
2.348676664749743681e-01
-7.533723334214345035e-01
-6.555790327946480200e-01
-4.909384371260439028e-02
1.438555083718331407e-01
-7.191170959612733782e-01
-1.272319326475241930e-01
-3.292871245254476165e-01
4.060465055684252533e-01
9.958981536081035202e-02
9.744163452164529282e-01
1.429352952537517929e+00
3.702858158180488690e-01
-8.876658374770663995e-01
-5.797112364162863019e-01
4.022875110486171524e-01
-4.579400548623419054e-01
2.858729260363813696e-01
5.973961292960244807e-02
-7.919219203590226464e-01
-4.522350843972099410e-01
-5.154539044749217869e-02
2.441318533590380868e-01
2.226721932818981342e-01
8.729457184946176618e-02
-3.574723593793660559e-02
8.484151734477751727e-01
5.841680678439165053e-02
1.384347458491497207e-01
2.589027242020136566e-01
-8.498710818848648207e-01
-5.958166976645894453e-01
-7.380975018471078730e-01
5.787353151766072568e-01
-6.535270679200579913e-01
-1.845537148359466251e-01
1.882594321315253394e+00
2.601261996536035070e+00
-5.662755264358900753e-01
-2.315994772304019733e-01
-2.279515167038372869e+00
-1.577310503516556217e+00
3.919554442128059257e-01
-7.162522248542300130e-01
1.013003336086706785e+00
2.973022038184204296e-01
1.926069882690655710e+00
-5.295795135571876866e-01
4.327988404270086686e-01
5.014416452226422294e-02
-2.509134954326845968e-01
-9.527504515497009496e-02
-2.067413979474800545e+00
3.120315867641765273e-01
-2.264153890199733787e-01
-5.068163028818502003e-01
-1.134466670026232915e-01
8.396747495436001074e-01
8.760025281918202289e-01
8.996788170263363416e-01
1.774723971956606583e-01
-2.843718648524984349e-01
-5.157756127233812382e-01
-4.296182423419390162e-01
2.524246959378913524e-01
1.798990980920966098e+00
-4.843659327208265086e-01
-1.474534658486633898e+00
-4.199888021863008025e-01
6.422464225310029473e-01
1.985446450800725793e-01
-8.064584319953655989e-01
-5.474199892103055465e-01
-7.648013388450447536e-02
1.135364395359431233e+00
1.119135970244013345e+00
-1.851313278641497639e-02
-5.570644124692164523e-01
-1.532776386761778742e+00
2.428877729058790402e-01
5.576549848352829741e-01
2.460177023412099817e-01
2.316101210246893916e-01
-2.475508267062690726e-01
-1.204299772691991427e-01
4.095662006699752888e-01
1.335639681855309013e-01
-8.477054504073294749e-02
-4.704188895101772405e-01
-1.104599535388071097e+00
-8.673638487954371534e-02
8.532867722897661267e-01
2.078728783135086022e+00
1.082130523182835979e-01
-3.547045684980432156e-01
-1.361337883998929854e+00
-1.296235873594626109e-01
1.474353608405966076e-01
4.247942318611709345e-01
-5.858560300111895769e-01
-8.606508430774661988e-01
6.055469023736557155e-01
8.428574225216625693e-02
-6.416682639754047734e-01
4.777432703269471337e-01
-4.859032248288769895e-01
4.143156209060205875e-01
-8.756980052943064141e-02
-6.006358561155855647e-02
3.944713451593722109e-01
9.999977773118161328e-02
-4.743828587986698153e-01
2.157343131619071652e-02
-3.096753436022383621e-01
5.350215252123349252e-01
2.229235997961335869e+00
3.165007628865090794e-02
-1.645191118272018693e+00
-1.100616053022092533e+00
6.766101946274467593e-01
-3.606519747823223043e-01
-1.030970488882042013e-01
8.509081176806481128e-01
1.445875766792016126e+00
-1.766157682978033439e-01
-1.118142928310667639e+00
-2.378892550442761600e+00
2.849135613662303612e-01
6.623539551296917516e-01
-1.887795973526589011e+00
-1.030534944702597322e+00
4.347102927872444234e+00
1.052285229061674432e+00
-1.292584124466501061e+00
-1.187615621783118192e+00
1.596504579513867483e+00
3.426530950814437038e-01
-5.913603586481455121e-01
2.386278066452831137e+00
2.912857837652137682e+00
3.793891818487447054e-01
-1.251194793448878073e+00
-8.702179599091581785e-01
2.787704728287664135e+00
1.044169990345381827e+00
-1.264445353521738369e+00
-8.298063535122670586e-01
1.343178056530624609e+00
-3.751102558855200719e+00
-5.441564096726628108e+00
3.122158220310999877e-01
2.126956834148351128e+00
2.590329395400396084e+00
1.406489443625996927e+00
-2.914683280841203761e-01
-1.173400053856761271e+00
-2.863611755536988657e+00
2.679855286483664445e-01
3.078913229871170776e-01
-9.842093441323260805e-01
-5.512941601118538371e-01
1.055970535241784969e+00
6.107165864993644444e-01
-1.613961595064538512e+00
-1.491490649685702774e-01
3.860603943632601620e+00
3.931802776268542132e+00
-2.615692367997570322e+00
-5.226195873858618945e-01
1.994139737012930791e+00
-2.692343645327932578e-01
-5.855396932956390188e+00
-2.803604439042849394e-01
7.807709231244323034e-01
7.320991380562630324e-01
-2.222017803927918145e+00
1.837845717443820082e-01
4.376495479496680385e-01
1.241730939515171883e+00
-2.191569933650387436e-01
4.600771780378343223e-02
4.195149806381290314e-02
-1.068583167897661834e+00
1.540514644864043881e-02
-9.362593280482467417e-02
-5.033683813851386191e-03
8.597614222303631148e-01
2.756177918921135728e+00
-3.609624433997322690e-01
-1.128597546390961437e+00
-8.660709345198309705e-01
1.634973520821076387e-01
2.080222995112880890e-01
5.682298559327025878e-02
-3.576860887668350530e-01
4.430764566697993345e-01
-2.093013370769236658e-02
1.316679356848634574e-01
-2.624732335714564657e-01
3.734764838271742438e-02
-4.406573255268739220e-01
-8.257450187739097114e-01
-1.068641427205744066e+00
7.214768675237320794e-01
5.446262618967570024e-01
-7.090535255362351297e-03
4.707828375914158148e-01
-3.094382333855011935e-01
-1.509843717738225677e-01
4.612381407711602099e-02
-7.717414386306276075e-02
1.096214831822723279e-01
-1.306905865677158718e-01
1.031992094770536328e-01
1.720981592371439994e-03
1.219767166941467251e-01
1.707888709588165077e-01
7.833761394932824140e-02
-5.601689856671236700e-02
5.387217825004908534e-02
-1.790708423781880304e-02
1.862799689145827262e-02
-6.116297010265724088e-02
1.211671149643058221e-01
2.620344169723349409e-02
-6.105285827368311935e-02
7.437964921553251452e-02
4.656096805973833352e-02
1.358327012279197943e-02
1.867883434301441103e-01
-6.550971705644031973e-02
-5.508317754290081858e-02
-2.879834608178380440e-02
-1.665968806641087430e-01
-2.394629168517611525e-02
2.191070034071603001e-01
-2.279459314635578771e-01
9.938981326175574949e-02
-7.353628188252760156e-02
-7.412092907819799181e-02
1.480070099447300114e-01
3.522933724241963938e-02
-1.441778133456586564e-01
-1.615516754804348365e-02
1.013530130275935859e-01
-6.102016569880491792e-02
-8.365340800546262889e-02
8.123834498835783013e-02
7.310536561888908089e-03
-2.725097021806961728e-04
7.714063683121295811e-04
-7.684791466390471226e-04
2.753243025151869139e-04
-2.724313375379212865e-04
7.713519072063308724e-04
2.821156022940481123e-03
5.325904216926488285e-03
4.960596775173259625e-04
-1.265986695462211886e-03
1.265988566551138478e-03
-4.960565187133728548e-04
-2.738724461323990183e-04
2.738737805748239600e-04
4.960571217499471983e-04
-1.265984718219497276e-03
1.265986589277478787e-03
-5.352228760332053067e-04
3.916972234853485953e-05
-2.738787432975113459e-04
2.738816423002986299e-04
4.960530965159799842e-04
-1.265984778078556392e-03
1.265985064260514515e-03
-4.960483530540581209e-04
-2.738842620686308027e-04
2.738861771439794301e-04
4.960490935247668497e-04
-5.352117766616268932e-04
-2.347225051495151877e-04
2.738898721196814643e-04
6.536196176312736306e-10
-2.738905595795966845e-04
-2.754161061807186301e-03
-6.524899981700587812e-04
4.570945591086859015e-04
-4.567058596073171432e-04
1.954710899718624384e-07
4.571477307405841239e-04
-4.567251639831593560e-04
4.962582528118082356e-04
-5.350177979417994854e-04
-4.067946274658598704e-02
5.411055624588081286e-02
-1.564889510173006482e-02
-1.123004639373265251e-01
6.154415720401670842e-02
1.065613777723100897e-01
-8.580424228841779244e-02
1.269996137933202332e-02
-2.451452708216867934e-02
-2.783773492033778107e-02
1.180764924029088225e-01
5.903341051908345821e-02
1.405532544973778331e+00
2.769702563370977089e-01
1.097463855076747929e-01
1.748136444368422193e-01
1.478748169419596969e-01
-2.933150561951880508e-01
-9.429705538753939686e-01
-2.362798771425005828e+00
-5.687573432108488092e-01
4.336584278817599003e-01
2.592759894837433077e-01
-2.688180904858932241e-01
5.680731025461116523e-02
1.470147163718744654e-01
-3.382773890054540100e-01
1.394832975198532221e-01
-1.012569981999627000e-01
1.274769014256753596e-01
-1.117232344569829561e-01
6.788089636833527507e-03
-8.336781211691079996e-02
1.006384489935738591e+00
2.634340543828225023e+00
-1.125831276414497317e-01
-2.249572083602435768e-02
-1.916186614549952871e-01
8.562508090638143443e-02
-2.031728359290017050e-01
-7.344962132257538689e-01
-6.637699981632221302e-01
5.639281146935487543e-03
-2.737487365665428052e-02
-3.406089000292725211e-02
1.892240031009060075e-01
2.425288643034449187e-01
-1.440787713856604979e-01
1.749907164844384244e-01
-2.422451885585895082e-01
-3.925107866834756098e-01
-5.476919145016294621e-01
3.472217375042477849e-01
-2.033633679996165178e-01
1.762259384715810229e-01
-1.865779805802681435e-01
-3.640702114451702665e-01
3.452092455271422722e-01
4.034758063380894377e-02
7.358607305131936727e-02
1.729009128044519672e-01
-1.109842314986381751e-01
1.024838447950265907e-02
-3.090975336409346186e-02
-1.464275516652998044e-01
6.514387659795839447e-02
-1.501832622224622549e-01
4.065168353913966581e-01
9.312995187642314487e-01
-1.832635506679026749e-01
6.095864908916449609e-01
1.833781382531678439e+00
4.167373007777515070e-01
1.885006297991823399e+00
1.357151879049435905e+00
4.496176876367406372e+00
7.319391372946455476e-01
-1.013829849331004951e+00
-1.130674170790726407e-01
-1.206624224312442095e+00
-7.387821770058923931e+00
-9.008149034274053335e+00
-3.548756905874830281e-01
-4.000572627915417456e-01
1.608848819726751422e+00
1.526327840343492781e+00
1.179794116213273458e+00
6.700474867774186549e-02
1.348757386196717256e-01
-2.189767413739529545e-01
4.610857240341692531e-02
7.138634403903809655e-02
3.734384927202536453e-01
3.426464015817557662e+00
2.625567992823699903e+00
7.044058570508848760e-01
1.861918334806929920e+00
6.192093489250725113e-01
-9.702488235811612682e-01
-5.420246597143041356e-01
-2.425735458126032640e-01
-2.709604235057536670e-01
-1.781156015521805358e-01
-4.213846674503738399e-01
4.377420670342022646e-01
-4.727674345839831815e-01
-3.100189501406043213e-01
-2.519053036466164741e+00
-8.980673723743631820e-01
1.282287408530351502e-01
5.212042693421956030e-02
4.956874378920079205e-01
1.146914939324883864e+00
4.165696517839887481e-01
-2.614334145862104997e-01
-3.209694789576191809e-01
9.947861229010612760e-02
9.691663313606944108e-01
6.073439986136390800e-01
9.940769414109862367e-02
3.165608670152595394e-01
6.427139390486065196e-01
1.970328079742436955e+00
2.241521461117374159e+00
1.117239204251688989e+00
1.214278582571326481e+00
-7.284216585852014703e-01
-2.355471917131006343e+00
-2.953069843686216167e+00
-1.913544930394093235e+00
-1.213432585055858048e-01
3.731498072327346094e-01
6.585699426710913684e-01
1.885241322309175072e+00
2.799210399935043725e+00
1.805225898192603040e+00
1.816870603663648609e+00
2.348670613012110664e+00
2.454478920091688110e+00
2.949789975483632531e+00
2.655287671833491459e+00
2.748485513689040260e+00
2.222753394934336768e+00
2.752530634065969650e+00
2.191879818246022182e+00
-2.591532320455911531e-01
1.063858462636986246e+00
2.430023514009945984e+00
1.139938736343161452e+00
3.506680316453689272e+00
5.899409916441094026e+00
2.532868357744696652e+00
1.928468631360082952e+00
1.691383837134807777e+00
6.031705835320124720e-01
-1.934977178145658172e-02
-1.290904729764427827e+00
-2.390179217508858756e-01
3.659302098336127074e+00
2.663076617083355302e+00
2.793948169234397483e+00
2.800556977688266613e+00
7.110752411448210353e+00
4.133385425061433693e+00
2.727994808923796199e+00
4.326498767706127069e+00
3.301308619016779744e+00
-3.100921888892386846e+00
-9.399565757170293523e+00
-1.387063440900590194e+01
-1.417183526129814197e+01
-8.774586175472400384e+00
-2.747900165113712490e+00
-8.463602070667683108e+00
-9.680673396869705627e+00
-4.890631849228302741e+00
-1.146071117932322814e+01
-2.237145142465943870e+00
1.911451876616523382e+00
2.716413502088286247e-01
-5.641754078509264581e-02
5.674841185095327312e-01
1.495808355167824288e+00
9.938505188432900095e-02
5.306671098709191403e-01
1.988972795859789144e-02
-2.023708438753111238e-01
-3.650951068890124773e-01
-6.398832664173951246e-01
-6.977071668558609829e-01
3.881949594673850812e-01
4.552817037060283289e-01
1.710225201138452666e+00
3.363649204671870230e-01
-5.363454130138451958e-01
1.854334347081045831e-01
1.741331927601597052e-01
-3.457255019960456810e-01
-6.591586018774174827e-01
-1.709314562583838626e+00
-5.412843439748526997e-02
-1.191928920909900436e-01
1.879272044395319252e-01
1.682852053514384272e-01
-1.670523642461919644e-01
9.374428721457495062e-02
-2.091430303753660791e-02
9.090282004477168165e-02
6.102609193126995457e-02
-1.441067807140180568e-01
2.051914896701900748e-02
1.637121365479047297e-01
3.012428583517908764e-01
4.445456685184080436e-01
-5.571101399558906486e-01
7.728238578471864351e-01
-3.191565572328833311e-01
1.346729080497818531e-01
1.505390314957971987e-01
2.086088003975590244e-01
1.018905582545800215e+00
-3.541678603095228528e-01
4.062230851732204773e-01
-4.317752694770222721e-01
-2.820587143500453697e-01
-7.065949302344620708e-02
-7.079215517568367977e-01
-5.046527328870483720e-01
-4.024631797909083986e-01
8.433315549249320586e-02
-8.661417126561266056e-02
5.579274861943850361e-02
5.335198952034755360e-01
-5.121539127085006360e-01
3.687168581881908880e-01
-1.134678732735787121e-01
-1.386106281648702421e-02
-1.154291061694367460e-01
9.210392103464637437e-03
-9.593487330786598655e-02
1.238193299545000126e-01
2.088124340747986030e-01
8.764602892078476870e-04
-2.141540381916329228e-01
1.679120368647006867e-01
-1.596331605834961365e-01
7.019330310519095173e-02
-3.799977044223235012e-02
-6.942678703475335666e-02
-4.045522956559122196e-02
4.308484029521718606e-01
6.939762583107306204e-02
2.892202221760468706e-01
-1.575386605241399507e-01
1.175383472031541615e-01
9.215210300290521683e-02
-2.653591070159284082e-01
2.761699173900297177e-01
-1.585459179623303350e-01
-5.019478891063784698e-02
6.332182594077019611e-02
3.356904155422507641e-02
1.037919417378957709e-01
1.735372954720360017e-02
-9.892541723344697169e-02
5.313486216649285221e-02
-1.279726809673087384e-02
1.746271376511202567e-01
-3.942715151504152526e-01
1.103605770542922665e-01
4.990859016293927586e-02
2.375258990072495191e-01
5.919906524904262612e-01
6.109330938959107726e-01
1.540558137770442482e-01
-4.783807602506984225e-02
-2.942644936333993488e-01
-4.690826612478954383e-01
-8.278507035877646913e-01
-6.795116751354899343e-01
5.655786477335378315e-02
2.165250461737672216e-02
-9.761911958731922523e-02
7.255104313670807104e-02
-1.635324968128511469e-01
-2.083775509155840755e-01
1.058051533771342534e-02
-3.039125804834539313e-01
-1.074790351448085879e+00
8.875874644280796755e-01
6.857402248477381335e+00
1.167705642739153049e+01
1.148746376786015588e+01
1.504747701756361522e+01
2.141481792052589839e+01
1.450744145784615569e+01
8.329711494408613248e+00
8.725895620138743425e+00
-1.803979735206482360e+00
3.950623775318504727e+00
-1.973959931760333575e+00
1.159858599273633217e-01
-3.228063128304242468e+00
-6.239635655759371957e+00
-8.366613439176887823e+00
-1.860128800349312428e+01
-1.958759308505914021e+01
-1.397873165752959679e+01
-8.674825503636586888e+00
-5.614898402331835570e+00
-4.436140285024615437e+00
-3.053033496951831793e+00
-3.762088192075134785e+00
-2.562704465332372283e+00
-1.637197530990963434e+00
-1.007398938875554872e+00
-1.649684430681378267e+00
-4.341878949540767252e-01
-2.402219291518130184e+00
-6.513692959373003077e-01
-7.918909353030603171e-01
3.442155869210541397e-01
1.262350360057702403e-01
-4.666862132052571610e-01
2.741760666421821924e-01
7.533092517531212451e-01
-2.551528773443934028e-02
1.453334507282874277e+00
5.157496094695712685e-02
1.521043163700445788e+00
1.408243255425296603e+00
1.861316914252604260e+00
2.026543274905965308e+00
4.270828441028766687e-01
-4.195143833134499789e-01
-1.554620252272165271e-01
1.461239962632405298e+00
-3.090144264048050315e-01
8.098861781307831187e-02
-2.427584319337012242e-01
-1.160190320867299785e-01
-4.678953815458009036e-01
-9.271473539934864672e-01
4.063908741152119086e-01
1.178669612304923398e+00
-9.911437166178815872e-03
-1.079600083148234191e+00
3.102514044193663278e-01
3.916700216960056213e-03
3.932273267165455888e-01
-7.079068373405771331e-01
-1.300245299847486713e-01
1.936849803320695451e-01
2.266092074060926109e-01
-3.004158692167455680e-01
5.636180731485823658e-01
4.057219892525116278e-01
-1.899154351157660292e-01
-1.065358440586407163e+00
-1.053197066383890768e+00
7.606843088463488556e-02
-8.332600687137370343e-03
-7.716757800576123927e-03
1.794022079699253425e-01
1.897605456447202243e-01
-1.167332072894506911e-01
-3.510298530272006889e-01
-9.730675099408110373e-01
-1.480370238920687420e-01
-6.868671524105041115e-02
-2.807167892858335456e-01
5.487569064668829100e-02
-1.180225933002518879e-01
5.328894511137765022e-01
-1.963780156719803216e-01
-2.773621108171965055e+00
-6.754282675683365156e-01
-2.199467427068562131e-01
-1.134197879109808405e+00
-1.615877684231722178e+00
-4.163267053409729357e-01
9.219110159932455417e-01
1.966400377328396232e+00
1.050861206120978331e+00
1.425042637543845636e+00
9.335497929193570243e-01
-1.723435524582215272e-01
1.169148270125119904e+00
3.884359822062819489e-01
-2.248653076742730406e-01
-5.237532118607646225e-02
-2.361268542667658288e-01
4.635651939067857441e-01
-9.717760337328842368e-01
1.841553713222895183e+00
6.263488419932273787e-01
-5.968944678700871531e-02
-2.395573590967841060e-01
-3.043233391414026379e-01
-7.044874213306693278e-01
-1.041010060854686170e+00
-1.156779463639467931e+00
-8.891744856050198820e-01
-2.597121791821166426e-01
5.614056269278009381e-01
2.149219322660336218e-01
-3.085665192836284376e-01
6.083615410461291617e-01
8.113576151735557573e-02
2.055310078433064902e+00
-5.894943408446229327e-01
-2.541113848480982540e-01
-1.670644592318377697e+00
-2.655291486841103499e+00
-5.735913465739583827e-01
5.486901038123512819e-01
2.607663233425446592e+00
1.058260270784612711e+00
2.452152926452360049e-01
2.039136253862885440e-01
1.373013290028750610e+00
1.463314219163272867e+00
-5.758145037292466961e-01
9.461008785699975832e-02
-4.343770181218489235e-01
8.715698405827043693e-02
8.805975995463155570e-02
-3.887738676459560061e-01
1.918238052006290939e+00
8.444943788703593857e-01
3.566963333344310705e-01
2.184230652902432457e-01
-4.850084554653357749e-01
-6.302166355553828758e-02
-5.925565650136032092e-01
-2.156066617776788430e+00
-8.266611256926823526e-01
-1.104599881259083816e+00
-3.575912659597029197e-01
7.297389214137517399e-02
-1.250641820115601099e-01
5.158870172201037718e-01
8.438568496693532595e-02
2.057676575172826539e-01
8.586292296334314678e-01
1.467227661427076946e+00
4.740418030914265723e-01
-1.664138035444421959e+00
-1.275713684037087514e-01
-8.271834763143721680e-01
1.091759888744503471e-01
-1.012879713280557148e+00
6.986552187328438634e-01
1.160585902723202611e+00
-1.624578083819652186e-01
-1.059783174449757226e+00
-2.237777019623927277e+00
1.047057210340014421e-01
5.965083799349377713e-01
8.787405614328491765e-02
-1.063080749217117926e-01
2.852589167346657462e-01
4.687366702418032105e-01
-2.341610728146097387e-01
-1.993986153733322553e+00
1.417593679193451806e-02
7.422033344781704400e-01
-2.061790827572895779e-01
3.039040992441055522e-02
-1.153470550664614791e-01
1.395791062768253710e+00
1.204399202864593121e+00
2.916074572436233581e-01
2.810634381063313647e+00
1.340797423188400117e+00
2.684823070010984303e-01
-1.314803507135150040e+00
-2.510967994419676108e-01
-1.020167827109514702e+00
-6.684241282157987740e-02
6.244234643745569802e-01
3.720814220900394709e-01
-3.147272727731485364e+00
7.134878536427917695e-01
2.014239225644249842e+00
-1.782483027591955649e-01
-9.668287688391661305e-01
3.336774004060643062e-01
1.501106682899012279e+00
8.455558769840729738e-01
-3.158936998720689004e+00
-2.567935666806415718e-01
2.395650906972307759e+00
-2.273816815008217751e-01
-1.722827060051266956e+00
2.259355023036881960e-01
1.671309384742678983e+00
6.067254328758277249e-02
-1.959426795506015839e+00
-7.631737230215485113e-03
1.354580895778256355e+00
1.291905828492013075e+00
-6.011574195744513460e-01
-7.259162443485220328e-03
4.099528672319922573e-01
-2.768630488629802988e-02
-1.747966548104679330e+00
6.925633917607714185e-01
1.257043524905778309e+00
-3.135033486715089746e-01
-2.170817234899600212e+00
9.022641839249101459e-02
-2.735148823876518698e-01
7.288248412020685851e-01
5.271311911610694345e-01
-9.686207622843656662e-02
1.417637475474021747e-01
9.278329077579383632e-02
3.648068289588619062e-01
2.564836550667837223e-01
5.086777241837538988e-01
1.024840120051278225e+00
-8.005186341656831406e-01
-3.873681614416588648e-01
2.323503407920671782e-01
-1.575216042262951532e+00
-1.199371190314866942e+00
5.979480037266293735e-02
6.186815005660868394e-01
5.956233792969354290e-01
1.240865081101283351e-01
6.205941470529255932e-01
7.912914397927059973e-01
-1.822637773306741704e-01
-1.029253425875928940e-01
1.110335688058982306e+00
1.654654066556279668e+00
-2.236257234591021437e-01
-3.910910617246470267e-01
-1.085961372676162107e+00
-2.131940361231399628e+00
-2.226646145971844515e-01
-8.095147451350681589e-02
4.343147020104801692e-01
-3.526003011277434318e-02
2.524216218355733732e-01
-5.248568580661562288e-01
-6.416546558483904317e-02
7.615437641275466518e-01
1.197707618435322141e+00
1.768682945511552917e+00
-2.717726846571606458e-01
-3.891444570450275364e-01
-9.961031900739667488e-01
5.237526495021613826e-01
-1.623958755986307789e-01
2.805002214443153008e-02
-1.022362426448284456e-01
-2.639695623009408187e-02
9.786817058350205656e-02
6.902315585986622537e-01
-6.533965575679845372e-01
-5.316629051148329399e-01
1.726803047361118448e-01
4.346360112847058588e-03
2.247556619052490934e-01
-3.947216589995674596e-01
8.002953095232336889e-01
-3.180881585500010544e-01
3.834418174527092216e-01
-4.917492817519169002e-01
-3.920541570161441003e-01
5.695777597498591360e-01
-2.139949640720035795e-01
-1.894803105132361054e-01
1.565260537294577148e-01
-1.383943972824255297e-01
-1.114325832938110050e-01
-4.854337466972380444e-02
-3.025571015209342018e+00
-5.040194478319248717e+00
-7.479943201909327044e-01
1.704209144621007255e-01
1.152362792063327035e+00
3.598941670566004447e+00
3.043090999206659042e-01
2.977206025896141917e-01
-1.036313690617108207e+00
1.103894884214910110e+00
5.865892699325425674e-01
2.664125449115288369e+00
-6.328932475762796273e-01
7.825990482450191355e-01
-1.568262932268832399e-01
-2.562484993346373363e-01
1.663645197330565484e-02
-3.908856506742661718e-01
1.036864566200325077e-01
2.854220057457045989e+00
6.238937991230633529e+00
7.938971410497712711e+00
2.728818194680165732e+00
8.971039323020448819e-01
4.465745689915483041e+00
4.416953247324848064e+00
-1.062246536027622312e-01
-1.756559311002874324e-01
1.226762295807418468e+00
4.295841831436895575e+00
3.434154041382484479e+00
3.704034701877944258e+00
6.643957013798917899e+00
6.028276862804666791e+00
-6.769320562925500440e-01
-4.298286111344374660e+00
-8.923146722157184740e-01
9.255381601396095448e-01
1.737295623439806036e+00
2.094852309092409826e+00
1.839421514799369106e+00
2.729643976350622836e+00
-2.049558461399200837e+00
-7.190713687483359706e+00
-3.762887107200938885e+00
1.636189821820103418e+00
1.716729036425860500e+00
-1.323164919122568506e+00
-1.231862679511252168e+00
-1.538281751834603028e+00
-2.006885956859498776e+00
-5.482437784596420727e+00
-5.435217438163249426e+00
-5.662201040672961483e+00
-7.638459037861302647e-01
-4.504021283204913573e+00
-2.552159747609973550e+00
-2.479677429395199084e+00
-1.449581321757282382e+00
-1.925772177124265738e+00
-4.582976473168336895e+00
-1.106858213768318500e+00
-1.117943137496415495e+00
1.974283288731522035e-01
-1.952360317686618885e-02
-7.722740015311382322e-01
-3.159799961085441034e+00
-3.663060497096633839e+00
1.265813199013986257e+00
7.940583986196916300e-01
1.979490468186074548e+00
-5.063191075186412871e-01
3.161842321299304093e-01
-3.093872894848443966e-01
-2.627882335846773998e+00
-8.702176339051066467e-01
3.944836500208033225e-01
6.206843950143703381e-02
5.651645433706753430e-01
4.712239867914763125e-01
4.421762435749067022e-01
2.332281796369907456e-01
5.958726778931178192e-02
1.878183683258459746e-01
-6.741661449583891130e-02
-2.540319540998804637e+00
4.371609945071825987e-01
3.084514628963579419e-01
2.098323712339854596e-01
4.848800587265603146e-01
4.839682311023678629e-01
-1.919795038373087459e-01
-3.066784563955801679e-01
2.060793319479600205e-01
1.566745365736108009e-01
6.106090923054737774e-01
2.486374502150904275e-01
7.002270586029870625e-01
1.943808439946802080e+00
-8.821303694608673140e-02
5.263905029281490400e-02
-4.089337017124244689e+00
-1.553276728229421533e+00
5.488097110053267169e-01
5.254009722291286266e-02
6.125557838522970311e-01
-4.842575157788076012e-03
3.107501435812295432e-01
-6.727121266056634852e-02
2.075552568103826712e-01
-7.424653898124644602e-02
5.102489211468138608e-01
1.678522955151105389e+00
4.875808011559823463e-02
6.672402380923325715e-02
-1.991006961884631998e+00
-3.498367884773021519e-01
4.454402536856064687e-01
8.921599490570090163e-01
4.711557784756964518e-01
-1.254695619891434966e-01
-2.617690665674349271e-01
-1.250925251801621174e-01
4.875885190797479840e-02
2.521761770049271156e-01
-1.550276709657314456e-01
-4.473324265184779325e-01
1.467606216186841395e-01
2.492964000948821868e-02
-4.053500853089798683e-01
5.910371506176961276e-01
3.377082611193183759e+00
2.799721926185996246e+00
5.534143445074035661e+00
6.515627109672330164e+00
1.467514713356077749e+00
-1.859042527179930460e-01
2.354985843517006572e+00
3.069444579216177971e+00
4.374743231194976545e+00
5.695833377198233904e+00
4.709928388176528813e+00
2.599066864268237964e+00
9.539984940327386198e-01
4.548762105839387004e+00
5.262401360030466435e-01
2.452584385300120573e+00
1.125562300181627506e+00
2.516829131373341966e+00
2.405969530284465918e+00
2.058043811149815383e+00
1.982822188839229227e+00
3.027465254243395520e-01
-1.304804482829617029e+00
-1.333810866204707679e+00
-8.512954095561227064e-01
-1.573090712424381366e+00
-5.984705557415679777e+00
-5.507895658471994693e+00
-2.969335896688761522e+00
-7.747739414402978753e+00
-5.752800625320290351e+00
-1.119156755921366653e-01
-4.571288278837272401e+00
-1.992423390378235126e+00
-1.284954030634256839e+00
-4.292088216290530056e+00
-1.305186034999374911e+00
-8.392662270793138646e-01
-2.146581349881687473e+00
-4.289412037943594491e+00
-2.554149530172249882e+00
-1.835662613038186119e+00
-2.680903669604004946e+00
-2.242866581239555401e+00
-2.740474208493501873e-01
3.053931943215459910e-04
2.531574456588644217e+00
3.283733174532418531e+00
-4.688410698078193661e-02
-1.408335136941326837e+00
-3.468334468129052439e+00
9.182955509638024427e-02
-2.558280846947011966e+00
-8.975233302923748546e-01
2.288489575263881193e-01
5.245043231049701937e-01
2.100831689503714905e+00
3.357228858537316007e+00
-2.160373716878301042e-01
-2.632009616198534019e-01
-1.667472488997213231e+00
-1.528244697184582224e+00
-2.391790678239271273e+00
-1.924017308337325094e+00
1.526658781078241489e+00
7.214173414876619006e-01
-2.767048606374341801e+00
-5.161315764409479812e-02
2.005027075105720868e-01
1.331556762258651716e+00
3.104023483889708501e-01
1.167689888390901043e+00
2.042463893704337785e+00
1.841863765614003778e+00
1.977198167132348638e+00
2.476934797271012290e+00
1.917266303761673285e+00
1.928895579201760135e+00
8.920944630818077314e-01
3.596374275841274226e-01
-2.742136140802369226e-01
-2.508982557526432622e+00
-6.066859239933172887e+00
-2.504984689453128688e+00
9.814170460035951393e-01
1.611751508357753160e+00
5.933659908831887542e-01
1.234403820573105381e+00
-3.369200637995737324e-01
-2.120764835306026441e+00
-1.002662772716325534e+00
5.092440731496028494e-01
-3.042608721180822262e-01
5.262419959430153504e-02
-7.760374764081284793e-01
-1.616786921093313900e+00
-1.294266022957666351e-01
2.286794903967019899e-01
-2.845889002331190021e-01
2.154867723455742734e+00
5.028963165066628882e+00
8.711577050785566101e-01
1.472286982810189215e-01
3.250114500386622751e-01
-2.834196378809542782e+00
-4.758910120847279046e+00
-8.700736064306731077e-01
8.706344073584140197e-01
6.908589896987069601e-01
5.125247172700984066e-01
3.467290993074805261e-01
-9.842073199804166617e-01
1.496656875939081921e-01
1.688141485549145004e-01
-3.255301641079898500e-01
-3.071195514979585539e-03
1.282921360919935250e-01
1.071576925531636526e-01
3.822240743283222830e-02
5.129369333957378707e-02
1.467935387399464497e+00
1.978783132658222588e+00
-1.663849499638834217e-01
-4.833781249873851937e-01
-6.275722553339839749e-01
-3.476626995052825020e-01
-1.234266253032165528e+00
-1.797623765347529656e-01
-3.818180828930951565e-01
-6.506327180123268050e-01
-8.048840542787552010e-01
1.741816213820013282e-01
9.527491847533886560e-01
1.048181690823295487e+00
1.020171143593209484e+00
-2.606493120649726603e-01
-1.871498044681268791e+00
8.601512793494020537e-01
2.451066694434624882e+00
-1.604687556590305153e-01
-8.834526259187129860e-01
-1.478905086004886238e+00
1.936085680167040080e-01
-1.523044372643141742e+00
9.179186570441353332e-01
-7.747415061949298742e-01
1.051563354356048308e+00
1.064897712022246257e+00
1.005234785838223122e+00
4.757126210223034946e-01
-6.864588282488679472e-01
-1.755022508362218847e+00
-4.318760837587654056e-02
6.984911714925683413e-01
-1.463058606467018408e-01
1.290483698607882257e+00
8.390011313803600324e-01
4.028915309484895069e-01
-5.900066402379307018e-01
-4.069273176286094529e-01
-9.981034537818458396e-01
2.180997516911209466e-02
-8.713014054083041415e-01
-8.859622883717110930e-01
-2.406146887262794465e-02
4.347415736333813951e-01
-1.911281265848238098e-01
-1.651128069378002827e-01
1.236583221052296455e-01
-4.345437418630706539e-01
4.270430830760609808e-01
-2.393654154670707968e-01
3.678862538692917461e-02
6.712887401009807187e-01
-6.907021302238169902e-02
4.463664922660490197e-01
9.285656578934309291e-01
1.312055370439389579e+00
8.421406606840968756e-01
-3.596276398536768504e-01
-4.831694147635503533e-01
-2.473994747173323461e+00
-7.608267406893249873e-01
4.947907073781521170e-02
1.629891138131878137e-01
5.214205200665554818e-01
-5.052758421309944126e-02
2.268773687392272587e-01
2.594674281638515989e-01
2.709437544534613607e-01
-3.427038112513248747e-01
4.342783747596787314e-01
1.383249222380093624e+00
-1.562214371113057609e-01
-8.603169821465840306e-01
-7.166104924403104981e-01
-1.132190558024168681e+00
3.840330982749476929e-01
4.690925156144793440e-01
-3.500851009285355087e-02
6.600197637896862979e-01
4.000695673689845799e-01
-6.161062249499597021e-01
-3.626832128461129345e-01
-4.479972904469864403e-02
3.131317532738184806e-01
-2.077345251517347113e-01
-2.345031079686791531e-01
1.024655630952120200e+00
-3.336180491316576568e-01
-1.491631702544365390e-01
-9.709215458098471863e-02
-8.388641287795561841e-02
3.024225113230344722e-02
-7.503904768111847867e-02
5.782819371866552149e-01
4.592829093588030043e-02
-1.035031480886142941e+00
4.196335292038244069e-01
-1.813418908126315232e-01
3.247612276074638982e-01
-1.145507717346193388e+00
7.065574898129488579e-01
5.072450044877709896e-01
-9.630021886726504443e-02
-1.088672057992607467e+00
2.881320418680013429e-01
9.817850837271445696e-01
-4.827929620342891193e-01
-2.984795190068138648e+00
1.102909809594805335e+00
2.959921578933811581e+00
3.779234352104785533e-01
-1.676481245623504757e+00
6.796197092670293038e-01
1.883837966886716675e+00
1.466080861396468205e+00
-1.516537215062719213e+00
1.252719847451769120e+00
2.425517639696548322e+00
3.070816159062594863e-02
-2.061794670007349506e+00
1.173260495877087362e+00
1.734131969897589443e+00
-1.192623684791804806e-02
-1.782479282771816997e+00
8.067227932715681504e-01
1.097044070057151544e-02
-3.660361400052396519e+00
-1.652775510837441120e+00
3.604343642735964304e-01
1.221005657902654917e+00
7.662505452516965576e-01
-2.009355186258758863e-01
1.440635078412930703e-01
-4.870570728705589936e-01
-1.043638610872382966e+00
1.395920809658390827e-01
-7.909727448091761204e-01
-1.331633619637303756e+00
-4.499653219415585825e-01
2.537890943935605215e+00
-6.795050360950583013e-01
-1.274411806209618581e+00
8.313084496026614811e-01
3.366638033571870636e+00
-8.932415009089100799e-01
-2.360791205042344298e+00
3.326925379368500524e-01
1.635132453842262246e+00
2.584263643546793610e-01
-1.575998848462983215e+00
3.095369855796732406e-01
1.230551915151690823e+00
-4.886093193716223304e-01
-1.535360302976819913e+00
1.333565019242526350e-01
1.282153586448446347e+00
-5.724338934816604052e-01
-1.392326806638634951e+00
-1.795213564004873308e-01
-2.243832583711580231e-02
5.092230435196897220e-01
-2.754980345954781140e-01
-6.017412870744809350e-03
-4.196700525547635285e-01
-3.821819413111876562e-01
-3.198194659883273339e-01
5.594083815369170765e-01
-9.070881618721182704e-01
2.302060052334795603e-01
1.363406441492740484e-01
1.672338305316987128e-01
-1.654003551145193374e-01
3.506697418122288745e-01
1.308735786393062650e+00
5.642438974691046383e-01
9.408949398244017548e-01
3.912666258074941616e-01
7.808854126704694032e-01
-2.436534763774962364e-01
1.912402680624269991e-01
-2.577168122920179272e-01
-2.448912376608304964e+00
-1.738025349904253058e+00
-2.229293782472976382e-01
1.154786750691341179e-01
3.094380317458735874e-01
9.939376268259814129e-01
3.111814927663698049e-01
-3.595498613887445488e-02
-1.554092675465701401e-01
-9.847290596910623917e-02
-8.710922809284976642e-02
-1.953937181388947786e-01
2.222663620496969639e-01
7.533442159943529171e-02
-1.920894496075695457e-01
9.814180244719072910e-02
1.687522555577376515e-01
4.688888404219332395e-02
8.287154181822890819e-02
9.421368044099016903e-02
-1.574476621191423509e-01
1.894476974377699297e-01
-3.085249020884995447e-02
8.051455666651352594e-02
-4.171190305752069394e-01
-7.670374125917761576e-02
-3.967646605306276997e-01
6.205960257737808128e-02
9.741738297349467057e-02
5.268450521571943490e-02
9.298133789497953217e-02
4.706808760203295972e-01
3.392737323729173582e-01
-3.287912267855553905e-01
1.040516436297696246e-01
1.191942813261158973e-01
1.045774512300074122e+00
6.456369021007801745e-01
-1.826184172832867603e-01
-7.717438917392333009e-01
-5.732958486688977118e-03
-1.540149118440234943e-01
-5.134543376877227505e-01
-2.103881874702588473e+00
4.115649254641122745e-01
1.918377454071387378e+00
-8.379798442898890309e-01
-8.262735729361602166e-01
-1.633801599215727984e+00
6.120734002702783449e-01
3.775481708080621335e-01
2.549212727964042191e+00
1.278168331815248360e+00
-3.868057574881880178e-01
-2.837959475072686644e+00
7.376827814618180934e-01
2.319565089810267544e+00
9.384234220847256225e-01
-1.664894517177368360e+00
-7.534260120056379684e-01
2.524794618492771092e-01
1.284582793191182848e+00
1.254925458988332521e+00
1.943339383564367751e+00
2.734972710038867660e-01
5.674102697058769351e-01
-9.742399622585464769e-01
3.276480763645785999e-01
-2.223206925084042496e-01
-8.084370297910368208e-01
-3.666775438183985436e+00
-7.822836719981420828e-01
-7.664402957306143405e-02
-2.565268281570448061e-01
-4.384180592795191567e-01
-9.430180362695087526e-01
-1.651799246590224257e+00
2.370575317080190203e-01
1.742462496674335171e-02
6.016107376767338977e-01
6.710162609058389904e-02
2.882802254324650981e+00
2.546656634562027843e+00
6.976667036451460469e-01
4.857220273709503822e-01
-4.160720699808715395e-01
-1.249813781069828877e+00
-2.450639450892078131e-01
-4.177181143223185344e-02
1.349430303816778753e-01
-2.496010110637623125e-01
-1.292832378167969587e-01
2.222971516489106847e+00
3.120237421586796955e+00
3.720691658456176221e+00
3.383982424511067677e+00
5.747297339263120364e+00
5.006757036438887809e+00
4.738192507633531392e+00
7.201335976016146390e+00
7.313707012507038030e-01
5.675151324932173225e+00
6.381656100488896755e+00
6.501746039181661274e+00
-2.991553549562340208e+00
1.384504992212136187e+00
4.690492523330192398e+00
4.178617543048140703e+00
5.301780310690794806e+00
6.446657479940185453e+00
2.985820207495677892e+00
5.669090604352973628e+00
8.364733432020798887e+00
8.426708859009863772e-01
-5.526399033657355631e+00
-3.787177217101103111e+00
-2.690377219434708422e+00
6.838679850740447819e-02
3.089637721661347314e+00
1.812397176005816846e+00
1.594900840485024673e+00
-2.675881361571455841e+00
-1.747050364189662730e+01
-2.222501274640087132e+01
-1.807440567563889289e+01
-6.272002416501383237e+00
-4.492964410222747063e+00
-5.069774440062923659e+00
-5.474271894465322141e+00
-3.925037052153369732e+00
-2.063260434097799578e+00
3.907160406556674515e-01
1.762689296019590568e-01
1.256032260819822666e-01
1.471608874805661049e-01
2.232848659949699943e-01
-5.470168907797559044e-01
6.228275819360024057e-02
4.969513162198024858e-02
-1.576435115606348081e+00
-1.135931614550397928e+00
3.166117398378185399e-01
3.567810569681657551e-01
-1.026852505045812158e-01
2.414891055800080899e+00
1.352123477221650827e+00
1.590454811483952291e-01
-4.743710107812422194e-01
4.245844114522041579e-01
-6.804140945874026514e-02
-8.287945234953950635e-01
-2.050213785266883360e+00
-6.401944867852592536e-01
-3.230923768935398677e-01
2.517440261778287613e-01
-4.067007817209722376e-02
5.605582271054740939e-01
-1.034975532035167234e-01
8.308061199037843902e-01
1.215980105456448135e-01
9.635824612268617528e-02
2.701221539585156317e-01
1.289793444261462252e-01
-1.061263454055408340e-01
1.264209765573325872e-01
8.141388984523967309e-02
-5.328818949804339233e-01
-5.101122401932787348e-02
3.945538057300682772e-02
-8.353834625456721952e-01
1.799215641036421287e-01
4.412290876061664147e-02
2.297747573383156494e-01
-4.544329624508745002e-01
6.684063253967990059e-01
-2.500526472142416967e-01
4.079555207573666853e-01
3.838611458541428545e-02
2.084469943779826140e-01
-1.027104594330326137e-01
-1.133775338647204645e-01
-3.206013883421521271e-01
4.923981404623755109e-01
-6.273167450256409428e-01
7.710540840909854143e-01
-4.131900396248039398e-01
2.431030392769580051e-01
3.158907844205455229e-02
-2.095902653432017704e-01
6.741632239571801466e-02
9.797076453926806261e-02
1.113563679162655751e-01
-1.557077559958295609e-01
2.502350258547922923e-01
-1.297960268575659160e-01
-8.902701320901662552e-02
6.724616910886599408e-02
6.071540240240741459e-02
1.210056882204592621e-01
1.040105418230761747e-01
-7.503980436626817019e-01
2.953677969786395185e-01
-5.045189495169261074e-01
3.309403819854702666e-01
-7.214919935961917885e-02
1.318216180774099688e-01
5.273260279928174143e-02
-1.787928378244756644e-01
-1.690394250848821667e+00
-8.831329029248444762e-01
3.765216571684173452e-01
1.653943137566592503e+00
1.051235300968414998e+00
2.222875946102101374e-01
6.383895785324023020e-02
1.788390572417712931e-01
-4.285778817612634350e-01
1.720493460331955493e-01
-8.003312787340932655e-02
4.812475961806780278e-01
-4.923355131847159116e-01
1.053343145534613168e-01
-3.905351116834709368e-01
-1.262160985844176242e+00
-1.594615196794586520e-01
1.283418950147943161e-01
1.568130713160531542e-03
2.549072985328110219e-01
5.154857853499983378e-01
-1.970835307234626299e-01
4.829975815280780904e-01
-1.460253832955085818e+00
-2.508041954442449928e+00
5.995814924729128137e-01
1.840466789770434097e-01
7.558330539191615571e-02
1.722301591608777382e+00
5.580640651041623101e+00
9.822405377253407011e+00
8.075444208235960986e+00
1.175448736582901432e+01
1.271867911979599342e+01
1.020268457879685542e+01
1.304713381853199650e+01
1.105147760276540225e+01
4.926777372594457916e+00
5.942182338880627412e+00
2.121240533405341466e+00
7.756594383839683360e+00
7.832355546932447510e+00
2.984606098049823686e+00
-3.300390360611686447e+00
-1.080440908256713328e+01
-1.874775132790489351e+01
-3.215389235357752540e+01
-2.865955603899458382e+01
-1.048079091423787723e+01
-9.175182441705755920e-01
-8.281339407824805932e-01
-1.438138771001129967e+00
-4.923579420495908465e+00
-2.416387021792024914e+00
-2.298453480124584392e+00
-3.817477157784660236e+00
-2.063334335570020883e+00
9.256411740781800290e-02
-1.311630707523617545e+00
-2.002782824284887297e+00
4.546748919435650294e-02
-7.278702554373772671e-02
1.840650201089403026e+00
2.005562697491667379e+00
-4.542475345943053355e-02
9.241434295626831386e-01
-1.213300527868932832e+00
3.113489047809321342e+00
3.280425562401998452e+00
5.610245450511937015e-01
1.531858394589201033e+00
1.013553110700105453e+00
-1.060214744401744014e-01
-1.044720654939456095e-01
-1.727231307174306174e-01
-2.645029998405057370e-01
3.080632471867279509e-01
-5.572064664154272595e-01
-1.522191579875878720e+00
1.776449212099446839e-01
2.114711658351779100e+00
1.663465634857603348e+00
5.668437140694360110e-02
-5.232069502040072040e-01
-1.637555714925463535e-01
-7.110088964324835503e-01
5.069910535731028123e-01
-6.350560009276479123e-02
5.395578334703137191e-01
-4.321579932680020275e-01
-6.959091953311447032e-02
-6.064958341504534944e-01
2.244834590889945303e-01
-1.323686094189933549e+00
-1.859361801928469671e-01
8.828150866514556938e-01
1.711853298475398244e+00
4.513196904985751212e-01
-1.291057345404629242e-01
-7.400137176753900370e-01
-1.325800762950326561e+00
5.589663098309405331e-02
-1.624098787029738533e-01
-1.974667405039001400e+00
-1.581444907002541367e+00
1.734117530817842479e-01
1.038821414063431092e-01
4.321450312600969568e-01
2.435391880752999505e-01
-5.643682247000736396e-02
-2.402359673903764481e-01
1.724677509676371123e-01
-2.336188965288958919e-01
-1.258612164186874161e+00
-8.306570176307594977e-01
-5.883280986172749749e-01
-5.332029039912438151e-01
-9.082082890168798883e-01
1.479860366112024650e-01
-1.014410204058199483e+00
1.339243682064445551e+00
2.218158405579689685e+00
6.490329957938145711e-01
-3.728008897885741746e-01
-7.601074088289569985e-01
-2.824236105656785512e-01
5.543071987109184917e-01
1.769708309166677651e-01
-2.998420527696037396e-01
-1.035636692736387587e+00
7.963128443472662354e-01
-6.401311976253190039e-01
7.272401405037784983e-01
5.289377707629592251e-01
7.166206887858761476e-01
4.706348340182291423e-01
5.959888113707996204e-01
2.669875903985960974e-01
-3.812190299423541262e-01
-4.065277058155172263e-01
3.548498535531083853e-01
8.774021334276054240e-01
-6.143091924563788275e-01
3.327505426015202605e+00
5.629537626961987895e-01
3.598493966631109986e-01
-2.639364681812251590e+00
-2.032856862272161891e+00
-1.280396746493638993e+00
4.929787677482018182e-01
1.267370265466396972e+00
2.921542212613474909e-01
-2.770333927062090584e+00
1.317877020128682908e+00
2.519229636842295061e+00
2.448344209529453419e+00
1.262574609556594618e+00
-1.619226425572919403e-01
-1.359135234843165563e+00
-6.761082981169659334e-01
-7.313191739631519361e-03
-2.629054589505567252e-01
1.155742741306345245e+00
3.070325326177566705e+00
1.017020549303963239e+00
-1.256251174151226113e+00
-4.056521371059135461e+00
-1.370603146903583092e+00
3.246162321720187371e-01
4.368259619024785767e-01
6.297359526259049822e-01
3.372416890387899269e-01
-5.523084805018618759e-02
-1.517629249564945715e+00
-1.628153632418259278e+00
7.919628709795900612e-01
2.316556171574477574e-01
7.593872541947321864e-02
7.996186651977810200e-02
-3.097033913787437864e+00
-6.627360526257133344e-01
-5.268478989161806680e-01
2.583662204707557919e+00
1.970308272314040821e+00
-4.067916474659627468e-01
3.007903582613540294e-01
1.283725790205408224e+00
4.637848509829778365e-02
-1.443551984388409259e-01
-3.505861475120502391e+00
6.015013978152321528e-01
2.514634320127062672e-01
1.283405370044931271e+00
-5.755514499310239174e-01
-1.820619375766186820e+00
-2.730825039094231244e-02
5.838642484088403251e-01
7.382300258272720406e-01
-2.809126995189568099e-01
9.638421325642099191e-02
-3.427962192992248802e-01
-1.240993363734621546e+00
-4.912608181614759317e-01
-2.405244012335145953e-01
1.621652334453456135e-01
3.091706940183797325e+00
2.801110526444270832e+00
-3.318127596370906707e-02
-5.053619354001444020e-01
-7.429905069924646055e-01
-9.261520830148846084e-01
1.604846222733100625e-01
2.419559401379849817e+00
1.296001837892832853e+00
-1.176911852894461097e+00
-1.454115014198781530e+00
1.205313686219192215e+00
-4.686246463156601982e-01
-5.508088914135209624e-01
4.869578761750092966e-03
1.220097086868386027e+00
-6.554665609914975266e-02
-1.325144021121866800e+00
-1.804802436487530359e+00
1.145935558813593769e+00
-6.767727050506775477e-01
-6.212103786767011471e-01
-1.660360423616138448e-01
2.891661505159433876e+00
5.302340583923084161e-01
-1.032673608230096018e+00
3.530121080015568014e-01
2.600713205460257971e+00
1.959683719051965589e-01
-1.813873479466044270e+00
-1.374208310632417440e+00
-1.289348741680021782e+00
1.396100109584631488e+00
1.756753085791053604e+00
-2.688057488004133022e-01
5.875521376897402392e-01
-1.403764851080682607e+00
-1.544850192619938056e+00
-2.942166209768426466e-01
3.322843351062949591e-01
-3.242422502857238431e-01
3.214018375372049707e-01
2.050439159282528845e-01
7.088446432765909133e-01
4.199504609248762566e-01
-1.057236846179517853e+00
-9.365873897883483234e-01
1.505763663283282039e+00
3.787487540146099008e+00
1.534202457446975920e-01
-2.849638459370315680e+00
-1.425666610748135943e+00
7.687455972389822811e-02
6.012725430589949127e-02
2.006144221808774386e-01
4.628987160339559370e-02
-2.450662273121854140e-01
4.477399725232885652e-01
3.605686568035699757e-01
-9.692053066457981259e-02
-7.973375967526435959e-02
1.443628331440133805e-01
5.483370416186815755e-01
1.335678708933413450e+00
-3.051428768920612100e-01
-2.877708264636760216e-01
-7.644525537728674713e-01
3.821655699447411569e-01
2.969298894687566470e-01
-5.865094670102366514e-01
-1.164061297890288948e-01
3.673942364333754318e-01
-6.055937363048685684e-01
-8.819129272784517193e-01
1.575045966577418577e-01
3.531056464241351667e-01
5.467386909992443256e-01
1.110882151988036082e+00
-3.660005742721211819e-01
3.588047473496719375e-01
1.803262404224412752e-01
-6.724265958718766978e-01
2.286645796806341391e-02
9.693352372776201653e-01
2.201958527638259167e-01
-8.748961537891917217e-01
-2.641127263896489996e-01
2.118703042693421690e+00
1.460141502530398760e-01
-1.124544614066790293e+00
-5.971708361627354744e-01
3.261981957777452035e+00
1.644382731454820501e+00
-2.652396101063638767e-01
-1.207993443643892384e+00
1.244193491753462055e+00
-1.963838033942571393e+00
-3.567870494642920054e+00
-5.600572822704756426e+00
7.051587303811261975e-01
-2.219772659332317488e-01
-1.256775251489380629e+00
-1.162337922522933553e-01
1.889221078074094784e+00
4.626300130895968366e-01
-9.123176615821000368e-01
-7.094831044072567039e-01
2.310655235975882960e+00
1.151928095748990799e+00
-1.216796018553395697e+00
-1.049398197183839976e+00
2.275482498625541972e+00
1.829409214491840352e+00
9.701764551132253667e-01
-1.846212965520947158e+00
1.465636395239396705e+00
1.515070496887547247e-01
-2.054838273423425843e+00
-2.035611867244619511e+00
6.750401899152800311e-01
6.749442809005570254e-01
7.488759147248384984e-01
3.758871381642697740e-01
3.746788189033523508e+00
4.442937280944171619e+00
5.648544400032671220e+00
6.073190039142613017e+00
2.464629833931109459e+00
3.923940412303796421e+00
4.874761458662366209e+00
1.816230963155913258e+00
4.001860498823056389e+00
7.659551278457925605e+00
7.956992074023688133e+00
2.440444232479876518e+00
-2.740415285641475407e-01
-3.613533333027874050e-01
-6.682251996147883233e-01
-4.032357151276784180e-01
4.057443626777434531e+00
2.357493752963598865e+00
3.319132584213306814e+00
2.281427836319622315e+00
2.177392960415417633e+00
2.841806199945438038e-01
9.297710078240584153e-02
-4.239240338891086424e+00
-4.178797131063056725e+00
-4.796499912313258562e+00
-8.834542150284292461e+00
-3.125656763805721994e-01
-1.967699243774902129e+00
-1.742362296354343698e+00
-7.186918195676994969e+00
-1.082522626492321649e+01
1.851587716944557371e+00
7.603308096660370552e-01
-1.303414598072755837e+00
-2.650364843942558224e+00
-6.491153167082760689e+00
-3.886452701960333656e+00
-4.948343090199852412e+00
-4.934841046331684744e+00
-1.848328632263221305e+00
-2.950140988762656180e-01
1.070640276092791554e+00
8.267702645324053190e-01
1.096043518217904911e+00
1.623245981390520232e+00
-3.174982917992226206e-01
-3.280502748186511219e-01
-2.869897455375425732e+00
-1.708521413460879046e+00
1.265598198946244146e+00
2.719680080408122813e-01
1.365346141030214511e-01
1.853404314623566806e-01
-1.680023416471312814e+00
-1.166858772382664888e+00
8.569024754039886727e-01
1.734947983767953783e-01
7.932694477889056239e-01
1.002403044884302652e+00
1.055298552999410333e+00
1.776466122982183204e-01
-1.429492063598150065e-01
2.013792599659673943e-01
-1.490011643232480587e-01
-4.676577769838712317e-01
-1.441066429572468444e+00
-3.090008854252072612e-01
-2.492380761949223311e-01
7.593457950186476291e-01
-6.044080514533526349e-01
-3.810242046052159104e-01
-5.598584257559036104e-02
5.916349856102676164e-02
2.571874175090804737e-02
1.504772116668207094e-01
1.210026109599511734e+00
5.922940984349893689e-01
-4.245251964390308608e-01
7.340138203984902798e-02
1.952091143229765846e+00
-8.652308738525604781e-02
-1.918971067905326233e+00
-9.669217847832620727e-01
-2.410242384818698791e-01
-2.196004984647293989e-01
4.777364342447070200e-01
1.119762103675228770e+00
3.251316802877024514e-02
6.924242827745807904e-02
-5.276502749499667466e-01
-4.834645078376941241e-01
-4.590864976403629116e-01
3.420677599747803388e-01
1.393055113074658513e-01
-4.605546413656924631e-02
-2.427011172533217465e-01
-3.854826440724051229e-01
1.534233827196658240e+00
2.888299456511542296e+00
2.237657755043567231e+00
3.546155937524835267e+00
4.372336978734109536e+00
6.209635448820913339e+00
3.302812269586855365e+00
5.295424353781712057e+00
6.340903535769779609e+00
7.757404811579704074e+00
7.003202997080187231e+00
3.994087450575761977e+00
7.487892204816510855e+00
2.400580361530188611e+00
8.009676538790415634e-01
4.973998657330014339e+00
1.775188383809975790e+00
1.666497155961209842e+00
1.727334308009730535e+00
-1.808291909006541687e+00
-3.487268411389877087e+00
-4.540352062373500530e+00
-3.546801453471537968e+00
-1.208176984302320278e+01
-4.186695356065825990e+00
1.438846917640326240e+00
8.703845180355003208e-01
-6.821068330178192696e-01
-4.527197233484969274e+00
-5.045820414917180585e+00
-3.824225817222313140e+00
-8.380581520409450036e+00
-5.331041026443475772e+00
-4.152150065763565934e+00
-2.206235970497303356e+00
-9.019178362697399365e+00
-7.341433950112057794e+00
1.050266812958975837e+00
1.653092481173445982e-01
2.194475981265905151e+00
5.279416129060259671e-02
-7.868856722642999513e-01
-7.884426273988504041e-01
-8.342749804778959444e-02
1.039632512422143495e+00
1.633618754681802177e+00
3.155181142158620666e-01
-5.188129484011816395e-02
-2.970233071542216496e-01
-3.702568463699651424e-02
3.167995889990327107e-02
-2.624007707401847522e-01
8.535439820282031409e-02
-2.859665657964916008e-03
-1.505660474325817066e+00
-2.050773991112976313e-01
-1.039228450301862505e+00
-6.189161260744036053e-01
9.282125334556132756e-01
2.989732238700548717e-01
1.631530114186539038e-01
2.521620495399297113e-01
6.713547102292216628e-02
2.683860593015455764e-01
2.390981077060342908e-01
1.197561969355770417e-02
6.638849833910639986e-02
9.494097568149384436e-02
-7.659067509599715162e-04
-2.674756031671822187e-01
3.487839097459043969e-01
1.021808873255189432e-01
-2.661693349721576674e-01
2.160535431282888386e-01
-1.256490398231833311e-02
-2.372077053219876289e-02
6.059155894540097474e-04
-6.058829094291850320e-04
-7.153337147634908702e-04
7.489519772564644240e-04
-1.251453624418103969e-02
-5.386652607421386213e-04
5.723959540070589630e-04
-5.722674091107778083e-04
-4.208003378489144630e-05
-2.844956927632728491e-03
