1.097467304609390897e-02
2.601620813038606293e-03
1.753873407038446762e-03
1.030411995279785411e-03
2.283907425827725896e-03
2.318048221181371465e-03
2.989631571569160463e-03
3.503943413345925444e-03
8.933355891245325616e-04
9.279122708639178044e-04
4.314514094589926366e-03
8.148272564388279191e-04
2.242022676973146576e-03
6.431506489130604971e-03
3.844236068178995876e-03
1.973750988408029278e-03
9.082488211459455738e-04
2.326866876862007400e-03
1.169404066445772685e-03
3.619739159032219974e-04
5.350254051239338761e-03
6.019394396063904723e-03
4.516306826429618629e-03
2.348035086436441119e-04
2.514703056088537104e-03
2.710717294378213720e-03
7.171182281492485041e-04
4.191982727957455405e-04
1.775007917488638553e-03
6.811984913391315802e-03
3.251638403138878454e-03
8.227971978996882416e-03
2.714324744889468847e-03
4.107028200466332317e-03
4.518520768744406502e-03
1.902657090824616147e-03
1.057712187916991795e-03
1.086769481884776456e-03
5.812894147723984177e-04
9.941257828689684800e-03
9.242482457837021548e-03
2.745699110506476682e-03
8.405280372400244322e-04
1.501148151326794954e-03
6.871962982504067376e-04
1.126804243418137340e-03
1.186515059308362874e-03
1.285174092358890366e-02
1.321246901370531045e-03
2.444711338519348423e-03
2.598658153633002371e-03
3.260552620052725205e-03
1.676566479166977574e-03
3.111330637144651100e-03
5.233346593170454426e-03
9.257638612951913564e-05
6.886229864944525946e-04
3.460545752402795217e-03
7.623634981137163494e-04
2.562535728116020067e-03
1.734008425330716167e-03
6.620072164054420505e-03
3.281940199456349558e-03
6.019492253846346272e-04
9.305243552528929228e-04
4.192849303016200034e-03
4.578978053605619984e-03
1.560649558625809780e-03
2.347978944955556643e-03
3.432661517158841404e-03
3.290404138478403902e-03
4.437768430683829016e-04
9.451525092995431351e-03
4.163022069460236771e-03
1.160399516711023470e-03
6.280915427225928008e-03
1.197507073646495585e-03
1.863712998055112630e-04
1.751538972784449097e-03
4.742068206417390450e-03
2.255600470290981905e-03
1.521550773103202102e-04
1.024644767969961397e-03
2.340215092254560852e-03
6.070764546109374497e-04
2.919364545217606119e-03
3.532686265054429953e-03
9.653999630035782790e-04
1.374479806173350797e-02
2.028019004870239891e-03
1.724237949594770159e-04
4.553102721976370892e-03
2.880872849543008457e-03
4.324454867692407653e-03
5.222025204342332048e-03
1.630191657157183886e-04
4.902262954805859489e-03
6.627734965428728857e-03
5.941181938806104276e-03
5.286339397413567474e-03
4.780222177038907609e-03
1.335034875352117531e-03
2.109404131034401915e-04
1.546419168126318688e-03
1.484088885967752448e-03
4.226653970591198912e-03
1.478793771585745114e-03
7.281149278184084490e-04
2.719147485029447045e-03
4.830647944855280367e-03
3.110967100049258013e-04
2.927347606138851633e-03
5.418858280384209044e-04
3.023546366994605064e-03
7.388742935272529788e-03
1.814565636157008770e-03
4.622310520442935410e-03
4.813250638218067624e-03
1.602464448620941398e-04
9.797132632879337541e-03
1.576050042693677650e-03
3.351347915456561865e-03
4.430677256460910179e-04
1.346515914597080097e-03
2.477316191841500391e-03
1.034201734200055787e-03
3.384755401271253347e-03
2.261103634893038030e-04
1.256848962991860162e-03
8.128734202604133647e-04
6.297939616983458909e-03
1.905772043833019918e-03
9.023496993297493727e-04
1.998105605044477213e-03
1.794305172982351565e-02
2.516012597921387511e-03
3.326833034967095884e-05
3.290644301190258619e-03
1.397660700243440537e-02
6.504533028527458884e-03
4.153088828014773158e-03
4.490195163692938321e-03
3.858810733287968385e-03
7.644875199779198804e-04
5.909924058831794247e-04
2.382371187032348691e-03
1.176481131604971333e-03
2.285174449535905521e-03
7.662922424884778799e-04
5.313713468369206123e-04
2.106315191810405330e-03
1.247593731929396181e-03
4.521004310700468300e-03
1.472231759908095277e-03
5.830741428116807158e-03
3.158095290423989306e-04
4.790015909532483948e-03
2.776918803841104972e-03
7.296212338389945675e-04
2.208515644271587339e-03
2.402332870056701677e-04
5.614303789924320574e-03
6.119725466755629277e-03
1.556528445859185891e-03
4.694364586050870508e-03
6.839313136409782418e-03
1.573230777410470531e-03
9.947257148115243308e-03
1.350065042954649505e-03
1.694504810019758188e-03
5.059675088384883203e-03
2.429920180510367848e-03
6.237167802315033913e-03
2.449729472555122519e-03
8.336701062692141589e-03
2.863441830059403580e-03
9.644262501282268099e-03
2.490023688095197745e-04
2.962164169223800974e-03
4.171798856665552839e-04
1.973947965098229399e-03
9.514125905427509890e-04
2.001316289425337375e-03
4.157003221499166274e-04
6.240333445716522915e-05
2.639375284414660888e-03
2.894020069493934448e-04
3.344859170588868925e-03
5.413110528237934788e-03
7.566435654024071707e-04
2.069872539914818094e-03
7.882579293917347943e-04
4.108151135505985763e-03
3.428911339593330217e-03
2.013106673407393833e-03
3.270800771829835644e-03
9.295091053676375961e-03
1.486170917654246410e-03
4.079606704275175015e-03
2.228757483124940708e-03
6.188926653195590474e-03
2.033998799541027538e-03
4.673692627425166633e-03
1.022118454701247792e-04
6.841308968231482775e-03
3.431739488276341291e-03
2.556745421444213320e-03
9.532851367990938674e-04
1.503557706680085267e-02
1.778513568801485091e-03
1.051206452436734620e-03
1.336696274230294440e-02
5.712774766186598865e-03
6.697531939463681168e-04
1.484102366792649716e-02
3.455777154105305494e-03
6.322542531295007560e-03
5.530542803385420092e-03
4.150567187810681909e-03
3.947936796322956449e-04
2.845056250443621371e-02
2.133037867472568558e-03
4.134530674362683726e-03
8.873795278381016449e-03
1.706558332256766577e-02
8.694148555503319192e-03
1.891414343591841564e-04
1.961146662965286384e-03
8.273729928386600735e-03
4.387466149469424273e-03
9.144354007570387396e-03
2.994808406657346422e-04
3.508664505510123224e-03
2.055217248440799425e-03
7.227557518182921824e-03
1.012846501013820767e-02
7.802475728726616065e-04
3.072607121111545041e-03
1.119951230215828972e-02
2.219066973282021824e-03
1.142280027205436546e-02
5.924776703362141621e-03
7.577813196175979191e-03
5.133947703582210538e-03
1.100995546203436745e-02
8.018416113269569503e-03
1.589382184853549082e-02
1.924875569215764998e-02
7.898677227204504991e-03
1.547774194016060013e-02
4.539555049829683371e-04
4.088982168565470296e-03
7.532726383313360224e-03
6.573985605197492019e-03
5.061706591589125795e-04
3.106996704068058519e-03
4.962778006622954943e-03
4.328705067317810580e-03
5.694202583909447474e-03
3.408497656772273635e-03
2.050330460142695595e-03
2.184430479312295375e-03
1.588977352218044065e-02
5.321213329662807454e-03
3.768430682461184483e-03
1.464789518123683475e-03
5.673718313001344798e-03
4.050240737406291393e-04
7.984701506933567904e-04
7.720539133131874669e-03
2.127658640866845335e-02
1.876457107760267284e-03
6.059157591868364993e-03
1.238845955029930362e-02
7.243307698196362748e-03
3.259998476207677520e-03
2.520173622972635835e-03
6.594185115920062415e-03
5.407879951300835833e-03
1.632821702547243917e-02
1.469582250623774865e-02
2.742232897135261742e-03
8.337033942453766708e-03
2.412487652719182488e-02
9.814430320217554585e-03
3.263324734322662311e-03
1.227959197910495756e-03
8.208758917370925778e-04
8.578016868225708715e-04
3.945801472892201608e-03
2.029192233484003113e-02
3.656427081166579822e-04
1.916394487054906906e-03
9.528049616745432960e-04
2.154658546784249818e-04
6.293508732693669041e-05
4.553082972149011427e-03
5.231387899321779042e-03
1.367285889799468857e-02
1.987067430190306901e-03
5.834071263389643998e-03
6.396609049316830282e-03
1.450127194134521666e-02
8.625025111591277374e-04
7.947084148677006563e-03
9.577736715589404894e-04
3.427386877322389364e-03
3.580572466632646333e-03
6.269227541639326752e-03
1.542920061548037642e-03
6.428924847593831850e-04
4.487220894092816049e-04
7.672303787973701371e-04
2.128672982073095445e-03
1.728461615772568282e-04
7.901502221481097920e-05
3.366579366102977547e-03
5.572661294552841123e-04
5.838373131636391891e-03
1.103872741114772689e-02
2.350039539278086544e-03
3.809768853221861488e-03
1.168199935803695792e-02
1.820635539745902622e-03
5.057744649192092747e-03
2.249719059427955029e-03
2.219561252197002534e-03
2.112731893012648274e-03
6.730135037754349930e-03
1.904030341243989361e-03
3.385259292180928595e-03
2.421433668251082687e-03
3.477857320525494164e-03
9.166638567113269496e-04
1.443163185229021485e-03
3.968555274325233882e-03
3.954619911361988843e-03
2.936487790478909538e-03
3.822419660234323020e-03
1.642852430357317475e-03
3.593129658396674447e-03
3.661813068869257393e-03
3.764293260375691647e-03
2.454173996193498818e-03
1.167075934292821290e-02
5.033239137851915762e-03
4.008719631353533687e-03
6.595851036389644567e-04
1.467420676322501137e-03
7.288380381894519165e-03
1.470341551888154326e-03
3.901270853227184303e-03
2.921073890388601983e-03
1.701303372335502421e-03
3.759363599357783831e-03
1.900709852133848068e-03
1.202987064403690260e-03
1.545379584924271715e-03
4.221394440941141080e-03
1.275782771530332938e-03
1.713914690339623115e-03
1.740242657901960692e-03
5.087162643606761174e-05
6.174722452238444285e-03
3.128064146083233462e-03
2.040780654224294208e-02
3.803087467650923762e-03
4.605237788532542953e-03
1.996304243021414931e-02
8.779305501079442964e-03
1.843177016876446301e-03
1.833766247235158950e-02
1.146157679622395072e-02
2.175010417035808021e-03
4.377697641617369316e-03
7.272490973206341414e-03
5.631089832618211936e-03
1.506871041042307261e-03
3.111181127158199090e-03
3.492319021687883066e-03
1.383866195091984540e-03
4.147961816642014785e-03
5.733046617989335375e-04
4.063107627273671203e-03
4.213612946410538740e-03
1.952210964822627837e-03
3.016047694111861303e-03
2.174419078705693356e-03
4.667418331943307477e-03
4.512157586242025557e-03
3.353279254293078482e-04
1.918036862929923831e-03
4.635185089734368590e-04
3.106986428819279080e-03
7.179640902517035218e-03
9.194916456759129678e-03
1.360152697961482769e-03
3.699267488559170123e-03
4.287677456912928898e-05
9.254893145941414699e-04
1.348820178790032616e-03
7.252846813898025224e-04
8.846494741114826511e-04
4.531690787770513537e-04
1.386388669784628701e-03
2.754339401441018411e-04
7.369261044876381037e-04
7.444653678535634279e-05
1.915691105742235896e-03
2.462544638549105623e-03
6.210145345059490778e-04
2.865723432435347655e-03
1.384554689387652729e-03
1.038224250924792147e-03
4.666538098527308080e-04
7.234822904648787216e-04
8.038898562714096941e-04
1.940502458935600171e-04
1.628382822401640761e-04
4.745534918856154720e-04
8.491355576981735520e-04
1.362745142322645264e-03
2.167172275705239650e-03
3.443974698578307868e-04
1.089498464654089588e-04
3.785418316794792793e-04
2.297507468961104715e-04
1.137737868340920998e-04
3.007996264378500840e-04
9.810450344957582971e-04
7.350707555118702902e-04
4.606715743496839557e-03
1.000347529435875087e-03
1.555259973483351897e-03
9.447919467208402327e-04
4.263780529339859272e-03
2.694576995611651024e-03
3.973223027812545246e-04
4.079762322829217909e-04
4.257187876291370471e-04
6.463563113725085633e-04
8.543376997275910168e-05
1.163864842132935999e-03
9.306866140412193601e-04
1.932365927999215357e-03
4.732941964360596644e-03
9.057206361074932261e-04
3.075016537201041541e-04
2.571325938429727654e-04
2.020776851110095765e-03
4.842879233854685854e-04
1.891330511705227276e-04
1.277334335380526063e-03
3.763573849989354709e-04
2.913619468249902824e-04
4.474209243593575257e-04
4.825722420416882902e-03
2.010501033814311202e-03
3.057262282944890326e-04
8.230899329299357168e-04
1.179619523464006919e-04
1.944738874805752957e-04
5.326967658635361471e-04
9.793596628165466157e-04
4.951039083129029662e-04
7.675911680237160108e-04
9.650230279493045120e-04
5.388597617665289753e-03
2.320307311305073051e-03
2.012729135882595968e-03
8.466779335650310295e-03
2.697138873687649971e-03
3.082257935708455085e-04
2.942348517609240420e-04
4.354242119982570242e-03
3.344146801314109890e-04
5.499841708348313053e-04
3.497193531810052596e-03
3.669956496848688970e-04
3.042630546307869763e-03
1.840324165466912260e-04
1.433691179158319649e-03
7.890466979973457477e-04
1.793548914206498325e-03
2.157381257632284745e-03
3.836751018616667459e-03
2.270607098815175234e-03
6.584444698227498232e-04
3.192394110406665021e-03
1.322606573390787150e-03
1.187031999754676465e-03
3.899656306376706491e-04
2.851793228297117792e-03
4.003246664919191122e-03
5.135567493907333605e-04
6.045165673983392881e-04
4.630533900403929412e-03
9.192559593954848299e-03
9.544783146547230991e-04
2.806949717451327937e-03
1.116796934153928885e-03
2.451673229365360605e-03
7.793084963190940453e-04
2.181913741920668733e-03
4.347391729281046831e-04
3.374573252018913620e-03
3.111170701289988662e-03
6.615716582442776952e-03
2.601343563366143117e-03
5.119833013200559635e-04
4.296975973030890857e-03
3.072578676827579947e-03
6.642036762914985343e-04
1.018427140560573298e-02
2.507455137753508267e-03
1.313412484065901533e-04
4.792281693973144373e-03
1.723360163249809240e-03
6.303211801905585308e-04
9.636991917533335250e-04
1.277794166616546146e-03
2.197824843790669412e-03
8.408574409857166691e-04
6.208951245288443083e-03
1.506394352713547394e-02
3.109268032957461948e-03
4.530511133305300912e-03
1.810404727125438859e-02
3.788300925066108438e-03
1.829384799646083248e-02
7.953050693806305296e-04
4.371201774836530780e-03
4.470216663820049440e-04
1.557449487702162495e-02
3.886235451873206858e-03
1.471817112237017037e-03
3.385291970138889703e-03
2.820889596967643756e-03
1.668330453645509859e-02
4.465171224319007363e-03
8.665799094793454407e-03
8.438294708586295805e-04
4.144789653437658435e-03
2.632432629038083428e-04
6.119128398918013793e-03
8.267755799472428693e-04
1.654306422628922446e-03
4.871358598804820944e-03
6.536517038741229343e-03
2.648700884859338071e-03
3.031190066621790996e-03
9.538345530080826612e-04
6.059500579305291453e-04
8.543625782280047168e-03
4.250814691432717074e-04
1.233478218886780754e-03
3.855193736591346759e-03
2.871432341046106871e-03
4.155188587601150660e-03
2.738960360490591724e-03
4.241542042373899583e-03
1.215036829543039579e-03
2.101850481968103065e-04
1.360497309910141828e-03
2.762334402374826137e-03
5.727926697527623923e-04
1.473148723835474060e-03
7.623261124770202299e-04
4.823749001672037948e-03
5.747357399447969306e-03
6.178412805298786736e-04
1.104862602277691553e-03
4.539187433633232703e-03
5.244167044575766788e-03
3.397660777412530014e-03
7.026581812815611318e-03
9.425783347902657282e-04
4.754481934313378906e-03
3.434471826923758773e-03
8.621748221944094005e-04
4.408670760705598506e-04
5.145705151923663304e-03
5.639812527170637128e-03
6.164535104719739782e-05
1.022095887964586346e-04
5.578919809078725783e-03
5.874972812740042807e-04
3.876292594730741149e-03
1.818123209164747365e-04
5.509841313883736408e-03
9.311134962582051167e-04
4.198960198631882489e-03
7.040556460152824596e-03
3.255117792815786625e-03
9.373469563128374385e-03
3.379743841945599334e-03
7.828811041816962843e-03
3.167687217535261265e-03
7.398725452774116036e-03
4.360690380944266982e-03
1.378214412399487825e-03
1.178241781759061663e-02
4.243579614273031674e-03
2.741008313491099906e-03
1.530582651374720778e-02
1.204439825566117062e-02
9.770613000092173706e-03
2.961582549876809814e-03
2.897223743398652518e-03
9.429254010655885657e-03
2.584472871496043545e-02
8.518297422589702142e-03
1.867146743237867168e-02
1.116030831055311867e-02
1.952120490156164859e-02
1.575504363510487130e-02
1.052108762379954515e-02
5.347731564175876688e-03
1.319787433141437517e-02
3.121618443442551391e-03
3.187041958454209928e-03
2.737204887769908827e-03
1.031528326743839322e-03
9.644882220476128261e-04
1.015034869471382078e-05
6.194482537499391636e-03
3.973337861350714404e-05
5.799050145915020556e-03
8.962678886363862263e-04
2.617299114878629193e-03
2.044116345232260216e-03
3.215013474110059661e-04
2.921920932344424914e-03
3.983226448400881180e-04
1.916630827948545557e-03
8.020535953919698952e-03
1.573565048641814177e-03
4.591996425663762258e-04
2.242716398714944808e-03
2.930550369629060948e-03
1.822137751611886810e-03
6.683715599410403269e-04
3.226376456432319875e-03
2.221785936546542568e-03
5.378466230700111941e-03
9.673415815219942211e-04
1.366470988194103424e-03
5.879522393419935392e-03
3.268166655533126779e-03
1.905677425978907682e-03
1.921172618959807741e-03
9.320911410981835019e-05
1.257472428826093488e-03
2.329088808662042268e-03
8.422955908247325204e-04
6.457102629130825715e-03
2.669470887003280463e-03
1.591605235125031050e-03
9.610246074555207733e-04
1.379821285497150702e-03
5.123677226844007213e-04
4.140915436075118944e-03
1.083577080163075027e-03
1.633226872241027661e-03
2.217916282460431245e-03
1.263675139434181994e-03
1.343912996093458859e-03
3.358738005582887019e-03
5.939726754485628694e-04
1.727662185323817741e-03
2.965896942816959037e-03
2.347472433811640009e-03
2.087512817730795105e-03
1.748069670750936749e-02
2.324984144624057947e-02
3.846280596074490646e-03
8.912577120140808412e-04
3.063193802457023652e-03
2.321491807053602946e-03
3.315698049781675046e-03
3.987614517506178971e-03
8.552335135734953978e-03
5.557751630582316062e-03
1.728456620831925325e-03
3.082848405165233407e-03
5.369686299573153861e-03
6.282332906174613492e-03
4.671762544016874069e-04
1.166924742151998016e-03
1.739006634070642057e-02
6.846182515552619828e-04
1.847438535613367535e-03
9.066171819565767287e-04
2.945891383329541681e-03
1.038035478943231081e-03
4.176367712179415541e-03
2.609689988592451496e-03
1.447702474111650910e-03
1.582588575601129918e-03
1.008007642677244756e-03
3.294957360960062889e-03
3.148386489467878968e-03
8.716102155261675356e-04
2.168235499093618991e-03
3.446439985518412030e-03
1.956523627776225478e-04
1.881680690168978333e-04
4.596644337765079134e-04
2.519965971336646411e-03
2.890766881247723574e-03
5.956057333765875025e-03
1.123090344647404999e-03
4.263902257587862468e-03
2.378826343016880208e-03
5.123745943351980378e-04
1.004515802684637603e-03
6.112772461806353398e-03
7.695984644583073447e-04
2.761444869007270275e-03
4.317070129620893121e-03
1.469495257631320793e-02
6.207808391717487863e-03
1.396374507997722152e-03
1.216469855224337499e-03
9.895576625699336638e-04
1.122644826553388268e-04
5.919368941540604102e-04
2.873784012278059099e-03
2.207691807617564745e-03
7.158584997138164527e-03
5.663903410013042912e-04
1.905278727946774957e-03
9.816146457893425853e-04
7.704097271848671206e-03
1.976718518946693481e-03
1.482145965029270721e-03
4.523735462741641962e-03
2.933880501135634113e-03
1.734234520778882641e-02
2.605745491204625500e-04
1.212151339806375946e-02
5.549108708608176121e-02
4.518021981834976705e-03
3.065901967995448077e-02
1.385150612582469049e-02
8.487633791977784725e-02
4.820025964413380409e-02
1.299649120092987581e-02
7.461225845524689648e-02
1.807132292941011562e-02
5.873507543209607884e-02
1.059827699288837938e-02
2.348736140427789068e-02
2.196367867263759877e-02
2.220337882529474158e-03
1.103751595918450040e-03
1.555847808568728641e-03
3.370521441669175212e-03
1.499691741855211204e-03
1.975277942721845141e-03
1.395384765582715660e-03
6.065180050055519502e-03
1.646099498419522061e-03
9.427778792622705257e-04
9.907463935951280921e-05
7.212654704526638184e-04
2.250508680450028810e-03
6.331680024175587000e-03
1.958021499252407972e-03
8.589338113124228916e-03
1.572335860073067462e-03
4.612435003989705067e-03
3.954713769146894070e-03
1.691717959991442593e-03
2.369442853854932321e-03
1.467125407920161955e-03
1.501794406334355444e-02
3.995407606547272776e-03
4.347881970259182514e-03
2.566813097593153865e-03
7.297265349677762268e-04
7.349530649046372155e-04
2.874902572847382737e-03
4.044640498378614807e-03
2.109313648884521015e-03
6.398499478158648076e-04
5.141787055707623504e-03
5.614990267017151704e-03
5.365392738479402707e-03
1.486812570659810971e-03
4.942923000855956039e-03
3.924837206574779448e-03
2.445354248261743038e-03
5.877898248587796505e-03
5.102758583905948539e-04
1.624600153685239363e-03
8.382406073322161075e-03
9.597781009696261046e-04
3.025787204521612588e-03
9.000503835567054758e-03
8.134324902032766258e-03
8.354646975894551228e-03
3.315039539978390328e-04
1.374585137471707498e-02
4.723185741911317074e-04
5.259803013407275468e-04
8.649240076958580881e-03
1.435814618495101372e-03
2.593456325668526928e-03
1.954299066885312013e-03
6.266693874697706890e-03
1.402124767447247497e-03
1.791935595579189624e-03
3.027719366700634598e-03
8.171561484610543030e-04
2.863295301067897793e-04
1.661425562272343497e-03
2.813996316272383315e-03
3.707253107634506106e-03
1.208318023032651373e-02
1.094600403775556653e-03
8.328910182811196869e-03
6.024510542673250368e-03
4.312363678546937869e-03
5.712413316830955955e-03
4.869826030564531651e-03
3.338811310905479435e-03
1.177200458165955036e-03
2.664945831295673084e-03
9.765338050033763734e-03
6.344181752323247055e-03
6.226111169530765613e-03
6.359831972382032350e-03
4.246047426067363004e-03
3.320058595398165963e-03
2.097470550554004446e-03
1.694659199763675836e-02
3.347949112147407483e-03
3.760995522432909917e-03
6.142894732103511800e-03
7.277263107396575101e-03
5.309509339512812412e-03
2.058349983828205651e-03
8.268311391080086260e-04
1.036287739146134158e-03
1.210748114825466615e-03
9.475158554454403415e-03
6.403622999842793068e-03
7.902346392843354397e-03
1.901621012823201525e-03
8.750880653012084454e-03
4.749853380883507954e-03
9.966915403965959444e-03
2.226631506177430275e-02
5.511022580840177140e-03
2.623035703170043670e-02
3.044700794238494861e-03
7.213621678807265528e-03
1.613929521007056783e-03
7.919870666317857522e-03
1.603921570946566840e-03
9.224877334070584814e-03
8.861516261298873001e-03
1.759663356523216704e-02
2.555085755258399132e-03
3.307048707474516836e-03
8.944649327129858621e-03
5.007175434133205073e-03
6.892797409491842765e-04
6.849778100335968643e-03
8.099604882106753142e-05
1.663288322134449286e-03
1.296714149603060869e-03
5.706209127114151083e-03
1.173096137990966979e-04
5.982618433754090031e-04
1.848232695494378061e-02
2.196734470485908145e-03
7.584864312563509119e-03
1.048997668069536794e-02
5.105773292706794649e-03
8.221277352137930719e-03
9.314574851344775003e-03
1.012382925323585502e-02
7.862590174574447810e-03
5.926922457996009440e-03
3.988664389633828945e-03
1.876268717993745134e-03
4.588988914284255517e-03
3.837761808492818998e-03
1.821108035606509856e-02
3.878498114103652496e-03
8.543878137458429164e-04
1.988344258269775754e-03
3.737673421342427586e-04
8.362584897030849286e-04
2.307008657923625018e-03
1.506809249320343290e-02
2.331760716941821444e-03
2.473304436498926367e-03
6.210833467743206819e-03
8.635826883386909722e-03
7.058849602819924039e-03
3.857625582528823949e-04
4.559320384468224245e-04
3.828184846588254461e-03
1.573284298338566405e-03
1.621036695570867575e-03
3.197300750587414846e-03
1.712774596913956004e-03
5.054020946276289311e-04
5.598937116812352337e-03
5.909672689346541150e-03
3.378350844918442519e-03
1.469448157721641238e-03
4.549779415385230875e-03
2.010068254645375370e-03
2.174895558646258199e-03
1.510892880240015217e-03
2.364404782317765328e-03
9.813029654931781139e-04
1.249415518503479983e-03
6.605243016577474861e-03
2.020334036168378229e-04
4.815103174418495537e-03
4.332326795767613321e-03
9.333854126149536065e-04
3.368612635487543659e-03
1.568951749605086016e-02
2.805089099921363044e-03
4.831517285462294878e-03
7.732080345167503636e-03
6.110220707096402672e-03
1.494823852479082275e-03
3.326699603551294682e-03
3.390951502078054600e-03
1.083565640362540994e-02
6.575439555129976472e-03
6.259885527285009464e-04
3.841446944822941335e-03
1.015100665361419810e-02
1.431887682269325415e-03
2.442517984178456131e-03
6.670332330556113902e-03
5.178049957715477288e-05
3.153528942297514816e-03
5.647684143005309888e-03
1.730637434076795706e-03
9.046781849081241347e-03
3.075765856795931782e-03
5.321906716281439272e-04
1.559964195090300307e-02
3.410392790819206064e-03
2.919495174141285843e-04
1.190371540360405338e-04
6.982822833777551199e-04
8.745681395870010758e-04
5.055941123034633257e-03
4.762065863255444780e-03
7.387769063490305654e-04
1.241512048772162912e-03
4.246606709085054554e-03
8.698108296263521930e-03
3.435446828754855093e-03
3.966867213808010148e-03
1.149883903672604176e-03
1.132304213341616371e-02
2.668615234454730853e-03
1.868160299365067461e-03
3.715659217498397827e-04
4.336921061088017983e-03
5.695481089741901044e-03
1.645792844885445114e-03
3.518250708907955885e-03
4.051626994236988757e-03
1.315001975139004371e-03
8.910605086326748745e-04
1.779960121381133579e-03
3.119881439374771505e-03
1.413023480950551490e-02
5.524782362595377985e-03
1.629763110333123282e-03
8.397456214904139597e-04
1.116035265566809242e-03
9.173124649127180341e-03
2.941437254209582400e-04
1.385489164966820968e-03
1.758349526262053012e-03
8.209816086884980752e-04
4.255749559118199299e-04
6.831991313539293419e-03
2.236288591581973417e-03
8.510094566656254637e-04
3.458128164442833899e-03
3.429434902878029587e-03
2.518996530440936743e-03
4.865283715730302910e-03
1.402103127332916289e-02
4.434208856428488270e-03
1.937621180949792524e-03
7.472002053777272506e-05
5.889940463505880137e-03
9.657829575777331619e-05
1.421925700631627900e-03
3.193903081703133515e-03
3.631368518115821132e-04
2.426307006773621537e-03
5.824106664708022900e-03
4.198148998573556813e-03
1.592957641661471666e-03
6.797572574117308371e-03
1.288905433575354004e-02
2.181847196383465692e-03
8.157563113580094602e-03
1.642312161399958614e-02
1.160392882641913224e-02
1.094439800469037410e-02
5.157745549770450556e-03
1.308101637492993389e-03
1.259690625156741420e-03
4.211694826430628126e-03
1.192390830714393094e-03
1.120848674639749474e-03
5.953211552962433574e-03
4.837028108982373634e-03
2.816257534864785670e-03
9.722044294385244045e-04
4.882069548505899720e-03
1.023397335314397277e-02
1.124471249362271434e-03
1.151878044038919489e-03
4.094312506702908055e-03
7.564303207720029197e-03
6.561819432132973270e-04
1.493068187033535534e-03
5.817083145528183707e-04
2.208497167768110406e-03
2.977119412881591622e-03
3.609156998039039083e-03
2.800786394035235417e-03
1.959890648499856836e-03
8.171944807733189792e-04
2.672799679497209376e-03
1.187749914936717284e-02
9.022102753837618790e-04
3.366910171028258264e-03
1.138523738299697559e-02
4.003636239178202938e-03
1.621677003760704392e-03
1.292566134128011416e-03
1.516976624647130983e-02
1.723581785998382987e-03
1.482680353057328707e-03
7.476986254489200682e-04
1.457605246461881644e-02
3.335895303933988833e-03
1.791388572350141118e-03
6.132955646404612826e-03
3.851038293822525715e-02
2.407916261066198570e-03
1.126578150596067515e-02
1.264036071113210785e-02
3.475814682347581029e-03
9.392739961400661114e-03
6.084226267110112545e-03
1.614091364697799874e-02
6.398079300094884798e-03
2.082581541335536135e-02
8.397813198811493809e-03
6.977581172644120415e-03
1.071224847000327995e-02
6.127649638673254677e-03
1.987675780031586750e-02
7.237963099687147461e-03
2.030222800066248598e-02
2.189567963574700401e-03
5.380308996208597698e-03
1.554970958483897422e-03
5.066443786108802520e-03
7.882594697237152491e-04
3.253361307787753370e-03
5.902586924596266930e-05
5.517185635334778899e-04
1.741307292171672804e-03
6.353803967202966470e-04
3.647515373992080839e-03
6.822870155616955496e-04
8.566350415468746782e-04
6.288624373912139569e-03
3.393700624113530316e-03
3.132457591158667107e-04
2.825465042881213865e-03
6.792542306239177617e-04
1.210296179248272937e-03
5.689239149536791601e-04
1.135656513012300254e-03
2.324516942582541094e-03
5.770853274353955620e-03
3.171236622471497978e-03
3.794629044100421983e-04
3.199161119908034302e-03
4.039725424634289948e-04
1.554757685484602818e-03
4.571847520762179992e-04
3.346613204664853117e-04
2.237190949452672745e-03
4.883976898486423225e-03
1.240400927802466592e-03
3.209553541315838480e-03
2.861651338024119215e-04
1.548850116212054139e-03
1.129388495520328379e-03
4.968308481471777650e-03
4.939578657611229384e-03
1.069826667905831972e-04
1.233578481505278939e-03
8.723017025620157482e-04
1.492674833755878614e-03
4.333278421569545201e-03
1.061771642758931999e-03
1.845343968303252624e-03
2.007365628970668458e-04
3.870811956353851732e-04
1.174408354843160807e-02
8.058555222591105502e-03
7.495322230184347937e-04
5.362116172760281012e-03
8.342417250710700005e-03
7.597851905818610307e-03
2.712239802597250348e-03
3.114251290022947150e-02
1.025597657392382858e-02
1.558907669143188082e-02
2.063886453071405586e-02
5.213808836512042908e-04
1.650076520986148987e-02
1.334615905208605402e-02
6.431665234528396308e-03
2.063936816599694270e-03
2.182808426193933501e-03
1.879374396052087618e-04
7.113319302759725168e-03
3.296571060326261658e-03
7.351058923625380329e-04
3.197554933129618409e-04
3.398913228223437479e-03
1.469371462178675671e-03
5.178367923185873793e-03
5.034136102656932253e-03
3.854152032114806377e-04
4.041309884819181664e-04
2.808092511212899583e-03
2.206679448648357200e-03
3.871881447787072373e-03
4.183070458018966174e-03
1.220683816456556844e-03
3.584603258318494641e-03
6.910161695385417385e-03
6.741205634822220946e-03
9.181866283276224425e-04
3.205710467951848781e-03
5.593205413791254264e-03
2.627586297186991059e-03
3.261050758887290395e-04
5.077546778333675778e-03
8.198046775345918394e-04
1.039357541879594449e-03
1.176277092547399960e-03
2.411530027285775039e-03
4.141365341776969723e-03
1.521767405686280140e-02
1.360651302858538296e-02
1.457217378386710394e-02
7.493673701526408319e-03
3.821049302976388742e-03
1.347254968413297456e-02
1.143265993259431901e-02
4.261003379467376111e-03
5.068509541206677599e-02
4.633015700115442927e-03
9.350784939560801345e-04
1.598872567237747538e-02
7.571091292030159015e-03
7.468685165188867006e-03
1.342539597499752164e-03
2.558651806667822711e-03
3.693056647824247921e-03
5.973853515963203908e-03
6.089289904305062806e-04
1.788749634871680903e-03
1.794707562438737931e-03
2.569233818409376920e-03
5.813986792126996529e-04
3.796562263953069758e-03
2.512087584319942779e-03
1.576809138034072433e-03
5.072187529042413746e-03
3.576777469496627941e-03
2.209756206400256915e-03
1.588484602481925276e-03
2.147989447897356245e-03
4.809246335555098450e-04
1.749019304763253790e-03
1.445253902938823613e-03
1.108790889680759091e-03
4.254505173592882912e-04
7.919233769462271158e-03
3.642755262227587859e-04
7.105576342290095956e-04
1.205679013921438737e-03
9.398372080913348610e-04
6.035221557696173649e-04
1.487804220468060381e-03
2.703437864501671145e-03
2.016591032288598748e-03
1.528442857581136655e-02
1.789669665166828110e-03
4.512176408638970439e-03
2.946348496162636693e-03
1.991619699762268991e-03
4.519155602947863147e-04
1.020243737503803575e-03
1.449950704044362286e-03
4.850657967896455230e-03
5.779962749899836272e-03
2.140751916304264001e-03
4.917121654911505661e-04
4.948684038634319337e-04
5.055649994332206583e-03
4.814492492200455383e-04
2.833995025627437849e-03
6.822881841422126677e-03
7.190777597056801328e-04
3.234283852221272841e-03
7.152179016503534478e-03
1.927428706621308577e-04
2.340036427141096997e-03
1.387163812389759698e-03
3.485401759747634547e-03
1.131292955715137126e-03
1.985114180591420353e-03
8.986996884237195967e-04
6.471338529250315321e-04
2.580720814398182461e-03
6.409425093566486868e-04
7.370441957956234882e-04
3.168176718584922880e-03
1.692563512742608581e-03
3.940917312055492935e-03
2.429120253235346211e-03
6.730054410458592967e-04
6.047401785996486204e-04
4.297766746514693550e-03
3.119740684936011307e-03
3.254586471890763512e-04
2.524434239118963658e-03
3.783062201014739806e-03
7.505074254960331310e-04
2.611597757508958778e-04
8.913847230319594476e-04
3.072672495186335763e-03
2.169355053781133174e-03
1.310558852697779088e-02
1.860057409913552350e-03
3.210928043970425871e-03
1.098463407596203577e-03
1.070283777395126217e-04
8.039854819788871260e-03
1.235952872206496841e-02
1.134156337370222263e-02
1.150825422048996731e-03
2.128906309589897843e-03
4.672814153817577559e-03
6.755386887390197291e-03
9.679819184949499389e-03
1.703619933915705804e-03
1.878667555618376492e-03
6.982372127425150003e-03
4.049401842686982909e-03
5.007978724885490561e-04
5.766857667153114236e-03
1.216658907982479153e-03
5.636382210741217773e-04
4.037997970038187563e-03
7.479134933450930396e-03
2.169832563103018218e-03
9.665583966582218939e-03
4.643241682832797458e-03
5.070584122391042989e-03
1.868248430394492052e-02
5.845979056204828397e-03
4.691852838124968561e-03
2.355777686995255693e-03
2.718270269564362538e-04
5.942353054844099793e-03
7.126475292349241340e-03
1.474972919812469509e-02
1.823456638876190181e-02
3.263691843581183888e-02
1.619042068551284838e-02
1.117555401118845932e-03
3.644606016147965664e-03
8.049695474189075099e-04
3.333033357055835422e-03
2.263329488611254010e-03
1.359575295418442333e-03
1.733534746349885223e-03
4.399802896967210109e-03
2.395917835580244439e-04
1.095631131971113066e-02
2.794896062328307978e-02
1.975107373058873541e-03
3.925058172009407952e-03
1.081629203824156955e-02
2.173179831776435832e-03
4.119656363400478298e-03
2.518515174739558143e-03
6.170244353051132676e-03
3.775257712012695076e-03
2.758727168973193391e-03
2.152984735038992493e-03
1.244833698310473732e-02
1.380598847194597009e-02
2.410615687545404791e-03
3.164829840254064497e-02
6.615804683510068292e-03
1.311712218660440396e-02
2.477781930317797272e-03
1.276534316410328452e-03
5.438481960038008510e-03
1.750691904079091721e-03
2.659775603235717961e-03
6.072761163710571229e-04
2.400487843832120312e-04
1.344256303435608507e-03
4.378058082641509731e-03
2.054753564833316278e-03
4.701848364262118307e-04
2.598445618222254214e-04
2.187477698252379265e-03
9.243344112060282837e-04
2.594079819914761522e-03
2.202796756338700358e-03
3.543045780069287387e-05
1.074225001611843738e-03
9.216752435255690795e-03
1.310712148469538388e-02
4.895628810405588081e-03
1.417328847766647672e-02
2.332333720773665815e-03
3.442629041792346495e-03
8.095244484611737379e-04
2.822369897598722699e-03
1.329987001642966718e-03
5.596369880634811077e-03
1.997589894994527410e-03
3.562245857424368826e-03
1.212312232989349063e-03
4.921938418364794898e-03
9.013443336420539753e-04
3.243154147600164124e-04
1.064117109483895532e-03
2.022941951154138412e-03
5.535681827606297491e-03
1.728489167539795776e-03
7.775792703201571746e-03
7.750830728323578750e-03
1.763218808054002390e-03
2.786478864969457823e-03
6.761710923063201815e-04
3.028814831976632885e-02
3.164013650378482106e-04
2.454721404576444815e-03
1.503743844880112146e-02
8.861854730112252512e-03
6.535047102671672804e-03
1.742819806899130464e-02
3.658267184376520331e-03
1.107431088098750557e-02
4.077235437125803670e-03
5.758905808789113734e-03
1.393413227702823857e-03
9.834066833548634010e-04
2.413673521762998552e-03
2.064927501701736075e-04
1.264221945244655820e-03
3.346476961566889185e-03
2.063918653343400737e-03
2.868103121382342864e-05
1.722378342987178476e-03
1.891683656066940264e-02
3.860000836801015213e-05
2.888659975530947274e-04
1.036412356367518404e-02
1.050210352371503016e-02
1.767717040232871968e-03
2.917003099296623268e-04
3.345710371142653072e-03
6.672092410199431840e-03
1.974029842111174170e-03
2.615688829073399470e-03
2.157404645424760431e-03
1.123584413563017770e-03
2.724527294642183073e-03
8.267662235940857838e-04
1.205110861345046408e-03
3.852561349235737991e-03
7.939862929566036346e-04
3.043685465934597295e-03
2.481883855802575773e-03
3.780833911110434323e-04
3.405862359178373627e-03
6.340948457279478069e-03
5.385016761571639367e-04
2.780809109021534502e-04
3.317810631832576306e-03
4.146342290017144758e-03
6.102348139719389764e-04
6.537170967450335905e-04
6.647528096631710216e-03
3.369385734553362929e-03
2.964151976723368356e-03
1.805051855138272918e-03
3.352028819138662234e-03
2.125834867208697705e-03
1.905569416534606906e-03
1.533245959871788310e-03
6.952603809341565896e-03
3.366724796080137767e-03
1.906118641655105399e-03
5.148147833109767424e-03
3.892340226016329343e-04
7.178914437077851558e-05
7.581898394676061040e-03
1.432426719549896067e-02
5.794523702492920814e-03
1.925648648747101468e-02
2.216982010722413129e-03
3.970401390832731768e-03
8.628578561620569090e-04
3.045910075545643397e-04
2.206122347809977031e-03
4.707311060481454527e-03
9.137391492759028375e-04
2.269433507559304435e-03
2.512825364060690229e-03
3.718866359544865594e-03
2.644810129257496242e-03
4.324627525793342184e-03
1.141009621753678448e-04
1.409103061595247007e-03
2.945717947379493905e-03
1.210664406736436816e-03
4.621906104357379787e-03
1.827414941385010171e-03
7.750232273000589927e-04
8.075545574024315439e-04
3.772619805774306712e-03
9.015674712611950348e-04
1.769050528889183280e-02
7.319348539619965725e-03
2.241750196164697152e-03
6.009407030525740386e-03
5.140440225620578670e-04
3.961509223424675673e-03
4.345370941236149117e-04
1.006658376354397201e-03
1.938635236350148405e-03
3.576004223423425409e-04
7.142965395630086452e-04
5.110853774229496757e-03
7.966009706331176731e-04
1.257754121201218149e-03
2.400872289929120718e-03
7.884366376897711248e-03
1.179893427885388851e-04
1.509880557209984002e-03
2.759392696805135561e-03
1.172635546090149226e-03
1.709182407797900111e-03
8.532337157206957168e-04
1.474155359761770284e-03
7.554564328738316674e-03
3.819509751530083511e-04
4.283058545719028304e-03
6.096571650932100170e-03
8.911571538268813278e-03
7.068247931422187800e-04
2.647731726392123924e-03
4.423592962619913097e-03
3.957979848262278486e-03
1.302250574427175770e-03
1.669745542988614398e-02
1.392379445458347305e-03
5.812085893822858430e-03
3.146651955067437771e-03
1.666873219833520233e-03
5.329597436183819252e-03
2.932622795328948279e-03
1.675379737668132151e-04
2.122660961167005967e-03
9.235754472523250228e-03
1.861712526070531930e-03
4.060122609328270776e-04
3.105265485981612440e-04
2.449370370306726882e-03
1.089984196431840503e-02
6.366102385340393819e-05
9.249295964441215517e-03
1.298661076657550012e-02
3.068146821478148854e-03
9.545782400436954047e-04
6.068325187947408786e-03
3.230502374255509509e-03
5.903283613892912687e-03
2.282661136210976157e-03
3.319494626019462487e-03
2.566781627714262697e-03
2.371419552723530444e-02
2.632303388342851266e-03
5.417665618562197451e-03
1.812852122250955883e-03
9.004322953560091282e-05
2.244183044130620454e-03
7.086982279796163152e-04
2.388837650031765819e-03
1.219218225612950408e-02
1.273006239617078053e-03
9.712835124140046725e-03
5.156433044419365952e-04
1.592943545304887840e-02
6.599815881159845372e-04
5.129911720391461781e-03
5.058302236713028283e-03
3.725820029120494991e-03
1.281942251255909111e-02
8.502592006170178089e-04
8.954876503382363205e-04
1.802069283920109755e-03
8.338019592487706799e-03
3.399937115079981580e-04
1.314987668075621660e-02
1.036874548999540402e-02
5.960129503641177148e-03
8.241306491349886451e-03
3.514510798082093237e-03
4.467213059574706539e-03
9.049936549413651254e-04
5.147624611104713657e-03
2.315440890556829008e-03
2.731864350891645248e-03
1.045657878452837565e-02
5.408684031904838554e-03
1.776064748606255572e-02
3.636969411105966856e-03
3.195400060199727081e-04
2.062506749698631275e-03
2.650795488334180446e-03
1.495375979381118698e-03
8.404315973085932021e-03
1.472661162750639463e-02
7.381993196712507282e-03
6.601183042267799554e-03
3.859136693028318316e-03
6.513600059247732187e-03
4.701045058417703884e-03
1.303998108885356423e-02
4.136298131028565660e-03
1.090484246314697876e-02
1.612656591629527472e-02
5.673300984961241085e-03
2.936728714683270111e-02
1.646812709279518380e-02
2.062331407317349527e-02
1.249952285018014232e-02
1.655646437603246895e-02
4.421887972300752277e-03
3.019259758435620736e-02
1.693297639156003676e-02
1.030395636345725861e-02
2.609909967416552956e-02
1.006702473909044937e-02
1.297408042759191048e-02
1.347003275416261067e-02
7.654207087574970390e-03
9.244690688099421044e-03
1.121326083312111947e-03
5.692599270922031780e-03
7.000694448145675097e-03
2.771094493970465214e-03
1.101215526791547456e-04
1.971645941337817759e-03
8.325732765495270655e-04
2.439623224386362928e-03
1.815017351698214538e-03
7.780233036627601673e-04
3.672283989329880750e-03
2.461896088610612972e-04
3.133620898067807341e-03
3.905043796453441796e-03
3.391131767979494154e-03
5.564883241510341959e-04
3.030301803786347487e-04
3.620552257621262836e-03
5.350162159004433855e-04
4.659847655121039179e-04
7.117023443210747282e-05
6.687924273674188819e-04
2.125591528973394193e-03
5.889849201576988127e-04
2.315216602541607036e-03
2.399047282004963290e-03
2.198263709940060512e-03
1.720299365925014902e-03
1.599699549610653646e-03
5.123518435844532856e-03
5.483323412897821419e-04
3.728968888444128636e-03
2.096465191642458460e-04
3.370649272447697950e-03
5.959067428123256431e-04
1.491592508915635246e-03
4.877140947701438453e-03
2.446246605393968040e-03
1.251171698703118680e-02
8.954185160973479260e-03
3.201129161578020535e-03
1.152504989107937944e-02
7.612933302645921675e-04
1.775698443849684904e-03
3.587052307059642765e-03
1.986587339176465114e-02
1.522676340804589822e-02
9.860906825090267822e-03
4.138079159904684565e-04
4.374347434679262854e-03
6.021464990477099453e-03
8.671160071710754327e-03
1.308154943508211578e-02
5.118828087119990655e-03
2.109070206721510351e-03
2.724984471817808954e-04
5.421537131557537144e-03
1.734566827827924368e-03
1.763449983865801596e-03
7.218307926297230954e-03
1.036906779852203413e-02
2.752948832890203274e-03
1.656540679804599514e-02
8.307099645715515859e-03
4.681642833208353623e-03
3.760258985748934132e-03
4.408056241252326750e-04
3.772341108027411146e-04
9.345272804158487366e-04
3.580946561549346735e-03
4.431996874116257354e-03
9.137515219775871030e-04
7.382313713447842193e-03
2.412855574134724693e-02
8.671455104311829795e-03
1.584696320733213447e-03
3.843416338086651229e-04
1.227283371314098238e-02
9.607190020343818471e-03
2.161143767961356751e-03
1.455111589181130134e-03
4.735620622938937205e-05
9.113540432987513734e-04
6.591704333410436725e-03
1.997610508015546221e-03
6.792800916273748595e-03
3.132230127435031014e-03
3.731951547522168074e-03
4.971205040581887268e-04
7.145831163837518263e-03
2.437880819746632895e-03
3.448393966194502128e-03
4.125511878013198930e-04
9.080085505267397258e-03
3.628810630694096775e-04
5.056123773370715599e-03
1.978226604303883005e-03
2.881501446780042504e-03
4.171910424598334710e-04
8.964852746618863673e-04
1.503305161866762968e-03
7.069147871690499964e-04
1.284487943864242145e-03
5.405794627398158823e-04
1.091183233715834963e-02
4.230463839655697680e-03
5.354083873088399254e-03
2.316936616684923088e-03
2.779613528756465918e-03
6.853776027450522550e-03
1.354918305930452290e-03
4.126279479990901250e-03
1.326848267116194184e-02
1.161205121840502537e-03
9.719984531554720360e-05
1.119133957631821691e-02
2.299806272253483719e-02
4.101672709330071893e-03
1.125968341237688040e-02
1.350055661498168053e-02
1.105889909660065160e-02
5.594904522836757765e-02
2.233801107393117505e-02
3.068280328110579991e-02
8.538973519338431684e-02
1.008913213593501911e-02
2.432914049553124014e-02
3.101489136937332809e-03
2.845771016049402843e-02
8.959142816559744101e-04
1.850964115796940521e-02
1.789041456369342212e-02
1.564834696078278367e-02
6.253227778795505823e-04
1.390627245512039646e-04
3.493085004059770147e-04
7.121009714792909950e-03
3.973693757201085183e-03
4.828883012392314565e-03
6.445991425414788773e-04
6.246694730934646694e-03
8.216386697168101896e-03
6.656917164251190816e-03
5.489981017021303318e-03
7.935243257042026363e-04
9.687746822800692931e-04
4.496588750063817627e-03
1.489037554427323409e-03
4.013069655328894633e-03
1.967021271906223452e-03
8.205295761885748971e-04
1.834458750242859123e-03
5.168926440988296130e-03
6.287202627161140927e-04
3.093813382765711432e-03
8.670207689577776912e-04
3.152559033813824227e-03
5.327471632300679986e-03
5.225961744898640488e-03
8.024170046152913696e-03
3.060457752511784590e-03
8.566681260907857420e-03
5.941841721764227167e-03
6.993868123408790004e-04
5.643685308712714961e-03
9.019963355357974583e-03
6.591930517855509528e-03
3.592078971242026325e-03
5.133381352254221680e-03
5.641695178505876269e-03
4.723548230742781375e-04
2.052728651199768346e-03
1.363931670190031810e-03
6.965485125057823898e-03
3.169284463440033388e-03
2.688061464180348508e-03
4.181446703316395478e-04
5.495731868401998108e-04
2.367089791639848898e-03
1.061719363435668310e-03
1.087076973489594506e-02
2.328910177113010897e-03
7.371234258775484494e-03
6.974833690192714340e-03
7.868782931618597751e-04
7.216483494705680166e-03
9.291106734582887938e-03
4.167904713880692461e-03
9.837234618084124069e-03
6.306718999129411153e-04
2.324644995651244019e-03
5.570127760559512309e-03
1.090455131656255065e-03
1.078901372482590076e-02
1.323617713493980413e-02
6.576631318214900060e-03
1.144776017052482296e-02
1.754192242282861212e-04
1.187994886289990212e-02
6.191328971077971789e-03
4.872934304451364933e-03
2.996237104197871804e-04
2.768798414493911682e-03
6.394802129286884795e-03
5.200617237344819406e-03
1.296073049241191436e-03
2.316467138994602725e-03
7.463844567403865073e-04
6.649234700906529391e-03
2.670784989794423338e-03
7.010692019597218605e-03
3.952932711569257657e-03
7.968403402851639838e-03
5.222045512521055789e-03
1.713608465168214206e-03
4.391383044416717271e-03
5.307502679826935597e-03
8.498081220530656447e-04
1.272135804920671021e-02
9.968614005443634466e-04
3.329451366664759084e-03
6.873867960999575574e-03
1.464641324064533921e-03
5.524877866762017715e-04
1.216428262279298060e-02
9.835480338215472299e-04
6.047209034276937629e-03
4.483520630393822599e-03
8.302128312769047405e-03
1.451669044001375726e-03
2.335018975779150092e-03
3.986094118695751067e-03
4.982009406539430509e-03
1.700191569526871829e-03
2.512681526063690555e-03
1.588973891450742035e-04
7.957070734756797187e-03
1.400826314952814677e-03
3.573952422337531298e-03
2.057356239102451582e-03
4.950696731983388055e-03
3.795447090958376651e-03
7.725585912825300031e-04
3.776532643133416727e-03
3.766027406098777352e-03
1.021959833911161887e-02
3.917938911725399320e-03
4.384995298956007558e-03
4.721611695629391236e-04
3.465704037248391010e-03
4.542345900941210241e-03
3.644115731172204234e-03
1.544405183127471430e-02
9.420224047697876076e-04
1.265858895470738446e-02
2.997864749783867196e-03
3.446501733922184563e-03
2.479779417553901709e-03
5.160811703525519482e-03
1.290539738769129257e-03
4.142891970774047194e-03
4.131565077640999770e-03
4.734827449332517854e-03
2.411218090615137050e-03
6.425479873555689806e-04
1.377798133572763050e-03
7.855426103233281721e-03
2.609623691001776349e-03
1.551343674955641024e-03
5.238602928375342936e-03
1.937700042615879067e-02
1.052049127621082752e-03
5.898121755096389154e-03
6.966865981376193021e-03
9.068603105774646804e-04
8.592041052897633670e-04
1.488867434013901913e-03
1.237157568489663127e-03
8.226153358179356988e-04
4.762290253922301340e-03
2.254473528587018667e-03
6.891275841286265136e-03
1.142532429341446346e-02
2.563531241371238938e-03
1.096594324126345596e-02
1.205079580914802549e-03
3.859909335652918130e-03
7.849568731023943979e-03
8.132870331055180174e-03
2.626448264532650536e-03
6.947934315652479209e-04
8.038634826777114883e-03
2.607811051140603281e-03
1.518644265063934110e-03
1.429803421978366636e-03
3.138298485046920900e-03
6.656628983586913677e-03
1.774550978794060948e-03
6.327052086568019790e-03
1.708089948794665105e-03
1.254715065161999925e-03
7.898831782343464572e-04
1.751566706818404994e-03
3.323331923045812208e-03
1.271703292090477135e-03
2.231785130232582983e-03
3.036609323548265446e-03
1.303661034546969855e-02
1.147752026668979889e-03
9.960390743919580840e-04
7.088789515024586634e-04
6.719581775556569131e-03
1.139514060527565707e-03
1.333875106209676462e-03
5.803532771602777467e-03
3.554955953213226501e-03
1.013465501073107554e-03
1.074818503306546567e-03
7.428460303059141595e-03
1.213013647721417412e-02
1.723732907244196391e-03
5.806408774485901291e-04
5.913839868939534637e-03
7.885470879906602767e-03
4.830089904269673981e-03
8.350889370036284828e-03
2.474931010329027656e-03
2.533594278735054692e-03
8.367313651860456376e-05
1.688756400415828123e-03
1.344044632139238925e-03
2.628269072670423850e-03
2.648893924308482004e-03
2.662329243292813584e-03
3.927800872575825351e-03
1.790435389768304597e-03
5.736404578057883313e-04
1.554165739260816555e-03
3.524522774570281597e-03
6.050266173050292953e-04
4.973279803017826434e-03
2.821937316486738349e-03
1.233710011211381317e-02
6.268383627095036256e-03
1.555599200429081059e-03
4.659319122706490242e-03
2.934730031559004519e-03
8.594121713706296892e-03
1.761128547652834192e-02
3.914510491329096370e-02
1.349992859086597162e-03
1.042672701249239102e-02
1.136427302605628456e-03
1.526578888531099614e-03
1.035178842208045631e-02
7.191266451730760415e-04
1.542544678268572070e-02
3.468748016348170444e-03
7.998193480288335808e-03
6.877533608007524446e-03
1.246717367044180690e-03
1.646799286541803962e-03
4.817993009057759332e-03
9.529656134477490839e-03
6.652816775594751382e-03
1.490383797418418262e-03
1.100997039883497980e-02
2.766649449482554840e-03
1.113429292986815346e-03
5.249022309580877749e-04
4.363077013904302116e-03
2.712665469915231356e-04
2.826672422991312241e-03
2.711004194341917056e-03
6.951967952860457940e-03
4.813172260355852439e-03
3.155602416457061951e-03
2.711889898718043874e-03
1.707507535691982995e-03
6.977896603986135336e-03
1.229319965376495958e-03
5.791037760751710506e-03
6.115885729250691676e-03
1.152201752702560270e-02
2.048258817657935132e-03
1.493120223989610404e-03
4.328355928332149744e-03
2.321574775725281613e-03
6.415090600557411555e-04
2.532580646754392650e-03
7.709471937638739079e-03
8.222858911025586123e-03
4.413926627576838027e-03
3.035673623302890655e-03
6.871604325075746610e-03
2.051395307989492545e-02
1.160202393608526132e-03
1.890224992603634080e-03
7.582857484481645913e-04
4.902272534202800104e-03
8.080833732167547884e-03
7.961487325764134799e-04
9.690688075429510330e-04
5.838713513929047038e-04
4.803188391479599507e-03
2.300969855136479354e-03
3.385747053244374770e-03
2.950486554395241514e-03
7.004691705426273340e-03
5.058299798200547800e-03
9.945388990529130391e-03
4.646148027356057642e-03
4.390866628042076024e-03
3.845529001999016820e-04
7.045232848059983146e-04
2.539778747499003148e-03
3.499115143980621549e-05
7.940238642806937090e-04
3.949895317129472998e-03
1.106800549203049329e-02
1.853569266941239085e-03
2.273635844366353291e-03
3.658694510290166988e-03
5.674801548819578476e-03
1.795843754399818965e-03
1.277991691602073897e-02
1.225327345328747729e-02
1.944220462759326667e-02
4.511592902923852906e-03
9.228748719098926398e-03
1.406666166100774447e-02
1.489527943315753673e-02
1.456756814854740824e-02
4.954453073042884396e-03
8.077172963411059781e-03
9.811840355701611019e-03
1.265609692806049687e-02
4.770122930906596503e-03
2.879347252259919967e-03
1.694396664201471307e-03
5.801561315824705148e-03
2.975170097320909649e-04
1.490962258757955530e-02
3.218959019890307686e-03
4.245859697102940741e-03
1.900682371816841531e-03
3.333741104278370535e-03
1.090429498960780426e-03
1.504779295874972452e-03
1.173014625952145803e-03
1.378571990269587344e-03
2.234093415726073287e-03
1.531771091434343355e-04
2.151734124118712902e-03
9.901591364640022121e-04
1.632213257844148573e-03
2.441284160402665705e-03
2.500977716938008891e-04
1.926929919076187628e-04
1.080477674016693413e-04
3.821444362168285609e-04
3.680436459998547103e-04
4.216361789053935105e-03
1.640599598342993171e-04
2.236023439864980120e-03
1.237791770956204931e-03
1.409352080727056984e-03
1.049496929260486941e-03
8.895774469451967273e-03
7.336559248450553843e-03
3.835138036657021257e-03
1.687536861910097878e-03
3.244799101642922845e-03
3.207982051264499871e-03
3.563708190842100870e-03
1.317793924931293928e-03
2.988473443538483456e-03
1.151581399773170082e-02
2.511178720526559618e-03
2.742272588380029619e-03
6.075805970975132857e-03
1.755518691071526402e-02
1.209622387195834464e-03
5.893492297783447381e-03
1.445075359228615696e-03
8.266111338892281890e-03
1.953456926880061967e-03
2.802558298485126938e-03
1.175977821904979938e-02
5.493478285004701686e-03
8.552072214612703015e-04
1.642093468290382885e-03
6.926568511960965076e-03
2.833907839830185956e-04
9.079733673326965569e-04
1.076236809063823435e-02
3.969746357109731234e-03
1.513780952200769348e-03
4.680807825733111706e-04
1.735573178046108909e-03
1.963781405302260884e-03
1.457388832224350110e-02
1.346530569078813015e-03
7.167603762240046293e-04
5.629559708447736256e-05
7.241897523244483726e-04
1.854007911671413456e-03
2.129619753558246748e-03
6.339490228390735720e-03
5.560267942473451526e-03
3.325749360243369663e-03
1.606198322183522570e-03
8.702939233619366721e-04
9.105508040705933420e-03
4.968312084881172739e-04
6.375204327798811299e-03
7.651631750646129991e-04
4.653118423378284178e-03
3.148371638869974353e-03
1.104064205118731289e-02
4.365588285693108167e-03
1.660699405573677970e-02
2.813883876904416104e-02
1.846079024105467398e-02
1.224704591721661844e-02
3.064634727731646580e-02
7.177117165351174811e-03
1.957449853677719828e-02
2.259294689846002083e-02
1.297962902284714726e-02
4.140174704450680886e-03
1.202859026851152251e-02
7.487093992352002875e-03
5.310803565997367255e-03
7.937531747559201448e-03
3.257506102595994924e-03
3.420863367692373626e-03
2.748767364123072543e-02
4.551424210478244954e-04
2.266540701766386803e-03
5.848777896917612329e-04
3.774678355265799045e-03
7.718032930135458776e-03
1.518581444528519647e-03
1.275167837734595680e-03
4.397592924046066741e-03
1.911541892518533038e-04
7.844705150711644981e-03
3.514069020301349017e-04
1.989489878448553149e-03
8.083238890398225171e-03
2.096770946640023718e-03
1.345936012391910248e-03
2.585804398446881532e-03
1.200403948910245145e-03
4.225739579310990078e-04
1.564132469497149904e-03
3.587278661050261139e-04
4.154396147052897398e-04
4.174965831402140809e-03
2.864126702136813793e-03
2.545064885689904757e-03
5.557475160300655651e-03
6.633274872513502188e-03
6.286912104261905936e-03
3.526255259846036022e-03
2.221803514085482142e-02
4.799348836751372339e-03
3.206382770533481447e-02
2.558036769342751475e-03
1.744133131071815218e-03
2.054207707456824194e-03
2.214340896778741602e-02
1.940552324209538675e-03
5.580794383570664846e-03
2.777976074018119034e-03
4.472935679646257608e-03
9.084148528245137091e-03
6.849174273842605250e-03
3.950270706751767870e-03
2.322255159177648829e-04
1.336367292965705278e-03
2.190183689931837416e-04
5.033317940500269937e-04
1.400245921580651250e-03
2.950143545908585387e-04
1.750932936692015801e-03
9.595479784686171583e-04
3.876819907223497705e-04
2.673834164084843302e-03
1.666279899721449364e-03
5.875622238519275778e-04
2.584623828123421485e-04
1.110855060471918328e-04
