6.479837808483386585e-02
-4.550859458764314885e-02
4.126576838189044416e-02
2.874016015744526240e-02
2.540599508374834226e-02
-3.725258108032334509e-02
4.108922580311644840e-02
1.686334792384005382e-02
-1.751992812891034132e-02
1.188404140153393948e-02
-9.656697425952692065e-03
8.628882956552697339e-03
4.359397826489425087e-02
-3.796909549558564675e-03
6.012143975830848419e-02
-4.345953772754234529e-02
1.648378739103023918e-02
-4.531701587059481368e-02
2.782154016667090848e-02
1.333314697837446189e-03
-7.306236043888393594e-02
4.068999036433965794e-02
-6.685854810591858322e-02
1.461996876842397777e-02
-1.318523490721933145e-02
3.704028966801480027e-02
-2.339906232705799005e-02
-2.008415698828171225e-02
-2.001448403070031634e-02
6.611641474826154830e-02
-2.289480712809870491e-02
9.012766733814739362e-02
-4.033761017581928565e-02
4.929264045075932438e-02
6.620419950595797520e-02
-4.198488594106675881e-02
2.819555205776617945e-02
1.644519106014498758e-02
-2.172471783962885011e-02
-9.492381547456610336e-02
9.864612626371139018e-03
1.029251332676598372e-02
-1.113979371992315434e-02
-3.090652178163777464e-02
1.639437895106198029e-02
-1.439914702757178963e-02
-1.069638188898456958e-02
7.560500999146557710e-02
-3.195010691720578944e-02
2.772382663209240622e-02
-5.007070959750158784e-02
4.888236844303606859e-02
1.935855971363445449e-02
-4.629176736700087169e-02
6.995146096445083173e-02
-8.551009919995831293e-03
-2.302859897500401237e-02
5.435669368725695727e-02
-2.590611081284616840e-02
4.337562541841211150e-02
1.053753052374004420e-02
-3.135118176624877850e-02
4.361836427442186692e-02
5.349228334276909247e-03
-2.836086427421600706e-02
6.462910889268767833e-02
7.580905888817351945e-03
-2.796382493806439523e-02
2.978586057848214841e-02
4.612396018359064820e-02
6.151044962357438139e-03
-1.977093635371912281e-02
9.567191058611916599e-02
-6.090715393342668871e-02
3.149597778155644595e-02
5.303158866440643715e-02
-2.415284571563020011e-02
7.736895657068322205e-03
-1.130367151210503931e-03
6.841404966638101048e-02
4.655979540893070284e-02
-5.001813813940250188e-03
1.247952124747310834e-02
3.902506337054745950e-02
-2.524042730867368575e-03
3.721289658365339176e-02
4.560854714578235075e-02
-1.553761899183655343e-02
3.383954002523190813e-02
1.836745719260752044e-02
-3.324117363037603148e-03
6.047852969384561600e-02
1.992562817300623512e-02
1.747663282662272055e-02
4.973617853773629194e-02
4.361598321457814745e-03
-3.496162237540147849e-03
-4.280365027707375147e-02
7.438271747346397733e-02
-5.434395909648371409e-02
-1.116423334439674633e-02
2.954404237737946054e-02
-5.624463713188636305e-03
-9.216357520083099525e-03
-3.561165479485384894e-02
5.425336807955732921e-02
2.957744668873121124e-02
6.337238977870354381e-03
-3.098000112287751726e-02
6.178354177375482842e-02
-1.364858635085698310e-02
4.074330626995250476e-02
1.140331495678220501e-02
-4.032669440821129436e-02
8.203593991913767092e-02
3.945361766077251642e-02
5.044450788804265284e-02
-8.199532328759020702e-03
-7.134653702651861740e-04
9.594815436351464277e-02
3.644542220436593205e-02
-4.913126751174758805e-02
1.413008994384120504e-03
1.419574784447747914e-02
4.179582063608463377e-02
-3.092807385457298913e-02
3.199553019728423181e-02
7.432575585229286332e-03
2.969095143135725562e-02
-1.340503770920644516e-02
4.023638233006072290e-03
1.898598032978530969e-02
2.951255730252825768e-02
-4.446901225908161254e-02
1.199993545276355766e-01
4.744168584779866887e-02
-2.706080058333645236e-03
2.812243790568471138e-02
-5.005238178307372388e-02
7.805602091402188969e-02
-4.691292230349503739e-02
6.534287143809142107e-02
5.855592785616830359e-02
6.113551535977787381e-03
-2.262417669555921024e-02
4.847157054804604459e-02
1.341273923440076954e-02
-2.393202376980956090e-03
2.722418119206980458e-02
-2.274202565210830737e-02
-7.722735396323857082e-03
2.167615508293170914e-02
6.192829530185826187e-02
-3.729243330007103036e-02
-1.278182649047872625e-04
1.383154202058791034e-02
4.231289646065980459e-02
-2.099870936708189001e-02
3.776959856844072563e-03
4.551777192447688247e-02
-1.548542239826278082e-02
7.480853999760260498e-02
-3.002793830131424840e-02
3.662910417140862601e-02
-5.098818238999983099e-02
7.933035127736175196e-02
-3.137031688101897531e-02
9.704394551039903505e-02
-2.585939457388885046e-02
1.215031255381774158e-02
6.051008576615743428e-02
3.617089606976070515e-02
5.949563038207799498e-02
-1.895584788158656553e-02
3.642541899748696216e-02
5.055178366292849973e-02
9.664151475479572373e-02
1.191587300134035708e-02
3.213888135234211491e-02
1.771903304283584113e-02
4.351430609779621816e-02
9.612012670501724962e-03
-6.346403458703264201e-03
3.971051353492671514e-03
2.253415633366454701e-03
4.640397007787147587e-02
1.356364934509664798e-02
-4.457886967415770202e-02
6.355630501969763979e-02
-1.171122694818457592e-02
-9.971763039195075812e-03
-2.920301380829625794e-04
4.942218120930499947e-02
5.170300078432624180e-02
2.695555407437184858e-02
-4.954635471947460568e-02
7.091291180454641074e-02
-2.309954148666882104e-02
6.162593967544186674e-02
-1.201886795495160642e-02
-2.573317707440900878e-03
-2.209911755062647296e-02
2.794173917243195429e-02
-1.236113979637163546e-03
2.170569023199243885e-02
9.300294513120782591e-03
-3.807724525089439122e-02
8.402622341516913923e-03
2.800751961645151292e-02
-3.939295645667804935e-02
2.663135455754046116e-03
7.798237284686256043e-02
6.459079316888408084e-02
-1.697440841785199939e-02
3.070392582308884705e-02
4.866460042357292209e-02
-1.936251067155622327e-02
3.365250381697872800e-02
-3.913344081610166392e-02
-1.901692659993765855e-02
-6.513445423496751208e-02
3.036936484611489281e-02
-2.286750190522933782e-02
6.392864880188325882e-02
-5.795217401769345994e-02
2.929619568252770506e-02
-9.870602037100696668e-03
2.294345933872202203e-02
-6.013881683895979519e-02
-1.820994577623474830e-02
5.976800129736235812e-02
-1.254584032167519771e-02
-3.423639312329666146e-02
3.118621671371657467e-02
5.630795360753897312e-03
-2.252767085119156479e-02
2.749240077796629919e-02
-2.095077982410071746e-02
5.721770158494133424e-02
1.005641572697308674e-03
-2.083716340928749508e-02
2.975987446235667244e-02
-8.476570291315801975e-02
5.486491894305546568e-02
-2.277336064034171312e-02
3.465928865234092077e-02
-4.804193845093188142e-02
-3.603538315543492604e-02
7.341848024477505563e-02
-3.320318955347791035e-02
-2.006404554862711159e-02
-5.962183497706703000e-02
7.460411294154606354e-02
-1.657075399092572052e-02
-1.223834612774303554e-02
-1.805434655369886690e-02
7.012611523970944949e-02
-5.365825908102741376e-02
3.843352348696249532e-02
-1.694680452622579492e-02
8.099137778900334164e-03
4.389251781163785310e-02
-1.072233848532872097e-01
4.470883600927413881e-02
4.022846802408294037e-02
-3.228482028265585585e-02
-4.065229521808447904e-02
1.926056656504598202e-02
-2.247685563406302128e-02
-2.585148829321122152e-02
9.328567876081911292e-02
-1.278355670440000161e-02
-1.444147729183494627e-02
3.799017635443580065e-02
4.054387664918547574e-02
4.536234005756878407e-02
3.040883174402442268e-02
-2.092649857745603262e-02
6.080419670418952399e-02
-7.944248187189406618e-02
1.185915894645144797e-01
-5.106443632349012135e-02
9.119487238288455366e-02
-1.408527411171660304e-01
6.951241131153784725e-02
-5.707212167578254447e-02
2.838890934449862791e-02
1.785401944455455858e-02
-2.925675644113415880e-02
4.654494617719280580e-02
-1.701638267678631800e-02
-1.477613257220625545e-02
4.367777965341007596e-02
-2.001129336700315994e-02
-8.678205908199216820e-03
5.580694368317302631e-03
-5.544350607417740211e-03
7.032821050961141074e-02
-3.512543203651434520e-02
-1.147536731652808173e-02
7.329905718065937714e-02
5.484864862284005715e-02
-1.150306451735480656e-01
3.088616342095061237e-03
6.663597783927598106e-02
-4.621893289518856987e-03
-5.363252336824443633e-02
4.175448384282871850e-02
7.699699972001400328e-02
-3.861199082166498486e-02
2.085219781302023040e-02
3.372009042281271830e-03
-1.677585353025399378e-02
3.150418597015407912e-02
4.619419609908202544e-03
-8.041471091572428148e-03
-1.223230021819594893e-02
-1.578736843868733947e-02
3.182732599486613051e-02
1.454225556721609920e-02
-4.178694404464094320e-03
-2.708269499979666650e-02
-3.018672692323823986e-02
3.867450146495828023e-02
2.967046651301831137e-03
1.096488053535113472e-03
4.683650565815269257e-02
-2.012924474368340405e-02
3.752895019515605640e-02
3.122627058465078653e-02
-4.290361033717042527e-02
2.215864258858741068e-02
9.809509944662144626e-03
2.395228298792314442e-02
1.459858042122899081e-02
1.601707014845101321e-02
-9.124564871677462788e-03
1.910638922382769736e-02
-2.616225922320059363e-02
2.847417621224132556e-03
-9.593346576400471615e-03
4.093670754846564369e-02
6.094081879100531410e-03
3.731864079697302938e-02
-9.158937317197784339e-03
-2.595646310332376527e-02
3.265603912476884585e-02
-5.068125546609805743e-03
-3.561938594553847037e-02
1.709979090636148252e-02
-3.526755326969359047e-03
1.449270525775890085e-02
2.487928562855720380e-02
-3.734615622777805177e-02
5.809464249133671626e-02
-4.009769187324688927e-02
3.396103689779261109e-02
3.319466447107421309e-02
5.115537099023914624e-02
1.509688823022765566e-02
-3.832368722057401256e-02
3.215946693915066462e-02
-7.139019160656416042e-04
7.683089090304469349e-02
9.177581612528240562e-03
-8.774493451152015622e-02
4.672913732924030561e-02
-4.194885295281035320e-02
5.506999481309556715e-02
-4.516686510613703021e-02
3.013412744265698065e-02
-4.402349445441635506e-02
9.810047141663329195e-02
3.074210279605020524e-02
-6.416495027161805975e-02
5.874862112754659221e-02
1.956975694373422683e-02
3.349675570660041318e-02
-1.162328887655508271e-02
5.794475214433745386e-02
-9.516540306795535573e-03
-1.514839342780967811e-04
1.400517716232494922e-02
1.788299256343660326e-02
-5.296499825846572203e-03
2.947034235107021810e-02
-1.397887049748282665e-02
4.074049497478848120e-02
-6.337560308063050485e-02
6.012896628739959615e-02
-4.357137218507289161e-03
2.938551224817782456e-02
3.864525214049325738e-03
-5.547850513057055177e-02
6.710121129575935539e-02
1.825941680568052630e-02
-3.671845331673476154e-02
5.862849137713084524e-02
-6.296447591528702044e-03
8.261023960341937200e-03
-2.972686642344404134e-02
2.357824328086908366e-02
-1.452476547656244947e-02
6.882303359802698257e-03
2.479149186848550457e-02
-1.400524329982123783e-02
-2.705456707290067840e-03
7.743494910916894937e-03
-1.402384971527143726e-02
2.963452464438389323e-03
6.493068400797661829e-03
-2.896140715377222910e-02
3.660432248335846600e-02
-2.043139377585843561e-02
6.751202610089951199e-03
-2.465867071216163581e-02
1.064699788624761702e-02
-1.318269664747032111e-02
5.191055480729860408e-03
1.491800095336834678e-02
1.094326412243486158e-03
-3.485476165522903569e-02
1.823590690086600644e-02
1.002037533298315124e-02
-5.711192839587327964e-03
1.123294274420824981e-02
-1.338771385468795309e-02
4.941116225880132044e-03
1.733943289721855477e-02
-2.932776883560304221e-02
-1.839742314361344014e-02
5.386978144860794793e-02
-2.546121207030411365e-02
5.350691665494212122e-03
-4.886225702953795984e-03
5.656331966351191981e-02
-4.728412029319128268e-02
-1.788282985236004999e-02
1.773276411262461605e-02
-1.515250622078405558e-02
2.538832943964800318e-02
5.003480727996715248e-04
-1.650078139072377187e-02
2.005626317432757100e-02
-4.072668777567713116e-02
6.621051049188084181e-02
-1.396475905748823312e-02
-6.135694850020287361e-03
4.601335899959575738e-04
-3.829167937334671760e-03
-2.034967194987423802e-02
9.556283339055136883e-03
-2.216953362020453872e-02
5.784051974600931331e-03
-1.690098198439962326e-02
1.885404558778190284e-02
-1.112014580680977145e-02
-1.031205838762805187e-02
-1.158909699675251745e-02
2.282081961869612124e-02
-6.795319953416076308e-03
1.294257872446033172e-02
2.227854380568438514e-02
-1.369647439016823121e-02
2.150772143319765184e-02
-2.572098297986924811e-02
-2.954801685913250459e-02
6.791546128825158568e-02
1.719560175315348535e-02
-3.006572303604779228e-02
9.155271418984986531e-02
-2.024480707351478809e-02
-1.171697405522546115e-02
1.395299215228476553e-02
2.935297564634235454e-02
1.314650160844996543e-02
-2.078410631099143150e-03
3.738524517384357593e-02
-1.470457258993722663e-02
4.999759567535822652e-02
7.167387601459764696e-03
-2.876704547419730792e-02
1.360550752902792149e-02
3.762128287729539500e-02
-1.679829076304136318e-02
9.172325044430615706e-03
-4.166693084579568135e-02
1.878587533472867929e-02
-3.597282732730813781e-02
3.237748712035629084e-02
6.057804631448170628e-03
3.336063449712786330e-03
-1.170443385102919176e-02
5.265016212154740444e-02
4.419933907584396547e-03
7.706438724878920260e-03
-2.608837593868308311e-02
9.420778672915311458e-02
-1.577632052570862586e-02
1.556062399519197136e-02
-3.336062467985732166e-02
3.761247578221292576e-02
6.592899822275953212e-03
4.139821725643372946e-02
1.605444186275237911e-02
4.426812813945136399e-02
3.064586081939367490e-02
1.586905128862750591e-02
3.100277426706082515e-02
-1.955594134861458888e-02
4.896294072236091061e-02
-5.503235005201079916e-02
9.505592773028013337e-03
8.833226504630549425e-02
-4.925149797413840014e-02
3.642556989783813856e-03
5.595961775751891881e-02
2.454017678288560739e-02
8.605780118286896277e-03
1.771229880683126978e-02
3.233078614997261097e-02
4.317338363334838336e-02
-1.805025000374021679e-02
1.234037168269951773e-02
9.647730685862554445e-02
1.426883092013917637e-02
-6.430105360327975639e-02
1.146186676280633726e-01
2.218818153971358065e-02
-2.954719796409110630e-02
-2.780548485612194254e-02
3.452383207878566632e-03
-2.103933589074766242e-02
1.222474927733350897e-01
-8.031955631691029690e-03
2.143117178246374630e-03
5.141003492182943252e-02
5.133596503240104442e-02
7.218448114891701239e-02
-4.957821079878974371e-04
1.709145124887686412e-02
-1.821994956225666054e-02
5.816564814584342102e-02
-4.769849572595529635e-03
3.643592808715982040e-02
8.308972141228720965e-03
2.163507166455968384e-02
-3.219072876188435600e-02
-1.427680643563750476e-02
2.702197765071827351e-02
-1.737786753329182560e-02
1.098634103712882101e-02
-2.243112725370465747e-04
2.253781491647066648e-05
-1.744159717708861079e-02
3.349176563611669377e-02
-3.577476077350449229e-02
-7.679877652461082442e-03
5.516685155617348513e-02
-4.584037835858664756e-02
3.008206356704338710e-02
1.346463906804376727e-02
-2.726428463914026476e-03
5.599361828424862311e-03
-2.046035981338959614e-02
2.069959366571280310e-02
2.186598321172850828e-02
1.422190932948980656e-02
-3.620841312330735223e-02
-5.273108727755963440e-03
1.731120667521163182e-03
-3.322944427210666740e-02
1.786666611032174850e-03
2.394328812559911451e-02
1.541523398942204297e-02
-5.465794056548436280e-02
1.951975493699327838e-02
-3.832241767078688882e-03
-3.687600035660515418e-02
2.090463719561523517e-03
-3.096870047352441677e-03
-2.641965884581220364e-02
-8.045528017720010930e-03
-2.142744030748310394e-03
-5.609269707452819477e-03
-7.427748645437255715e-02
-1.574331115402543071e-02
-3.656443329981769880e-02
-1.333801797306551594e-02
-6.988894772294022839e-02
-2.752519707837446095e-02
-2.649909000341401158e-02
-6.808637989727148176e-02
-5.571612073519921493e-02
-6.360892858825112350e-02
-4.060494185339820483e-02
-8.750634847948879358e-02
-4.665326709679269018e-02
-8.447318506692685913e-02
-6.139578486428440285e-02
-3.665633054015435266e-02
-1.073480843796336126e-01
-4.721633887111374717e-02
-5.209569612371532654e-02
-1.212762913120201680e-01
-1.039172145060891783e-01
-9.594148250618932117e-02
-5.259492989059205703e-02
-5.251078644847144428e-02
-8.671653360021974732e-02
-1.603512404641664613e-01
-9.171531987594175317e-02
-1.358194780962033721e-01
-1.039146849813135237e-01
-1.330937342750470598e-01
-8.306857245488419306e-02
-9.747718225062781960e-02
-6.641680513651292139e-02
-1.098713111293987132e-01
-4.574657329099859199e-02
-3.710755293913034492e-02
-4.589005602470462575e-02
-1.533328416701502592e-02
2.891969862342060743e-02
-1.172186153660199556e-03
7.073800473189661986e-02
-1.417288154965698531e-03
5.027277025565504709e-02
-1.706210130241837472e-02
-2.352128028570227639e-02
3.283429509126509910e-02
-9.144526781333105897e-03
4.457334637682117129e-02
1.920857365202985334e-02
-2.484628644226984095e-02
5.197747003021953305e-02
-8.237513990582227483e-03
2.137630842181283825e-02
4.368996998585460839e-02
-1.419376599246448094e-02
3.153251278198924978e-02
1.412902824698239121e-02
-2.665681161495505463e-02
-1.874784852962387005e-02
7.105586493172952323e-02
2.595348547659889413e-02
3.266294899236329291e-02
-3.597013820517654809e-02
-1.903537406499225537e-02
4.168631079499035552e-02
4.296238204036245678e-02
-4.080608421530851349e-03
-1.697596886248224288e-02
3.557157474780290457e-02
-1.597232727445608777e-02
4.179624789617534392e-02
-1.531805985605603701e-02
-2.241981604804755071e-02
2.670190002142315902e-02
3.032014470891005592e-02
-9.233369838166666232e-03
6.284875610201505480e-02
2.997925990234201477e-02
1.802166439514067339e-02
-4.384627275464911267e-02
1.047489584681644478e-02
4.531361037970299890e-03
4.715725643244942505e-02
-1.829046333589260526e-02
4.119162828370127177e-02
-6.578074738783001515e-04
-2.045695597951853809e-02
-4.719151339298243569e-03
1.297722279534421763e-02
4.114342670846758004e-02
5.191271196027098106e-02
9.993295350145101411e-03
-1.944102127403410027e-02
3.693400197148859199e-02
3.652396195884878571e-02
2.890736515393080297e-02
-2.171299101926464636e-02
4.680163539697983557e-03
-2.185827933629150288e-02
3.269491224560114317e-02
1.126015501540766212e-02
6.426776491574495882e-03
8.280584139118186710e-04
-1.095734287240191993e-02
5.594199604822282929e-02
4.791680815839342682e-03
1.216453639136710722e-02
-1.948456849048344972e-02
-1.336962112144336745e-02
2.390635919710569143e-02
3.481395843429849375e-03
3.142103291989981756e-02
1.888546625079853131e-02
-5.638675432589977839e-03
1.736158206608901661e-02
1.141330025771208380e-02
1.647398208077694576e-02
2.002366279192706322e-02
-4.651493974962608857e-02
5.074851231961868131e-02
1.329524285383799388e-02
-1.019457437810401997e-02
2.024528052426745328e-02
1.553337877988159033e-02
-2.380764116658897270e-02
6.666811639407085877e-02
-1.070928596938596801e-02
5.149458115677266190e-02
-2.983176551019447661e-02
-1.269293277421638944e-02
1.408860685938321394e-02
2.414262570521273632e-02
-5.255977059038153924e-03
4.832179823659440293e-02
-2.471339082730132641e-02
-2.905353015192883165e-02
4.807080954952920593e-02
1.324931742531615386e-02
-1.504988215829651185e-02
1.903471193683783230e-02
1.033754557132107559e-02
-1.746573102383392612e-02
3.471196636670691865e-02
-3.672638451845402358e-02
7.277543420969664542e-03
-9.980852789349195509e-03
2.857982913732971461e-02
-2.952807123008725776e-02
7.441231234372672199e-02
-1.043159519751110306e-02
3.183218580209219717e-02
2.246995219363629240e-02
8.256938338781249706e-03
-2.455834270358320248e-02
1.374144309478247949e-02
3.358486403697277800e-03
-1.813283347104634735e-01
-2.339304152402003900e-02
-1.117815342486806196e-01
-9.519933202624360213e-02
-2.172240567495175856e-01
-2.193446837628276191e-01
-4.785065846510563881e-02
-2.708400774612314543e-01
-1.116307290052609008e-01
-2.015457517583140734e-01
-9.971539840869679538e-02
-8.128631569000435708e-02
-1.404814339816750079e-01
-2.230778363493240296e-02
-3.215278519974310717e-02
-2.158265953146067465e-02
-8.999875321347411417e-03
5.920688628850241317e-03
-3.966493683984055607e-02
-9.901460205429955114e-03
2.628587189868545476e-02
2.384706755083360399e-02
-2.550720092919635945e-02
9.825147928629434854e-03
2.284426185075106447e-02
1.927221916642185215e-02
5.334661375637908542e-02
-3.068995983766538427e-02
9.126378923572119051e-02
-3.213526146220641033e-02
6.553854112618291705e-02
5.413816091031550815e-02
9.410472275626679053e-03
3.761648731035472509e-02
-3.642717559882314993e-02
8.119352681400145155e-02
5.778955593822914655e-02
1.821303504424233791e-02
1.705845874600753556e-02
2.264644857120452423e-03
1.442723136005196784e-02
1.410212404423475362e-02
4.990320888488842394e-02
-1.374608479812729558e-02
1.626244611585562008e-02
1.762735386270678981e-02
1.704029834089602555e-02
3.928161808006685324e-02
1.016068897187143508e-02
3.089273559687143438e-03
9.637490635987667337e-03
-1.365871349726913847e-02
-1.713519911103186799e-02
-1.156431390002628755e-02
3.141692142931507004e-02
4.569963345133308541e-02
-2.918989012905160579e-02
3.333546687199787084e-02
2.603018254320851183e-02
4.501265680553777349e-02
9.150768434614405325e-03
9.680483542474636535e-03
6.780137511901611347e-02
1.713673823298656612e-02
-6.618266128767605339e-04
4.059649677962208492e-02
2.834453773291995687e-02
5.043648956396864363e-02
-3.295856000342801961e-02
7.226979264278951542e-02
6.728365021488368417e-03
-8.236991895818994436e-03
3.092137937050972243e-02
2.776753520801362313e-02
1.693617989089871330e-03
-1.499610386277329746e-02
5.287397357560016942e-02
-7.658885040804769978e-03
1.089885469640271415e-01
2.871476047884140986e-02
1.988123958308620973e-02
1.894285559929092741e-02
-9.630991352401026967e-03
4.091966406845794213e-02
1.474847243609923170e-02
2.128330555401463861e-02
7.900102187537623444e-04
1.731080618962259343e-04
4.796792944153432936e-02
6.677200628289653439e-02
6.442048611163149474e-02
2.547866127243179901e-02
5.765922704341253091e-02
3.605710805160430854e-02
8.174194032185073261e-03
2.664237762062716605e-02
4.041390008838448289e-02
5.725827963083369998e-02
-2.904964070810408389e-02
5.836569317353031139e-02
6.888699566216786863e-02
1.470548404325977901e-02
8.213097494390302067e-03
2.523625869654706061e-02
1.049942404823282771e-02
9.569527059393606594e-02
-3.024636506948391590e-02
6.860947574731067478e-02
1.537790427283222509e-02
1.271644535251741960e-02
1.586982639282162946e-02
8.242865409295092871e-02
2.829295190432416784e-02
-5.895274070818246753e-02
1.267569089042306085e-01
-2.510675286625044939e-02
7.243780862305343460e-02
3.079850876315769898e-02
4.005619958954614868e-02
-3.072065880987795081e-02
5.197073566032726910e-02
-8.857284717556745957e-02
6.238642882840067516e-02
4.350522043246652509e-02
-2.640902114962081354e-02
4.991529508437152207e-02
-1.335823144595215881e-02
1.613188058983422088e-02
-1.822924164988417445e-02
6.762147658425562806e-03
3.778138644410999197e-02
-1.222247345483951260e-02
5.063376187473895423e-02
-6.609528796759822980e-03
1.308998241270737349e-02
3.946569623521502257e-02
4.491588095224947896e-02
-8.413754671774228977e-02
9.750527255078139666e-02
-1.676779050676843394e-02
1.694363813020299467e-03
2.762065145331012161e-02
-9.156824835391191852e-02
-7.271081981604998745e-02
7.050146719492933478e-02
-1.577643447021357531e-02
2.006735673063293063e-02
-7.415603183535669080e-03
-3.914824819347081930e-02
1.340079447022119175e-01
-5.869986543932788348e-02
-1.314008598882982284e-02
2.778039427424958130e-02
3.995063851913347244e-03
6.340813627732169028e-03
-3.017448549322655424e-02
2.612505829612416994e-02
-1.405461013870439903e-02
-4.520472574295141682e-02
6.630559523652505838e-02
4.016038935646399494e-02
3.523519549108253962e-02
5.111615221791214643e-03
-1.186303717365843127e-02
5.937081753350405972e-02
3.307941202947362047e-03
3.488095616674714156e-02
5.487215148411996035e-02
3.947608363491976469e-02
1.662055086898173856e-02
1.298212475328262838e-04
7.316482248392197629e-02
1.017755632075121458e-02
2.203140864894742590e-02
8.706695922907972673e-03
4.283145607650612474e-02
1.878518605432898808e-02
2.305722377000353832e-02
3.228600551004696256e-02
1.538913826590743161e-02
3.579915071080114371e-03
-1.299220578709735230e-02
-1.241262652108582158e-02
1.168654190696924965e-02
6.427332321204777543e-02
-4.731602721061409049e-03
4.271907799865578420e-02
-7.186963828508917407e-02
5.102618061178756242e-02
-6.906014423054843143e-02
8.715169487528499903e-02
-5.519928104759301568e-02
9.262474210918702350e-03
5.602756266022491938e-02
-1.712313856784296318e-02
-1.990860367344334751e-03
7.901557816623999697e-02
-3.185067523291432515e-03
4.203962773282923088e-02
6.480117092888833252e-02
2.903422901562762587e-02
-1.200460982862730508e-02
7.159183685129023866e-02
3.446318141453207085e-03
-7.069628303041400677e-03
7.105654699881190639e-02
-2.061069909621004656e-02
-1.602729762887560722e-02
1.820810420709283173e-02
-5.431503849655641702e-03
-6.235331537050430029e-02
7.779661992927299624e-03
3.357363444406527564e-03
8.356279112717286336e-03
-1.396610053528019209e-03
-1.092788224303046368e-02
6.875575675768018022e-03
4.558573253586129664e-02
-1.780892659511773210e-02
-6.894753369829903673e-03
4.785279486089365902e-02
6.513874142869138795e-02
-5.826669892634019077e-02
-5.189732167462169504e-02
2.002725371234641977e-02
2.453418479575452879e-02
-1.779626481139537017e-02
3.700091182425659098e-02
1.644505408525385667e-02
3.963886448359935089e-02
5.592331317316564382e-02
-1.505240874197604287e-02
2.972931466467195263e-02
-5.248847985834422664e-02
-3.129829479531607422e-02
1.471808269939426511e-02
-2.358477667631904071e-02
-5.347345683795943355e-02
6.326407979384306157e-02
4.098520596715151537e-02
-3.481708742128090343e-03
2.798241773275053981e-02
3.276712195251892112e-02
-4.631610089223492724e-03
-1.535208553902476201e-02
-1.329979647483791119e-02
4.054214623205537604e-02
-1.892366928980913562e-02
-1.535118333032563925e-02
1.134591099249115942e-02
2.205432660673454365e-02
1.739939083239548309e-02
-5.395240025375463988e-02
5.745469417576210686e-02
-2.046782541274937486e-02
-5.891175132354723593e-02
1.081338247453318552e-01
-6.118107606881110355e-02
3.441034054171178413e-02
2.114194022322934963e-04
-3.504486339701063952e-04
-6.337292563825340161e-03
-2.809034107356734797e-02
5.597124977848629696e-02
1.452914409257646811e-02
4.108954040615026004e-02
-1.470118087029625466e-02
5.811565565970951835e-03
1.821929888837913250e-02
-8.194409159831092526e-02
1.041087798174660517e-01
-3.386139595995543011e-02
4.844738588365919696e-02
1.957556788204500159e-02
1.265469122144918974e-02
-8.792092677525512739e-03
3.735451145443415000e-02
-1.194244676376738853e-02
2.087875257786616853e-02
-1.165661885611801382e-02
-2.613639213040064649e-02
3.118981234869617689e-02
5.509401564826714448e-02
-2.824574901360412532e-02
3.844226165033153703e-02
-2.700257322542121141e-02
5.369224935355927653e-02
5.904351879924366747e-02
2.181792080019292687e-02
3.792931160988890008e-03
-1.021272394283704449e-02
8.600533626842439550e-02
8.877162989663053838e-03
-3.356487863025597179e-02
-2.143767127820375012e-02
4.482083827479287075e-02
-2.594284060171195283e-02
4.116043272775889161e-02
3.299179143988643925e-02
-4.339848615077056444e-03
-2.173121953723764974e-02
1.728144174014704937e-02
1.821509903826913634e-02
1.293091947753900739e-02
-4.396839985290371122e-02
3.881563519017004055e-02
-4.183694588114562907e-02
3.697207812565509594e-02
-3.235247911436801155e-03
-4.086489898366091333e-02
-2.889255721565766460e-02
2.232221946294392703e-02
-1.510029490884736217e-02
-1.166203453724795752e-01
9.196309691853997437e-03
-3.586314580594770346e-02
-4.316325695947759861e-02
-1.715189629044314157e-01
-1.768480403146719532e-02
-1.047378346634327134e-01
-1.100278465702549391e-01
-5.580443838740274665e-02
-6.409939171154953319e-02
-7.014780720839303152e-02
-1.238500736832395394e-01
-6.888035241877030201e-02
-1.408022359053412720e-01
-8.951149261406898816e-02
-8.238449129529659687e-02
-9.776337170587406922e-02
-6.365120871346602316e-02
-1.392395313476998409e-01
-8.183791123202176221e-02
-1.334108816489237015e-01
-3.880643778741302286e-02
-7.261378644969859741e-02
-1.568957866844229720e-02
-6.439407017761772378e-02
-2.665160111146933422e-02
-1.941419900942089119e-02
7.453038902556410189e-03
-3.587148333877563690e-03
-4.120679641013764993e-02
1.039957734459572708e-02
-2.297897681026770181e-02
-2.374950774157255293e-02
2.499964245328113385e-02
-6.555477450610941448e-02
4.790864682386854201e-02
1.735309504288820581e-02
-1.863894879914225131e-02
2.517490628845362940e-02
2.876853831996543931e-02
2.044479194492768159e-02
-1.984113041416402101e-02
4.632071231584006243e-02
-2.404379635671404294e-02
3.840941371666339171e-02
-1.198649556990677954e-02
2.811585001412101117e-02
-1.316757048121592992e-02
1.578256986142570137e-02
-2.098478903865921494e-02
-1.077162851241001210e-02
4.712990999822110061e-02
6.405739272053050104e-02
-1.555853676296630253e-02
4.678807930362963857e-02
1.343696801699659389e-02
3.230803298279749658e-02
3.091860859295738825e-02
7.017575924232524742e-02
-6.170725979646658754e-02
-7.930548251144184380e-03
2.436679586438860942e-02
2.715429259142007959e-02
3.133453454861065413e-02
-5.070259161799942071e-02
2.991204773017852939e-02
4.129394333136485185e-03
-9.137959684124393606e-03
1.196212872180141273e-02
6.798061178296954665e-02
1.595339053449145589e-02
-1.936258697866474754e-02
5.743738760897414836e-02
3.630139503935591455e-02
-6.246967896561483879e-02
3.678162251057963406e-02
1.163658581115286916e-01
-1.342258561268630523e-02
-3.976685741371286525e-02
7.129997525889800181e-02
-2.003625320480617936e-02
1.262679852098030076e-01
8.214072563512378466e-02
-2.025765826378818704e-02
3.906767711687062633e-02
1.048323660184210561e-03
-6.278244416636331870e-03
4.827700897779008127e-02
-3.211735491842789697e-02
2.607641306589103015e-03
1.439416326692369297e-02
4.091571509637718235e-02
-3.281104180162637551e-02
-1.145239868098690481e-02
6.415995865429566236e-02
-1.606854743617730161e-02
1.163998504230604608e-02
-5.177671384579682345e-02
3.451997340001667497e-02
1.012788875873838618e-02
-2.499888903859144237e-02
3.454665991127871261e-02
3.447438408796736197e-03
6.254480363444767099e-02
6.101516263569740223e-02
2.679131761698315406e-02
5.043279840128474939e-02
-6.367986564634907365e-02
3.452074767101457470e-02
-6.343865240736898045e-03
-2.388899274821035257e-02
-9.296620095883230406e-03
-1.032107188625754068e-02
-3.246334335455847847e-02
-4.706743907191580922e-02
-4.728155039917235347e-02
-1.011358031588095174e-01
-1.084206578797210080e-01
-9.063205125977288890e-02
-3.342384942321415670e-02
-5.955703833873772501e-02
-1.160206824225333833e-01
-9.341483254764867961e-02
-6.487578141778911622e-02
-2.073978520439860307e-01
-6.647561433486644245e-02
-2.300923112758923583e-02
-1.248418416377784779e-01
-7.384042357892098285e-02
-8.515115849985682717e-02
-2.693671284597840346e-02
-1.574310731621669443e-02
-6.019503738400180937e-02
-6.830950260152057751e-02
-2.390835159416393463e-02
-1.040484167911470519e-02
-3.635738080490252128e-02
-4.186318364470906217e-02
-2.211468526721551905e-02
-5.702505854666016505e-02
1.358552494607558753e-03
-3.467787013291856457e-02
-5.965328649243142878e-02
5.898175066163190844e-02
-4.653341786793212947e-02
1.498410382413935954e-02
2.556613719655707537e-02
2.115675928429228830e-02
3.415062417024362224e-02
8.939307551710955202e-03
2.485712816376967060e-02
-1.785689669225927478e-02
3.197635115641887099e-02
7.162990634308390690e-03
1.399306151442538640e-04
-1.653391276955299902e-02
1.551286468475995654e-02
5.648666053423356988e-03
2.803513752506109000e-02
9.227553823463132202e-03
-1.505907946058948101e-03
1.226112273372270273e-01
-4.123298886446218059e-02
4.975678721676154992e-02
-4.716349327604220376e-02
3.285037731692017071e-02
9.221070299557376782e-03
-4.799110715208482376e-03
-1.159297872284875512e-03
6.959839884468167759e-02
4.031109160375095923e-02
-3.764825643407378186e-02
2.202280730538252670e-02
7.062009452315816047e-03
6.447756270314707050e-02
-9.399544623268769189e-03
1.038617180960437966e-03
5.611160359889151919e-03
-2.663244474567979039e-02
3.969603927350505435e-02
-5.382123062223948678e-02
5.260486657800649002e-03
-4.672416555706292857e-02
3.174052441267130598e-02
2.910950273917861306e-02
-1.934132734408321175e-02
7.479784952695280910e-03
-2.986172313154858426e-02
2.162434801631217193e-02
1.252101555298052588e-02
1.711626683436713245e-02
-4.146164652751465653e-03
3.877752262830530539e-02
3.593053994065877749e-02
-6.264670997911761519e-02
2.562959687797893710e-02
2.554510162128861492e-02
-1.879766118209809031e-02
6.160146996736898251e-02
-3.401051593822190799e-02
-1.656297757536353242e-03
4.852592565885403830e-02
7.335960732612466229e-03
-1.736449219776435224e-02
1.341036408223242327e-02
-9.961405447723859288e-03
1.525579106907911167e-02
1.632007350497692577e-02
5.265029202321107847e-03
-7.589268688208722358e-03
5.120277165823071408e-02
3.310402698228813445e-02
-9.545730287762361349e-03
6.498387718735526390e-03
-4.538724515005197052e-02
1.025335117513338362e-01
1.118939417885722945e-02
4.408527325209948139e-02
6.665891373613863635e-02
-7.942215447219716506e-02
4.466910658682388818e-02
1.500875074830691075e-02
-2.183382056328116508e-02
7.870350529666135520e-02
2.796873956489836013e-02
-2.913587654021261662e-03
4.516337236683819201e-02
3.228460914948693555e-02
8.927758985837089961e-03
6.585969367059863085e-03
6.096780709335216514e-02
2.794797350986828396e-02
-8.724125181506416082e-02
6.216268067879965158e-03
-1.619010582990611583e-02
1.289030007414993240e-01
-6.636079991883060691e-02
4.242347354657636377e-02
-1.324705873965250670e-02
-1.378165273144204075e-02
-6.058999253155403220e-02
8.270640135415081862e-02
-2.150646964245799680e-02
1.298946428078576187e-01
-1.078893075182090211e-01
1.043541329485393049e-01
-2.767414338942063637e-02
5.957704263005498407e-02
-1.291414734742111180e-02
5.709926705099702821e-02
4.751432350892266510e-02
-2.411059170250344150e-02
2.870382856256037396e-02
-3.330023727640679665e-02
-6.178441137520456622e-03
-9.828785701271609831e-02
1.620690427015496760e-01
-3.503346113333832834e-02
3.611494319216378146e-02
-2.022426159074062341e-02
4.160373967627380848e-02
2.572337777771066536e-02
-3.047091284728700028e-02
5.754472736198586874e-02
-6.009987813873410994e-02
4.708671506876353774e-02
-4.222813338515330611e-02
-1.312656527774007896e-02
2.132788012193490620e-03
1.867704538866066938e-02
-3.408217308732068573e-02
6.459436470430508781e-02
-7.178288981441645344e-02
4.523688480655056049e-02
-3.527970295850719334e-02
1.295069398223829341e-02
-3.998672818405876739e-02
4.538113732532145228e-02
1.251201932585643134e-02
3.491667670716767664e-03
2.617396480674085563e-02
6.320819842195844751e-02
-1.809049703143493504e-02
-3.147149779404398787e-03
1.525554114132905009e-02
-4.007597470870996603e-02
1.264667362805397058e-02
3.474378612447222292e-02
-4.345176673398500056e-02
8.299918442019552783e-04
-1.577763482278521021e-02
6.781207587377899304e-02
-6.938456439595368230e-02
1.257872326085419587e-02
-5.744715884371874581e-02
4.723972545565758435e-02
5.239399947025000573e-03
-1.505408625399233015e-02
-4.249485192066672357e-02
1.061922553842437229e-02
5.202749927214857240e-02
8.107875239769940512e-03
-2.175393337726402171e-02
1.544149620894046115e-02
-6.474004610941325524e-03
7.895182101333643454e-03
1.361384477129520300e-02
-2.270985641227828318e-03
3.657565423057278914e-02
-5.653897371408582451e-02
-2.413820863569378361e-02
5.472987817284800244e-02
-3.899130312913936386e-02
4.112994439298681831e-02
-3.781667364989704100e-02
5.128001434678340284e-03
5.735615241740091991e-02
-5.599798266797739732e-03
-5.928977780936469343e-03
4.456316560654452474e-02
2.014576033305286867e-02
3.355786852819353690e-03
4.804594491739215545e-02
-4.810503675096020060e-02
6.976732914044991851e-02
-1.759949009016931534e-02
7.545908814361396502e-03
3.188014155127696231e-02
2.812546692905777690e-02
-4.757877336855354661e-02
-1.433115183577486802e-02
-1.278725328880145513e-02
5.698858530886584395e-02
-2.183981207773068658e-02
-4.478648528983414367e-03
-1.498001968550482024e-02
1.685949983607302680e-02
-4.335083169412736435e-03
-1.191743333054865947e-02
8.043089487673385496e-02
-1.683681800761498842e-02
-3.428424150628442673e-03
-1.921353886571389863e-04
9.382550788693731769e-03
4.029030933251646213e-02
-4.260261356442023722e-02
4.338278427036105361e-02
1.435231820968814812e-02
-3.183039638621370376e-02
4.459005112766148415e-02
1.428922071996024078e-02
-2.642856785395606561e-02
4.648135909249177800e-02
-1.859559902601764722e-02
2.515058862522152189e-02
1.451593532964401759e-02
1.771440859305008220e-02
-4.195713844014323235e-02
7.766491710568311502e-02
-5.879979556899638839e-03
6.126533302363235123e-03
-3.369229331535408128e-02
6.186952303702768219e-02
-1.800051175413915072e-02
-8.317110978366471993e-03
-1.621931296910657933e-02
4.248878935621822756e-02
1.495513305751093244e-02
-9.207666008534941618e-03
5.387122188255134836e-02
-2.497987410509238879e-02
4.099016870492591669e-02
-3.768671698076975218e-02
7.853197514135719370e-02
-2.242324440269595487e-02
3.205953205030243752e-02
4.294694610355258985e-02
1.972804062850334189e-02
-4.945025036787486714e-03
1.808684613540203351e-02
6.857707536343166099e-02
1.906530080183206979e-02
-2.121338213975831888e-02
3.747017564680666518e-02
-5.393907907328732848e-02
2.871486249028572246e-02
-4.354101349487310597e-03
-1.279233145826650167e-02
2.522379672807134252e-02
2.582412119818210811e-02
-3.116894938201264856e-02
4.009630042978112180e-02
6.359657084470695526e-03
-2.148783631822455062e-03
2.314574272870259866e-02
7.111037660098877208e-03
-3.504516403144734144e-02
5.240578284422576366e-02
3.984098617137027398e-03
6.490023653674534265e-02
-2.305800449355350362e-02
1.796048081387357359e-02
-8.392408909056191940e-03
5.523295922769846239e-02
1.321202428941149060e-02
1.160133476661264068e-01
-2.373502980709658525e-02
-3.395807349951935304e-04
-1.175352428819882722e-02
2.255787394517599215e-02
-6.219838993930651427e-02
-9.577562552883368829e-03
2.964684882148662520e-02
4.167561221835456436e-02
6.899465779313079805e-03
-1.100608024144123474e-02
7.141217614714479023e-02
2.708524551864718855e-02
2.720662440130033194e-02
1.879611162509222874e-02
7.082839467985924120e-02
1.990866016952710059e-03
1.403749086893587520e-04
5.191985347620013680e-02
-4.273034390272910550e-03
2.926896578838604490e-02
1.837450641844296656e-02
1.840302694912713047e-02
8.275576470446716071e-02
9.282557351510602184e-03
6.401330655659562274e-02
5.894087144229732955e-02
6.111736194141351858e-02
-2.528420865397837738e-02
4.733271658858474729e-02
9.778072745142467326e-03
2.253545001616555701e-02
-1.688662837193308924e-02
-7.339289569087395493e-02
-2.747338536803911255e-02
-3.282971691882927839e-02
4.174788539508862695e-02
2.447739605602632790e-02
6.560919687942873280e-02
-4.389844718671705864e-02
-8.586319706159134882e-03
2.656431608828167118e-02
-7.227419141281106463e-02
3.146507030360927437e-02
-1.540799421305445033e-02
8.780269760925059341e-03
1.307050842644786291e-02
9.541981846173976101e-02
4.348040658382622790e-03
7.130233860864631894e-03
4.239571714188133250e-02
5.490368686644651192e-02
-2.364585492964178109e-02
-2.555904404468397478e-03
1.777492575569413619e-03
5.960705581691749799e-02
9.036975635957877548e-03
-2.598804200683414029e-02
6.379774159579202665e-03
1.266337353315475089e-01
-2.259974113423167744e-02
3.652626060120166274e-02
-8.226435787137848649e-03
-5.216866276427453535e-03
3.303495323298094588e-02
2.840068673800634491e-03
2.235237487367170567e-02
8.851420865890978484e-02
-2.855613283864145285e-02
8.298280315705461319e-02
-8.394997381861271299e-03
3.710544393085650483e-02
2.360194912556274824e-02
-6.190126279679355331e-02
2.825690062956314613e-02
2.607159968104503373e-02
5.665816468357304930e-02
4.968779515116423032e-03
2.721385381130364198e-02
-3.862451661868742531e-02
7.998982611204669135e-02
3.120139945757029187e-04
-1.846208373388473836e-02
8.760569607187806973e-02
-5.487441375545592387e-02
8.954326672649519370e-02
-4.502302311590716116e-02
6.428884920588440188e-02
-2.934336875399602695e-02
6.290763488094681943e-02
-1.645990534044994985e-02
-1.162989443125166979e-02
-3.980756839223137389e-02
6.710129222674172944e-02
-8.140812240648991061e-02
3.498388744857412053e-02
-1.086527533902555478e-02
3.679139327205847854e-02
-5.058401332140638473e-02
1.005399921167689919e-02
-7.700412885176904920e-02
-1.487394642151422530e-02
-8.215315535538444958e-02
-7.813936147222752537e-02
-5.571504610061593643e-02
-7.885043110346567907e-02
-6.545479141399869472e-02
-1.111515152608629903e-01
-6.004881661148882971e-02
-1.029793500468602768e-01
-1.172424681130010693e-01
-7.143810334773312287e-02
-1.703476426758455953e-01
-1.271885863830726771e-01
-1.412346584729887444e-01
-1.079584563915552409e-01
-1.228660152073460521e-01
-6.107406468943040595e-02
-1.645959148898419044e-01
-1.295305406043023855e-01
-1.000218457011775308e-01
-1.581582069547780023e-01
-9.273132376774176344e-02
-8.369828209408855524e-02
-1.031764593441977240e-01
-8.258230479979965233e-02
-4.135911914653836452e-02
-8.922306994930682619e-03
2.902186491462949158e-02
-4.765953110429262118e-02
2.818488017285496194e-02
9.842554372379901106e-03
-3.015779835562411651e-02
2.485635837284368155e-02
4.925422103901450077e-02
-2.876727582030533248e-02
-1.184143183993395174e-02
5.883736030951888102e-02
-1.968293064578723744e-03
-3.160801148259612028e-03
5.254654283284113797e-02
-2.548169489893493695e-03
2.026567962683734417e-02
5.208119440751826298e-03
5.176657985479175828e-02
-1.989263956652615253e-02
1.304738940943019065e-02
2.672665717397730047e-03
2.052103363708984718e-02
-1.793262767805776231e-02
5.360979038350954448e-04
4.806160123059594058e-02
4.679814064494824261e-02
-4.537149042198624499e-02
3.134807471560924208e-02
-1.138677808404506275e-02
6.271146275465576403e-02
2.237627212772939911e-02
5.546385474971450569e-02
1.401098959967725377e-02
4.033723195144574281e-02
-1.952275976319128512e-02
-2.309384519925725826e-02
5.753128484518407748e-02
-4.820877893007212422e-02
4.447531729923042548e-02
6.532082646713413543e-02
-3.819470748663183340e-02
6.695836313506593751e-02
-1.680749783426242761e-02
3.123968834589860646e-02
5.880404520132880009e-02
4.440800258469509640e-03
1.878107064761946887e-02
4.724767928604455686e-02
-9.492667517217938389e-03
1.087758051711700848e-02
2.425069504231704837e-02
3.923981583075471929e-02
5.549489716131908446e-02
5.138933325697239013e-02
-4.351565293675010992e-02
5.799840784970464180e-03
1.407353496294044652e-02
3.878016915221550037e-02
-2.255189352066703720e-02
4.093125474579417666e-02
1.996623801493074141e-02
-7.030316928513010832e-04
-2.036595587901064708e-02
-2.082245774688865937e-03
5.278840340093754468e-02
2.641145993178306908e-02
9.475085378218367493e-03
1.991162911844826522e-03
-1.646601301160234218e-02
5.865784596915796928e-02
-6.030435439835415273e-02
2.838163746357220962e-02
-3.082521622210069451e-02
3.029692500241517109e-02
2.698905999531120078e-02
2.854309742738636579e-02
6.618366723125714349e-03
1.975330331585961260e-02
2.727903632600853223e-02
8.827017323327102441e-03
1.777860749941452545e-02
-2.322559024238746508e-03
3.005796577577918294e-02
5.814274272846493841e-02
7.235154918290818971e-03
1.012939027200059593e-02
1.381800964972758035e-03
3.470734378609723492e-03
-2.005098330284146163e-02
-2.263198101189862164e-04
3.068767388584994413e-02
-8.868751574437151730e-03
1.650332857369236558e-02
1.678888055745276012e-02
-1.307783989107012650e-02
-5.549337352997714065e-03
4.291196405231983112e-03
5.150039431071870566e-02
-1.678789836491757434e-02
-1.873218015999938285e-02
3.233711725451452607e-02
-2.384454892753517206e-03
1.460902315728637886e-02
9.048859769570151770e-03
1.885579238537268137e-03
-4.195339475575390192e-02
6.233555436499740865e-02
-3.711564575024939999e-02
8.956219664538531480e-03
6.631748972528161978e-02
-1.262971811234883321e-02
2.960221901569674852e-02
3.517430347924053926e-03
-3.202046146903228530e-02
4.748088454265123048e-03
-6.813220547410303585e-02
-1.381399077659845320e-01
-5.912578104671590423e-02
-1.046357485079929400e-01
-1.126032623301463920e-01
-8.338753619582728316e-02
-2.137963414812200091e-01
-1.482764705780408310e-01
-1.684523556509415765e-01
-2.777633489141099199e-01
-9.813914387682003138e-02
-1.394054035563877803e-01
-3.609558017926731144e-02
-1.477963703382411120e-01
-3.152359167048677385e-03
-1.347673164004192237e-01
-3.266216128703117345e-03
-4.985197819270217878e-02
-1.107387506059374568e-02
8.791108822693474711e-03
-1.368212019017899309e-02
6.615054478532945981e-02
-6.257464233262345632e-02
2.662799988945159513e-02
-1.876713946494540375e-02
7.415244993032268916e-02
-4.131471802994349241e-02
4.812774133678641292e-02
6.404379774967308703e-02
-4.499576358325006742e-03
2.654733467184455450e-02
3.851086761633702726e-02
3.269595659943220350e-02
5.912272540701628276e-02
3.650806883724502794e-02
2.393046920263142141e-02
2.679975572448896337e-02
5.371564820839614535e-02
-2.354411906270164126e-02
2.362159313865869539e-02
1.373574299850045810e-02
-3.036416456541926254e-02
6.616109294587324552e-02
-6.897419011006523937e-02
1.524821203450925540e-02
-1.703637918125306891e-02
6.655567945697327126e-02
-2.636958595130805758e-03
1.110346660354857677e-02
4.801114997207808072e-02
2.984134108222426945e-02
5.247717716520312187e-02
-8.988104594548166140e-03
-4.001371731794515357e-02
6.148713085953962793e-02
-1.303144464731529825e-02
3.136967012925891141e-02
-1.432733995183901529e-02
6.935819187903877192e-02
8.812539139027811275e-03
5.065770928582016136e-02
1.725493473729566678e-03
1.925198094137838684e-02
2.710458377359032181e-02
2.639819508772029213e-02
7.618570420403129873e-02
1.771063468995866946e-02
8.027802028808866952e-02
-5.234499272903221645e-02
-3.733717875203007401e-03
6.519955292525332624e-02
2.741054538511317196e-02
-4.300585367542887616e-03
8.794550616882791660e-02
2.494650908157036717e-02
3.190876747108182393e-02
3.882976454677958267e-02
-2.239521843553447106e-02
8.786106118514364072e-02
-2.113728709842073450e-02
6.341760974630664127e-02
7.083053151974481876e-02
-4.542614676750468539e-03
7.394542763083239434e-05
6.765545027263553113e-02
-1.256037002773587735e-02
9.274329394396419596e-03
-2.103069334438097474e-02
5.749605192892059957e-02
6.608373324267304005e-02
-3.996220702473032849e-03
4.531884581995682115e-02
-2.477788940857305125e-03
7.942746593969907121e-02
-3.658844161153024244e-02
7.481217130048231634e-02
2.017303832912518274e-03
5.700810233116719583e-02
-4.046455129838051612e-02
1.682274084764957475e-02
4.248055449210501322e-02
3.396119823393704829e-02
-8.461916296156550554e-03
9.323899130548957137e-02
-6.409401957173177858e-03
-3.532975469900750953e-02
8.270301838789802240e-02
3.097363441041151716e-02
-1.208422911933290655e-02
-3.107591725368679531e-02
6.370329759545456357e-04
5.042333638462719037e-02
6.348074270520358275e-02
-2.624587555351395873e-02
-1.085903072931902226e-02
-4.826462936644804191e-02
-4.710366838407309409e-03
5.266309137578562005e-02
3.828973832195050470e-02
-3.727225876276607508e-02
1.206242306868760689e-02
7.125010182765345590e-02
-3.051002711518370838e-02
-5.621116124995776536e-02
4.258021910033121804e-02
-6.974783044180123126e-03
3.777328631067682768e-02
-2.520153689562134106e-02
1.863688509154318163e-02
-5.625204899555976551e-02
9.752845326460522768e-02
-2.553960234374255331e-03
3.442259027128545534e-02
-6.041620379591655134e-03
-3.039363511900283754e-02
2.900650833170012599e-02
6.650198396999536070e-03
-1.157853378877987532e-01
2.064504918332567274e-02
6.947708768002160140e-02
-4.322173637985847472e-02
3.122169518450543940e-02
-4.248166581414023618e-02
-2.671581820603511487e-02
3.580790273118755057e-02
5.071428400996152303e-02
4.704424776574133577e-03
-1.167592078441599679e-02
-3.463964079799350393e-02
9.218021577120524834e-03
3.181882895870381117e-02
-2.006806392540215825e-02
2.983937413223733404e-02
-3.689863851235723746e-02
4.044106640462405422e-02
5.379641339607648537e-02
7.211367611869443778e-03
3.682419580052934127e-02
-1.537766345341442208e-02
2.564218090767715272e-02
2.708106477684980168e-02
3.226615578604305479e-02
1.507910116291868302e-02
-1.117096489103601778e-02
5.912398368099152507e-02
1.738304561856775232e-02
-7.480047456525412697e-02
1.062802963187886585e-01
-3.780175428945518196e-02
9.616450137966692235e-02
-5.029916934360653680e-03
4.429185734659166901e-02
-1.735539241969324964e-02
6.721346438114342292e-02
-2.567474778460748092e-02
-8.507811148269759857e-03
7.339720735214544378e-02
-3.257017634005351242e-02
3.152347714108075238e-02
1.278443692245210400e-02
-1.142002718526930784e-02
1.399766855867914245e-02
-2.195807728052418667e-02
6.999204524499232083e-02
-2.722279864469674335e-02
9.996977335522218289e-03
2.387800805499600866e-03
-2.596244881035894569e-02
5.625691818495157093e-02
-1.465995176215121286e-02
1.671218711878477009e-02
2.765818312071087817e-02
6.448997062319258844e-02
-3.347211736470512289e-04
1.608117514821201174e-02
2.581879168498896551e-02
1.171863309987716123e-02
-3.593679670012164470e-03
3.009270361248454068e-02
4.035549409208434579e-02
3.978755411262879793e-02
3.062791132665299010e-02
-2.122414849469364539e-02
6.370911300816957390e-02
-9.454997921500074565e-02
-4.042279522033555977e-02
-1.361325223939862175e-02
-6.027918268580872985e-02
5.453900027398685124e-02
-3.680223285923140547e-02
-1.129594073873623795e-02
3.583137937923975419e-02
3.427255777148505156e-02
-1.689296842320015674e-03
-2.256017865906026834e-02
6.869777400709133064e-03
2.585989792265224602e-02
5.121400040313205809e-02
-5.143899888574821749e-02
-6.229557354463789026e-02
1.684840315476662798e-02
-1.886217792045339400e-03
-3.025136053899585287e-02
4.509214300553162497e-02
-1.329828076687573218e-02
6.861445383204749227e-02
-1.419944251605177038e-02
1.100809357507106095e-01
-7.793858995939934031e-02
-1.235508435132679807e-02
4.551846340351348857e-02
8.855245331624593541e-03
-8.403135104859632554e-02
8.934506862157401419e-02
1.851321288218454875e-02
-2.857759459012253547e-02
7.048673695499906022e-02
-9.991700392792807889e-03
3.786891846103690451e-02
-2.518705694104545270e-02
-2.576292390256611220e-02
2.914188240275158298e-02
-5.690610078495169505e-02
7.106049241465023369e-02
1.083065314255350978e-02
-3.482264275759437006e-02
-3.562451454278585394e-02
3.510204036602202621e-02
-4.755697249650205072e-02
5.778673737542590338e-02
-2.262804380517226960e-02
4.510485901167980705e-02
2.689232251833006959e-02
3.183604834823384327e-02
-1.569575761390428273e-02
2.789891981201050863e-02
1.604718763007225574e-02
-5.094128067199225202e-02
4.188463866151973664e-02
4.356405508794491954e-02
-4.941876996073663736e-02
2.176525775889237568e-02
7.288163903617669685e-03
-3.692374150635511360e-02
-2.964322897417245861e-02
3.460126136782364775e-02
7.337712278772091923e-02
-5.879734405643616962e-02
5.986946896210514069e-02
-4.378263802065728016e-02
3.698258303872357933e-02
-1.471442036289023411e-02
3.161709475148069548e-02
1.654055266719373779e-03
-4.156602716432207523e-02
7.561785769667442314e-02
6.950971207353441594e-02
-8.055635179374878024e-03
-5.409132604954401680e-02
7.109435142650998019e-02
1.243637437334752516e-01
-2.019249583208986704e-02
3.840616881130715088e-02
-2.572360807385209655e-02
8.221414294779206058e-03
6.416134139876580877e-02
-1.615414727647931925e-02
-1.972090837601462796e-02
1.536800086148162534e-02
2.312990801676260977e-03
3.898811611693173834e-02
3.490238749137687321e-03
1.419812104962956192e-02
-1.091324186288969780e-03
6.388055397840709804e-02
-7.097611933339056933e-02
5.266952061178262895e-02
-5.467443792799965563e-02
1.239986121654965828e-02
1.532226426662531768e-02
1.992168589682881061e-02
-2.586512714777420424e-03
-1.720484608627531609e-02
-4.022243788612005905e-02
-7.542146232687196861e-02
-4.013388917956393909e-02
-1.575227628284427139e-02
-5.826715074913613179e-02
-7.480167453727985805e-02
-3.176383078749993316e-02
-9.743640775342302107e-02
-1.088444744438421541e-01
-1.276603612510063823e-01
-5.995439638270037841e-02
-9.562066598372265247e-02
-1.095079921125151068e-01
-1.177850227564497532e-01
-1.126252935251791099e-01
-6.495098781694870482e-02
-8.106162571224895252e-02
-9.702948865551730417e-02
-1.090089005510174180e-01
-4.577224112147097040e-02
-4.980004597512707742e-02
-4.081907846995294631e-02
-5.918891229111337277e-02
9.830896277438952446e-03
-1.051343011399013538e-01
-4.829774439474081998e-02
-6.368521146288363965e-02
1.023365173068552930e-02
-3.455862496000790263e-02
2.395630940829092392e-02
-1.740397655836100482e-02
3.264023212456838852e-02
-8.276010052596143030e-03
3.659187166109328232e-02
-7.430398444986194978e-03
3.649053514143967697e-02
1.059786084358665080e-02
-1.310601637889768911e-02
5.614640923574589805e-03
1.451940927382669791e-02
1.361916212458201374e-02
-8.671177852724060164e-03
1.461523101242835458e-02
8.775876785049068667e-04
2.820635671889788060e-02
1.711179498213732161e-03
3.454232351234216153e-02
1.527031204326138522e-02
1.056506044145347038e-02
-2.990400733704554059e-02
8.502505241248672907e-02
-2.588653192847171353e-02
4.575001811136664848e-02
2.146807189570450192e-02
4.775479487045648785e-02
-4.017538809802054939e-02
-9.891611785647850402e-03
-1.781158012144984717e-02
4.956290164420679156e-02
8.675345593590788607e-03
-4.021985013519154689e-02
4.416994238856920135e-02
-4.192954989430929674e-02
7.119124522752573458e-02
8.389424911407669314e-03
5.231111322049822321e-02
6.384081802748866295e-03
-2.553267633048901530e-02
3.432125987147796597e-02
4.765797633823672802e-02
9.915240114454761111e-02
3.960594846289314241e-02
-1.175038215410566765e-03
2.845320183928988500e-02
2.888330070494881524e-02
7.359266693451600554e-03
-2.637630427729317079e-02
2.270678687040334279e-02
4.641476726945455156e-02
1.387643371011161413e-02
-1.225828422301491853e-02
3.516315264462997053e-02
-2.384011448484295304e-02
8.489386428210587976e-02
-1.937780166542811891e-02
2.669632615432327924e-02
-5.259564210625030864e-03
-2.452497092854855759e-02
3.966110752102793360e-03
2.236002257807234023e-02
7.038887867898456496e-02
-3.387028620002186657e-02
4.737756628813508814e-02
-1.193012186603442486e-02
-1.791702281249032622e-02
-3.665889568392437237e-02
5.813996742206659074e-03
4.116480238512056078e-03
-2.763879184728901262e-02
-5.009229612882479948e-02
-2.780591941103680020e-02
-9.073071478836679249e-02
-4.302109839359698207e-02
-1.260570390758122827e-01
-1.468661140825084366e-01
-7.817220248230666302e-02
-1.029533894046925913e-01
-1.621835111152128694e-01
-8.276793014527261683e-02
-1.385413912509837753e-01
-1.443129916662389267e-01
-1.103828563616558178e-01
-5.399510589302165819e-02
-1.068583673016675756e-01
-8.535132999743362536e-02
-5.168580431561824867e-02
-8.796902142944265646e-02
3.208419710774769451e-02
-1.621198753327800918e-02
-1.621513258152182391e-01
-1.717706049425457571e-02
-4.159418472842930925e-02
-2.346613612867192583e-02
-5.538874932493804970e-02
-7.115946046370547062e-02
3.152904603462531458e-02
-3.296773866419701327e-02
8.152359868457081937e-03
9.999398381480327849e-03
3.783664707920950804e-02
1.527579243736439107e-02
3.098679797046612755e-02
4.040814565328361418e-02
-9.600840045098479880e-03
2.726469400123613523e-03
3.839151106815999904e-03
1.604248365575128635e-02
1.949021947137613564e-02
1.862301773512893555e-02
-1.375928777438187485e-02
1.594834040209797132e-02
3.183491335219422458e-02
-4.365903195364564254e-02
4.949708559036491984e-02
-7.129243914643608460e-02
7.175377539594571252e-02
4.627858207682786912e-02
5.817673034070617449e-02
-7.678301419114275106e-02
6.667303311220450224e-02
9.478894447753280494e-02
-4.997096072476094747e-02
-9.298651887378569722e-03
4.379306001679977162e-02
-6.841263620488303998e-02
3.494559825182955159e-02
-1.199998231068129077e-02
5.244892899632969119e-02
-1.630864527002064482e-02
8.273299786083081198e-02
-4.495574664021523281e-02
3.437891860794647925e-02
-9.562580597743529365e-03
-1.112736805094229411e-02
1.343467175220924154e-02
-1.786428870564550284e-02
-2.024795024629632775e-02
4.602589120138014800e-03
2.347035707179464040e-02
-3.018384701076029172e-02
4.514987621412496800e-03
3.907255969702098930e-02
-4.081854864281044687e-02
8.317523529191937076e-03
-9.943816314692443398e-03
-9.158100609021948071e-03
