2.947825029773930350e+00
3.233711152218967655e+00
3.506461168210400992e+00
3.786412175187872098e+00
4.060193008076334209e+00
4.330759691689083368e+00
4.584612048270926721e+00
4.898599501206388318e+00
5.176896073458574499e+00
5.475351003219927293e+00
5.747621948899757527e+00
6.047831401398902074e+00
6.339907448773169030e+00
6.590347527274495576e+00
6.857106708285095387e+00
7.151318867367239207e+00
7.388564237513566724e+00
7.631393921555199356e+00
7.882859476929743536e+00
8.054513734405396974e+00
8.248724123715883039e+00
8.469812514242281765e+00
8.700508925430407103e+00
9.003300811490868583e+00
9.321003706763244523e+00
9.519478084447079880e+00
9.761122131040256278e+00
9.849954758579361425e+00
1.009758032758371904e+01
1.030630183164862856e+01
1.046975906518794552e+01
1.062287609340438799e+01
1.089663557247392944e+01
1.115574560458908770e+01
1.124686289058901423e+01
1.145569038792170602e+01
1.159135526139488981e+01
1.177538095489629555e+01
1.199179618030428784e+01
1.212106139145243766e+01
1.231160386510452476e+01
1.248290658240870421e+01
1.260262361661840202e+01
1.279506868763244221e+01
1.282324632550302645e+01
1.279771496604745273e+01
1.278088309410813928e+01
1.269760343031488681e+01
1.257602823270278947e+01
1.255717506007665030e+01
1.262354921036716426e+01
1.265743417928256243e+01
1.250163828462644489e+01
1.251968477679768377e+01
1.258380907183786235e+01
1.253525707442477888e+01
1.245781623121946247e+01
1.246764855355045398e+01
1.254340004604281233e+01
1.248581826280846307e+01
1.242550066572475664e+01
1.239807322281620827e+01
1.250621180167752478e+01
1.242714959555317300e+01
1.236996567388673895e+01
1.235451722791659535e+01
1.248699331114620570e+01
1.242615100453481247e+01
1.231483343366137717e+01
1.239760512692044969e+01
1.266138148999350932e+01
1.234696622457276938e+01
1.242867948709592518e+01
1.246434484581701163e+01
1.258017897682746344e+01
1.249632481729590694e+01
1.256830889772532522e+01
1.252468336433013540e+01
1.265653228757970261e+01
1.265411284524590485e+01
1.258599521962956302e+01
1.259993073794264085e+01
1.274905210042336101e+01
1.259264630000919638e+01
1.244285971687027548e+01
1.235579205806446446e+01
1.236946207511175011e+01
1.221556403288121651e+01
1.213466097038121916e+01
1.213749788139723051e+01
1.227579538817242977e+01
1.220495729208043656e+01
1.214313291380279125e+01
1.210604821139358656e+01
1.227185742085320008e+01
1.218831759238897483e+01
1.212476900936430546e+01
1.212537727555478995e+01
1.212495126974556925e+01
1.218574399579322787e+01
1.186313493583310752e+01
1.181654703945477713e+01
1.191482707873963598e+01
1.172131105170949184e+01
1.165744124144852556e+01
1.165417759973549039e+01
1.164821655876147588e+01
1.161985618522969865e+01
1.165241768809528722e+01
1.167716893444059068e+01
1.177096711047326494e+01
1.183440522622021795e+01
1.184233922618682477e+01
1.195401315194030367e+01
1.205524484606890212e+01
1.215609966799966557e+01
1.224360811139371741e+01
1.240360506532615936e+01
1.255060430458738985e+01
1.257356478341070272e+01
1.272186502987326584e+01
1.283348039979708588e+01
1.305845868405651977e+01
1.305845668639337731e+01
1.312319595970217279e+01
1.325666963030839085e+01
1.348807299261445891e+01
1.351567349842893151e+01
1.355526272267076493e+01
1.374042908309288613e+01
1.410066335781255198e+01
1.389526351008821692e+01
1.395902683594799676e+01
1.415769663844793946e+01
1.441443142461896620e+01
1.429933808260527073e+01
1.430892458238295539e+01
1.449545168197496636e+01
1.471396071257673377e+01
1.457927737556519787e+01
1.438081222230034228e+01
1.442314274220007064e+01
1.455236806988160758e+01
1.442232941031714510e+01
1.441419381419827594e+01
1.450103647976295917e+01
1.470090853767209005e+01
1.450116626693184685e+01
1.452419966248711702e+01
1.468146498618187046e+01
1.480533781056501752e+01
1.466822199865577581e+01
1.457991217444411980e+01
1.480745610884601327e+01
1.499595213384185399e+01
1.479887601001169095e+01
1.475874784451686494e+01
1.496604646016069751e+01
1.512697447300425146e+01
1.491644527496277384e+01
1.485592686362998904e+01
1.513863377777927610e+01
1.518496695098733262e+01
1.506227958532401701e+01
1.495563121409003315e+01
1.500566736665898837e+01
1.508288552095278057e+01
1.479722791626900502e+01
1.451619690796845852e+01
1.471090016094645492e+01
1.480562394841453688e+01
1.450156702357670113e+01
1.440426429299156119e+01
1.448959451250143182e+01
1.471743537684149139e+01
1.443918153559064166e+01
1.443923432052289968e+01
1.450701948671741093e+01
1.467234298452475727e+01
1.449454647033997290e+01
1.438898890440457734e+01
1.453965744608909816e+01
1.466353622448454885e+01
1.448955217919002791e+01
1.444621834486954803e+01
1.465278979192514619e+01
1.477849319168758058e+01
1.454365052326780905e+01
1.454956052683394141e+01
1.473085242197710087e+01
1.494522943492590450e+01
1.464654616714013180e+01
1.460952598521489598e+01
1.483163490110179339e+01
1.499998596968675102e+01
1.485549275510036971e+01
1.480949702126816270e+01
1.504667460007778601e+01
1.519217915725204904e+01
1.493799805760090926e+01
1.489044696433073334e+01
1.507955048464696013e+01
1.532456681167592194e+01
1.507751529260446510e+01
1.506349446354396271e+01
1.535402192871207028e+01
1.530115938713999846e+01
1.521902714882507723e+01
1.489852928624821971e+01
1.512971819851875210e+01
1.516620212177700644e+01
1.483118141042881355e+01
1.478418544183263528e+01
1.497665579070627118e+01
1.506960753362286276e+01
1.482540884223654309e+01
1.478535345531892276e+01
1.501722501904523277e+01
1.515502453515530057e+01
1.485755038802913042e+01
1.480032590238239720e+01
1.489832323434437455e+01
1.509668357649346504e+01
1.479644526654200476e+01
1.467926859343270785e+01
1.495765281573435601e+01
1.508938541632819508e+01
1.477623760639707662e+01
1.482663014710117366e+01
1.478776317145814012e+01
1.507863057889252367e+01
1.482968267820383623e+01
1.474432690167082605e+01
1.495432698647295844e+01
1.512416452050862326e+01
1.484661409289095246e+01
1.478176056148762108e+01
1.499364023396315737e+01
1.509145901424784775e+01
1.484701397729533134e+01
1.477203330089496092e+01
1.498108043686000457e+01
1.517463017299461470e+01
1.489604066931355320e+01
1.491115702686491495e+01
1.493402016908694208e+01
1.526283525923709661e+01
1.486729949422532293e+01
1.481537476654247598e+01
1.501427296131477007e+01
1.516291205848545687e+01
1.491254484719441287e+01
1.487468190837889104e+01
1.508190372453624484e+01
1.522722743857954164e+01
1.492206047106564171e+01
1.487148444616964760e+01
1.517012460942303598e+01
1.528313105741592004e+01
1.497111432506518369e+01
1.490043365805293796e+01
1.514078297523309580e+01
1.526243883129501100e+01
1.497571419446510177e+01
1.494781860527172412e+01
1.517356309248138224e+01
1.523302655164533626e+01
1.489115587750685066e+01
1.475844545087953819e+01
1.488734714822977523e+01
1.502003287438904700e+01
1.470516768545234498e+01
1.468188926373381697e+01
1.481124556161447714e+01
1.495704902936321190e+01
1.471254281907119399e+01
1.461972670926038198e+01
1.488960823403839306e+01
1.497286156391995604e+01
1.473806970158217844e+01
1.466005480360328939e+01
1.482831255563253414e+01
1.491059680159397161e+01
1.469190136038538874e+01
1.464075740155553085e+01
1.482264354271537243e+01
1.492592940683408465e+01
1.467987815824802134e+01
1.464144992965577963e+01
1.490203672781531630e+01
1.492330128022488012e+01
1.465661678080256713e+01
1.450613836039956261e+01
1.482546481598861909e+01
1.483310339168957803e+01
1.461901788016660930e+01
1.454869720160285418e+01
1.471801956213020368e+01
1.481136522313820159e+01
1.455197480011199396e+01
1.450432114435769115e+01
1.472370871424651284e+01
1.477049898184334609e+01
1.454899052747222754e+01
1.452546745874106016e+01
1.463979348089857346e+01
1.480387973752368858e+01
1.451917614474802498e+01
1.453934299093532623e+01
1.465057458349571817e+01
1.473083435015958642e+01
1.453398697451605415e+01
1.442341966535213160e+01
1.461836256368914988e+01
1.471490734290332725e+01
1.445022850194393271e+01
1.439640031606061221e+01
1.457473178504212008e+01
1.462392747275947791e+01
1.441071220415533638e+01
1.437025811007849541e+01
1.453512529095131356e+01
1.461836196090742668e+01
1.434757557496469360e+01
1.431379009355586795e+01
1.448909484531070113e+01
1.452142083687808594e+01
1.429772993604591846e+01
1.423166521191742895e+01
1.435316274042267359e+01
1.453699449672999933e+01
1.427160227831702421e+01
1.426523827331941874e+01
1.441152598152635456e+01
1.443051925453798567e+01
1.424486698082874092e+01
1.423218945704709526e+01
1.431815415861466967e+01
1.443729525293533555e+01
1.419460735176618726e+01
1.416957488321356884e+01
1.433643025231220136e+01
1.447841843808672202e+01
1.413161847084103862e+01
1.408552150156128846e+01
1.425901882389252684e+01
1.439133125759541265e+01
1.413675446425979310e+01
1.411060996743563578e+01
1.424694057930184066e+01
1.431151381134282197e+01
1.408595453310612555e+01
1.402556800187947950e+01
1.417660023911634681e+01
1.430137781793350094e+01
1.406532565897817477e+01
1.401938060597555058e+01
1.421281367284710662e+01
1.427005633365087256e+01
1.398003779514508338e+01
1.383596356810684469e+01
1.379507774271924347e+01
1.350514482254348536e+01
1.286067441690165580e+01
1.236848269825684632e+01
1.196155763552688356e+01
1.168413215550821427e+01
1.113701470165956842e+01
1.063900575376686852e+01
1.016096168931749766e+01
9.668375651394182313e+00
9.263182587202932083e+00
8.776399403678889044e+00
8.279671373891202890e+00
7.824736154174932956e+00
7.357971406756468546e+00
6.907743255951146466e+00
6.538220613453090024e+00
5.991191221560320024e+00
5.706093379492355844e+00
5.422197826736752546e+00
5.108578264191083740e+00
4.846351201682022491e+00
4.575676980760682966e+00
4.341942365544988469e+00
4.272310965157458007e+00
4.200333554449343865e+00
4.085885285983741788e+00
3.888811583701654140e+00
3.655009181169734500e+00
3.447859816134365207e+00
3.175639154717886381e+00
2.949171836286470505e+00
2.699614770112892526e+00
2.356615799962547886e+00
2.001096197969841839e+00
1.649582849628793868e+00
1.311747225250162074e+00
9.845008850527720012e-01
6.971675390780545101e-01
4.145216052926588013e-01
1.840924710704287537e-01
6.114030758178802191e-03
4.164201481149168438e-03
8.997205056827673733e-04
9.030475191106118391e-04
8.997210727937929396e-04
9.030492041791223466e-04
9.030469969576914368e-04
9.052711988679359263e-04
8.997214097107387792e-04
6.064183932833395498e-04
1.776521983463654950e-04
1.756105383084385766e-04
1.742445409346106292e-04
1.776521494228179901e-04
1.756121465266710169e-04
1.776522120249201218e-04
1.742435948638727924e-04
1.756104871769867209e-04
1.776529349581241991e-04
1.721649841039292743e-04
1.776503863278729937e-04
1.776521559219747259e-04
1.756129865121673237e-04
1.742436017807599401e-04
1.776504839275436893e-04
1.756137742947355609e-04
1.776504124953769755e-04
1.742443256431113472e-04
1.756113350685475569e-04
1.776528215834063007e-04
1.776520522845045924e-04
1.721633060603082802e-04
1.776504299196950132e-04
1.756128369836056449e-04
1.776512575332231782e-04
1.742444156101187968e-04
3.522591736500796703e-04
3.798735760618656625e-04
3.838710715660084748e-04
3.798728911429223782e-04
3.798749218827076387e-04
3.838724276225243047e-04
3.798742283185427716e-04
3.798762563312468301e-04
3.838734408336574627e-04
2.145388266541535874e-02
1.201221887906877978e-01
2.813211491918072293e-01
4.822000582772767996e-01
7.170473413006239749e-01
9.899520919966270371e-01
1.265239026905497610e+00
1.543401674007566005e+00
1.842872043732948217e+00
2.132567881275571509e+00
2.451323348038023653e+00
2.770897361893359001e+00
3.112440584728736415e+00
3.423621388777831953e+00
3.738741827522503947e+00
4.062009541988888195e+00
4.328249734078150723e+00
4.605985360546074325e+00
4.885242709896473023e+00
5.173354055218826630e+00
5.421437503260037261e+00
5.676491538221628552e+00
5.946965831561689342e+00
6.191682395979967168e+00
6.541332728843761046e+00
6.754363626778436824e+00
6.943538678338423864e+00
7.247036759847490295e+00
7.431206204001653326e+00
7.665162076491477627e+00
7.889549241987256600e+00
8.107355627322675673e+00
8.232907321018597457e+00
8.436892400856432772e+00
8.669115413089354405e+00
8.869744491631520233e+00
9.227119193452264057e+00
9.400889172132647076e+00
9.614568371747024500e+00
9.767081263213546194e+00
1.001679838347443230e+01
1.020744368575743266e+01
1.043262596668771813e+01
1.051645949324373319e+01
1.081415068866357032e+01
1.098086315159986981e+01
1.116567861278420537e+01
1.129283356541987082e+01
1.150392483984879632e+01
1.165163162909340322e+01
1.186025366892940625e+01
1.203200703249980208e+01
1.216732512544432510e+01
1.228576086649417043e+01
1.243879689841669922e+01
1.262988407478461639e+01
1.269054646447851376e+01
1.258490962550149739e+01
1.258729287052167045e+01
1.262852212231182669e+01
1.227205970583254846e+01
1.239506074780152112e+01
1.235502542163309592e+01
1.236295377398311324e+01
1.234957191480960503e+01
1.244820924436363718e+01
1.249831528610287634e+01
1.264199417529724379e+01
1.260897970925666023e+01
1.265680742663458247e+01
1.285435396592258250e+01
1.292906125107739967e+01
1.283359728905699981e+01
1.284921950506460142e+01
1.295604598762393422e+01
1.298762208829965026e+01
1.280725268244742843e+01
1.282092191494842659e+01
1.293751297100080322e+01
1.287542865846373452e+01
1.278816910934179063e+01
1.275933862946070896e+01
1.261539566317471994e+01
1.278576536041968836e+01
1.248865678185057604e+01
1.255125126499549282e+01
1.245834439968979623e+01
1.248797064974248450e+01
1.232039158110453592e+01
1.217108146149109515e+01
1.219732796739481095e+01
1.237200492802679719e+01
1.173132422145675768e+01
1.186041104529322787e+01
1.180579051111527278e+01
1.176500977449909335e+01
1.155799296221251637e+01
1.148848721698451314e+01
1.136706779085718644e+01
1.105559557442219010e+01
1.070119767260151811e+01
1.033383061679935366e+01
9.931777616902168759e+00
9.474088036290124748e+00
9.267767591219197243e+00
8.974136412009928065e+00
8.673915885211089360e+00
8.351626064052261711e+00
8.130600144949998054e+00
7.790786479597905156e+00
7.392198200960490517e+00
7.049934097177119163e+00
6.739907741725660983e+00
6.457622709027224239e+00
6.033552838899643334e+00
5.567192962921258648e+00
5.053359037856887781e+00
4.611480599539866887e+00
4.293197890538778871e+00
3.917292637205562311e+00
3.467927187830618152e+00
3.039610311152462163e+00
2.638699023101204411e+00
2.236929503430203692e+00
1.846856170649724627e+00
1.513187673318306947e+00
1.178303256024828771e+00
8.571480071267059131e-01
5.422885465226776613e-01
3.323441591701011832e-01
3.198656512808066288e-01
3.734252428022056813e-01
4.201410139799092724e-01
5.055825963141297175e-01
6.449846769023436233e-01
7.976591119837439514e-01
9.551306918100889165e-01
1.164402182012092002e+00
1.386409737736164383e+00
1.603125656545062006e+00
1.807199517862936311e+00
2.028855728403028635e+00
2.239629128168500571e+00
2.441547372077616629e+00
2.655114917966386656e+00
2.843873414573216962e+00
2.997079995899579963e+00
3.200487358691360473e+00
3.305711617394274437e+00
3.443028985165440758e+00
3.556072800234417297e+00
3.666991141121649367e+00
3.772590947111643445e+00
3.640198113268651170e+00
3.582789858555647022e+00
3.469632945663856383e+00
3.385850858524070528e+00
3.308299452110904149e+00
3.283128407665083515e+00
3.363849918123947624e+00
3.468891208561371897e+00
3.527003946202359241e+00
3.706150546013315505e+00
3.852915881411716370e+00
4.019079836710009346e+00
4.242458912676633886e+00
4.417998394936713424e+00
4.623321643139501447e+00
4.900656946916712720e+00
5.126209125661635113e+00
5.376428124802422381e+00
5.658904849780176605e+00
5.917415675018455445e+00
6.180415873591422304e+00
6.465722171689597175e+00
6.734272458972537123e+00
7.009697804273045563e+00
7.303236515416881680e+00
7.542949811161008711e+00
7.768906726100877513e+00
7.919815536448994386e+00
8.190941683494580516e+00
8.411466146249296116e+00
8.693168172362348400e+00
9.001400950689840030e+00
9.154916851497636898e+00
9.408055077481160211e+00
9.573255032273413789e+00
9.881521072367258185e+00
1.003812538141461097e+01
1.027258889056511038e+01
1.046146719168039496e+01
1.067340944100392619e+01
1.087262211516351407e+01
1.105270052991724050e+01
1.126023928225192705e+01
1.129560290611426154e+01
1.120034257128076938e+01
1.116589018382858356e+01
1.118386760142293568e+01
1.124285968021562709e+01
1.132622911698486945e+01
1.135464472521729462e+01
1.147311549649673523e+01
1.151217091799222025e+01
1.164859993034183994e+01
1.170847055949216475e+01
1.179737660181401182e+01
1.184097489810910808e+01
1.198057405476093962e+01
1.202788025650485437e+01
1.212622340349440897e+01
1.213655983875012545e+01
1.218570783234798860e+01
1.228287198561198146e+01
1.241467808489852587e+01
1.249716277302069223e+01
1.257839829851312885e+01
1.267313461969661503e+01
1.264267744715283470e+01
1.258637661246386763e+01
1.261639744177838018e+01
1.284798798076595716e+01
1.271571795686451800e+01
1.272738651439209256e+01
1.274290870057560987e+01
1.288447230010838496e+01
1.294964283931337157e+01
1.275189437518620750e+01
1.297347372605821825e+01
1.299295739143087935e+01
1.300633894738228591e+01
1.291811346760560930e+01
1.294500597695094335e+01
1.313427949003254902e+01
1.317885381963941427e+01
1.312727049140532287e+01
1.315665769561626064e+01
1.335123911104900252e+01
1.334446778970400338e+01
1.349090611844670207e+01
1.308445348474366376e+01
1.347435718352615197e+01
1.335902861004569964e+01
1.315776263436143800e+01
1.306019362360808955e+01
1.314751734780779380e+01
1.308269197842339260e+01
1.293487715249521308e+01
1.291921342976541887e+01
1.299619919213482433e+01
1.294594867712384278e+01
1.284741407141029512e+01
1.286826755403739853e+01
1.297089377310880209e+01
1.295881059760157861e+01
1.280041715410734149e+01
1.281894106711668080e+01
1.296702674701487723e+01
1.294632054439654389e+01
1.281230273895280014e+01
1.276437856898896506e+01
1.280919262543020132e+01
1.280123689628569394e+01
1.265456480244135662e+01
1.261719430113380369e+01
1.270412853694479338e+01
1.262650269058384112e+01
1.250803721728672180e+01
1.239652096269981030e+01
1.238953130397937308e+01
1.237320083074785337e+01
1.223014280248638030e+01
1.213727397941727482e+01
1.210633324468868111e+01
1.200322061650062011e+01
1.187195824170827407e+01
1.164826329876730249e+01
1.140535844204834603e+01
1.111848990164153150e+01
1.076579172861612044e+01
1.047066966242602071e+01
1.016879709859837178e+01
9.927652320753228565e+00
9.746991182923467889e+00
9.517131032832361726e+00
9.246832292075913173e+00
8.891443562401180500e+00
8.495168739694722859e+00
7.967638129684718074e+00
7.456830014754750380e+00
6.845890866829956067e+00
6.317151733178256734e+00
5.803513989920441318e+00
5.686218313665847290e+00
5.619400639867299319e+00
5.508966874099987088e+00
5.612337913165502457e+00
5.542784386091852866e+00
5.598185306502529102e+00
5.648246872157066889e+00
5.649512951052070520e+00
5.771644358942200626e+00
5.894765015290919230e+00
6.042910819691623026e+00
6.309973620847437736e+00
6.471209847663559778e+00
6.784374607626346254e+00
6.934909636891432250e+00
7.213028525753760078e+00
7.384541051659913258e+00
7.672434143348822566e+00
7.872196942934021280e+00
8.094547611468804860e+00
8.351006370755099439e+00
8.609668234172177748e+00
8.964184526767038363e+00
9.239792997721227863e+00
9.453133029384083841e+00
9.644518043991581635e+00
9.973916291614957075e+00
1.014596593329234331e+01
1.039341887849790247e+01
1.064304894504452115e+01
1.082355749920096422e+01
1.101519367544021044e+01
1.132129874866938124e+01
1.151717279816746853e+01
1.160232698953129749e+01
1.165059127670053307e+01
1.161214638141976785e+01
1.160301017911200816e+01
1.167373346015347479e+01
1.182460480575292472e+01
1.186758410783360773e+01
1.193385884470617420e+01
1.204576156532429287e+01
1.215549040770267020e+01
1.241339406302830284e+01
1.239295147853284718e+01
1.253710400804336800e+01
1.253529036299726407e+01
1.274997700101962828e+01
1.283464721104955508e+01
1.291616911254151923e+01
1.308227751203350486e+01
1.323485559626257491e+01
1.334962178980114800e+01
1.338261660070048187e+01
1.340751136049380499e+01
1.366060866211615732e+01
1.375096444889692116e+01
1.371347670087259196e+01
1.396197935219415065e+01
1.381943461731873413e+01
1.402807513480832924e+01
1.405735968932825664e+01
1.410714236748604655e+01
1.430749584972509147e+01
1.432118986536275962e+01
1.428369784928353781e+01
1.439197769465013366e+01
1.456262206152218752e+01
1.448083490609550772e+01
1.439739368963403798e+01
1.435602015863275760e+01
1.444447419073288508e+01
1.433872331942126088e+01
1.432624298496480009e+01
1.427459305058365580e+01
1.440378333145008760e+01
1.436922811915161091e+01
1.431537962962191379e+01
1.433285145614556910e+01
1.445804192766268415e+01
1.447012441746271527e+01
1.433761278390429439e+01
1.434199459595653536e+01
1.450196438154811851e+01
1.451756278390150001e+01
1.448375902450751873e+01
1.458144456659973542e+01
1.465789197172643199e+01
1.472270427904826029e+01
1.463387462275911410e+01
1.477594197387144703e+01
1.502221031964345777e+01
1.503029664405936217e+01
1.503413587127883488e+01
1.512887586826658826e+01
1.534744864396428454e+01
1.545697018473797968e+01
1.533558307100951978e+01
1.563901389076496251e+01
1.563787130667986602e+01
1.567152185343584314e+01
1.570173327025579191e+01
1.576415001041573838e+01
1.603210733650650965e+01
1.601829239761436696e+01
1.598585424664900323e+01
1.609187026819148159e+01
1.628219635859252179e+01
1.634175936815267249e+01
1.625243740232523848e+01
1.617699803314164342e+01
1.608484125712951140e+01
1.601695146636175693e+01
1.594817929628267095e+01
1.586966613691909700e+01
1.605840645156299828e+01
1.602948579109354910e+01
1.591683700514967015e+01
1.615441988788458971e+01
1.612053704561518686e+01
1.621612068981998434e+01
1.603791657980444185e+01
1.617318739564106167e+01
1.637709115557859363e+01
1.629570170696474918e+01
1.634973264952749972e+01
1.641858280824282801e+01
1.637494206587889067e+01
1.635244404212501124e+01
1.642788706388371267e+01
1.644755578026033760e+01
1.652369424371488194e+01
1.649154126182007474e+01
1.652190692342647083e+01
1.644079958367010619e+01
1.633521568169063443e+01
1.626994960466650753e+01
1.618913275390860562e+01
1.620465830831220089e+01
1.612806427403628007e+01
1.610683184028160753e+01
1.613281449731696426e+01
1.605485548398790030e+01
1.603385397231459564e+01
1.601339911615976774e+01
1.599782877071108089e+01
1.597728587102321107e+01
1.593143967573015196e+01
1.600055368692748203e+01
1.595643018909885313e+01
1.597846540853101693e+01
1.605313863733879742e+01
1.607257852448982760e+01
1.610468196763137172e+01
1.592849291629295472e+01
1.611663541058068461e+01
1.621177864933612867e+01
1.609757978854211657e+01
1.600008012406219393e+01
1.613299506014312001e+01
1.611244579283530243e+01
1.613167736518431639e+01
1.612726288867997226e+01
1.612513690685308276e+01
1.613993339434585295e+01
1.614839602505900729e+01
1.619592650445749271e+01
1.615730844941823463e+01
1.613888479245040486e+01
1.601974365347889773e+01
1.615161045437297460e+01
1.636720431957332522e+01
1.616226251224512467e+01
1.638724084631905598e+01
1.615077055208709211e+01
1.613529353255187004e+01
1.604184768919431647e+01
1.588061715356895398e+01
1.593354241411614858e+01
1.590322491179752440e+01
1.587742545080592471e+01
1.582716157230702869e+01
1.584767548264596115e+01
1.596307567706038455e+01
1.600145057738893684e+01
1.592984654328244787e+01
1.588330834424888494e+01
1.607521099115886898e+01
1.599291783339461226e+01
1.590354131354000167e+01
1.588651259614775491e+01
1.600525866109098416e+01
1.597758900647849245e+01
1.588927942489001488e+01
1.595767732701659369e+01
1.601128039293749339e+01
1.613157723951659150e+01
1.592396012984684539e+01
1.592460985297649501e+01
1.612343177919718684e+01
1.607096115364563715e+01
1.596853592328166904e+01
1.589765842376588445e+01
1.593667984124955517e+01
1.588090203067048201e+01
1.567526598611973832e+01
1.554965448950330043e+01
1.558534954971919717e+01
1.553147745445504846e+01
1.529794255464218722e+01
1.523033973204069191e+01
1.536431484086091537e+01
1.535684268669141872e+01
1.519474009202889242e+01
1.524253951036884658e+01
1.538325845055391738e+01
1.538731814592309632e+01
1.541550029970705005e+01
1.539178902702589191e+01
1.536923296189023880e+01
1.536216708313383883e+01
1.539234943268916922e+01
1.535505123797134530e+01
1.535664966706086254e+01
1.532449602389922205e+01
1.530307106357362912e+01
1.527555244632574727e+01
1.540424340900328914e+01
1.538792216046416783e+01
1.515877553546367018e+01
1.513021303476917900e+01
1.516756836910850126e+01
1.508555701645961911e+01
1.489057936452490338e+01
1.476493269742699610e+01
1.486111989512015796e+01
1.477660317204064100e+01
1.455434535540793561e+01
1.450578236964415524e+01
1.456838195523111779e+01
1.456809328322133723e+01
1.439099477955866924e+01
1.438939067661009830e+01
1.445530793229931099e+01
1.444436502894197005e+01
1.443947486964779614e+01
1.442446826866959597e+01
1.441070258979327789e+01
1.438747136893026202e+01
1.430500745246527572e+01
1.440816675614175857e+01
1.443267204981258089e+01
1.444531688107639589e+01
1.432976086994895404e+01
1.435121021933148278e+01
1.441616062239152996e+01
1.445358958984398967e+01
1.443934767936767471e+01
1.439862783806302282e+01
1.442085414399386245e+01
1.438737544211959474e+01
1.440388182074218193e+01
1.442679591680260920e+01
1.442441856597922722e+01
1.444554122678387742e+01
1.445078650632856743e+01
1.455354921188232531e+01
1.442471428544724965e+01
1.445157657963182807e+01
1.437513217212960370e+01
1.425303884010052613e+01
1.412848922692845299e+01
1.452705917687408821e+01
1.358179285303817529e+01
1.388882008388159583e+01
1.384853417725675406e+01
1.384629552915420980e+01
1.358854717319156613e+01
1.358692543722969326e+01
1.350009418951803042e+01
1.341758500478953842e+01
1.329566324032299107e+01
1.323486570060870449e+01
1.319177752097608192e+01
1.303560813380607186e+01
1.300161321426329053e+01
1.290254601671278500e+01
1.284097295849081632e+01
1.272508893173716693e+01
1.256448879307581024e+01
1.243772138317202725e+01
1.232748760930369514e+01
1.226940450554786999e+01
1.208035599099510549e+01
1.186625815859500754e+01
1.164957093241302388e+01
1.134100578503628753e+01
1.105442476190542855e+01
1.080894206712329719e+01
1.050273402260566513e+01
1.019052483620894023e+01
9.818813540007814922e+00
9.476675756348935664e+00
9.099557315384380729e+00
8.641523170087324957e+00
8.321821864778598865e+00
8.056821611348899737e+00
7.761199183923944922e+00
7.584749201624507720e+00
7.410584270449030342e+00
7.296566589602411668e+00
7.090025864318335813e+00
6.946010474056549810e+00
6.785746354524279766e+00
6.588249732587812879e+00
6.412420964822350022e+00
6.319287609811815365e+00
6.201312671592189574e+00
6.126680676821979254e+00
6.107663941288814513e+00
6.114084362530896044e+00
6.157802419791211790e+00
6.210738484490416766e+00
6.254789612889943839e+00
6.253774294950943613e+00
6.295905379165652960e+00
6.372800950028747913e+00
6.393838934848583122e+00
6.486054380300912747e+00
6.611954205676497942e+00
6.696875717973507669e+00
6.789154870136806075e+00
6.896804702514867991e+00
7.044001016951903615e+00
7.147556779683418959e+00
7.307539088284006112e+00
7.422413162995434632e+00
7.616920924580209196e+00
7.759676464936950957e+00
7.895700065930934208e+00
8.049725413751826153e+00
8.077562074651959634e+00
8.197198164026588074e+00
8.295100051710480926e+00
8.448026539830582493e+00
8.697278816305070492e+00
8.860812941189847081e+00
8.999415292417374701e+00
9.109055750852123268e+00
9.281918985483157414e+00
9.466845544598527340e+00
9.572016943457906990e+00
9.659840609708561843e+00
9.839406990587844959e+00
9.986927509631277289e+00
1.007392656345888149e+01
1.020066116765669761e+01
1.032846985330257539e+01
1.052326726961553405e+01
1.064719146420794971e+01
1.069726227839399435e+01
1.082396290154358098e+01
1.095604606604420894e+01
1.106816898150046491e+01
1.113682738715165321e+01
1.134774551911390894e+01
1.142377866993074953e+01
1.137674909033515824e+01
1.129766552957550019e+01
1.122261907745016885e+01
1.121682209835724109e+01
1.125618763335850225e+01
1.129834150442256302e+01
1.134304520585504328e+01
1.138310521468892667e+01
1.146730523604764151e+01
1.149649815234383254e+01
1.157069579640969437e+01
1.162089666626124362e+01
1.170440014528926653e+01
1.176427490246076069e+01
1.199605622230026292e+01
1.165531593516830000e+01
1.190238612155328290e+01
1.200513006439678243e+01
1.201589572540017237e+01
1.208296337454530089e+01
1.202728427625604901e+01
1.212846306916553907e+01
1.212936828327005934e+01
1.219906719358618119e+01
1.222172977919446879e+01
1.228513117040653135e+01
1.220293792795123622e+01
1.214018088957665498e+01
1.209691281518197492e+01
1.212775374080279356e+01
1.197758683085364773e+01
1.195112169988973960e+01
1.190250168905906492e+01
1.190214980108849119e+01
1.190749643570752880e+01
1.181042246645639260e+01
1.179098053720229089e+01
1.184403524665755469e+01
1.172685276289650425e+01
1.170127630090452087e+01
1.169962988341147359e+01
1.162073526397754719e+01
1.149042599619051863e+01
1.133195554091883395e+01
1.104889061888910184e+01
1.084218251724580817e+01
1.056786032153519095e+01
1.026763544107312853e+01
1.004080903056270557e+01
9.788326237903659077e+00
9.549412039951207021e+00
9.261923225312802543e+00
8.946828488767081922e+00
8.609304349803807099e+00
8.268289624718057951e+00
7.928673569578860381e+00
7.542486650939122406e+00
7.231054012082364757e+00
6.725153479447696370e+00
6.337295148524381361e+00
5.917553953631373709e+00
5.683196423141018805e+00
5.510074338801507210e+00
5.384435596024075288e+00
5.319887518999385279e+00
5.171298565725020779e+00
5.098658468269594124e+00
5.082071854467248961e+00
5.045550218482228289e+00
5.095996611865546200e+00
5.166540896784707293e+00
5.230423968128049772e+00
5.343781926444028052e+00
5.457601465142694508e+00
5.541997582713693582e+00
5.681823439987587321e+00
5.800739137243984267e+00
5.946597461135315399e+00
6.092096452723234634e+00
6.215390517698394568e+00
6.347161450588018283e+00
6.400077877290032191e+00
6.567814809468865533e+00
6.617169807578994423e+00
6.766135504086239649e+00
6.887786732805428969e+00
7.107904354654039913e+00
7.322916146621355260e+00
7.532778962933416089e+00
7.721155115605864871e+00
7.876775316996475595e+00
8.015291930669521392e+00
8.231548564258314826e+00
8.454727183852559946e+00
8.767370270440308033e+00
9.048969403761704555e+00
9.263742660297207721e+00
9.470113513373194181e+00
9.571189411236080247e+00
9.712745192258900317e+00
9.843199504475656170e+00
9.996829250278205237e+00
1.012484821816969394e+01
1.023645809814314056e+01
1.027728935750300820e+01
1.021133888902638631e+01
1.016384027079078400e+01
1.014492022459087117e+01
9.990066687795410516e+00
9.968642137855875163e+00
9.899221786604304185e+00
9.915187948156923170e+00
9.966784823389026826e+00
1.001702128565881189e+01
1.007935434421747445e+01
1.030009871961668999e+01
1.044637175738194301e+01
1.057423919915092192e+01
1.072949127468929476e+01
1.090813482566658443e+01
1.104062333167203747e+01
1.117594568082341056e+01
1.134324822171578440e+01
1.150345470909362433e+01
1.166722131291242270e+01
1.183421697639824544e+01
1.196306302867938776e+01
1.225238114850219695e+01
1.218999248874408714e+01
1.253051672495628210e+01
1.264964766013889808e+01
1.285755538636349371e+01
1.295220497674596949e+01
1.322116116383894813e+01
1.339008931639152600e+01
1.345437459706396055e+01
1.359293375997552822e+01
1.394486582526649343e+01
1.394391695302808110e+01
1.403617274532723336e+01
1.421774972961956429e+01
1.447893401914917355e+01
1.450383962916975911e+01
1.447854479742666634e+01
1.471483012746265828e+01
1.505961806507831291e+01
1.498249908990809409e+01
1.497965514552497446e+01
1.520838830003249598e+01
1.550728565207430165e+01
1.548791977356457927e+01
1.544709029228178210e+01
1.567367406684375730e+01
1.602031140368771744e+01
1.589619761517406715e+01
1.575661680241850071e+01
1.583433179221527531e+01
1.596419211171970609e+01
1.565343634257428462e+01
1.535949057745318669e+01
1.538117407784581303e+01
1.549412039371424399e+01
1.517711948854335446e+01
1.494850663719070205e+01
1.498950754548252640e+01
1.517090606942252151e+01
1.489268771868382224e+01
1.465473179956433114e+01
1.469810779360345698e+01
1.489888414430430608e+01
1.480939862237383942e+01
1.455418420130360424e+01
1.466389078636853149e+01
1.488151741521842020e+01
1.476420172008341858e+01
1.459851947789539217e+01
1.475831408948357293e+01
1.491224893782219674e+01
1.479728003613000276e+01
1.461729814746815137e+01
1.474389818026819654e+01
1.495327048318020857e+01
1.491463435335706222e+01
1.473843386090120333e+01
1.491647587303192601e+01
1.518940233810422491e+01
1.492938286835297923e+01
1.491244148515007240e+01
1.507743782632938512e+01
1.536395079834267463e+01
1.532692725058458372e+01
1.512233723558564691e+01
1.531011169514933457e+01
1.552663273673689481e+01
1.545916661585301810e+01
1.533784242694679634e+01
1.546676362514369352e+01
1.578495502535114170e+01
1.565495637500819370e+01
1.547698510321575682e+01
1.560739315329576726e+01
1.598195359574314267e+01
1.581906651997353563e+01
1.564729272617196898e+01
1.576522595135462801e+01
1.613323404081979362e+01
1.596526898827170626e+01
1.583775864910796649e+01
1.600370301531715711e+01
1.631662919200665129e+01
1.606766872582013761e+01
1.601636487378135598e+01
1.605224069937021625e+01
1.626149630712524896e+01
1.597847162749229888e+01
1.570131089263593793e+01
1.573358872485942328e+01
1.582194460506391387e+01
1.568440888518438570e+01
1.536350258604281294e+01
1.535575114470800351e+01
1.557513413972796990e+01
1.542069201087883634e+01
1.525559319059730612e+01
1.533372135950783210e+01
1.565196825083059906e+01
1.555353376897864592e+01
1.534770010166298881e+01
1.544631872080440615e+01
1.566926516050115126e+01
1.557748931808164805e+01
1.536445464532481431e+01
1.555700536187646499e+01
1.574581670590979776e+01
1.566321074659318668e+01
1.560856885376741943e+01
1.556974693105430418e+01
1.584977058337246270e+01
1.577904212711059806e+01
1.554117467722742774e+01
1.568599603547614763e+01
1.597225266090774554e+01
1.584767330722925038e+01
1.562801379144866587e+01
1.576369024100703520e+01
1.602529996006457580e+01
1.592166007136600214e+01
1.576857797664887073e+01
1.580575976306373320e+01
1.612383691028637500e+01
1.601390061304370960e+01
1.586204171701131216e+01
1.594903458642343352e+01
1.621367838293513586e+01
1.611783818888066122e+01
1.579435758773432852e+01
1.589201889813821111e+01
1.601436286694283240e+01
1.585285466011036171e+01
1.550257575395841769e+01
1.556531483677541416e+01
1.582017880389056508e+01
1.564488696014486813e+01
1.532012432199040752e+01
1.535652929504846576e+01
1.560783209558653795e+01
1.549332040519378673e+01
1.509641904823642200e+01
1.525602459010667999e+01
1.558746224451494555e+01
1.535893233573501071e+01
1.506846918236812805e+01
1.510418280130871871e+01
1.538108501656585148e+01
1.524492033664762225e+01
1.495620950932819149e+01
1.500588900968726591e+01
1.525714741238897254e+01
1.513981391888322037e+01
1.495584605667310818e+01
1.489983657294105690e+01
1.517095115724132803e+01
1.503080107740472648e+01
1.478626969889737275e+01
1.477002915668318472e+01
1.506060930288901289e+01
1.494157237176990272e+01
1.469938872510199701e+01
1.471414106385354437e+01
1.498672076532443498e+01
1.482445535199405384e+01
1.459630595279207199e+01
1.463175946828155105e+01
1.487463874339198178e+01
1.477003962909121704e+01
1.455234078950803500e+01
1.457317106395584361e+01
1.477861997877600508e+01
1.470239851409756504e+01
1.448002519489974738e+01
1.446289915068551224e+01
1.469483214153236261e+01
1.458840020857076958e+01
1.435971279529319133e+01
1.431932626024481081e+01
1.460431801546301500e+01
1.449577422286340678e+01
1.428003650126224144e+01
1.424587475645320822e+01
1.453571524430015671e+01
1.444411379908054194e+01
1.423330533159768230e+01
1.423506146400344718e+01
1.442791019355338022e+01
1.440655185200055222e+01
1.414825726617354995e+01
1.419333496410160222e+01
1.436730389566462485e+01
1.435746545381284989e+01
1.404677193815301095e+01
1.413040552860738508e+01
1.436446770998385958e+01
1.424851390739362067e+01
1.404145006244187144e+01
1.410599195454941857e+01
1.432178245517490645e+01
1.425568274420369974e+01
1.392821540854869156e+01
1.398841875552370695e+01
1.428731099869167487e+01
1.415733082326483228e+01
1.400517890705979696e+01
1.399019110553750167e+01
1.417909773485684255e+01
1.417894260311463839e+01
1.393218963414376965e+01
1.397699445920994421e+01
1.417253896759362597e+01
1.415917083092061546e+01
1.398656091501854348e+01
1.394539051379271299e+01
1.415319055148583338e+01
1.413986834894324573e+01
1.393462436015433958e+01
1.391464668002335259e+01
1.421239393367459947e+01
1.408280714152492408e+01
1.389712215770822823e+01
1.384995381486803190e+01
1.412595746333004776e+01
1.406211579624013908e+01
1.380710260173784043e+01
1.381240056051463760e+01
1.415349184076731248e+01
1.405476948811004334e+01
1.377201201892816940e+01
1.380278024348069366e+01
1.407054687666990489e+01
1.400694932752722366e+01
1.376689370291528114e+01
1.368355576593178213e+01
1.390678688199452395e+01
1.382816699978277697e+01
1.374683309692381705e+01
1.368623996567579759e+01
1.394403696309955443e+01
1.398022664173980267e+01
1.372662658159153715e+01
1.377829539036198092e+01
1.402829903252516530e+01
1.410034882692771596e+01
1.382358239453965609e+01
1.391945901409904707e+01
1.425372438550658138e+01
1.425043091037433740e+01
1.408779316759504141e+01
1.407125375888203855e+01
1.431721803475205768e+01
1.435923734316783040e+01
1.413507761091811332e+01
1.417990315475620910e+01
1.451290295692475851e+01
1.453034764982371385e+01
1.430790154575563200e+01
1.427972357206695264e+01
1.465195138215424819e+01
1.461356915767050424e+01
1.440766551796306238e+01
1.440425042547803614e+01
1.472051543366046644e+01
1.466335084539383615e+01
1.430425788851064617e+01
1.423316396382226579e+01
1.436435043175299597e+01
1.425391631989629637e+01
1.396929294081866857e+01
1.383055152631549412e+01
1.400595460233312117e+01
1.393905193245758944e+01
1.370793723029732014e+01
1.366277611130412772e+01
1.381143293491137847e+01
1.386845815305973950e+01
1.359783293338908727e+01
1.360192733353505901e+01
1.382963856798075497e+01
1.386678341823533245e+01
1.368402254303314436e+01
1.370069933103447646e+01
1.392861799292636782e+01
1.394702775575579956e+01
1.380209005915447129e+01
1.379044354249187521e+01
1.405527138039424706e+01
1.403056135312088948e+01
1.381096063679622787e+01
1.380815769880378951e+01
1.405997716490844418e+01
1.400340505715552375e+01
1.383462863263835807e+01
1.388090955473994548e+01
1.412411743757767546e+01
1.403066203907347820e+01
1.379519059465656738e+01
1.375122977823639303e+01
1.388989852356239574e+01
1.385241760636137975e+01
1.350336928314979623e+01
1.348156622659453596e+01
1.350812990334730657e+01
1.349214892057063153e+01
1.324364080659402987e+01
1.304184744435486287e+01
1.319869056993502276e+01
1.312292147580822821e+01
1.296667795132564116e+01
1.275572795770745316e+01
1.262827675544441064e+01
1.247062917582340624e+01
1.198344655064197894e+01
1.171346468407433683e+01
1.135191478811210786e+01
1.108529903842830500e+01
1.069797498575099048e+01
1.032699508692076762e+01
9.990026263752394442e+00
9.659998435952502405e+00
9.330348710393638001e+00
8.970490227549721141e+00
8.551191513536180011e+00
8.455881972969333304e+00
7.343351883462354124e+00
7.270548239849141225e+00
6.981187248732865669e+00
6.729044457475652052e+00
6.406587304456111021e+00
6.058853954624209059e+00
5.634168340688608723e+00
5.367057733914137430e+00
5.252089952564372055e+00
5.077408760026797196e+00
4.988831891124233309e+00
4.881858476098410726e+00
4.761493325565904655e+00
4.595682386070008896e+00
4.650108946670491683e+00
4.608180102740708328e+00
4.650433319017679423e+00
4.704703189172502853e+00
4.760870134993955283e+00
4.845588056298726798e+00
4.987731642104652252e+00
5.100089652338072099e+00
5.276957001240153211e+00
5.461153858658334137e+00
5.689775282830743741e+00
5.882941462241377373e+00
6.020372393941229916e+00
6.256118636654871779e+00
6.466062481550961749e+00
6.700467439149190518e+00
6.914722429512296209e+00
7.117618227120985352e+00
7.449352222071945029e+00
7.624946561793148447e+00
7.872072225624409114e+00
8.130357031889561270e+00
8.229870108889004499e+00
8.461340778557540077e+00
8.676857156496332379e+00
8.886197195318629838e+00
9.310901789079922608e+00
9.491271399280092780e+00
9.740479959305217150e+00
9.881707332587671644e+00
9.940143329587419530e+00
1.026670584485447790e+01
1.035872467387509310e+01
1.051396383708211069e+01
1.083084186225992696e+01
1.089420960115512926e+01
1.126594243311846988e+01
1.124617741017334538e+01
1.156036173987735971e+01
1.168035795140916555e+01
1.188755181961104768e+01
1.208031351208426329e+01
1.222066520648547794e+01
1.241508864518208810e+01
1.263553733215421460e+01
1.283964628294734567e+01
1.291525366767540639e+01
1.309100333265767269e+01
1.331590881288530959e+01
1.352918535035161796e+01
1.345661592658166761e+01
1.343553766292112428e+01
1.372058716647794441e+01
1.392254076374620730e+01
1.391258639620211035e+01
1.402390560464316671e+01
1.415629676986555019e+01
1.442483829051722388e+01
1.434641353875617753e+01
1.446356618041827247e+01
1.469550054477331713e+01
1.491902871056487356e+01
1.470408576739764328e+01
1.454344315955653144e+01
1.475454237496469467e+01
1.474787009505801016e+01
1.442671884429899443e+01
1.446767862349934575e+01
1.472588354404104827e+01
1.467625361985592036e+01
1.444811102259744651e+01
1.449879532085999401e+01
1.474714608030521212e+01
1.481238857990299174e+01
1.456191994017670943e+01
1.463081057875397128e+01
1.485040955363726667e+01
1.491501664594670373e+01
1.450056282585335943e+01
1.439611974713714204e+01
1.455207981782044158e+01
1.452890740816586757e+01
1.417479608943330582e+01
1.410752284811269774e+01
1.417237060327476250e+01
1.422010365829002865e+01
1.379967008571330034e+01
1.388143988350434554e+01
1.386537126900300265e+01
1.389910493562577010e+01
1.349714341807180418e+01
1.348236610810134195e+01
1.358332581892940460e+01
1.362995716005018743e+01
1.332951387592967762e+01
1.323919016352356159e+01
1.327046996254962430e+01
1.327083654042970373e+01
1.303638629847158725e+01
1.299805526392957766e+01
1.299229617687134208e+01
1.303124600793506538e+01
1.294105888200546950e+01
1.254428110510054317e+01
1.267507787812497710e+01
1.266084282715195997e+01
1.252546117240078338e+01
1.247161098892785880e+01
1.240637477643453934e+01
1.234120918425310443e+01
1.211583739167818230e+01
1.194163778423439304e+01
1.174151131108003021e+01
1.150823727401706797e+01
1.106774993138577834e+01
1.067861453572973218e+01
1.015662810038145203e+01
9.609188336814117548e+00
9.138104744482896891e+00
8.488302576790392351e+00
7.868439403164433799e+00
7.281949516961738311e+00
6.725091071082071714e+00
6.212480157730237096e+00
5.808137518387741949e+00
5.530624593517327270e+00
5.376149022508763586e+00
5.238477058361763916e+00
4.972386099518037561e+00
4.866076025220487544e+00
4.774408754477205363e+00
4.747649034716932448e+00
4.827066467211872158e+00
4.797973547101025638e+00
4.849818226358613593e+00
4.839329066478121888e+00
4.905453952522568883e+00
4.983231723104609934e+00
5.167477120425147952e+00
5.340708175112779621e+00
5.607355682559289178e+00
5.851638569549731272e+00
6.143008185410566036e+00
6.423902857674780087e+00
6.660577741413320041e+00
6.994339047227126294e+00
7.217066254248359236e+00
7.540089931565533199e+00
7.833830495731316290e+00
8.113891776840695513e+00
8.302918063162341156e+00
8.580744875583562248e+00
8.877594978437254980e+00
9.169994720232185870e+00
9.555921679419954629e+00
9.814091111325408789e+00
1.006900470419795468e+01
1.029934314656121686e+01
1.060057750913615315e+01
1.087197881670292787e+01
1.110528460268821149e+01
1.136896920278850587e+01
1.163132908542732480e+01
1.186292982177493727e+01
1.205022135502067826e+01
1.236656589736459289e+01
1.254842792958970854e+01
1.281540876006269691e+01
1.304730719417618090e+01
1.333760101644062068e+01
1.349012868537133514e+01
1.352254930297994306e+01
1.375346258299483360e+01
1.321747022737596744e+01
1.345065944110161027e+01
1.353034585666939549e+01
1.362215878948057046e+01
1.376941013524586133e+01
1.387111960638016939e+01
1.405568023425836799e+01
1.420459402674884331e+01
1.443239853188082300e+01
1.461092263173848416e+01
1.477448295305026527e+01
1.495250239918683910e+01
1.514858774596973667e+01
1.527155798821247323e+01
1.541854041680119813e+01
1.547431508465500727e+01
1.568217885159876346e+01
1.570483483043848238e+01
1.588124911557091146e+01
1.583736542073808984e+01
1.601064680103744564e+01
1.632326838144810921e+01
1.592065176709403218e+01
1.620196817423328284e+01
1.621648285612196361e+01
1.631440949344687752e+01
1.636183568571622260e+01
1.629434779836091352e+01
1.618831792781728751e+01
1.609655640456803383e+01
1.614622938136495023e+01
1.611358050622535387e+01
1.611528491339867841e+01
1.610889811008625827e+01
1.620146080067377525e+01
1.618257955324910213e+01
1.627381850362546700e+01
1.636180230409278735e+01
1.649593368896323042e+01
1.655506191659345916e+01
1.671427288069120820e+01
1.661730333982330166e+01
1.673744213399060854e+01
1.692676097953436454e+01
1.704225539178503368e+01
1.710676930705736964e+01
1.743361011383567671e+01
1.722283568148283450e+01
1.742368533187344681e+01
1.748015632992673929e+01
1.742256587378329158e+01
1.727593989204069658e+01
1.731366505277062728e+01
1.707126258387950912e+01
1.705643880222556064e+01
1.695680657651104539e+01
1.686703546277924914e+01
1.677042269898868199e+01
1.674199965518135258e+01
1.672301936626454477e+01
1.673866982356184607e+01
1.650228005718402002e+01
1.659266185626615453e+01
1.669273552134601246e+01
1.668888518268200372e+01
1.670111619154135951e+01
1.670688519250796844e+01
1.669686546608028621e+01
1.670305998474529829e+01
1.666198482768093569e+01
1.669288952297353745e+01
1.664788453732201390e+01
1.661963592272630308e+01
1.661748068360272867e+01
1.670219918450780128e+01
1.662712508335905781e+01
1.668894867976656116e+01
1.665305598745582216e+01
1.662869531931537992e+01
1.654248183069110922e+01
1.652077784745001665e+01
1.649326383946234387e+01
1.641245525678524331e+01
1.638146105384505091e+01
1.629567854103712321e+01
1.626673891229028612e+01
1.623231809679035820e+01
1.620333238952338206e+01
1.614606065411226865e+01
1.613296327962174814e+01
1.618210013633331457e+01
1.608210272686415365e+01
1.622297471859919327e+01
1.612951151872482924e+01
1.622450882348802637e+01
1.628870738254395079e+01
1.625212207226348582e+01
1.620955012154630381e+01
1.627119834353473848e+01
1.616299826947101081e+01
1.607964792543035060e+01
1.604397893837832711e+01
1.599256471519810852e+01
1.588081680537591822e+01
1.582218043982603817e+01
1.563134546912145417e+01
1.562631407729269917e+01
1.550902317360879223e+01
1.555073465451116910e+01
1.548327127033654449e+01
1.548533504259952487e+01
1.555555717863909848e+01
1.560090801903096569e+01
1.565231378211661806e+01
1.576533810744763286e+01
1.583110554505942424e+01
1.589637978353539971e+01
1.590846189222101081e+01
1.601044526684445657e+01
1.593194556539584283e+01
1.596563111733265572e+01
1.606795635358741947e+01
1.625510471505987908e+01
1.626982378637475080e+01
1.631910620459110817e+01
1.631039940553949918e+01
1.630571292332571076e+01
1.630117765241650574e+01
1.630023738146923407e+01
1.604791789524795576e+01
1.595983661674938325e+01
1.604629046185810282e+01
1.596407936706896002e+01
1.574289202949477406e+01
1.568316495540872246e+01
1.566870456594352312e+01
1.561795151010668903e+01
1.550252338502570915e+01
1.525507641454062657e+01
1.536755679137210784e+01
1.532907987200423960e+01
1.516036892145164217e+01
1.514436888975206941e+01
1.524285153840358298e+01
1.534915743695117918e+01
1.530916489806659975e+01
1.523144994251013529e+01
1.545343463675172835e+01
1.557034727744180280e+01
1.545968129782262679e+01
1.553054981147222513e+01
1.563109878087080951e+01
1.578531202319049065e+01
1.564139470921770680e+01
1.570039804324998300e+01
1.588306044438624554e+01
1.596447753551138682e+01
1.584116730478691970e+01
1.585772940057622726e+01
1.606597441362515255e+01
1.608712883299806862e+01
1.616963578158427950e+01
1.606959326485240425e+01
1.622478248691330549e+01
1.610030475823801766e+01
1.612588551983743912e+01
1.609164545818542891e+01
1.603364325221053477e+01
1.596937924363170325e+01
1.566150050575589958e+01
1.564712282028900603e+01
1.577897175702459265e+01
1.577095380733171481e+01
1.559249329962341335e+01
1.557746006673784400e+01
1.571618778319015242e+01
1.554412500685368670e+01
1.553195739982126611e+01
1.549290582168288744e+01
1.556911213755963352e+01
1.560172910234104826e+01
1.558633941595298822e+01
1.557928378810856529e+01
1.572950275876127080e+01
1.529716327281845167e+01
1.535614583627113561e+01
1.529342444632613685e+01
1.527242131773208733e+01
1.509224096360749989e+01
1.503522777726556825e+01
1.496458966398583534e+01
1.500126252754422929e+01
1.499528474429339120e+01
1.481791354544471773e+01
1.476777577380458339e+01
1.481062508682870593e+01
1.484264455480189326e+01
1.464860471770377792e+01
1.460769177986202116e+01
1.461978437081600823e+01
1.461751078111330315e+01
1.455009964826469471e+01
1.442401969498235204e+01
1.444915800534821315e+01
1.445010284458999372e+01
1.437441751531628320e+01
1.442459582501574467e+01
1.452653044355150413e+01
1.463069720633283133e+01
1.455267430983505328e+01
1.453449623367541577e+01
1.467000206497777093e+01
1.481556570911528148e+01
1.468731324721900222e+01
1.465499724927890846e+01
1.481167978862157142e+01
1.495988901355411116e+01
1.481419430578475271e+01
1.484220908643742831e+01
1.488349640552261022e+01
1.501477695662808465e+01
1.493799052585423048e+01
1.491011816937272805e+01
1.503481475053054695e+01
1.512923410370068389e+01
1.490794647468905154e+01
1.481150766949924602e+01
1.482415205811256520e+01
1.483473205444084186e+01
1.459155864492839250e+01
1.445076299896131822e+01
1.447376878124305399e+01
1.442063857519955938e+01
1.424441118958740482e+01
1.413733978601932684e+01
1.408702462748696504e+01
1.411450620099096120e+01
1.393555595128513325e+01
1.374192345434885887e+01
1.352650282650637514e+01
1.328115078574240293e+01
1.292233801442602825e+01
1.258040382307685512e+01
1.224236423540284946e+01
1.197039097197840007e+01
1.154917260943966184e+01
1.121021740721694115e+01
1.090894132742871747e+01
1.060989395297005622e+01
1.030319811214454440e+01
9.920430266054838242e+00
9.625690599293532657e+00
9.333921370258954298e+00
9.107125759837341406e+00
8.828088501677765265e+00
8.563057066836373465e+00
8.299910503300235831e+00
8.001790272817348892e+00
7.731208546481703081e+00
7.539604158105847276e+00
7.397695195663936296e+00
7.251333482535806674e+00
7.200171091516772037e+00
7.123532356336260918e+00
7.098446981176743442e+00
7.045802069960741321e+00
7.043342946592640708e+00
7.047401879107141554e+00
7.103430392096576007e+00
7.143169278998909633e+00
7.201416761820281565e+00
7.265248704839225802e+00
7.407189949031197429e+00
7.531176835629091570e+00
7.664563772900250704e+00
7.821253301557772986e+00
7.976106493247180573e+00
8.133108227580931882e+00
8.287272762325786246e+00
8.484005164722651315e+00
8.708089907774992255e+00
8.940588775012596301e+00
9.097451809552167035e+00
9.302725375064358815e+00
9.504688798835459806e+00
9.764115373392410646e+00
9.983330000579236696e+00
1.021148983474850169e+01
1.036973213399339144e+01
1.056543359933368365e+01
1.076352150116697004e+01
1.096567056998476453e+01
1.129241268455360547e+01
1.119066195918762752e+01
1.154428846121817642e+01
1.169737411155346329e+01
1.190903179715730786e+01
1.209259374611718307e+01
1.227855531151867119e+01
1.242735953050393505e+01
1.274232671656610094e+01
1.281907097486660518e+01
1.299289667601652454e+01
1.315615028981488521e+01
1.343528568487653629e+01
1.349545216697045547e+01
1.359465730063420352e+01
1.383197993859225328e+01
1.408775954577338396e+01
1.400816297468598215e+01
1.379938284980170771e+01
1.388390933690834572e+01
1.399652589078749365e+01
1.385761175248491028e+01
1.381733270903178479e+01
1.397780760225562346e+01
1.422853607115118102e+01
1.413148951062789926e+01
1.406875432492748423e+01
1.431736839424327457e+01
1.443666819914225563e+01
1.424200792417642170e+01
1.411700775948705022e+01
1.417094762588087420e+01
1.426137917082971285e+01
1.402827017116294428e+01
1.393021643990971903e+01
1.394225940441091005e+01
1.404174383192091291e+01
1.386663204051028053e+01
1.377898537173240534e+01
1.376852128186446045e+01
1.380138132803320161e+01
1.354271269046855153e+01
1.323774639411157494e+01
1.299772280878746145e+01
1.288542399588883569e+01
1.254568551429476386e+01
1.223712463966707098e+01
1.211145376751184699e+01
1.226629005138265072e+01
1.214542965785956241e+01
1.195881732880501502e+01
1.181639083815775493e+01
1.167631146554653476e+01
1.149878557990263950e+01
1.128101789221537921e+01
1.100599563794664881e+01
1.065786412761935154e+01
1.017112839647278122e+01
9.694726070608668422e+00
9.290958113189928369e+00
8.860390528348697003e+00
8.433182968060201290e+00
8.119353081036889463e+00
7.830055016611078500e+00
7.468945952637620955e+00
7.080977609157323549e+00
6.742993874852689196e+00
6.601130907127419789e+00
6.555459977232274582e+00
6.451382987914463740e+00
6.437437774121347545e+00
6.424340874197632445e+00
6.454375300961970652e+00
6.509404138774957715e+00
6.540446947772318609e+00
6.645486768854199866e+00
6.767793963063282625e+00
6.873580009381385914e+00
7.007701334109512459e+00
7.147432231419521109e+00
7.270046737613865773e+00
7.468133268271307301e+00
7.604900910703946693e+00
7.764076904610972107e+00
7.911942167519084634e+00
8.077947746312585053e+00
8.087835980993421714e+00
8.120097120885500175e+00
8.175261464317230775e+00
8.183990635264636992e+00
8.195775710304932460e+00
8.112638190382835290e+00
8.094002728608343133e+00
8.009208208934325057e+00
7.945659499060926834e+00
7.914845108851937816e+00
7.838330950595662650e+00
7.804206758862328286e+00
7.714792122284609199e+00
7.694809101076674374e+00
7.661991941615156954e+00
7.549131602473340585e+00
7.480296932825705625e+00
7.382625501189870043e+00
7.279791641587671336e+00
7.125718475107478689e+00
6.992890210802913842e+00
6.757694572183928550e+00
6.639948841186855688e+00
6.400541998381612530e+00
6.195645002206133789e+00
5.903963890030393458e+00
5.559250753436577597e+00
5.165860170226781456e+00
4.768297472711035212e+00
4.404211000508474250e+00
4.007805463834060333e+00
3.594726713927430151e+00
3.166256865206096283e+00
2.749351690598737630e+00
2.327920099398608667e+00
1.939053814017937194e+00
1.523132499174028709e+00
1.203915629412910082e+00
8.494024938804719538e-01
5.053693628579892794e-01
1.622892772053955990e-01
1.316908524046535994e-02
2.111743844301953998e-03
1.129389594551314605e-03
8.146751936295021368e-04
8.057633756999234590e-04
8.094754680898710473e-04
8.094733798451513246e-04
7.998623138629882591e-04
5.038833892757775199e-04
5.038832912061365701e-04
5.038832528991968101e-04
5.038843799419825140e-04
3.759114317346834715e-04
1.065814103640150279e-14
