4.197671539873722990e-01
5.947682381705420296e-01
9.499000631935569094e-01
9.524810085660389003e-01
9.714301009053420977e-01
9.905451414112572683e-01
1.006109755046047605e+00
9.940745695660623271e-01
8.880448708879857822e-01
7.606282668732230468e-01
5.219295235754624063e-01
4.983895403784090461e-01
4.976203344401570194e-01
2.891129664747347228e-01
-5.449897320672613121e-01
-6.276613255225922394e-01
-1.019813376222796775e+00
-1.078970385396000653e+00
-1.111971761277225745e+00
-6.077535664859912146e-01
5.254139458769168519e-02
1.270075039927031080e-01
1.923433302781717424e-01
5.619210302478909735e-01
1.039104082668215190e+00
1.573873578921357597e+00
1.654781626954562324e+00
1.981907498665839373e+00
2.439485697962689326e+00
2.798581514620246402e+00
3.032575489499858445e+00
3.187465465325762359e+00
3.028973898750613625e+00
2.185479118883942196e+00
1.333430530498746158e+00
8.114829748412137889e-01
2.406530243124690438e-01
-1.032987316016483303e+00
-1.149465540715004730e+00
-1.427676876714015108e+00
-1.436803631825975147e+00
-1.434206714730927867e+00
-1.325827765237263423e+00
-8.171627494043789408e-01
-6.553005792587613954e-01
-2.528173425827483500e-01
-1.380077786156362618e-01
-8.107130706702307676e-02
-4.231957815557491065e-01
-7.098769374078220951e-01
-7.003242724814321418e-01
-5.854435747078218233e-01
8.864494951050433391e-02
3.408639068439304753e-01
3.229575481448493934e-01
2.462149827024837090e-01
2.155479241759206913e-03
-4.905997916961835070e-01
-5.277123581645801753e-01
-4.157557923965166102e-01
1.576396956895489976e-01
2.430912988864788737e-01
-2.361158637427936413e-01
-4.948377586291641261e-01
-4.788940463731787278e-01
-1.222235219927994276e-01
4.182530243564779315e-01
3.614407739567126465e-01
3.342461608662553596e-01
1.387392802961866234e-01
1.474330626946026013e-01
1.085442765509386231e-01
1.438258800701137097e-01
-7.253706297890741284e-02
-2.722121357801296493e-01
-3.465808821950170371e-01
-1.868920993690059984e-01
-1.819918776678632888e-01
4.144909337012827044e-01
5.091996008862298417e-01
3.204134579337107880e-01
1.178867732130398638e-01
-1.158267580088826465e-01
-2.666477545566259821e-01
-3.078004622512970356e-01
-7.857532031630046765e-01
-7.891199427402624256e-01
-8.719549393883661015e-01
-3.526073665145754710e-01
-2.950456073849991312e-01
2.431244536092387887e-01
5.556318888007770740e-01
3.639206891640930364e-01
-7.778152167459442823e-02
7.410408424557746176e-01
1.224001667963251938e+00
1.127957420146468603e+00
8.684836610571426974e-01
2.363917735896243766e-01
-2.212371852561355046e-01
-7.684063204039915940e-01
-7.195108110202548257e-01
-7.829074538529797733e-01
-4.035442697975101245e-01
-1.275432917200123861e-01
-3.688963854785935748e-02
-1.281873475433156495e-01
-2.774641481505735752e-01
-2.233065514277778607e-01
-2.086233418862616373e-01
-1.671479531710950983e-02
-4.322576682034308219e-03
-7.182095950168666809e-02
-4.357813280712170834e-02
3.277676685996412931e-01
2.619209722997113965e-01
1.862525163957336194e-01
1.945222995701160473e-01
4.616559158815097819e-02
7.668935752244417092e-02
-3.766244133373208847e-02
-1.305986149668156848e-01
-7.096076164688391863e-02
1.070307237704280212e-01
1.306570158277266525e-01
1.232445657690443286e-01
-2.863358406951979976e-02
8.669327632643218651e-02
5.954763048926394603e-02
-2.641672318023799426e-03
1.975226972580247306e-03
-1.616333866017932719e-01
-2.507829426548608409e-01
-2.530486417629790319e-01
-2.210924534096314897e-01
-1.617804784407158580e-01
-8.645010843538403211e-02
-1.789319165147719784e-02
1.473304724556206147e-01
2.733335154359053595e-02
3.328002687129263254e-02
2.078820815083036108e-02
-2.635908583251785411e-02
3.684258860808481972e-01
5.258440061085434269e-01
5.236779243817920593e-01
3.792655442640279206e-01
-1.087817481355805305e-01
-3.065506317083970256e-01
-3.354121922541281053e-01
-2.514862473697455081e-01
-1.605031874194728925e-01
-1.410539545155910235e-01
-1.624060209360350948e-01
-2.373962400909329362e-01
-1.574491847702645664e-01
-2.161661013890081584e-01
-2.782301803364953946e-02
1.360717401650124725e-01
1.483452010931635701e-01
1.123813240002052849e-01
2.921605979905236294e-01
3.239685811524046777e-01
4.062903622837665818e-01
3.047787358916602685e-01
2.798812820514576805e-01
3.627719574734446228e-02
-3.210610423870350338e-01
-4.136324963415472511e-01
-1.917160369722806512e-01
-4.678822786820908269e-02
-1.473601056303633638e-01
-3.287509191477789444e-02
-1.043433234238732438e-01
-1.192782266562738558e-01
7.870225343348180580e-02
1.917610245327842911e-01
2.046473721446573357e-01
1.436144088048978140e-01
8.794636048442328047e-02
6.612271752205783892e-02
7.505952650654199032e-02
-1.370442668554018029e-01
-1.516484685514997155e-01
-1.862571550137871457e-01
-2.509828360642905598e-01
-3.851506559307436156e-02
1.104391088230729928e-01
2.949634842848499749e-01
1.502796554906981608e-01
3.136614224707126586e-01
3.597998511796993149e-01
-1.108487291491140198e-01
-7.611642282831228012e-01
-6.195953466741502824e-01
-5.616954773665497891e-01
8.183314393043449042e-03
4.025109402721824825e-01
3.045220792189810011e-01
4.835851354325385043e-01
2.303343014108618081e-01
1.560087504562567007e-01
-3.255087202164071991e-01
-1.931138418271102775e-01
-3.013135519338624446e-01
-3.138495930644285004e-01
-2.511212192062573512e-01
-2.273024579175148274e-01
2.895510369511853366e-01
2.115431402601412048e-01
2.681469875151345494e-01
3.948510632355970995e-01
4.232127299862529224e-01
2.132940426003528955e-01
-5.706589447602164293e-03
-2.306262937041862471e-01
-2.749943930031014117e-01
-2.039014267899768029e-01
-7.495752360913149337e-02
3.244703697635325373e-02
-3.065913700811958437e-02
-4.804068822383610882e-01
-3.593153990581544610e-01
9.318265563503985716e-03
1.143154661100791863e-01
-4.624613952267156436e-02
-9.588230079268970918e-02
1.057323072061516905e-01
2.425873045087280633e-01
2.617073379798541821e-01
-2.213376086000362272e-02
-3.019177534210069624e-01
-2.972894702244032183e-01
-1.580233671070991053e-01
2.251707295833455524e-01
1.644487863568757924e-01
2.503504014805504885e-02
-3.646938543724744658e-02
-9.437191569341979447e-02
-3.248420901685252632e-02
-2.376714699552740211e-03
-1.047682648670465594e-01
-1.381592569134292847e-01
-1.169666206532460478e-01
6.381017242982673808e-04
2.767879855713160642e-01
2.984720817912019930e-01
8.515038871876046134e-02
-4.345318070650110442e-01
-4.615850701445819437e-01
-3.729089280200711398e-01
-3.257445702033869711e-02
-1.685601804730464995e-04
-3.702740039062219629e-02
-1.432259583559149230e-01
3.238049146882463879e-03
2.184007599162490210e-01
6.701403432283509209e-02
4.594259875979352786e-02
2.063596647536447282e-01
8.692384717190794474e-02
2.083996533791271921e-01
1.048207481526220453e-01
1.267131982849797056e-01
1.417290946878693447e-01
4.311125839802628507e-02
1.811131396523088175e-02
1.367070286648983390e-01
1.313136708358506599e-01
2.087325067364102504e-01
7.497712543332653301e-02
-4.823318740570074481e-01
-4.902443931291701751e-01
-7.894661356116550177e-02
1.962073996943576037e-01
2.705485103749591044e-02
1.172178447330764900e-01
1.429921069551275403e-01
-6.973492246503450176e-02
-4.312038641630385194e-01
-3.870499220885876834e-01
-1.075141900109207460e-01
4.872089475997696817e-01
4.159805572582120914e-01
2.503920684757891535e-01
7.223410618574364062e-01
9.799747980330857366e-01
-1.068009339350252246e-01
-3.698722412004438187e-01
-4.672621008381855345e-02
2.501776953619609944e-01
-1.489484495165059041e-01
-2.346117232868668301e-01
-8.677163362483045206e-02
-6.833411502380382085e-01
-1.411555609651072629e+00
-1.506402905113258806e+00
-1.193604206751039287e+00
-9.760497167737497426e-01
-1.672975898845665776e+00
-1.934018396432011233e+00
-1.617907058051576641e+00
-1.410455469673509876e+00
-1.746249983806166028e+00
-8.084743440923658486e-01
5.519166800892910674e-01
4.738627245815160705e-01
-5.787648395557172532e-02
-7.054588328056707880e-01
-1.057081193712170020e+00
-9.842141116911399257e-01
-6.908640982269496078e-01
2.503884065729757372e-02
-4.195754150479404088e-02
-1.189303722515733103e-01
1.271219637815082237e-01
2.649455038094716830e-01
9.528699990254293995e-04
-1.517262766258156703e-01
2.517641221403189578e-01
2.890513883824615271e-01
-6.760995975256889334e-01
-1.659050291592824466e+00
-1.005127199593431886e+00
-8.744723027469664123e-01
-1.373007237000199110e+00
-1.305698645867000796e+00
1.581505873720968347e-01
2.282406983481680696e-01
3.304796756705999372e-02
-1.499768169470057644e-01
4.055276340349738273e-01
3.595814910988783253e-01
2.501691041114613157e-01
-6.026363076733164126e-02
-5.474382426071952752e-03
-1.697631187701780994e-02
-2.746418639297103573e-02
2.396816055814444402e-01
2.358303189692843305e-01
2.592368021704904990e-01
2.604952231239533456e-01
4.555486756636258072e-02
-6.434896121639213096e-01
-5.532490013139882423e-01
-2.710996147162478831e-01
-5.458188108629014046e-02
-9.545621910681705014e-02
-1.474617939846390724e-01
-1.616675403829566371e-01
-7.224601819124787383e-02
-1.830151323586977075e-01
-1.777825989317746158e-01
-2.106995828529904802e-01
-1.450812744601263637e-01
-1.544181865558057198e-01
-4.425385517408723934e-02
1.621823995193902024e-01
4.293427563208262465e-01
2.489735394398932267e-01
1.128169739657039761e-01
1.145896077795445639e-01
-3.106101618309393270e-03
7.425345672806590858e-02
1.119995496715215505e-01
1.004685961522425452e-01
1.197621321180082354e-01
9.235676132244015346e-02
1.250294079643691214e-01
9.922960559510571321e-02
9.879936019701285321e-02
6.830518102347617193e-02
2.560796328377204847e-02
6.023559796439988991e-03
2.002778443811807987e-02
6.559739875605808540e-03
1.103651093506050930e-02
6.379511712195941146e-03
2.167025423786025223e-02
-8.621524503216205018e-03
-1.517238492752457854e-02
9.082964089620071413e-05
-1.850408266298692733e-02
-3.014432467792151071e-02
-3.354014220861950557e-02
-8.023722806615553316e-02
-6.385979880204545323e-02
-5.008900441632024858e-02
-4.288941789587429748e-02
-1.240197729847109355e-03
4.746375191446919675e-03
-5.003037566034315708e-02
6.956107205546313912e-03
-1.789134610989262172e-02
4.927243607392793167e-04
1.902295663028877662e-02
-1.797879585589372622e-02
-2.678613016649863607e-02
9.258323169916031492e-03
1.329711505692690240e-02
-1.204113819997149233e-02
3.213903224729738016e-03
2.412725522609539611e-02
3.817668979005936838e-03
1.990034838533709816e-03
2.058162264078883859e-03
1.865310672000851464e-03
2.057430458660613245e-03
1.988599383031816516e-03
2.056707217416296838e-03
1.863869240614714120e-03
1.158580234879593839e-03
-1.728958193520283406e-04
-2.969107387313598312e-04
1.958593513419312662e-05
-2.969112065035914793e-04
-1.728970768252482656e-04
-1.044289652921485110e-04
-1.728974104358545010e-04
-2.969116908733413006e-04
1.958448868153302193e-05
-2.969121586378366782e-04
-1.631064396295353516e-04
-1.728988702166690664e-04
-1.044291843922912300e-04
-1.728995949673658875e-04
-2.969128690963608835e-04
1.958332542327821790e-05
-2.969129406418504142e-04
-1.729008523783358839e-04
-1.044297868611781833e-04
-1.729013311471730408e-04
-2.969136045283647532e-04
-1.631106603629580299e-04
-1.044300340755792330e-04
-1.729025021054995991e-04
-1.729026655104040069e-04
-1.044300256155048358e-04
5.841102398362917666e-04
7.472327393788064619e-04
6.329590996016349865e-04
7.471355645034642723e-04
7.470866967309713067e-04
6.327997640458252757e-04
7.469810550416151147e-04
6.229164918386630558e-04
7.566709413241129271e-04
1.092653662797061012e-02
-2.601102433499592661e-03
1.311121341932923977e-03
2.938623732626455612e-02
1.400019802526037901e-02
-1.264014641781714514e-02
8.810914154287302971e-03
5.635923809454297141e-03
1.176455557999646698e-02
1.872398931008091225e-02
-1.079513379064629165e-02
-2.555348642041715621e-02
-3.769366226638617423e-01
-4.461791867481361695e-01
-4.736157831250548678e-01
-5.173191942342654226e-01
-5.542878984697553468e-01
-4.809591344209583341e-01
-2.452164959521098420e-01
3.454831969041416428e-01
4.876725327068538451e-01
3.792579257364138701e-01
3.144389283654780431e-01
3.816434509869513492e-01
3.674416234232985579e-01
3.306879443303299415e-01
4.152572915816934440e-01
3.803864672017301385e-01
4.057007167517208135e-01
3.738314913953019736e-01
4.017623000095477126e-01
4.000652776003393307e-01
4.209072306295670307e-01
1.693111081456323830e-01
-4.892740278114238728e-01
-4.611282459010614398e-01
-4.555043156920553504e-01
-4.075996503283065286e-01
-4.290059205549018873e-01
-3.782127115726514610e-01
-1.945886582662129938e-01
-2.864615872540746816e-02
-3.005597901214134005e-02
-2.321226059797776992e-02
-1.469703809724595689e-02
-6.200303887247245876e-02
-1.226352549483336885e-01
-8.661556210191856398e-02
-1.303632412230281701e-01
-6.980194408338079304e-02
2.832575258748811289e-02
1.652487312128954888e-01
7.844329683683354260e-02
1.292841388367376720e-01
8.522765421884241632e-02
1.318721493639094522e-01
2.228897022252020188e-01
1.365873908434164508e-01
1.265004956849642148e-01
1.081039774221343730e-01
6.487874922102138120e-02
9.262480709568092496e-02
9.006271097580526019e-02
9.779014931682862566e-02
1.343970372331535768e-01
1.181110680836639781e-01
1.556568836392795419e-01
5.402767479143037732e-02
-1.787972048996274710e-01
-1.329813172326518023e-01
-2.853779399555630425e-01
-7.438232855884826522e-01
-8.480076107829205290e-01
-1.319259185280876379e+00
-1.658547155043235355e+00
-2.782591374135086948e+00
-2.965576158458748335e+00
-2.712118696125997097e+00
-2.683851841856228937e+00
-2.382195785778118413e+00
-5.352403432633873193e-01
1.716796915305125903e+00
1.805515837951996660e+00
1.905530153649882097e+00
1.503317948718194241e+00
1.121735988632321046e+00
8.267874595790026815e-01
8.100362724095672151e-01
7.763173377546492837e-01
8.310615230981375223e-01
8.195343799972832910e-01
8.016877939875237669e-01
7.083281708074603555e-01
-1.482878331469290323e-01
-8.046798313528540358e-01
-9.807812956155752548e-01
-1.446260879317307735e+00
-1.601063216548575863e+00
-1.358501010653285546e+00
-1.222994845724709512e+00
-1.162351459271558696e+00
-1.094611353395120279e+00
-1.050082453007075145e+00
-9.447362861444816851e-01
-1.054171802903032251e+00
-9.359799442570364558e-01
-8.584752067218853755e-01
-2.287119476053441347e-01
-4.195104511753330531e-03
-3.625228972501211983e-02
-4.928239645856700990e-02
-1.732042559315689900e-01
-4.599329907627899838e-01
-5.640754037087871708e-01
-4.987170500622345459e-01
-4.184746803228297507e-01
-4.433443333953562826e-01
-6.856359162355298853e-01
-8.374719158889396553e-01
-8.623238394242143112e-01
-9.414640561780291961e-01
-1.102142540940180826e+00
-1.594724560875790065e+00
-2.155104926155133604e+00
-2.434414727218055852e+00
-2.737984372860887472e+00
-2.555878958214587104e+00
-1.967010978931835519e+00
-1.228743518010281477e+00
-7.503572854117581681e-01
-7.200214707853617169e-01
-8.133089225935453692e-01
-9.779514082613182113e-01
-1.449261738838611979e+00
-2.149064338822372910e+00
-2.600370813370523670e+00
-3.054588464286435823e+00
-3.641756117539463489e+00
-4.255375847562385516e+00
-4.992823341433293649e+00
-5.656645259391666514e+00
-6.343766637813926579e+00
-6.899454986547510771e+00
-7.587587645064003183e+00
-8.135557599625508729e+00
-8.070769291614110941e+00
-8.336733907273357502e+00
-8.944239785775843998e+00
-9.229224469861634361e+00
-1.010589454897505668e+01
-1.158074702808533019e+01
-1.221396411752150435e+01
-1.269608127536152509e+01
-1.311892723464522703e+01
-1.326971988052823015e+01
-1.326488243758286600e+01
-1.294215625514175905e+01
-1.288240177470403758e+01
-1.379722729928806935e+01
-1.446299645355890817e+01
-1.516148349586750754e+01
-1.586162274028957420e+01
-1.763931084315162678e+01
-1.867265719941698521e+01
-1.935465590164793426e+01
-2.043628059357446602e+01
-2.126160774832866096e+01
-2.048637727610556425e+01
-1.813648583681299087e+01
-1.466882723456151538e+01
-1.112586841923697989e+01
-8.932221875368879793e+00
-8.245246834090451671e+00
-6.129346316423530894e+00
-3.709177967206104487e+00
-2.486520004899028802e+00
3.786577899317781215e-01
9.379440755482640890e-01
4.600811063941332435e-01
3.921707688419260873e-01
4.062751540381992488e-01
2.644041244108160660e-01
-1.095479643811400061e-01
-1.343942273522222564e-01
-2.670610048199520414e-01
-2.720334368096015143e-01
-2.214407258407737333e-01
-1.301669491185206140e-01
2.980386748582817408e-02
2.042306591997934129e-01
1.071819193329471426e-01
-6.638506593559943998e-03
-4.341948068781731340e-01
-5.182860369949698898e-01
-3.841996837415085908e-01
-4.305580424185347366e-01
-4.740913406085746629e-01
-3.876599651095632426e-01
-2.228703146402088719e-01
2.044583260057508123e-01
2.179904346051221298e-01
2.477886576278696407e-01
2.008068565179866594e-01
1.587355551801270526e-01
2.004986462416750437e-01
1.770625744380313060e-01
1.822911501974154580e-01
1.595654451862225376e-01
1.443089222034050489e-01
1.803356173819095631e-01
1.752058301401548113e-01
1.342777960031786288e-01
5.896708141523090974e-02
-5.216933571437109424e-02
8.710819927460156098e-02
-1.060977651871950478e-01
-2.630862587897421501e-02
-5.997685289141967829e-02
-9.761161076536897796e-02
-1.497638108647587341e-01
-4.044902065012087600e-01
-3.159482414238280468e-01
-4.175040127171331661e-01
-3.095601953478775981e-01
-2.390455167603662556e-01
-2.213806435045047039e-01
-4.440025556529550443e-02
8.176292765646658856e-02
1.823787226041936882e-01
1.612954337310703867e-01
1.829489765474735519e-01
1.690007893926139260e-01
3.562081559174504197e-02
1.636592937688702010e-01
7.148007922182247897e-02
9.984704754021715700e-02
1.033123132443389131e-01
1.321695897866980995e-01
1.298669917608319402e-01
1.538507100877984368e-01
1.228958775991734337e-01
7.069276908047378294e-02
7.047365400817182102e-02
1.240121635560800517e-01
8.203415433990488004e-02
1.219424444857789142e-01
1.043941187094811762e-01
1.138940613200392638e-01
1.312507580787276029e-01
1.413645654701254084e-01
3.365246473208244327e-02
1.630305827431417776e-02
-5.600199726969753988e-02
-1.661733213866254874e-02
-4.600191893945108912e-02
-6.903994469017739333e-02
-2.700167936195289105e-03
-7.174264728370272071e-02
-3.210616779312013697e-02
-1.955747056546067522e-02
-3.538792705065322425e-02
-4.378018743920949335e-02
-6.972817287368343608e-02
-7.406660526048433613e-02
-4.933525095212259320e-02
-6.261896649374580626e-02
-5.941964946956308780e-02
-1.030764338823431520e-01
-4.508555094739341400e-03
-3.209869935831240889e-02
-4.457584689904722786e-02
-1.039573216508596076e-01
-2.519549847734661729e-01
-4.046882582474438661e-01
-4.432022116917049281e-01
-4.312426926854374676e-01
-3.576765692770876304e-01
-2.404059039651137708e-01
-3.344322806817258409e-02
1.364346907156999134e-01
1.222952245223614676e-01
1.168820983680172870e-01
1.412868782648470933e-01
1.231491174806700756e-01
1.640322416838828623e-01
2.161266294127788812e-01
2.134815005783505248e-01
2.894596456992140077e-01
5.581572335612354774e-01
3.362603674542155585e-01
-1.378090194665129831e+00
-4.297354301513012231e+00
-7.169220243478051202e+00
-1.093108949786895501e+01
-1.628479397800042960e+01
-1.991165434246196853e+01
-2.199408221606412184e+01
-2.417555612109880769e+01
-2.372456118729718710e+01
-2.471221713112681329e+01
-2.421872714818672989e+01
-2.424772361316857072e+01
-2.344070783109251011e+01
-2.188079891715266712e+01
-1.978914555735844516e+01
-1.513882355648516409e+01
-1.024192528522037904e+01
-6.747242370837979841e+00
-4.578535994928833119e+00
-3.174811394345874227e+00
-2.065776323089720368e+00
-1.302517948851762419e+00
-3.619959008329786676e-01
2.786802155001144032e-01
6.879795982478552618e-01
9.398293329667439799e-01
1.352250440637088547e+00
1.460797414375607728e+00
2.061352237255140274e+00
2.224194561239465351e+00
2.422167295065230430e+00
2.336113398334966895e+00
2.304554639333524335e+00
2.421226192634838625e+00
2.352682175974293077e+00
2.164354863036012766e+00
2.170733684969622601e+00
1.807400058148904032e+00
1.794506317912164750e+00
1.414245526987053303e+00
1.062184713130729152e+00
5.968554845675780873e-01
9.021966584108674636e-02
-1.655104518463242427e-02
8.832755064373007392e-02
1.271930569505342057e-01
-2.381169337075670911e-01
-1.608633271063658332e-01
-1.811104815596354112e-01
-1.204208735762101051e-01
-9.141611555452761051e-02
2.555772983192261885e-02
2.573445683302942322e-01
1.557468498014912550e-01
-1.389205532747396221e-01
-1.364426939831949182e-01
1.334573268038636296e-01
5.589447569902204760e-02
5.491530064478203355e-02
-4.339153103435435671e-02
1.335851783007899196e-01
1.660913107969770874e-01
1.176700657139597012e-01
6.101776386243654843e-02
1.361217311666229335e-01
-4.782787120522659710e-03
-1.062132844336505649e-01
-5.873442565470905763e-02
2.076051844918927192e-01
4.709044510878654388e-01
4.518873433667067174e-01
4.539704935384910600e-01
4.558996829886350910e-01
4.110491309961537554e-01
3.636089945849736993e-01
3.927922964073363721e-01
4.805497596641365443e-01
7.238166371493393036e-01
7.608258931223564892e-01
7.779975719326190919e-01
8.481767692540774783e-01
8.344578465924054056e-01
8.639634949174683776e-01
7.307411321390242520e-01
7.798356360570193324e-01
1.473240913100010596e+00
1.642097979992094725e+00
1.697084665668808778e+00
1.980634135446260879e+00
2.384603556504191424e+00
2.488685232839434658e+00
2.258207478841123272e+00
1.766607384509024214e+00
1.503892082978779632e+00
1.147631423592818223e+00
9.142439753629789667e-01
9.573298634775343485e-01
6.650427959462543726e-01
5.679338003946838853e-01
6.241501273132521455e-01
6.372439576097712610e-01
6.962756711764627182e-01
5.803843726997662822e-01
8.233283811329873414e-01
3.629399528272635456e-01
2.063527423289567009e-01
2.212751040257088797e-01
2.811644437999049062e-01
3.572452785852555657e-01
5.333671339179228976e-01
7.936196491315944401e-01
1.082814515041461423e+00
1.305108136442716393e+00
1.370036181238245554e+00
1.229684774506295319e+00
1.175954291439786914e+00
1.253095921260694023e+00
1.101005535999161733e+00
1.080721595619822839e+00
5.668940760115566135e-01
7.142676612227123467e-01
7.777955074347369102e-01
1.195456655514331334e+00
1.859279527224607209e+00
2.002677363868096805e+00
1.865504837915008984e+00
1.213589029558647336e+00
9.490239618624941587e-01
8.877201387011851574e-01
8.367417323546130214e-01
4.934884098474253689e-01
1.276598550566071244e-01
2.716134809889187984e-01
2.479609590246688589e-01
3.565552135551310897e-01
3.347659675405634805e-01
3.127510275519055916e-01
4.099444944633945931e-01
-6.961501853817815555e-02
-2.807386132557679881e-01
-3.699126965893757557e-01
-4.245184629119365671e-01
-3.032663490456026234e-01
-2.875109331567180515e-01
-1.393717919033172492e-01
3.996448625408798860e-01
6.063101439640504742e-01
8.824601142788214281e-01
9.718579307687471580e-01
9.536144577334033645e-01
9.848805032362933920e-01
8.559087489312674490e-01
8.348123276895336176e-01
7.833704133102129541e-01
5.687131059018550872e-01
2.019061905450858507e-01
8.339573977222920764e-02
4.994302486333346836e-01
5.313230907342618714e-01
7.381189598128549134e-01
7.108249625942423267e-01
9.640448909143816136e-01
7.893810862311706478e-01
4.992346105503699949e-01
5.398490626458612995e-01
8.047948562583006060e-01
1.364239111164282425e+00
1.338062680905782065e+00
1.188935585922047622e+00
1.166967071886226393e+00
1.193544090616654341e+00
1.122229361432987904e+00
1.005045193872537101e+00
1.063585462076189536e+00
1.562082000509520174e+00
1.558538016311536545e+00
1.372987182691993935e+00
1.424531953381316329e+00
1.416934350900213690e+00
1.445771114666829060e+00
1.096823348974765633e+00
7.957235482586173525e-01
7.228216839477115130e-01
2.016308868188310122e-02
-3.150362671152169280e-01
-3.821568438654915356e-01
-5.345596708170401862e-02
9.318232778787882351e-03
2.643601895561665804e-01
2.810707927615615498e-01
1.249649266679223186e-01
3.194457114541245785e-02
8.187627530782838337e-01
6.403907896675858913e-01
1.368309832565234585e-01
1.813930589463223497e-01
4.231002511561138824e-01
3.396809010545978058e-01
-3.559576967015525006e-02
-2.469847389161735074e-01
5.427495107639986882e-01
6.069479024341590812e-01
8.035175691082110244e-03
6.488059606628755749e-02
4.955873610791042827e-01
4.391034855031822337e-01
2.127613931751248452e-02
6.108003495616791401e-03
4.959647023721207582e-01
4.978726366796746294e-01
1.592274127351105406e-01
-1.637490443878927004e-01
-1.345968949427986047e-02
-1.164489888340855539e-02
-1.141331156914066197e-01
-1.072115394698321122e-01
3.297800975563377479e-01
1.566392496161448933e-01
-1.576216316102997117e-01
-7.924579444242246806e-02
4.634585142824775850e-01
4.409019096843548313e-01
5.092806302812677988e-01
3.270744199807506525e-01
1.952916221904832939e-01
2.195071412475924355e-01
1.840662043607418918e-01
1.608703816667934328e-01
6.966867442707795621e-02
5.547760660382024776e-03
-1.216216703855564490e-01
-3.778317003983759914e-01
-1.777020418569552063e-01
-8.086000149654049007e-02
-1.389475866945572846e-01
2.548564238711806262e-01
5.546992214498973617e-01
5.397505213567316273e-01
3.850801462152099175e-01
2.361743013909760602e-01
2.051526743634439764e-01
5.000413760021257120e-02
-1.478187223479639212e-01
-1.022527780152953786e-01
-7.652144236839715508e-02
-3.541053643831427178e-01
-7.677688810222126348e-01
-7.118624501574370989e-01
-6.140896847262753422e-01
-3.425993415572348155e-01
1.903857487506150636e-01
2.460519023999111765e-01
2.662897710282878805e-01
1.577110955256678382e-01
1.665261030538614240e-01
1.034206975949680807e-01
2.346349121115071379e-01
2.506762785077168987e-01
6.029033747583023573e-02
-2.391365671330002995e-01
-6.813073035108885289e-01
-6.133641323465983675e-01
-5.160780180853414834e-01
-2.670522205668497961e-01
-3.979903829423901418e-01
-3.573914140427324471e-01
-3.644039195788403296e-01
-3.388448589176332182e-01
-3.322456198601096977e-01
-3.567126625059852119e-01
-5.292705521556507753e-01
-3.659214127636546410e-01
-2.330056864849464060e-01
-2.761757626689743672e-01
-2.772623526971861319e-01
-3.334512681734984052e-01
-2.347708534236065403e-01
-4.348446808044149625e-01
-3.553226411669146989e-01
-4.511830955300920043e-01
-3.282457750921127793e-01
-2.302322358380767542e-01
-3.726266757755415382e-01
-3.191279347575406433e-01
-2.717578571292316170e-01
-3.108893705615960457e-01
-2.762907712409896632e-01
-2.484326254175369120e-01
-2.362967817501059609e-01
5.200959720522295715e-01
1.780144591632041751e+00
1.967143171679774927e+00
1.924537943064249745e+00
1.636447245048417987e+00
7.367118274069168748e-01
6.606345524267503988e-01
5.862044017793468509e-01
8.452828244336239027e-01
5.693091033798963752e-01
4.226617858967607333e-01
-2.433695763820613589e-01
-8.514626448799146596e-02
-2.807960265492462359e-01
-2.415894532425254260e-01
-1.775273284088660919e-01
-1.816864414021925056e-01
-8.396502873362596264e-02
-1.098866428886340896e-01
-8.234416572528956424e-01
-2.383176155060553914e+00
-4.367919007684982091e+00
-5.050123556355023524e+00
-5.274399539430534745e+00
-6.390835961909405505e+00
-7.495074273740617521e+00
-7.468518110339926963e+00
-7.424604127564855105e+00
-7.731294701516709722e+00
-8.805255159375933616e+00
-9.663793669721554735e+00
-1.058980234519104080e+01
-1.225079159864077027e+01
-1.375786081434193697e+01
-1.358862780026879946e+01
-1.251405627243270580e+01
-1.229097760437877618e+01
-1.252236214441367856e+01
-1.295668605027363007e+01
-1.348039912754673253e+01
-1.394025450624657481e+01
-1.462266550033423052e+01
-1.411027588498443031e+01
-1.231259746311359038e+01
-1.137187568631335566e+01
-1.178092314176838151e+01
-1.221010540087484664e+01
-1.187931417109420451e+01
-1.157134850121639147e+01
-1.118677806325774071e+01
-1.068505657404286602e+01
-9.314447127893760836e+00
-7.955642768352948480e+00
-6.540092508184708109e+00
-6.349131032238175543e+00
-5.223125711436947149e+00
-4.585085774534453762e+00
-3.965166417185653991e+00
-3.602771086746333395e+00
-3.121328042465266961e+00
-1.975583924173182737e+00
-1.698869370731103112e+00
-1.419383586356999238e+00
-1.468740668575287289e+00
-1.463859767781070742e+00
-1.270791267398286184e+00
-4.808412771269259256e-01
4.349238471472325895e-01
1.184705473937360531e-01
-8.004405226118685435e-02
-5.749166693077054635e-01
-4.483368924280451417e-01
-5.273829504605277441e-01
-4.500361280893166449e-01
2.069344558723769101e-01
4.244888643486535718e-01
3.258679518434527411e-01
3.103508419680934827e-01
1.690597061254246469e-01
5.125370942755556880e-02
-5.929035146617111368e-02
-1.175973963754188001e-01
-1.324942133227467456e-01
-1.794488054042082392e-01
-1.625946517802485114e-01
4.724852334694526479e-01
3.631949848426569982e-01
2.860821191185675127e-01
2.336240263100711478e-01
1.124040116284310692e-01
-8.588046147160903476e-03
3.940682981216628300e-02
1.160764439110613250e-01
6.455661092407131985e-02
2.538797678066861616e-02
-1.272642962956998247e-01
-1.894236588494724316e-01
-3.644804235002191972e-01
-8.504325334869197173e-01
-8.283792742503980344e-01
-8.415390368236017604e-01
1.807952174574593285e-01
5.691143995148146839e-01
4.319119717634830047e-01
4.187769474577547890e-01
2.656380014946805312e-01
2.668486452841275502e-01
1.891611093888201645e-01
2.059789125539617516e-01
1.540900983513660838e-01
1.726517330966776953e-01
4.508950280997423010e-02
-3.745412359778021449e-01
-3.867307560067017036e-01
-4.034117619590100179e-01
9.433997851214800945e-02
1.817991756314735474e-01
7.043911221007193024e-02
-1.526008750541803238e-01
-2.703898196731044368e-01
-2.390224291758185626e-01
-1.735801625339598309e-01
-1.423070312389193015e-01
-1.544967442159130011e-01
-2.175407884671447800e-01
-1.787838707257119186e-01
-6.695076409609243551e-02
-1.036409195007634704e-01
-1.098733295031355250e-01
-8.535808175890561428e-03
-1.562950958303145899e-01
-1.000565748628610585e+00
-1.700496230175109647e+00
-3.084032091443618562e+00
-4.712938868861701103e+00
-5.079817547200720540e+00
-5.033341484021222278e+00
-5.622087944900473921e+00
-6.389449089704518414e+00
-7.483134897503262550e+00
-8.907093241802821026e+00
-1.008457533884695323e+01
-1.073434205491401272e+01
-1.097284167842219738e+01
-1.211003220488204413e+01
-1.224159223888280579e+01
-1.285473833520783593e+01
-1.313612891025324281e+01
-1.376533619309657830e+01
-1.436682857566769478e+01
-1.488133952845514862e+01
-1.537704507566495593e+01
-1.545273170702104082e+01
-1.512653058631363656e+01
-1.479307786976245964e+01
-1.458025401737342897e+01
-1.418698133926733362e+01
-1.269080494991341368e+01
-1.131383103529541501e+01
-1.057149706112322463e+01
-8.634562207522479937e+00
-7.196362051192407350e+00
-7.168383132294373183e+00
-6.025561062585055083e+00
-5.527455214990496302e+00
-5.206216707331932092e+00
-4.133194653259299578e+00
-3.806898144509455850e+00
-3.597081587739627384e+00
-3.060436250269205516e+00
-1.988083240783306893e+00
-1.349545858240244423e+00
-8.906302049806978927e-01
-2.204042875796966006e-01
3.403123577301923053e-01
4.088242129425298521e-01
4.087478646439494656e-01
-2.241457495032115332e-01
-1.045079043136316166e+00
-1.033358016391120682e+00
-6.812742321557889724e-01
1.858093848764740819e-01
1.628519961023790208e-01
8.024222078391319846e-01
1.026803040412225698e+00
9.695908010306286684e-01
8.384647202543861200e-01
3.132567978784574492e-01
-5.260504167558714972e-01
-4.720410738339139711e-01
-4.062408334289506207e-01
1.062728882035270626e-02
3.926884631164982431e-01
9.906361326763161168e-01
1.471640459760647390e+00
1.089975764491087018e+00
9.096214291191715429e-01
1.601383580712756993e+00
1.614286870123780693e+00
1.564161193246137671e+00
1.231272002681474742e+00
1.153671415584232030e+00
8.617489434865067688e-01
3.511329700604222670e-01
-1.093329713430786776e-01
-6.036325131261658372e-01
-1.222866212443918910e+00
-1.702182788384337231e+00
-2.184406683184777265e+00
-2.407430298955229198e+00
-2.497339655851261053e+00
-2.428786252331201823e+00
-1.801540612949593667e+00
-2.848258029663004454e-01
3.414203693969817266e-01
9.606610789608295564e-02
-3.068717691933553482e-01
-4.552132669141525367e-01
-7.638142220574288821e-01
-6.795842061075354490e-01
-1.493929972810287832e-01
1.012726958980526143e-01
-2.603832238934810847e-02
5.002689564017245155e-02
3.687084574159706779e-02
2.308802148436291946e-01
6.350769451169576696e-01
6.674335956908993284e-01
6.102637230917238309e-01
6.814109481500035814e-01
1.426940172860678424e-01
-1.114546773980589434e+00
-1.332336200250228586e+00
-1.369143374820483317e+00
-1.450396237330148885e+00
-7.418471426277631897e-01
4.478803875840566273e-01
6.653987891917249042e-01
4.477401873521213993e-01
2.750254399274446593e-01
1.468942606099200576e-01
6.021198578304992610e-02
3.062638157781540915e-01
2.688473938796770435e-01
2.266438567409484184e-01
3.080263977679458809e-01
3.087941966466907773e-01
2.767211626236923960e-01
2.499317394854014829e-01
2.403761376271934258e-01
2.275527142922999790e-01
-1.394311325575661453e-01
-6.341269157221217645e-01
-5.925306782311509091e-01
-4.716861469843046106e-01
-3.147930831508086169e-01
-2.278774082744879914e-01
8.068915498355340443e-02
1.256297491172416458e-01
2.210842698405154350e-01
3.837424493435971362e-01
5.849634629132859365e-01
5.414180575677856044e-01
3.032307613794384404e-01
4.118533867361454798e-02
-2.138574472246878022e-01
-1.486951192084446371e-01
3.191793919618725606e-01
1.041415721245220471e-01
-5.086251014841342011e-01
-4.685079125693765723e-01
-2.476447560896983258e-01
1.220815154115232198e-01
7.367937340734721785e-02
4.544404665681326394e-01
2.249608023070988061e-01
4.186461788558312747e-01
1.557553402668191977e-01
-1.104690877387423942e-01
-3.617777841982982023e-01
-4.807059394538740760e-01
-3.090912323916570892e-01
1.296643946988976503e-01
1.404612967928667855e-01
-3.416149608027530676e-02
2.414969081400151259e-03
-3.202059555705704108e-01
-5.299562384156604189e-01
-6.306791211527827956e-01
-4.831774610933001202e-01
-3.814456316861477569e-01
-1.319197682406862970e-01
-1.373722620329643207e-01
8.045308931911172856e-02
3.019436614120394879e-01
3.079590286301964741e-01
1.992736352218511253e-01
2.470556668680570778e-01
2.883338686025071484e-01
2.574192880761997371e-01
3.660552235419674005e-01
2.592944527729521553e-01
3.191358066397198545e-01
3.099386502929875609e-01
1.421164652677423812e-01
1.593840185233378060e-01
4.779239545682555101e-02
-1.843490190165321674e-01
-5.123628616263795621e-01
-7.228980267974037810e-01
-6.329911168339845684e-01
-5.121987631430969801e-01
1.062999236502339268e-01
2.965066088225651875e-01
2.841368411381113845e-01
2.433895626848144311e-01
1.130344326681755607e-01
1.256663287214504210e-01
6.894698653664360632e-02
4.080129495680707465e-03
-6.365580911768463357e-02
2.202014369514658856e-02
-8.654944999477309775e-02
-4.323617555897965037e-01
-3.933063963119700635e-01
-1.782271507753240558e-01
9.254723347535575477e-04
2.839731118407957111e-01
1.879648372720587879e-01
7.069170836843895189e-02
7.944383589165233961e-02
-8.556110505576922098e-02
-1.855784968980153660e-01
-3.155194066052544738e-02
5.911886255100277932e-02
7.031879481217744032e-02
-7.964143506277179818e-03
4.396948778165649802e-02
1.025952647738262863e-01
-1.535686429642037776e-01
-7.016413068128936337e-02
-3.287333811768022862e-02
-8.600299472434047229e-03
1.237130374705485564e-02
4.810740963978993832e-03
2.357050288425861437e-02
-1.209999814124051859e-01
-1.324820541463752610e-01
1.262758160751604464e-01
2.136743377420434464e-02
6.670290647736222545e-02
-1.448740042450375257e-02
2.718895289120445979e-01
9.525015645880738346e-02
-3.156109466313536394e-02
-7.486039946319101961e-03
2.646819745518327882e-01
1.926489640848324525e-01
-5.279730684695368298e-02
6.790093366161860378e-02
8.140997311786533075e-01
5.383722787799519738e-01
-2.016081159535009215e-01
-2.960889747561205598e-01
1.230313366497556155e-01
-4.687359066700171051e-02
-5.178330823886808654e-01
-8.843532977377979165e-01
-5.052189939721181133e-01
-8.183989558350603932e-01
-1.424778365759197474e+00
-1.432455406156853961e+00
-9.170067386550165844e-01
-1.210321862624288425e+00
-1.643854855098685785e+00
-1.640873295886706273e+00
-1.195253475193752024e+00
-1.396934173511644062e+00
-1.399676783686786941e+00
-4.845864336736878664e-01
-7.139255596432758644e-02
-1.615011470327266940e-01
-4.667525615083903956e-01
-6.583151978213145350e-01
-6.080813181648455634e-01
-6.440971951251688310e-01
-5.223329269075290826e-01
-2.614232741894333412e-01
-2.963212944308931118e-01
-9.857810822859908173e-02
2.343302966807268850e-01
3.468216271661165306e-01
-2.876511088177848285e-01
-1.177748497940202671e-01
2.008281017583843642e-01
-6.999010642281013050e-03
-8.486585190352486929e-01
-6.253481438080211730e-01
-3.515034254743513303e-02
-1.183234770316476531e-01
-5.271065904922132006e-01
-5.917131815808830408e-01
-1.977134694651372371e-01
-2.750977158600555472e-01
-5.827356946479782529e-01
-4.605833648050726703e-01
-7.674328906086770596e-02
-1.100824145419308647e-01
-4.306208111540424377e-01
-2.875123377836273364e-01
6.056936387603140126e-02
1.054497029761532340e-01
1.110592844354321845e-01
-1.624647644449024250e-02
5.262803220437928947e-02
5.413238542206549181e-02
1.590498985607563809e-01
2.545953838885532949e-01
3.345502503856351284e-01
1.946981550014058593e-01
4.214701954694354269e-01
3.639186941610655368e-01
3.298335331237470247e-01
2.880250754908223465e-01
3.293751642694521808e-01
2.417077288163949622e-01
-8.547621778187068642e-02
-2.265371921491468599e-01
-4.617609271052472986e-01
-5.595775835571208390e-01
-7.547989367247381898e-01
-6.938855676303641307e-01
-7.416956346459708804e-01
-6.772664315729663986e-01
-6.503833742089012993e-02
3.694680000551731069e-01
4.252003446169975165e-01
3.963306758497139870e-01
3.189711679132455902e-01
7.048676120675025081e-02
-7.308611984842205631e-03
1.680134549876408090e-03
4.053245143651894311e-02
6.515067792879550290e-02
8.692798495200794451e-02
1.357764144867316392e-01
8.020982397430739819e-02
6.137621857444857526e-02
1.093985809763409617e-01
8.486313036454327940e-02
4.267506647510886653e-02
3.095284546456053554e-02
1.023496001000330849e-02
-1.331846010024423377e-02
2.604345542954135048e-02
-2.131846892990113193e-02
-1.360534637768864331e-02
-3.373398554431702306e-02
7.054577209948470484e-02
8.972170741427910878e-02
1.889128725469360337e-01
1.733979719025915134e-01
1.490436261592178457e-01
1.358724998552879870e-01
1.126271653815431040e-01
-5.043053623539302255e-03
-8.986148671676863486e-02
-7.663680020379788974e-03
-3.367659092782219338e-02
-6.347516125935116771e-02
-3.249187893343696842e-01
-4.863280148595647279e-01
-4.406734105387430378e-01
-2.477374376039347126e-01
-2.463041979822624683e-01
-2.078004700212565947e-01
-7.943688559932592097e-02
4.465335830763211833e-01
3.436423517102931147e-01
-1.359520118075537298e-01
7.354294926491852791e-02
2.801113424989585821e-01
6.885617423028905781e-01
5.355433922353209919e-01
4.411563495333054585e-01
-1.961468324577050892e-01
-5.156889154115171792e-01
-4.189874760394701747e-01
2.905023927287015417e-01
1.060816973632470045e-01
-4.738095750893198677e-01
-7.084154306105012733e-01
-2.921918013161591832e-01
-1.038352983147496772e-01
-1.669551637770689545e-01
-4.881008620748646387e-01
-8.018322268219477689e-01
-1.287667072713039706e+00
-1.356041390464011398e+00
-1.497893957890480632e+00
-1.254333967325844013e+00
-1.336245986416988663e+00
-1.280665813289887600e+00
-1.078556555842128395e+00
-1.618626962961320359e-01
3.370822170340348478e-02
5.286922909666884329e-02
1.170009361359300448e-01
2.266054509558098340e-01
4.623599600231870221e-01
8.753097716707430864e-01
8.160453887437383313e-01
8.116892325020524934e-01
6.612865480828690190e-01
6.445111415602230442e-01
-7.618942202093971494e-02
-7.128535806614466619e-01
-8.872702565727331736e-01
-1.008700763415470769e+00
-9.046827459202528843e-01
-5.922293006527956649e-01
-5.309633143804937117e-01
-5.205203615224357483e-01
-5.542561191178552171e-01
-4.918558663519146390e-01
-4.595350568977153993e-01
-1.015277936019992167e+00
-1.795337291416691405e+00
-2.725510206030735461e+00
-3.571505812158502380e+00
-5.008330146974282471e+00
-6.260019406084004423e+00
-7.444567532992387271e+00
-9.244901526996423868e+00
-9.427744202309099819e+00
-1.084653203354214313e+01
-1.244194605866436731e+01
-1.406738256845978263e+01
-1.331949418106919758e+01
-1.366562042912223163e+01
-1.483824355995477973e+01
-1.588289794571681490e+01
-1.720834302338951360e+01
-1.882000739337455997e+01
-1.956646244524847944e+01
-2.098373509633672285e+01
-2.307491845434192257e+01
-2.328558617581716916e+01
-2.190398641740283026e+01
-2.095719211312755448e+01
-2.028459780826887737e+01
-2.030169450789572849e+01
-2.107410393831106532e+01
-2.152720323231251953e+01
-2.192592844243377570e+01
-2.125695810204091174e+01
-1.688933219156675491e+01
-1.133307900496653708e+01
-6.814477586056813863e+00
-5.246476981931468053e+00
-4.123235879375781288e+00
-2.855792269360050373e+00
-1.487224295743719837e+00
-5.059650327053774044e-01
9.850075819072542233e-03
-8.782893434484431716e-02
-1.318961667453340814e-01
-1.632969732658296480e-01
-2.000871951359711742e-01
-2.559084116347136728e-01
-1.191541889397746828e-01
-1.347248784881747430e-01
-1.471486613936698051e-01
2.469601175079172151e-01
5.309430211455167248e-01
4.517900861860620898e-01
3.625948219440206510e-01
3.882661345701659550e-01
-2.154566293798542420e-01
-5.534874986852669210e-01
-5.932488689723657282e-01
-4.746561162770551734e-01
-5.808022191401062129e-01
-5.637918667754211466e-01
-3.565932359015723807e-01
1.559602104151484314e-01
3.160088321114632448e-01
3.967819263348482117e-01
3.338459197903910214e-01
3.440134393334153273e-01
2.038738825570468038e-01
2.297482708579259847e-01
2.204674088197988019e-02
-8.352761754431323182e-03
-3.244232328510286700e-02
-9.997286177473177493e-02
-1.322176978812683312e-01
-1.056861115298831227e-01
-1.372913556692162695e-01
-1.576448281305261878e-01
-2.442435438541771739e-02
-1.167154838058574902e-02
-2.153539352383745595e-02
1.873104721125805894e-01
1.423300810866700572e-01
1.312993538965158968e-01
7.385566456193698448e-02
1.874639051746556095e-01
2.036232382545586847e-02
8.287548562901629612e-02
-1.911339456032537173e-02
-2.870992320667894310e-02
-8.082167180117459659e-02
-5.514405694291644316e-02
-2.679967347673632705e-02
5.335067360880170473e-02
-6.974886150679217300e-02
8.708032474961807656e-02
-1.056831962731282631e-01
-2.385686366927283406e-03
-6.316144618616678641e-02
-7.105871579668042448e-02
-1.866114946087998189e-02
-3.551523005980948555e-02
-6.000792119462650120e-02
-8.784701317369289497e-02
-4.892007417473550474e-02
-1.114788306384335709e-01
-7.902982392404209189e-02
-5.677307062178793551e-02
-7.358461289900443403e-02
-8.876346349960628768e-02
-1.190148855547211032e-01
-1.450175210104901469e-01
4.258198990518027860e-02
-3.125995933947960104e-02
9.486977803975192580e-02
1.213468254338436261e-02
3.017198238328915733e-02
-2.783422136063331848e-03
-1.596657283588376677e-02
2.873163662023514933e-02
4.513301993324405625e-01
6.721134250636516816e-01
5.779830107715473453e-01
1.644972263798992196e-01
-9.831159886220451616e-02
-1.538834975147570505e-01
-1.698432369780671081e-01
-2.145530012885099314e-01
-1.074085308481940726e-01
-1.504208673564929599e-01
-1.304125853881406283e-01
-2.507244844333101352e-01
-1.276406061371311573e-01
-1.539741847754964865e-01
-5.634040685462875231e-02
2.591998396064152943e-01
2.990652195262799573e-01
2.669797457725813783e-01
2.665877130942912454e-01
2.028608884610884899e-01
7.398944212358889161e-02
1.232603248044545491e-01
2.510929422435032119e-03
3.675743876612064809e-01
9.945848762718190184e-01
8.446895031535908149e-01
7.986778334093299625e-01
7.797820070613509236e-01
3.492066091591565780e-01
-1.045953553601249197e+00
-3.501554897914600950e+00
-5.520415949973591196e+00
-8.459037791430844777e+00
-1.163870757137984313e+01
-1.418937871607905699e+01
-1.745116217071205611e+01
-2.021403157140340667e+01
-2.144572591455202115e+01
-2.293127149927217800e+01
-2.346158163262351337e+01
-2.540073022858343421e+01
-2.735881911531654609e+01
-2.810497063982900201e+01
-2.727987304967608040e+01
-2.457877077903429708e+01
-1.989183294705807370e+01
-1.185335985866369235e+01
-4.688470848915046396e+00
-2.068273120355577088e+00
-1.838893559312933190e+00
-1.631860074117313042e+00
-1.272325381367030550e+00
-4.143052624305343379e-02
5.626662292049527947e-01
1.137279599236098893e+00
2.091648888682263951e+00
2.607482472574769172e+00
2.584341443222814672e+00
2.912249120103719058e+00
3.412944826174940882e+00
3.401577953876351756e+00
3.419774710262286188e+00
2.959612159989935432e+00
2.458221485617018587e+00
2.469577673981876220e+00
2.238541816591205436e+00
2.541866948558438644e+00
1.763494686606108308e+00
9.433882960056086953e-01
8.031321597428102699e-01
4.201675610955100115e-01
1.667792834204836760e-01
1.932846520305272764e-01
2.194026684040136788e-01
2.625834510833713331e-01
3.287092010434977674e-01
2.516933892468157796e-01
3.909950058506725945e-01
7.715429008196422744e-01
7.271316705171561035e-01
1.984537559292113840e-01
-2.174126527851894808e-01
-2.315837456369253811e-01
-1.007820080859235801e-01
-5.984311521278699170e-02
1.179091088953338889e-01
-8.838654497941828003e-03
7.037745525249368070e-03
-1.278517128423290738e-01
-1.981221452532856697e-02
-2.414484642049949826e-03
1.492094738955634103e-01
9.308860912331477777e-02
4.240101326707981788e-01
4.704941777190099206e-01
2.497904060561459971e-01
-1.781729185627035361e-01
-2.910028411873473164e-01
-2.587264075522315854e-01
-7.372297813338407613e-02
2.577272126041975642e-01
2.437530548584240508e-01
2.843555245341675142e-01
7.780223757939178642e-01
1.173383602544553206e+00
1.130030664274107144e+00
1.104060128922521367e+00
9.960238711074971274e-01
9.351390740886721398e-01
9.492482797061739808e-01
1.009307271553768093e+00
9.661903338118588147e-01
1.024595057944082788e+00
1.339248098990801328e+00
1.546912353398491202e+00
1.693994378052809946e+00
1.827295104050620900e+00
2.054347176304840872e+00
2.017350667152040256e+00
2.270953218166590126e+00
1.936142297650478739e+00
1.381602696255556317e+00
1.219344447307102675e+00
1.312544669754246218e+00
1.502571521961485468e+00
1.573177424602905106e+00
1.434600624925175483e+00
1.390357917196008541e+00
1.465318430388409476e+00
1.724227603572506373e+00
1.525149392485689814e+00
1.685182191892019565e+00
1.503372156766074941e+00
1.371137714075335134e+00
1.191982541878866098e+00
1.074323833374308812e+00
9.253266305316089069e-01
8.585797329319598825e-01
9.538844904175484141e-01
1.055516416871427721e+00
9.668039534831506243e-01
7.474534201262492683e-01
9.010307182403439752e-01
6.915436173654335161e-02
-7.158407893750634576e-02
-1.615464281032840954e-01
4.982947423497787742e-01
1.006508957917819247e+00
1.326608144541228995e+00
1.203363452604178541e+00
8.865208862375792975e-01
8.134823309222424248e-01
1.506065812687765071e+00
1.176596557655594344e+00
5.467891484450205786e-01
-6.529690393734279008e-02
-3.809405563264914307e-01
-3.404598956871684456e-01
-6.760869763770662247e-04
1.683509875528644284e-01
1.701792854877723082e-01
2.359056502254114895e-01
-5.303003510117480779e-02
-8.206113666455664424e-01
-1.074866503971557252e+00
-7.608037104337507239e-01
2.533266323310332524e-01
5.959774190569290253e-01
5.148233610139243410e-01
4.056168705383046968e-01
2.481828823818284513e-01
1.638724601221309696e-01
1.776801721346775165e-01
5.570874845259139452e-01
9.641258926304787646e-01
7.661351748855812493e-01
7.082212705962193100e-01
6.892365892413510053e-01
6.692461226114064798e-01
1.443504601058265946e+00
1.609188614214694280e+00
1.740900588943739447e+00
1.094985037766849967e+00
6.024079696883397617e-01
7.041058815548304484e-01
6.289082919894919410e-01
3.079768444381398851e-01
2.963822231635654392e-01
3.324710227732756707e-01
1.208936391553401268e+00
1.058561042099593230e+00
9.956951840964166633e-01
6.748438415851838457e-01
8.187317040679398250e-01
1.273886548009486530e+00
1.280713610607222108e+00
1.134747548505012027e+00
9.501900420481940168e-01
1.020418216927933219e+00
9.963221636138279713e-01
1.082021218438634191e+00
1.392269559372289578e+00
1.515084763912658561e+00
1.575215864221037210e+00
1.534674555859700806e+00
7.617478208137514750e-01
6.147018920268382258e-02
6.976550819361108935e-02
1.961059920436471760e-01
3.818536187917633273e-01
6.133916395454844794e-01
5.732704839771569638e-01
-3.161936636780552506e-02
-3.556198258410137591e-01
-6.139186261739848494e-02
3.021368909322968976e-01
8.084693774988614082e-04
1.179646309564139073e-01
2.556668538097941479e-01
2.544494591193566246e-01
-5.057481259773989601e-02
-3.418814857295245785e-02
2.970978567075142629e-01
7.482984658293968527e-01
4.618145761259984106e-01
6.310077523886677975e-01
7.863103470578430843e-01
8.278193576482465454e-01
1.049039813583880904e-01
-2.765453323968901714e-02
2.305138688178350048e-01
1.422608418174458045e-01
-5.079174595476186882e-01
-5.569095525239178279e-01
-1.034411826574067605e-01
2.401108950006975717e-01
5.624480804207030449e-01
2.134230530245451729e-01
-2.257652184232182280e-01
-1.585637812231149024e-01
-3.054518156455499622e-01
4.548939712462066881e-02
4.317019452796052037e-01
5.052561005238158653e-01
4.221850167472421256e-01
5.032455793186730864e-01
4.228951199343718437e-01
3.716341409523086226e-01
1.944229801331608942e-01
8.943536490194183008e-02
3.537445764468212794e-01
5.878914238939083603e-01
2.114505080730878228e-01
-7.354213769634369013e-01
-7.737764383996112993e-01
-6.136682355703236558e-02
2.950498291300016063e-01
2.758311891990270492e-01
2.607993756225521764e-01
2.106457700773328168e-01
1.990733021764839183e-01
2.603398590045302718e-01
1.484048658737081305e-01
5.826270167281562967e-02
8.249283433896058282e-02
1.024262742577766727e-01
6.633556597177332759e-02
-7.074869443289706628e-02
-4.046683716662504149e-01
-3.283826524432351124e-01
-2.564399458273161070e-01
-6.532680738409923915e-02
-1.608681998702845284e-01
-2.351006722374736901e-01
-8.847330548491451341e-02
-5.937177303765728970e-02
-1.512203321460011407e-01
1.781019302160105101e-04
2.206563337498289312e-01
1.812801845853934668e-01
9.300377297935967513e-02
-4.368089977045141320e-02
-3.214014377674604406e-01
-2.299012941994301451e-01
-3.196024810368481295e-01
-3.646840411424584483e-01
-1.965773921744892738e-01
-2.022940066665051273e-01
-4.446278159859101686e-01
-4.996767791768666478e-01
-2.809527407295687174e-01
-2.149245591321564675e-01
-7.446003198055118899e-01
-7.811038573687718589e-01
-4.999677038520742856e-01
-3.506749948113904169e-01
-1.166170484255753426e+00
-1.577266167119458551e+00
-1.510956264592867582e+00
-1.208957903681894486e+00
-1.520006276620260000e+00
-1.029046768134617151e+00
-1.370791444738871656e-01
1.263064061202301858e+00
1.086774378607020308e+00
1.142268695090328245e+00
1.456462507962673403e+00
1.485520956025746742e+00
1.013215686507223046e+00
8.975581832348238365e-01
1.125637598630348846e+00
1.303008374732163022e+00
7.253445657381922818e-01
4.373625418009445820e-01
7.415615464392935063e-01
1.003911095735253500e+00
4.350404710788679519e-01
-2.231183254409211530e-02
-2.648559463223984500e-01
1.966972950578383394e-01
-1.697118037520108369e-01
-2.075885661741995181e-01
3.061210021816569427e-01
8.150239689928118203e-01
6.462639215139918125e-01
4.775278512888525562e-01
2.903088726076429316e-01
1.963370880665754881e-01
-7.403599591918054168e-01
-1.851094279427848210e+00
-3.263230379436016015e+00
-4.781527889221669270e+00
-5.397685347704446635e+00
-6.378670450780395740e+00
-7.597360815445987292e+00
-8.051418556234965607e+00
-9.051883680940729704e+00
-1.096677150055521111e+01
-1.295601951906113314e+01
-1.356613057718110227e+01
-1.349762019504006538e+01
-1.340728186171436853e+01
-1.324022556181067145e+01
-1.313941663302875185e+01
-1.415377753972311048e+01
-1.474315097796401020e+01
-1.557293412401733690e+01
-1.614329108309724248e+01
-1.668763932320109689e+01
-1.675868447819973284e+01
-1.678192875339533430e+01
-1.572211866867256269e+01
-1.467741938590679851e+01
-1.347829440782848387e+01
-1.126965887025741075e+01
-1.119151745116226770e+01
-1.069959264021854217e+01
-1.026400206612995625e+01
-8.467272517210707505e+00
-5.760965950979903383e+00
-6.223862880216042726e+00
-6.413945582632551989e+00
-6.088091933114363030e+00
-5.425500722128723474e+00
-3.802712430358033302e+00
-2.831099254867949888e+00
-1.594013482317986785e+00
-3.603032207350656546e-01
1.017789373307396994e-01
1.755324620498061039e-01
-9.212760697339177074e-02
-2.988201731064931144e-01
-5.728310526609693420e-01
-9.786425480085994000e-01
-8.992679750587937448e-01
-8.172554063541309644e-01
-9.978104251027448968e-02
3.273493108549452857e-01
1.094976111838426129e-02
-5.704224089181881424e-02
-9.117589441757417701e-02
-1.375110022831633472e-01
2.824948518346648285e-01
5.742095449303310506e-01
3.599839260793338824e-01
3.166102264851350379e-01
1.182928645379086319e-01
-1.323078966831670034e-01
-3.961325349330195866e-01
-4.405441880075741667e-01
-4.048068864176204151e-01
-4.551517014091122637e-01
-4.179014103283002490e-01
-3.009869660823324411e-01
5.927964131078465593e-02
1.365298626670864712e-01
1.988393817158170540e-01
9.002932961155148475e-03
1.601049458244933055e-01
2.553609969757972831e-01
2.693574576196948733e-01
2.545665829794381829e-01
2.481368975417111711e-01
2.105175946250059937e-01
-9.198893277487195375e-02
-2.400624573836192821e-01
-1.339311582738615669e-01
-1.522815037838238239e-01
-6.403042895912652854e-01
-6.186735177449512735e-01
-1.389307507686197429e-01
1.027996954271957891e-01
1.630557550476632589e-01
2.179558796638456086e-01
9.852177110266885363e-02
-1.814187548161383390e-01
-1.895470468233309003e-01
-2.068576538926954200e-01
-7.494508515520373337e-02
4.592104180421980458e-02
1.606926662143105256e-01
7.517572622061544085e-02
4.034934839374897803e-02
5.186321442789128960e-02
1.125384937412217262e-01
2.089091547593230069e-01
-1.746493020398415807e-01
-8.967241661677270992e-01
-1.456138604928618907e+00
-2.342677589309827724e+00
-3.435761833993355108e+00
-4.988170696198583443e+00
-5.813873763595297284e+00
-7.137729852040725298e+00
-8.722955735983170200e+00
-1.066230693887809622e+01
-1.241310768814814303e+01
-1.341162955079208352e+01
-1.528360260199621123e+01
-1.588374769237875839e+01
-1.608398960584851878e+01
-1.732748927018102236e+01
-1.777128636613351631e+01
-1.818791065512381877e+01
-1.861974423212625140e+01
-1.816767125487461598e+01
-1.729585415202714671e+01
-1.616076613643377158e+01
-1.527406577306588709e+01
-1.225362331231008639e+01
-1.120694947329362989e+01
-1.156666120270371145e+01
-1.178425733221258653e+01
-1.161373062395813172e+01
-1.048193131558688940e+01
-9.220476211857594251e+00
-8.264419757552015966e+00
-6.169274377449653457e+00
-4.836514120838784514e+00
-3.798476604397893031e+00
-3.246917611773567192e+00
-9.921230210992173504e-01
8.432354664287970980e-01
5.806687631890531387e-01
5.393414511597169891e-01
-9.277544156759310809e-03
-2.247608447940995999e-02
1.742453335866650244e-01
3.713559904363776254e-01
3.922128649483250240e-01
1.323047368427891779e-01
-2.760999518276613385e-01
-3.549794803816268551e-01
-3.420091566715973141e-01
-2.677533298830419017e-01
-2.584969087237927732e-01
-2.664168984487685909e-01
-2.008167057637224029e-01
-2.221553053144274814e-01
-2.214403888999362524e-01
1.549747296815179864e-01
2.062440794593423943e-01
4.660511920348079928e-01
6.207802235534088942e-01
3.887270901895055752e-01
3.139837842219918573e-01
2.731955313673283814e-01
2.101550189823459536e-01
1.933711512266154120e-01
1.262746364012290179e-01
6.650010947472044520e-02
6.350620455133101916e-02
4.690907996655441919e-02
2.317383604618095810e-02
2.336531273392095098e-02
9.023421352571650567e-02
3.038236089240405578e-03
-2.250698574213932934e-02
4.403534800090008750e-02
-9.978037781172120410e-03
-6.836811785592537133e-03
-9.066191525428460860e-04
-1.058098049906348523e-03
-9.066273225490522648e-04
-7.277938938581795473e-04
-9.150318881722956533e-04
2.213602172872964052e-03
2.348268488058498707e-03
2.205169499556733966e-03
2.348236351834428418e-03
2.358756360280651280e-03
3.069995592188833403e-03
