-5.934362627125766565e-03
1.239653047418309839e-02
4.828687856508695475e-03
-4.094413607773494945e-02
1.000537089723252393e-03
-9.808150438628482348e-03
2.462996898551228497e-03
-2.664150646496588060e-02
-1.627616497001227458e-02
-2.739785297174646139e-02
3.474569270531246978e-02
-4.958640657596680157e-02
-2.029360341698493997e-02
-5.898588809078852968e-02
4.641013096382096137e-02
2.908908789285025165e-02
-2.523891592231430892e-03
-3.604700192800236458e-02
-1.679964285685286995e-03
-3.062438988863447342e-02
1.965392670802468267e-02
-4.741327251496829653e-02
4.614842313043876487e-03
1.005906199772654830e-02
-3.144584143651929509e-03
4.557026392840546336e-02
6.639933431323630231e-03
2.942882936101254288e-02
-2.131141115548551568e-02
2.299200398387624134e-02
2.162658234099446020e-04
1.916656748124800913e-03
2.977112317890329152e-02
-4.256952006080583217e-02
1.704537771391612111e-02
2.902097606702991328e-02
-1.138112662484180859e-02
-2.436712240414440345e-02
-7.260886019192680507e-02
6.847835960748405171e-02
9.093756546557729692e-02
1.476635447568019899e-02
-7.973347547115183787e-02
-1.353575866051670573e-03
1.105867319193087894e-02
3.165856524258670035e-02
-8.332770117047694214e-03
1.231163862183271007e-02
-1.589334875421233306e-02
-4.309410442868566449e-02
-9.776481275247661529e-05
3.023455097443950024e-03
3.442434862421661634e-02
-4.541090413994153252e-02
-1.496721106799103751e-02
5.762341857166441983e-02
-5.340216261108921003e-03
2.548634962165508000e-03
-2.178619156181582639e-02
3.847443750566181819e-02
-5.160431096840056853e-04
-4.068579192808563505e-04
3.949708797323880916e-02
2.720864607101924904e-02
-4.645240514549486832e-02
-3.695128381856571664e-02
8.666039145001391830e-02
4.563227508727774051e-02
-9.252752351716475587e-02
6.011620999808542365e-02
-9.276921012388861243e-04
-1.496913603505944934e-02
2.761359854494704891e-02
1.373873602459996235e-02
-2.731499504250667343e-03
8.553852675902362535e-03
2.996469904393395112e-02
-3.139324387143993533e-02
5.145574993481005777e-03
4.522048294894975839e-02
-1.567459832708628653e-02
1.490810479611992534e-02
1.487793253900937529e-02
4.891715052852241286e-03
4.623384119535334236e-03
-3.814341226863726675e-02
6.289629954858533267e-02
3.298836462042631368e-02
4.346998338753849112e-03
-2.657778611915073697e-03
-2.584099132016426381e-02
7.327276878393629289e-02
4.001397701719877631e-02
-1.783185969680323169e-02
9.394688922749416804e-03
1.402676985801898368e-02
-7.088451096970871390e-03
-7.451629400455406227e-03
7.476212642391111274e-02
7.167511416999650109e-02
-9.350591845749445241e-02
3.187988372003758286e-02
3.658415300921680213e-02
-1.632969801600703263e-02
1.946517644063483488e-02
3.365808221844046599e-02
4.310339914646910131e-03
-2.034493205972109919e-02
1.707342033573278073e-02
-1.691887953062165550e-02
6.586445708347987704e-03
9.203765070324720909e-03
1.253604933872853877e-02
-1.233132764822197913e-02
5.405861263195710364e-02
-1.988775176658430510e-02
-1.616019074983654491e-03
3.138050884002652197e-02
-2.207623232623134868e-03
3.396612809417298706e-02
-7.135527823277865167e-03
2.546585962814607029e-02
2.390842991856478861e-02
5.844716476392175508e-03
6.231432558989391524e-02
-5.878580867718419256e-02
2.264112642184201718e-02
3.307735889338081492e-02
1.821987792305979070e-02
1.340582514632826516e-02
-1.025403856326478902e-02
-1.038554589538254191e-02
1.006669381669813568e-01
2.124341643010296821e-02
1.155013138996130451e-02
2.275008114863918962e-03
-3.129377799839905272e-02
8.005476753171514304e-02
8.658050572077091722e-02
-1.635737517975788258e-02
-6.350201007241773610e-02
4.901923457681833796e-02
2.208871802147172048e-02
-7.772005903015077877e-04
7.131252195242065994e-02
1.641809444289865638e-02
6.660064142105803775e-02
3.759747302432403515e-02
7.943345228976173011e-02
4.343236851911846941e-03
7.687723800779000527e-02
1.040002937348627476e-02
2.086921237383565497e-02
-4.678217614905189059e-02
1.335960720941820057e-02
2.415649668232999758e-02
1.593449323899598369e-03
3.121523141833781878e-03
-6.352571138310381116e-02
-2.539366360849459880e-02
-2.897444459258569083e-02
-1.153234988171860653e-01
-5.301908947732414390e-02
-1.134011711001101652e-01
-1.899983997714898010e-01
-1.698360623077730391e-01
2.719718982587595590e-01
1.166775272868636470e-01
1.844334820874848901e-02
-1.052132105584493438e-01
-2.748069541579800656e-02
3.848156772450250784e-02
2.973615471420032463e-02
-1.318231850639306479e-02
3.398550261110022674e-03
-7.519413981468270336e-03
-9.714558867484068827e-04
2.558571609074244968e-02
-9.488130017398122007e-03
-4.845945611912028106e-02
-4.047914662635987426e-03
2.420626107840817554e-02
1.200527584697441696e-02
-2.904971929168498335e-02
2.139558712657896322e-02
-2.745006560048368627e-02
2.469212605042292452e-02
3.525862789614020443e-02
-2.095397472562732233e-02
3.174062774315933311e-02
2.051483930839737013e-02
2.930492814113705435e-02
-1.417754832626538786e-02
-2.536337151303413862e-02
7.406829960670924251e-02
8.882077627288431643e-03
3.067585907797099054e-03
9.865091855044294533e-02
-1.297342357932040890e-02
-2.846554891573660484e-02
2.640702717448117909e-02
8.683101765688983065e-03
4.604064971320731559e-02
-6.337977273614381346e-02
2.750740181933708506e-02
1.782465034445586127e-01
-9.471933918415254006e-02
-2.448641297816811502e-02
6.280285366178239848e-02
-7.001259965366157800e-03
-2.654998818018938778e-02
7.275056874910257321e-03
8.723608274973315702e-03
6.871331521527479502e-02
-8.409755256719275707e-03
1.466204867658316147e-02
8.733397756309035920e-02
4.496905083940960779e-03
2.894514856029761773e-02
-7.965722182126167006e-02
6.110110628883158590e-02
1.187350831523228400e-01
-4.372217150565638200e-02
-5.065163078063883439e-02
-1.765123594165141085e-02
3.499546977997525232e-02
5.829492141759029522e-02
5.488430670393218413e-02
1.135858849022608474e-02
6.667542549691973797e-02
2.078831880652787234e-02
-3.810683601946207588e-02
6.034499818420346884e-02
1.003078006840358860e-01
1.298098150235384995e-01
-1.119761656052971066e-01
2.122360876867546153e-02
2.551676550583947822e-02
4.461830966922442077e-02
1.235900009844048686e-02
2.761597860793452153e-02
-7.201220268980201844e-02
1.981557593228044922e-03
3.621776677511978626e-02
1.006693716633898505e-01
-3.062505235210744026e-02
2.432025533638093595e-02
1.557470396020588232e-02
-1.365726596823646499e-02
8.324141929878736690e-03
8.294825115586212938e-02
9.052616601433194354e-03
2.803219512152577142e-02
-1.556218215644045166e-02
-6.656050470748908765e-03
-2.088160351942780490e-02
-3.860886260621043675e-02
2.353833969616636601e-02
1.515420972411052336e-02
-4.507365582604705434e-02
-1.249503795358630764e-02
-4.160855023190523916e-03
-5.033760966381850555e-02
-2.880428886063879368e-03
-5.408180526997730109e-02
-5.786292031779827205e-02
-2.139398506382206300e-02
4.158136997555472725e-02
-8.312572322471101227e-02
-5.364224679517803906e-03
6.537269260613287614e-02
-7.976593279411314796e-02
-4.074521368545114264e-02
1.095344636667650029e-02
1.728744002306492611e-02
-3.057625176937772693e-02
-4.206984731232821240e-02
-7.049636100144640594e-03
-3.422761907868543396e-02
-1.602546182824604593e-02
-1.037373275559394514e-02
1.904216864415175792e-02
2.767438375295405706e-02
-5.565819905282154423e-03
-6.394582337939636041e-02
1.633111497691985825e-02
-3.188924753193589368e-02
-2.573491149961548707e-02
-1.443281659137141126e-02
3.571783186213739469e-02
4.954646278837149254e-02
-2.039605315797410334e-02
-4.661179493290346088e-02
-3.443978272458014800e-03
1.272933191842895440e-02
-1.479270111757280404e-02
1.219714174192132461e-02
9.786729197401644598e-03
6.087509719711725609e-03
-1.577042701275122027e-02
-1.203740703073252760e-02
-2.587101237776945339e-02
4.882356829942757770e-02
-3.754376987183771774e-02
-2.404814893023443645e-02
4.138743460067750846e-02
2.154722477179449314e-02
-2.695473659264813193e-03
-4.226612795783513121e-02
8.424243538170816947e-02
5.438441644919400630e-02
-2.025481246810123537e-03
-1.401055101067250064e-02
5.310064723808949338e-02
3.409967550985726348e-02
-4.021007908665819031e-02
3.603904248404754540e-02
-4.208150499496143837e-02
4.982741065359963528e-02
1.163353246588494372e-02
1.228769622533310013e-02
-2.883815592131355743e-03
3.942900240451363558e-02
-3.767022429323141353e-03
2.141376403887740310e-02
-1.104085030783075183e-03
3.320073044821292285e-02
4.360074979499373171e-02
-1.322374814141680233e-02
2.478052126397001231e-02
3.127634553507885329e-02
3.698317944694196058e-02
-3.313129960648009131e-02
3.694956509063773709e-02
8.729227720066123908e-03
1.032617074251218625e-02
-4.182730465824890942e-02
2.619682170191772741e-02
5.066725636850044623e-02
4.868320269492532049e-02
9.003313236293220001e-03
4.339591626684091707e-02
-9.496540695505650831e-03
2.743872224773458157e-03
6.533911574270856448e-02
8.121640087277892661e-02
-9.176496291399605099e-03
-1.379047752940998350e-02
4.523623671731868967e-02
3.866135313201413126e-02
8.572565222702976939e-02
5.037870486616746746e-02
5.229043248220266449e-02
5.010045324204170925e-02
3.927321593649901743e-02
3.699651789387736756e-02
-3.412564034229426113e-02
-1.331018192310740034e-02
7.447955679053053224e-02
7.100355563385862823e-02
-1.549088615269322844e-02
-6.456114180158301075e-02
-2.233885718149886124e-02
9.025148024556206572e-02
-8.234048959796513856e-03
-2.264622587907405560e-02
3.046397613195006571e-02
2.891190755345540708e-02
-4.653863982244210717e-03
1.142651691746943143e-02
2.632094974235954510e-02
-1.015445258855462995e-02
4.111187850466802018e-02
-3.373720882925645981e-03
1.546398194969933471e-02
-1.245269299340945324e-02
3.808615981103580239e-02
-1.638973333893423145e-02
1.559737409642325545e-02
3.310572377065579275e-02
8.443871138308356450e-03
-4.011702951322693167e-03
-1.304522887935855024e-02
-5.510313305669312101e-02
2.650630402599540858e-02
6.017479978414241870e-02
4.635331105319551170e-03
6.350412182841624897e-02
-1.873863814112830539e-02
-1.340465917504429783e-02
-9.646951392392022484e-03
9.051871568811264979e-03
9.313801619335038140e-04
3.574780770658714246e-02
4.251059274647106534e-02
-2.123196751117584213e-02
7.393712677833397251e-02
2.220983231885886866e-02
6.048429221401363520e-03
3.820132496973238645e-02
-3.065427155858113650e-03
4.563720561297346379e-02
-1.277880254895658041e-02
1.088421287104708313e-01
7.196588697588301997e-02
-1.038795521557518420e-01
4.657873680492796709e-02
2.492203035819917645e-02
8.341347531629583756e-02
-2.534536620128591267e-02
-1.044096105174530109e-01
3.575415028564199460e-02
6.526170190207913890e-02
-1.885666002453678658e-02
4.651776716826194757e-02
9.619667774388673820e-02
1.118573961741420320e-02
-7.395208436850131406e-02
2.366814733959099470e-02
3.935944128672375086e-04
7.791694669526005868e-03
7.423902834670625950e-02
1.099199999097244529e-02
3.068570249634516856e-02
1.742152976460076275e-02
1.351768536200350646e-01
8.403054401020870756e-02
-3.825017339582847953e-02
3.657470409244112375e-02
1.528584399290568996e-01
-1.937516763145552545e-02
-2.560256195249799305e-03
4.370890087715562089e-02
3.228577024416079411e-02
3.732906852141848475e-02
-5.091307950971124541e-02
5.172311160806386532e-02
-5.667648043990314299e-02
4.236962805958799372e-02
6.623753067370308223e-02
6.610995794118101898e-02
-5.949933942245078100e-03
7.727124672805785188e-02
-4.265928368377891466e-02
3.415003868855848168e-03
-5.579685707479331569e-02
8.282727835131598049e-02
-3.299404829200769385e-03
3.817279154938879593e-02
-3.463702864850981555e-02
-1.792497098979706216e-02
-3.942292394083946050e-03
-1.658397986383741696e-02
7.423553757658618579e-02
3.047571417971939312e-02
-4.432667691641078989e-03
4.773891384779460623e-03
-5.103739191767520111e-02
3.203104587174854245e-02
-1.931374612678915526e-02
-4.111040202917903841e-02
4.342661129783476071e-02
-9.859789046323008677e-03
1.994217896325256589e-03
-2.871206903011014333e-03
4.241896215856177932e-02
-3.774588165225312153e-02
-7.562642897466931302e-02
1.959315255016313984e-02
1.930969290893091994e-03
4.549007124813009284e-02
-3.596868177206902217e-02
2.090574471333628281e-02
-7.851736507912043805e-03
3.601440476746642361e-02
5.632193787305173061e-02
-5.106596546025610195e-02
8.860303667051372400e-03
1.168554504235252978e-02
7.236368818973870631e-02
3.371792053408650958e-03
-8.634034202898099863e-03
1.463476181062173254e-02
-7.208807267371497574e-03
5.461772394697028687e-02
-2.925356519795574428e-02
6.962142559501138805e-02
-4.214047760004513421e-02
2.508047815294167648e-02
7.693125669127187649e-02
6.152696359693399231e-02
4.691689007041688342e-02
5.596011324931682296e-02
7.807118310384364435e-02
3.006567453899866571e-02
1.808472227869306614e-02
-3.322340637246101736e-02
7.549770888328755092e-02
-2.957924967137559591e-02
-3.278993636891325281e-03
7.844120072278903955e-02
5.171475276623427320e-03
-9.087799853392919402e-03
2.451351506807442071e-02
5.994675125478843292e-02
4.076324570174483242e-03
2.504518064723182391e-02
3.344451279282134593e-02
4.912388900832720395e-02
5.451508597407439538e-02
1.965456839334289718e-02
4.806458110874367584e-02
2.137093350484153831e-02
8.707727161901579471e-02
-1.892671791177247265e-03
-1.286462931641977336e-01
1.471964904112676997e-02
-4.685988525340634148e-03
5.666749595763720393e-02
8.439507006251523169e-02
8.223948761059873824e-02
-1.537444660840936450e-03
1.053493926354328591e-01
-2.238434206614114963e-02
3.566795956284685154e-02
7.656684201232000220e-03
2.222669744656058377e-02
3.037914229952254352e-02
3.091523028477194401e-02
7.738875828829483439e-03
9.663574301954569457e-02
-1.067533422115385378e-02
-4.468687174900920489e-02
-1.793126340422879217e-02
-2.325259099905108151e-02
1.228159662700978316e-02
-2.418612513675610920e-02
3.241034802889752875e-02
-1.172058584356561184e-02
3.341389688415286052e-02
-4.919478641952235165e-02
-2.389434944942570027e-02
-1.018700789587145827e-02
-6.439717628740515565e-03
-2.016198317088813141e-02
1.169621962575062568e-02
1.614240030603864007e-02
1.789175647910035138e-03
-1.340382648060911563e-02
-1.046250644911239647e-02
-1.624069203590572386e-02
2.238368346711139267e-02
-8.974481286805335856e-04
1.338973576859858738e-02
-2.818085085609700613e-02
5.889546048498672803e-04
-9.448041335725854140e-03
1.208763287296976685e-02
-4.829074618316386847e-03
5.538640524341653659e-02
3.874636987949653388e-03
7.316149931045057286e-02
7.307425410334023042e-03
3.236264038384950581e-02
-1.745463629944010719e-02
2.168781342133208057e-02
-4.640567572109066674e-03
-3.750579918977337002e-02
5.093213419405451248e-02
1.158327857148488960e-02
-9.458817653891227195e-03
-1.000982471712408284e-02
-1.418291977172581042e-02
1.963161769611998508e-02
1.472533799362674145e-02
-2.485708048576285023e-04
-1.860633094590014025e-02
2.184665287153819691e-02
1.377542458003588877e-02
2.660404882071087940e-02
-4.970819634744616522e-02
5.666031282633765542e-02
7.640289138769329469e-02
-1.961188061889895806e-02
1.061814179410003334e-02
7.130471369931523640e-02
5.299206224281549638e-02
1.770480771449900459e-02
3.973176124220900718e-02
4.061350780912276193e-02
-2.593347238977461444e-02
5.471322759520136358e-02
3.109902943553466415e-02
6.694290334914843044e-02
-9.979230870155397781e-03
3.449536532554509094e-02
5.545287611023574925e-03
2.777239254521335354e-02
1.587078252770313114e-02
2.120638425891940848e-02
5.080394317554093320e-02
1.805473491297968636e-01
5.527988263324079554e-02
1.365787228774317796e-02
5.070749411064423562e-02
2.659906531309030875e-02
-1.564957949430101358e-02
-3.250145930352887902e-03
-1.401977466408910189e-03
8.105701248280516857e-02
4.473996004338443022e-02
-8.234124523026653542e-02
-5.853895803045872093e-02
4.930627711065826979e-02
-2.176633176931797031e-02
-1.262226793084253451e-02
2.385499077251007627e-02
-2.907305770666890332e-02
2.107086024560667070e-03
1.991797718596344247e-02
1.325011827747846205e-02
-1.856149066094836542e-02
-1.300542996215958702e-02
2.964560982566166736e-02
4.682942069398920992e-02
7.720823453086778088e-03
-5.839640199130213816e-02
1.434125168441613418e-02
4.381566107237921948e-02
-3.618490590776990423e-02
3.235522762954312626e-02
-3.934378471100963282e-02
-6.266139895405586913e-06
-2.823751071841940075e-02
-6.073948063067380332e-03
1.188280934092045271e-02
1.251465214208558052e-02
-6.274019873356184718e-03
-5.867991341677480932e-03
2.682146170957588893e-02
-4.777250984711667314e-02
6.068355656990886970e-02
-2.254626452836561157e-02
1.694480536772635659e-02
2.422248960349948632e-02
-2.209936331452899694e-02
1.709366091009734134e-02
-5.331493490596361795e-03
3.777425895255381860e-02
-1.891721343494801033e-03
4.276775954582312522e-03
1.667391206327373254e-02
2.435903449934029297e-02
5.099767360888041168e-02
-2.215105553369012270e-02
8.473564106504882787e-02
-2.889802901147708880e-02
6.587281728228866484e-03
7.876743176888378883e-02
3.102133557411246301e-02
5.667084466959648736e-02
-3.999700336771505604e-02
2.331739408847477435e-02
4.357470118884609889e-02
6.355736148541479835e-02
4.219680230287492506e-02
-4.605986408020790179e-02
2.972585367369973142e-02
-6.270389121310460112e-02
7.766589593923090007e-02
-3.181484943148049638e-02
2.141412276126253289e-02
1.119512436466552074e-01
-1.136122723570576198e-02
4.032652110640322363e-02
5.297862850119017253e-02
7.989397934612174623e-03
-2.787608797229079727e-02
4.198320312627368267e-02
7.203889860973422543e-03
1.940457098698544769e-02
4.313462639742748905e-02
-1.245820874842484827e-02
1.414164318011446042e-02
2.113280267459938244e-02
1.869951394463726935e-01
-5.671660143574364099e-02
2.490100848034915160e-02
-6.732335934578159709e-02
-7.096784554570811920e-02
1.554950648654429557e-02
4.880984500511464930e-02
7.013653265564467887e-02
-2.700861041256619188e-02
2.603609065209822049e-02
7.537907227233064944e-02
1.300754260493515169e-01
2.651259136863703958e-02
5.777865170616669488e-02
-2.185480403487938261e-02
6.907549102094767690e-02
-2.106487894323549881e-03
6.002209330266783383e-02
-1.551552992448756996e-02
5.731161231146386648e-02
3.513716307374048498e-02
-4.948243812235908479e-03
6.637688354285264936e-02
-3.045892403991290465e-02
3.050182942050305712e-02
6.315646010589714976e-02
-6.017320115706170647e-02
6.488456977827006256e-02
-1.040452301115379896e-03
-4.182845777243926477e-03
-2.391296460791059175e-02
7.155145195317835771e-02
-2.276588373107735208e-02
1.146531658306804147e-02
-5.580138901447506683e-02
4.585658669281267308e-02
-1.421794162940859252e-02
7.759395876519636914e-02
2.555754033916768364e-02
3.383304508488960138e-02
2.129325051542352298e-02
-2.894587606636633836e-03
7.471486857619114019e-02
7.086863485138650276e-03
5.164952508405917797e-02
-1.790174566894497943e-02
7.515983258107983289e-03
7.590688807855627829e-03
3.586142066449582444e-02
3.264684159328634649e-02
-2.394627271669813595e-02
-7.600084083286162695e-03
3.638925506031931434e-02
8.233165613020698714e-02
-3.548502676779330400e-02
4.543497431439336154e-02
1.697673854283143768e-02
6.598611834020440270e-02
4.898921524616461909e-03
6.267015768891770477e-03
8.720150933601189536e-02
-6.930315939959408311e-02
7.831731054050639074e-02
2.429144897260249181e-02
1.800452027054366688e-02
1.694825556926682353e-02
1.124947507816707049e-01
-2.542884113843091320e-02
1.213872563246145564e-01
4.959592181354688378e-02
1.651853601844033292e-01
1.295763568771590712e-03
4.428374638963883392e-02
-8.523999548025162909e-02
1.865654738050586126e-01
-7.603553894460279849e-02
1.858828552577973525e-02
9.536905099141890219e-02
5.482229902314683656e-02
-6.387952534783503111e-02
3.645710423544112899e-03
-3.008468871469149875e-02
8.569508807442272058e-02
4.944196865767702675e-02
-8.331857031658973511e-02
3.310966925499814195e-02
1.709041157772706043e-03
5.022393581275430563e-03
-3.531109900188877937e-02
2.687279238095374723e-02
3.026968961876974618e-02
4.759513463043507642e-02
4.350405850397365271e-04
-4.783607625453889511e-02
1.430146441508539645e-02
-3.267100087723573409e-03
6.940175235375622975e-02
-1.249147507597059281e-01
-5.026395291843632762e-02
4.169087420971440139e-03
4.041542387778784828e-02
2.392388211368512430e-02
-3.118723932066824744e-02
-1.967808301027584861e-02
2.950490503233771378e-02
1.781890038103783880e-02
4.084754939850876454e-02
5.774256494787355365e-03
3.341929726786974086e-02
4.589665677897603047e-02
-9.815581097187164872e-03
4.072242317345176055e-02
7.211102757561516086e-02
2.063275443180945246e-02
7.549503762653531069e-02
-4.547324283734655026e-02
6.463313607292309193e-02
-6.038120711446071098e-02
3.490430781156539375e-02
-4.294352262314027335e-02
1.164683510868982363e-01
3.054291158711031073e-02
2.152655495766842009e-02
4.360286257606804661e-02
1.273642179098792848e-01
2.313548575092472248e-04
8.361920271770051372e-02
1.177993521990703396e-01
1.300826282439082604e-02
-2.431505574271630721e-02
-1.303558495597134659e-02
8.611667007452217248e-02
-5.181078986498111050e-04
-2.204486543421779743e-02
5.186947908390315831e-02
3.522992849630757206e-02
2.187814435427126725e-02
-4.537637575164854553e-02
-8.490144693060663883e-02
1.976397929914730511e-02
6.709029445367598044e-02
4.821253177238338239e-02
4.238257191535721446e-02
9.364118213514993627e-02
-1.597498633908656096e-02
8.317301411137489886e-02
5.579875378327359137e-02
5.317864091969326523e-02
7.656762620073176429e-02
2.419822850239206069e-02
2.349327207635529824e-01
1.619223463721641831e-02
2.246450873241279123e-02
5.236995578050818168e-02
9.165140943763672166e-02
4.338519307545701809e-02
5.486311842569843722e-02
4.349125083100410794e-02
3.211786431331234426e-02
1.231480938013477210e-02
-4.485150783141932107e-02
2.208724951971475711e-02
-2.426054233999752705e-03
-1.930231441545126464e-02
-2.448814249488753120e-02
2.778461946959742343e-02
4.540274949345466347e-03
-7.487435303650472572e-03
-4.010597367333751384e-02
2.008916794287279178e-02
-5.331719275523158497e-03
-3.326650791427403220e-02
-5.608174798870461941e-02
-4.007697124574852166e-02
-2.787575093399141668e-02
-6.476996835143977727e-02
3.836186983527112293e-03
-1.162430559186428125e-02
-8.791145937751065897e-02
7.290156802213343390e-03
-9.413963890099075194e-03
3.958337199865091804e-02
-3.932464524038947751e-03
-8.791896275565092012e-04
-9.799416040303432496e-03
6.167213577426000626e-02
-6.466121110738454192e-02
7.791782504002808807e-02
-8.963812166362505884e-02
1.068771801610692851e-01
-3.293853387092537943e-03
1.545436798483974528e-01
4.595087165557099063e-02
-1.958902185847248845e-01
5.716273618356870756e-02
8.427735107545264448e-02
-5.663577237703942835e-02
-3.056773289629344248e-02
6.711003711749707890e-03
1.911899875130140813e-02
6.195781461141081081e-02
-2.317212883981123461e-02
-2.980800822922535787e-02
-6.804613487598754062e-02
-5.535513903005773173e-02
3.329382229015998007e-02
-3.670425371085039856e-02
7.544234740137811812e-02
-6.307008138674685682e-02
4.750171218169363385e-02
-7.912071708221724009e-02
8.145139261437028821e-02
-1.227499383650743070e-02
-2.888848517869435639e-02
6.992607802638506342e-02
8.084145995187252964e-03
-1.151327990040185156e-02
7.126917915462716024e-03
-4.423197911058629472e-02
1.044907557078933458e-01
-1.020343835245292041e-01
4.230789881545993225e-02
-2.250563985589826288e-02
2.257564456320126922e-02
-1.504196549677194739e-02
9.483353442864173033e-02
-4.243380973429289327e-02
2.194673658567269925e-02
-7.025284712203205828e-03
1.004258984086625617e-01
-3.208877834813028684e-02
-3.294290584447834291e-02
7.905690800613118796e-02
4.477133331564564500e-02
3.449478254252769105e-02
-4.792257767919760880e-02
5.927007347060442299e-02
7.614177453213244462e-03
1.244930886945940784e-01
-1.569590609633575440e-03
-3.389137275048348386e-02
7.980408136812489062e-02
2.575980015773238208e-02
-1.609286611282723101e-02
-5.749274655945280088e-02
4.435305688128554635e-02
-2.845848134305395405e-02
5.166317846649004508e-03
2.421845998484695173e-02
-2.622715846192225086e-03
3.188789255718749160e-03
-2.406031998436475305e-05
2.665850547939774273e-02
-1.039842678730451553e-02
-5.209321375032249790e-02
3.167042804824182767e-02
3.152716730288229741e-02
3.514185362250765721e-02
2.106215395064747753e-02
1.114131344466251505e-03
-2.036053950807703572e-02
2.719163442896732619e-02
4.502745537451779967e-02
2.338408863426044704e-02
1.651769741771991207e-02
2.552255382499701852e-03
-1.219267483224584225e-02
4.503012000222694766e-02
8.427073451600985976e-03
-1.616926743130076005e-02
7.424288737340134503e-03
-5.707291626868693513e-02
5.488675793380748402e-02
4.870191459964789971e-02
4.504547709767425800e-02
-2.974034223111932107e-02
4.411978727688747881e-02
2.801014545043134518e-02
-2.023483465494502198e-02
1.687421213959128252e-02
3.071457148144096649e-02
4.478724472581463445e-02
3.122745076609323434e-02
-2.233740234782732870e-03
1.705334877002950833e-02
5.530725823002757835e-02
3.813721714762330350e-02
3.153202720938175219e-02
8.771737500380760721e-02
2.910489636503532651e-02
5.692902686230372211e-02
8.029742610621504184e-03
1.423011251117323184e-03
6.239654629995294854e-02
5.721039963181517862e-03
2.559441228132941504e-02
1.106811500637880918e-01
-2.980841664793976165e-02
4.195120603359425715e-02
9.970563014397737511e-02
9.475391639781038933e-02
-1.509761903346618084e-04
-2.407715941967847328e-02
-3.871252762655230661e-02
2.112651794377429226e-02
7.254086394656167336e-02
-3.529480699903109198e-03
-4.184508937053532662e-02
2.344231348674563620e-02
-1.707808401718535762e-02
-2.242287317938629343e-02
1.379960169841965012e-02
2.257173695138647851e-02
-4.291766790961881739e-02
1.312391555761482920e-02
2.964426990546775720e-02
-2.960590096951887240e-02
4.575163288156658403e-02
-1.710044546717881531e-02
9.561714187370307094e-02
6.624637144904133024e-03
8.247040777202840900e-03
3.353460394827756375e-02
-8.975837265335240289e-03
-1.485852130285492123e-01
1.587029731111972986e-01
4.097823242925535681e-02
-1.190087357302851423e-01
5.873289018409821871e-02
2.999296662045769502e-02
-3.068608871512035208e-02
4.446277050596192382e-03
-6.290189540356871944e-03
1.591152375046833711e-02
1.559899899555916569e-02
-2.596027456492078223e-02
-2.657794790271217344e-02
6.837682877129891423e-02
-3.780739267962540673e-02
2.902370864500181113e-02
-6.319075591913803081e-03
6.055208023537295148e-02
2.706366246410563114e-02
5.115958253650987331e-02
1.605894081838044052e-02
2.002750404785214045e-02
1.801236165404374034e-02
-3.548910801280480420e-02
6.502287025309305690e-03
2.197467590850294972e-01
-1.973290042244759679e-01
1.953331816831482826e-02
3.208719894377876081e-02
-5.727182907533356904e-02
1.734069334286392206e-02
1.626601603974764387e-03
-1.390006221910455864e-02
-6.480114894647837076e-03
1.333472540484481605e-02
-1.172247344516130774e-02
-3.211485848640793783e-02
-5.715955663714300528e-03
6.915474384221909077e-03
-1.852410591466635559e-02
8.259041476303519147e-03
5.789365309256666592e-03
2.780031673099125911e-02
5.498536265142739410e-02
-2.185699884494951561e-02
-1.806640490655730957e-02
2.657693659523596708e-02
7.376656125697600430e-02
-3.188955773572299535e-02
7.188143091420640118e-02
-3.833980855628693618e-02
-2.942728710632369626e-02
4.520800066350805224e-03
3.852921681725440806e-02
1.347152392596493442e-01
-1.212174093233926442e-01
1.047974253855921134e-02
5.652526894827580861e-02
6.770241876209937004e-02
5.179159974011415812e-02
-2.014217224265246742e-02
1.810235219429490172e-02
3.069725727631533729e-02
4.487798491214611829e-02
6.248525311427499673e-04
3.995388076314787540e-02
1.486136422948369784e-02
-5.546349711372178248e-02
2.352919303359612968e-02
6.208058535489247021e-02
-2.795800178051655038e-02
1.762903749473654358e-02
3.216315594106466946e-02
1.031992054577641760e-01
-2.460306815638180211e-02
2.669084606808125315e-02
7.363038793147791417e-02
4.742835581285187452e-02
4.790483509684695385e-02
7.421955163611215767e-03
2.691553974882432421e-02
-7.425920361290305749e-03
5.702534950920101764e-02
-1.577131903794959378e-02
6.567049939746771869e-03
5.369815753100537492e-02
6.903843664238484834e-02
-5.337066336259255195e-02
-3.410701987195396967e-03
1.602323231795299563e-02
3.677286063273066397e-02
5.011251728920584902e-02
7.344705453642541571e-02
5.923933211795295861e-03
-2.476397468271773761e-02
-4.425687693828450620e-02
-6.344613417814226608e-02
2.265316921500359904e-02
4.964479997613358009e-02
-1.261101722264856839e-02
3.416587811979399092e-02
7.164369460564312675e-03
-5.489055981696533415e-02
3.915797174853574703e-03
-3.104529803597722015e-02
-3.801316736757209824e-03
-9.506927065693293599e-02
-4.689362406522090687e-02
-3.131905339655172149e-02
-6.781295952566823715e-03
4.223241385976073126e-02
4.542832535898222446e-02
3.063352183923395700e-02
-5.217631787449095171e-02
-3.916933839849279231e-02
7.983032788496657872e-03
-2.912726413343280640e-03
2.022629587271618234e-02
3.887518047736326920e-02
-7.006588929073620520e-02
1.725481021001673554e-02
-8.048404832989408675e-03
-3.196857584909285066e-02
4.873841771883080654e-02
-1.542809350020224457e-02
4.702336025220077431e-03
1.987440712085852823e-02
-1.092893102144198991e-02
1.087417788519529083e-02
2.535438847211413105e-03
2.007641361806644653e-03
3.311769559614763381e-03
-2.415359582881171363e-02
3.551501199590356705e-02
-7.097306461872232575e-03
-5.458533826425693292e-03
-1.780853908576451872e-02
-6.384948186771932654e-03
-1.524774559003594376e-02
-2.470290288780407906e-02
1.911536695883908621e-02
9.394430587110313979e-03
5.671141126229350959e-03
4.409849084833794564e-02
1.600643024496228861e-02
-4.123446265183394743e-02
1.190569044235978424e-04
-4.668201307852726245e-03
3.092443232458563784e-02
-1.258790190739178527e-02
3.566534823506817276e-02
-1.062725276466069957e-02
-7.810718865321142346e-03
2.526564422916877106e-02
2.949400903940224694e-02
-3.737869808579930009e-03
1.461637175907615216e-02
-2.718176816935802265e-02
1.292779443461178346e-02
-7.230925780808306058e-02
4.266472839531187944e-02
5.353608894739858570e-02
-6.938615685584137438e-02
4.488823570151900810e-02
6.804907703892437709e-02
3.493831669573399523e-03
5.677347870492344128e-03
-7.018829442429375121e-03
9.905119485355218245e-03
-9.156955892235973948e-03
1.181451691851531649e-02
6.588913535542273436e-02
-4.358865411584345040e-02
-6.074353607664395582e-03
1.404869521101392849e-02
9.401399919183361931e-02
-1.440986226270224435e-02
6.204518595858132812e-04
2.481955119913736851e-02
2.917682554219336311e-02
2.426995008560028921e-02
2.588495898184550725e-03
1.397988410110562185e-02
2.212153146720607921e-02
6.656245180765019143e-02
-3.158472016010360761e-02
4.725954332418469406e-02
1.202567194473935785e-02
9.300108770657455892e-03
5.752717081185076964e-02
-3.538764586393128297e-03
-2.978718822912806985e-02
1.437572562785094377e-02
2.029117137952729522e-02
5.126375740472699505e-02
-5.688725863302934727e-03
-3.008720638711714912e-02
2.324352967980169993e-02
-6.155780425475576578e-02
3.153804042366870064e-02
2.050607323772628554e-01
-2.144468705447888368e-01
6.374782986577276489e-02
6.155028978514520688e-02
-1.170977263089554299e-01
-3.011769271127295866e-02
-4.807853446225340832e-02
3.553099391299152643e-02
-1.400452120157424929e-02
-1.737361822542338174e-02
5.225961725761552046e-02
6.108368296017907539e-03
-2.279282193725151728e-02
5.136585597947940229e-02
1.693907110632775215e-03
-2.918340584475043187e-03
6.094422096170371006e-02
-8.786994592678176730e-03
4.492250110198359181e-02
-1.840725446191537884e-02
-3.664659928328983796e-02
6.412308864769178385e-02
3.799273740347075545e-02
-3.258584016454557641e-02
3.327340384614574376e-02
1.311097023513596582e-02
-4.575286825657887135e-03
2.962900673713919630e-02
6.080971916703159508e-02
-7.567934284678834445e-03
3.888648857541809889e-03
1.117302253415481950e-01
-2.018425427764158897e-02
2.733478121043386722e-02
-3.860735973076190319e-02
-6.388787423472486182e-05
6.962182331892075027e-02
1.143282723331302542e-01
-1.317339773362373734e-01
5.733427523535028492e-02
-3.341274385299275451e-02
2.474474410304661198e-02
-1.214606804406659357e-02
1.503985307294097851e-02
6.350690835175143434e-04
-1.001932607559519184e-02
1.917176190177416473e-02
1.136049591024468342e-02
4.449067632668501915e-03
9.694564099884672714e-03
1.456960445507693436e-03
1.909061020716640300e-02
1.223078035894342719e-02
-6.062271629566140518e-02
5.758441956111992610e-02
-3.232670057652375917e-02
-1.465252219905543996e-02
5.552723038410700696e-02
-2.297484836644825279e-02
-2.959869035702356044e-02
-2.515837220273420272e-02
1.589573053324344620e-02
7.152419350039229684e-02
2.479650410069034194e-03
-5.719009903153549068e-02
-1.368821319751623022e-02
5.047451759813670336e-02
-1.980244235336137137e-02
3.050355446399688475e-02
-3.038939093711912065e-02
-4.166748720523472116e-03
-5.072342749353797586e-02
1.086070319089005309e-02
4.295885615527605950e-02
-2.184169601456309451e-02
1.016727323750110656e-02
1.174743248781906502e-02
8.300778777036388334e-03
-1.004273365522267980e-02
2.625665107175700896e-02
1.222342352988903258e-04
2.929505058056802724e-02
3.414777412922731514e-03
2.371143604540693062e-02
-5.445179092546492683e-03
5.101171450165198351e-02
-4.070244967701697192e-02
-3.891693297673759488e-02
3.977836234841181096e-02
1.337523269083016331e-01
-1.111281053955086584e-01
-5.735613716153853403e-02
1.319928052654431028e-01
-4.204956635108514362e-02
-2.113432216845811951e-02
3.778490924554045449e-02
-9.405164659951559258e-03
1.686158799091685978e-02
-6.251032423909252955e-02
9.906330976307975433e-02
-3.603494911229798703e-03
5.222342059275897341e-02
2.484254781173955706e-02
3.737261052186946486e-02
6.451299070109328682e-05
2.780835842775442046e-03
3.794499758280034385e-02
5.565753929264705135e-02
-2.542343268657387689e-02
-3.952884595196248796e-02
3.616842009750520504e-02
5.215355799395493541e-02
-1.569019461688769823e-02
2.612432196072833612e-02
2.652731533677132880e-02
1.752985840190279809e-02
1.383314784470246472e-02
2.390953777036064487e-02
-3.217650828240348204e-02
1.101037874959631679e-03
-3.563803352077576925e-02
6.139371609122257212e-03
6.346136686364967083e-02
-4.008437651155172254e-02
-9.047595288597309882e-02
1.991599971985562600e-01
6.903219684583095095e-02
-8.641993764570510272e-02
-2.570024960906636124e-02
1.923254131210772044e-02
4.584054432082740327e-02
-4.070795415814787432e-02
8.743046876151350233e-03
2.729781108993134531e-02
-1.763791486546129050e-02
2.329209477074178913e-02
-1.369944455677418738e-02
-5.664658700554880966e-05
-1.637109250471291411e-02
2.518384965900710704e-02
2.641398111715109742e-02
-6.126578089968459651e-02
-4.936224887068241252e-02
9.753819489315618263e-02
-5.326576985623376892e-02
1.547013394817220444e-02
5.935477414225265314e-02
-6.673457612941136041e-02
5.554077211632790778e-02
-2.004769052239563365e-02
-7.025281964438745419e-03
2.849573445088293688e-02
8.979192087044118864e-04
-4.752566781204725643e-03
-3.365519372919778540e-02
4.440222877948318825e-03
2.952661819442359281e-02
1.036626987134181554e-02
2.461303376388013220e-02
-6.545261400417112796e-03
-1.780994728306928288e-02
1.341307033702876517e-02
3.844294713496898552e-03
2.132613976334463146e-02
3.513518989828123829e-02
3.121079419482186701e-02
5.651243363193669822e-03
4.201368340969913184e-02
-5.561275610404625702e-02
1.722980582244137970e-02
2.713486329508962847e-02
7.319963678633500948e-02
-1.191958291391470581e-02
6.726953724264461698e-03
1.672159991403932011e-02
-4.950832180064002053e-02
1.821410838453574321e-02
7.178502279477871895e-02
1.354212817501736499e-01
-5.931030360204214702e-02
-3.393259086368827226e-02
6.151142932164277433e-02
6.644630298344433861e-02
1.141552613183272058e-02
-1.587925793965094812e-02
7.541933900738007068e-02
1.614697976001366886e-02
3.499470688486039371e-02
-1.147816238804633127e-02
1.695210923961809613e-02
8.969894959696245174e-03
1.388694983682592365e-02
3.219731032063255505e-02
8.438018127303714699e-03
3.864544998468222303e-03
3.350549307792505260e-02
-5.576101192209970137e-03
-1.124749997968244042e-02
-1.719193712278133113e-03
5.236072149765902406e-02
-2.838636183343479225e-02
1.799880182189406153e-02
-4.744052363676509732e-02
-1.095142946988592048e-02
-8.923387127968562815e-02
1.707620005687304765e-02
2.109083752064944139e-02
-1.295446537772404483e-02
-4.786728849503596450e-02
1.404903777422505939e-02
-5.010541081656172402e-02
-8.857401461977132406e-02
-2.165981200035216325e-02
-1.470348325921688737e-01
-8.249714894216619854e-02
-5.530934522989028324e-03
1.705032300498809938e-01
-4.854330838356091249e-02
-5.486308688961982760e-02
-1.991450462610866445e-02
6.812131377706220903e-02
-1.723228291233502851e-02
-2.320782371076623996e-02
-3.251617998357048123e-03
-2.169881320340683040e-02
2.210217021239690993e-02
-7.878411285232367334e-03
3.336657079870741782e-02
1.136348450842827873e-02
1.327525377936833451e-02
-2.932478172230279512e-02
-3.579355669991457489e-04
2.365230220882841294e-02
-1.759253882941091973e-02
-1.189498701502644806e-02
-7.394197505992128328e-03
4.079690945846969896e-02
-6.363462163933242266e-03
-3.525401203396194560e-02
5.371758622396738403e-02
2.310349764958186114e-02
3.399075797494477413e-02
2.611260762204015151e-02
-1.975725092146518591e-02
5.909183778880944260e-02
1.019661854082354324e-02
1.878861035892587239e-02
-8.143903052764134287e-04
4.210031250343093667e-02
-8.061789156434295833e-03
2.922422287478587677e-02
-5.234908664115889287e-02
6.658982293829884824e-03
1.355131024293638742e-01
-2.855237481168670932e-02
-2.700506188457607593e-02
3.912829447530907778e-02
-2.036802235871659761e-02
3.562753998760626040e-02
-4.646794902295248164e-03
1.108780239784801225e-02
7.286544759291357920e-03
1.335453069035863471e-02
4.027402922569667254e-02
2.258593803082353801e-02
-5.282655804950131539e-04
-5.346842692622044702e-02
6.337880372147575159e-02
1.296577219972703254e-01
-1.909484115358839329e-01
4.764663926385770409e-02
1.941044705264038939e-02
8.640773267684043191e-02
2.918511973274817706e-02
6.020730726632383956e-02
2.239864468960450772e-02
3.163126708805585885e-02
4.006508450426982115e-02
1.979251222093769691e-02
-2.499164881705895347e-02
-9.278053626629256811e-02
7.522055119521264821e-02
1.032141598630618162e-01
-5.894678704800493385e-02
1.801332166919134004e-02
4.098247168595281487e-02
5.234716573227604641e-02
1.387029527697380971e-02
-9.138964056893006394e-02
-1.350203648888737007e-02
-1.448836678322726890e-01
9.213898394657449309e-02
-2.547708139903348545e-02
1.162115372220373644e-02
-3.619948027583985706e-02
-7.739965926997660617e-03
3.190380744688914305e-03
1.126290293501863715e-02
-5.013297340985678474e-02
-2.045583604774758868e-02
-3.768798143899854125e-03
-2.220878614994870048e-02
1.118581336600654730e-02
5.783468197745156303e-02
-4.232954799811050606e-02
8.804393758815320936e-02
-1.490896478923264823e-02
-7.424572697852016567e-02
1.726004032221539752e-02
5.194017226400315934e-02
3.092417507002753752e-02
-2.441382792750523834e-03
-6.568715401167324330e-06
-3.387591377908605317e-02
4.077807524703125353e-02
-1.088616582793311416e-02
-2.451644978193856517e-02
2.795421819520749196e-03
1.810976641577610735e-02
-3.752375047949807474e-02
-3.269833748325412515e-02
-3.227827588881293508e-03
4.793267023366354351e-02
-1.170696479304700333e-02
-2.309928093813562455e-02
-1.953841028798830592e-02
2.746802898228928314e-03
1.861567216061565944e-04
-1.071328505854518554e-02
-1.436156577658298517e-02
3.933860340166361880e-02
1.564595629703013913e-03
-3.919021899578867263e-02
2.384027673698163596e-03
5.218687577436664782e-02
3.765015377143088315e-02
2.121356818009667577e-02
4.684072288231089232e-03
2.745715415668570358e-02
-3.543168889277081846e-02
5.589296620211259281e-02
-5.769201750001506923e-03
3.839593520581585651e-02
4.765853242279938229e-02
3.611100725617433227e-03
-1.973302481368177652e-02
1.135332841653147185e-02
4.682545067251808746e-02
-5.383837046237305302e-02
1.170845942146048202e-02
7.399670965641469422e-02
6.936011091538407669e-02
-8.991361274839793083e-03
5.848689070434787141e-02
-5.357759893827029885e-02
4.538787757618489849e-02
-3.651949386666997199e-02
3.203385968171090781e-02
4.454668231118841248e-02
1.589584278662270478e-02
4.286565954681664792e-02
2.849630073323172752e-02
1.829731861527372772e-02
1.658984600757218431e-02
1.556802321134798106e-02
1.749199891560948572e-02
4.253381126787925126e-02
1.384589526361112988e-02
1.521015913002887743e-02
5.570527376443479284e-02
4.002836150398980664e-02
4.498581618659125425e-02
8.313201668619329965e-02
5.851352208362481377e-02
5.710156457773063465e-03
3.921984932183986139e-02
-5.638204821338188566e-02
7.469688006566088667e-02
-8.809314258196931924e-02
5.096951692178319782e-02
1.767348686555390014e-01
-1.330209560946284952e-01
-8.313371319326878783e-02
2.740569374940937664e-02
9.758140922257974026e-02
6.443327260091225028e-03
-4.762136804247862898e-03
2.048479156108595767e-02
5.219230033033084304e-02
-2.634579623619037747e-02
-4.765443913482103611e-02
7.707567614203103545e-03
2.439388072080772574e-02
8.031811722428683353e-02
1.241278717773575124e-03
1.658343070514600726e-02
3.833850787366577251e-02
5.038316487220884099e-02
-3.154133440617323814e-02
1.100744284082955105e-02
7.979529103171367765e-02
-3.062484361773742947e-02
7.286299219795155935e-02
-5.869618686871636015e-02
6.064212906249366597e-03
-9.676667685990292256e-03
-1.324695605644476970e-02
1.129738855107165207e-02
3.339377280476441001e-02
4.355637907332310377e-02
1.472707840829512449e-02
4.592381741384432559e-02
-7.253809012825440661e-02
-2.133148752285407568e-02
6.364531617575330813e-03
6.126862208906791452e-02
4.960636948965513326e-02
-1.049248068997732375e-02
3.624479928746060509e-02
1.465294774754211105e-02
2.869520569360206608e-02
-2.610400900152098913e-02
-1.826777347425956322e-02
2.185674967131845392e-02
3.505548515353851258e-02
1.783112585032498032e-02
-2.742933625658761088e-02
5.668313472178754253e-02
5.330574135648191714e-03
-3.493914898488670318e-02
2.935845082551802321e-02
6.344527088733986631e-02
1.140314197169622901e-02
-3.435157181492165535e-02
-4.569100165726336371e-02
7.117120602784066108e-02
6.430950829687676062e-02
-7.755769968483594567e-03
-2.176510440527756884e-02
6.586481166123281383e-02
4.558424708154840133e-02
-1.988813721237558951e-02
-1.617125205856240200e-02
2.991816450214690448e-02
4.044686029664124050e-02
1.011970044641863353e-02
9.919434693122841651e-03
7.355758780864052326e-02
1.267629325773267368e-02
6.674327884591635396e-02
-4.242546405677893873e-02
1.019907640920498793e-01
6.899037704624433331e-02
5.214247260396742689e-02
3.465477945983952424e-02
2.195194773914721509e-03
1.539877279350054806e-02
1.058856277900264153e-01
-4.594521972940723842e-02
1.802800834786344453e-02
1.105742786751071627e-01
8.783536061916619175e-02
4.919715378291455998e-02
1.046678541597945156e-01
-4.030659367009303828e-02
-6.989711822944277841e-03
6.672580804536032417e-02
4.036993931161902971e-02
-2.373397667739807204e-02
2.113003817287806285e-02
3.254551034573638368e-02
7.664405891746906008e-02
-1.190076728440014886e-01
6.538489237243338970e-02
-5.934559456396848454e-02
-1.030299963509073713e-02
-4.673637579730116620e-02
6.310243400522241863e-02
1.088182856951980249e-02
4.677405191304551124e-03
4.933982728490793335e-02
5.122304552271694789e-02
-2.004886060319011065e-02
-2.431508257436609810e-02
8.924517317465685551e-04
-6.812195332212667154e-03
-1.426758625648361090e-02
6.220349545213998965e-04
-4.057264451905684410e-02
1.747849467137063684e-02
-4.111297348358800008e-02
-2.935964893835185663e-02
3.984991417116923174e-02
-5.189083401628913350e-02
8.545666346268188107e-03
4.014268250169239494e-02
-8.561018248447460621e-04
4.361054958283050453e-02
-6.926290467615192625e-02
5.967823025546703519e-02
1.383241139369717487e-02
1.197170043119388794e-02
-1.037624705809969683e-02
-1.704234665855963726e-02
1.603161644950468201e-02
5.137797360460938378e-02
-4.024754522390150413e-02
7.400496359539321389e-03
7.190611609338759536e-03
6.289565394348528571e-02
3.507589155380941293e-02
-3.022048432803492446e-02
5.761644377785479776e-03
2.956426177561999324e-02
1.282338328206744649e-02
5.064293934283758958e-02
6.556302851229789397e-02
4.026234113051785357e-02
1.647760972998124629e-02
7.200031383213634228e-02
7.635876361382742950e-02
-1.141273741238624240e-04
3.950415117996919356e-02
-3.121603466911260227e-03
4.072364807641282169e-03
5.949934926138245039e-02
-3.132584374982139153e-02
-3.127488121476984517e-02
5.267501799895435433e-02
9.525485169556091591e-03
-4.172619613560279994e-02
2.763002932526270605e-02
3.263962615752458163e-03
-1.830806931011341732e-02
5.169123801508224147e-02
2.694204000238697994e-02
-4.947944314007446387e-02
-4.374486378943664988e-03
3.042687981689717880e-02
-1.462735726781883017e-02
3.639346836309642619e-02
2.714053076616984583e-02
1.367931318179627098e-02
-7.652064692684978908e-03
3.717283491068146262e-02
2.377149155549562742e-02
-8.174287387349599143e-03
3.306979405733234678e-02
-2.824420030032781526e-02
-2.639655428684939409e-03
-3.577329756089153712e-02
5.078614067320330605e-02
3.425865667545524573e-02
2.941696915093139353e-02
-6.416817023517928931e-04
1.516675385157206790e-02
1.944184426375628050e-02
-2.790860338071521340e-03
-3.052112781639770844e-02
9.292219870641549306e-03
-1.012157936168378569e-03
4.106286600101993756e-02
6.758678680481633450e-03
-2.908478135449943380e-02
-1.594285550157970022e-02
1.228102406307662875e-02
-2.804504273778407608e-02
3.842830893154447480e-02
5.978902320135892623e-02
-5.669761811958551334e-03
-2.851438156099694865e-02
1.358629888716933465e-02
6.552634032793802632e-02
3.064182293232953214e-02
-7.464326446545843652e-02
5.969763121335969203e-02
3.748857069770217265e-02
1.388029834490023262e-02
5.267658446143519413e-02
4.408172623769734955e-02
4.910926754020650264e-02
2.070193540264453347e-02
1.216207204292452104e-02
3.926267853324860724e-02
4.672357377903146869e-02
3.801297475940357273e-02
9.105210289909670962e-02
8.475056451461515650e-02
8.823733496456709346e-02
2.806164206660666238e-02
-1.871039058068779681e-02
9.079414995269008415e-02
1.573647336647843176e-02
1.351010538394259441e-03
7.251992098640691609e-03
8.571444151832952052e-02
3.079936384852377529e-03
3.683325587229036024e-02
-2.572407735693560404e-02
6.692464435133715916e-02
-3.662977184249349705e-03
1.043934345783941176e-01
4.449319827826947460e-02
-9.968331010223430155e-03
1.336870833964320937e-02
-1.782626284299393404e-02
2.831052529435362786e-02
-6.010142842328480839e-03
1.060655876202720727e-02
5.474026299342327206e-02
-2.868712650315319301e-02
3.611897106473982433e-02
4.769754455822350359e-02
9.567033873880692596e-03
-1.207877249538702458e-02
2.059716175536063787e-02
9.985326142278561079e-02
-6.200210258082283765e-02
-1.132969407845418885e-02
5.481857478929907934e-02
-7.145116168498710785e-02
4.145071574460690300e-02
-1.152132386968540700e-02
5.107806357605770842e-03
1.504412509604868831e-03
-7.823581220219644194e-03
1.269140648280986383e-02
5.085989787748168567e-02
-4.119950048702136769e-04
-8.237923765926691289e-03
-3.570209437705029742e-02
3.572256988811695066e-03
-3.439295037286349555e-04
-2.707690882272872912e-02
7.315300133179158948e-02
-1.045635000061340136e-02
7.446735695649575604e-03
3.456044648693623600e-02
-3.014149288882439492e-03
-2.742519492889128330e-02
-3.590164740862000770e-02
-2.449524358036159200e-02
4.332996458275673035e-02
-4.813731217795869100e-02
4.209683129201868823e-02
-2.853089490431948150e-03
-4.443866628464698820e-02
5.041366529316659850e-02
1.060896430071354146e-01
1.563038431044549981e-02
1.568043992123335784e-02
-4.047119484178507420e-02
1.560396580664131783e-01
-5.374031940098333848e-02
2.600781879191016444e-02
5.877320380016692880e-02
4.249148887498943594e-03
2.880710468000824420e-02
2.024800516262548200e-02
2.521892919086665685e-02
-2.143076365029550345e-02
-3.033722432767804733e-02
1.326226652480055890e-03
3.775575150553445170e-02
3.183447054981769497e-02
-3.935901326015578405e-02
2.170861747587871093e-02
-5.948393633550796977e-02
2.042189980598507759e-02
2.084568622053240006e-02
-2.593772177586384231e-03
-2.654969937646356470e-03
1.005675753786983151e-02
1.455623134941541608e-02
6.700968841556242950e-03
-1.993548919382215345e-02
6.125910758742492135e-02
-2.329021800568664702e-02
2.589472836633976982e-02
3.276603787780585364e-02
-1.377818296184685209e-02
3.031140667052945048e-02
-1.110579154079438524e-02
6.364741555556063801e-02
-2.162590821946919206e-02
3.389749899539840072e-02
-6.591103320654490005e-04
-6.956756439380207269e-04
5.846968969541643801e-02
2.286105946143779377e-02
4.563614658629422394e-03
1.077552957167693393e-02
3.311534549191019750e-02
2.706444354701131871e-02
-7.569749704627426468e-03
4.465414437566783690e-02
1.230812651005841474e-02
3.828612782947793391e-02
4.351557975292852376e-02
2.601237612538787047e-02
-1.974153496451380718e-02
4.090823295476742061e-02
3.600685120294100372e-02
-9.874996584495310259e-03
3.242611464385358744e-02
1.650986911389384915e-02
1.401334494122341567e-02
5.375579656691309438e-02
-1.155654208098155777e-04
4.412427799652007820e-03
4.625604136829641888e-02
-2.110211242858017755e-02
3.449094905749650053e-02
1.090847314214871133e-02
9.356714818610978313e-02
-5.846850156418170741e-03
3.592445410030586928e-02
4.641431529641759646e-02
3.455151951619894746e-02
9.074176055044902434e-02
2.167591422470871443e-02
8.532881919451740238e-02
-1.446931305820697844e-02
6.862316298473136733e-02
-1.759569405406424814e-02
3.759215418032035849e-02
-7.733920959534401618e-03
1.910719167272612040e-02
1.750586228269335187e-02
1.632858566007033829e-03
8.694317854589295180e-02
4.639834122281771833e-02
-1.901768588540031502e-02
-7.586919365728195253e-02
2.779965161889608183e-02
3.272326424428495528e-02
4.614830115233115038e-02
-1.314777512337794718e-02
3.258720826469341247e-02
4.958259933182773693e-03
1.085566978903658164e-01
-2.939470629000395796e-02
6.954670113031102829e-02
4.483625170437455232e-02
-6.250642314032717195e-03
-5.010679481029756133e-02
-1.111890624982192488e-01
-2.275166004364748140e-02
2.217447607650435693e-02
6.683006506811040026e-02
-9.729938346348276923e-03
-3.344952860645866721e-02
5.655547296380558642e-02
8.374854920594132501e-02
-3.687736323676404915e-02
-5.623748935595807019e-02
3.941487325004122688e-02
5.656254776810643037e-03
-3.512671957920132648e-02
3.714900755430883272e-02
-3.517506790718005760e-02
1.358976870021111338e-02
-3.123557592106340763e-02
-3.023801355340949293e-02
2.193388992496547729e-02
5.304003420398317736e-02
-6.345101545504272522e-02
-4.846282567266069208e-02
6.535412488181391311e-02
2.706100870750427489e-02
-5.311507679170901497e-02
3.842529132565486449e-02
3.353436342477866816e-03
1.703627737375246198e-02
-5.123355184618016978e-02
-7.602772132888624412e-03
6.713241284410198517e-02
5.526971640410582864e-02
3.848532175577457082e-02
7.610782015472494777e-04
8.640010567232181415e-03
-3.397973321681124759e-03
-3.388089178571362936e-03
2.778868665482381317e-03
3.985397227899589723e-02
3.385199351267154100e-02
-2.651164661525973187e-02
2.733596498454193835e-02
-1.429827031274033544e-02
2.973771080073905893e-02
-1.011970688603058832e-02
3.462383773568467049e-02
-2.231693941515899837e-02
1.073161627835039766e-02
4.024194286008020427e-02
4.634336687131623833e-02
-3.353045770408469295e-02
-3.167578648961910659e-02
9.430408954713831449e-02
-4.271262650563212304e-03
1.347598723759890760e-03
-1.348153102601479247e-02
8.359517073277089594e-02
-6.290011428334185695e-03
4.932824049760098362e-02
-1.313335442618113191e-02
1.129876087191705736e-02
-2.199601345324486701e-02
1.949167572489995948e-02
1.782198743134344454e-04
1.909574217032439236e-02
1.762465091432163788e-02
5.317732765747829049e-02
3.415113962173466078e-02
-8.942359541418198887e-03
9.293803997976013420e-02
2.005743669374648874e-02
-3.817176291046386893e-02
9.993170110933791150e-02
-2.003770545536465164e-03
2.841566631317915537e-02
5.843768754032874213e-02
4.988720545425850972e-02
-1.390028338366500194e-02
3.674985392247354099e-02
4.968015799030789381e-02
6.515614475090591995e-02
3.040630382243314500e-02
-6.012198780878774684e-02
3.491502448169070405e-02
6.240187872007707526e-02
2.640983241758654287e-03
3.711056270014867486e-02
8.930417831634307468e-02
-2.123033776582494703e-02
1.224570510700637715e-01
-1.755965427172867521e-02
6.748840009772827386e-03
-1.881058102734023407e-02
-2.892366634406684511e-02
-6.171865614168936531e-03
-8.071386387902723669e-03
4.027104985556584360e-02
2.224857752664277655e-02
-1.720020735906846454e-02
1.404705478021894827e-02
1.202677296729071088e-03
-1.096908993100353946e-02
6.218583620830875347e-02
-7.197378107368423983e-03
-1.405351953662337117e-02
-3.090701554065033996e-02
6.927602724447656790e-02
3.509569482624530501e-02
2.837037150959020870e-02
6.070667716029598537e-02
-2.336512360785514275e-02
1.046552525648225540e-02
1.149313734711432389e-02
6.067575096241117905e-02
-2.385881300417391770e-02
2.451764492779484605e-02
3.937586580438079409e-05
-1.611934515384505495e-02
1.564038369646492121e-02
7.124933732287086485e-02
-4.239950487155152992e-02
5.229277941307897137e-02
-9.432107058868766103e-03
5.489495378968811679e-02
3.155040213652782199e-02
6.218374335550524989e-02
-1.732328246026537677e-02
4.446998916721689454e-02
2.362720357193404119e-02
3.957181136763354701e-03
6.706786086947791325e-02
8.374463626518413584e-02
3.778319889499814899e-02
7.784842653134815826e-02
1.441811361162592675e-02
3.645498838734639868e-02
6.885238730526155315e-02
2.663722907944587881e-02
1.808090125960439831e-01
-7.466345783684324999e-03
-4.493125765480132650e-02
1.413031268196962564e-02
7.047723870168609572e-02
-4.882154026330631780e-02
5.277629185800680744e-02
1.239397117354723576e-02
2.080221610315780012e-02
1.690781098248250736e-02
3.000775074511019547e-02
-5.988071988223464537e-02
1.682940140792421602e-02
-3.399401441597849072e-02
5.646559384700733375e-02
-1.357040461248160135e-02
-3.338057404299599185e-03
-1.376911163699778839e-02
2.969637448892337162e-03
-1.778021777851801488e-02
-2.271722303398782117e-02
1.222319738461057348e-01
1.168690874012456860e-02
-4.963115032860221376e-02
3.714402065638156003e-02
2.752423803071368802e-02
2.638218584022533619e-02
4.017702536494560661e-02
2.731576995538720354e-02
3.692671149121751206e-02
4.418852791531779900e-02
1.909224991831837137e-02
2.851311371232401193e-02
1.320490579054700575e-02
2.619529723659130838e-02
2.577870244350410900e-03
7.127019055286787363e-03
2.271814225045631908e-02
-5.067307029207923641e-02
1.168512918625113084e-01
-8.184586832456708372e-02
-4.538846350310543620e-02
4.213898555495543263e-02
4.455488586461786582e-02
-3.081991881573831193e-02
2.945708259508994509e-02
3.473152319749406303e-02
1.939015976664704155e-02
-4.227742496120079352e-02
-8.047616357665487996e-03
-2.013729814798059792e-02
6.018385214698263042e-02
-2.204270807347263883e-02
-2.745276763664428188e-03
-4.855192353460768828e-02
3.451098771809402166e-02
7.268178656181234487e-03
3.372695041271178695e-02
5.333465434745932043e-02
-1.531806486930875622e-02
3.406814980718575470e-02
-1.092610111417258167e-02
-2.423089126713184882e-02
4.860375750682432994e-03
2.266939153214053704e-02
2.413805119940803934e-02
-2.143683885258163002e-02
7.985955031501390522e-02
-3.224539884131250034e-02
3.429323715931387184e-02
9.833379500153061059e-03
1.532010406321271390e-02
-4.785928968728203614e-03
2.689754437542868359e-02
-3.286857802535791961e-02
-1.118757345293808214e-02
-2.945792119504275774e-02
3.090922749452262863e-02
7.200298036327446027e-02
6.901717332171086738e-02
7.374342040956483046e-02
-9.348606463882358497e-02
-7.556835775916148634e-03
1.074407348614645485e-01
-3.585791251624748099e-02
6.923359330754141894e-02
-1.874456052290929264e-02
1.477762419493799939e-02
5.655680701549004041e-02
3.205549855555611671e-02
-2.121721245597729677e-02
2.282835692708484743e-03
1.905222820950536189e-02
1.874674253102615040e-03
5.169611451818889591e-02
9.926824151291313569e-03
7.309750576507845210e-03
6.882146791028764810e-02
-8.783663846127165442e-03
5.355140712053296781e-02
4.269285098767006126e-02
3.762548535561016649e-03
1.497766982505077671e-02
2.807344675526435296e-02
8.545957871694054298e-02
-1.891994008712893915e-02
-2.565871325335944420e-02
1.661870346386162822e-02
4.655832042249352654e-02
-3.717685425403560728e-02
1.380496770577699372e-02
-8.804947546194208385e-03
6.981742115009215155e-02
-7.011175118329759925e-02
4.090931215006432531e-02
7.129826847004139267e-03
4.057131806242786354e-02
5.160303664036414162e-02
1.998734701106341660e-02
2.367933486828843748e-02
5.672361656908408989e-02
-9.577347529466040399e-03
6.937511788638150989e-02
3.408209818259222423e-02
6.633790744562717556e-02
3.303781708642072878e-02
3.176828822480715075e-02
4.869907272610096705e-02
-1.157004357389712634e-02
-6.780662397670167429e-02
-8.678813930525530740e-02
7.608471182250697851e-02
1.696567366973420476e-01
7.364894640992047936e-02
-9.168337088757971820e-03
-4.017597928666050144e-02
-1.139356665835025151e-01
1.756474423471221513e-02
1.173574366664544844e-01
3.419345378674609748e-02
4.388813748409714499e-02
6.734226691120559494e-03
4.989294522919246466e-02
3.288607168540927383e-02
4.209378897099036454e-02
4.526859502210885122e-03
-3.376649643604718448e-02
-5.357783269643392327e-02
4.565187976977467393e-02
1.349258886748013267e-02
1.476421024746893580e-02
6.009637012247892769e-03
-8.385660701011127260e-03
-8.136295603544667354e-03
-2.862970444821388849e-02
1.417977461418470919e-02
-2.875381539142675066e-02
-9.310096167068680414e-03
2.070760052824379555e-02
2.418158164318977971e-04
1.547383485275757170e-02
1.411845990688622918e-02
-1.948997569955132625e-03
-2.095581170554196640e-02
-1.385249381664994603e-02
-2.249247464284621066e-04
-1.542512637770847295e-02
-2.383947626381709498e-02
2.992749320898489135e-02
-1.006114716743882441e-02
1.508333297062529332e-02
-8.303081371013106005e-03
-1.718816515847387816e-02
-2.403249040902682987e-02
-2.577829809737475220e-03
-7.716803397408045218e-03
-3.415534066244943490e-02
-4.955592997256053067e-02
-2.295994584481508838e-02
-1.822313188679558493e-02
-4.512576134689977314e-02
-2.584347647476403775e-02
2.587360036642127881e-02
4.678998441664838914e-02
-6.683808391032552976e-03
-2.699897484992108687e-03
3.886702423428967101e-02
6.542283830690931445e-02
-2.838847279344680619e-02
4.323154889738589635e-02
2.035595481873608836e-02
2.974033364130890256e-02
1.433526579715482807e-02
-2.190800630129408066e-02
5.572029927910382430e-02
-1.546322937803357167e-02
2.876501487347660202e-02
-1.135912767789466482e-01
-4.451037026159454513e-03
3.427391007364155584e-02
-6.058761472028173500e-02
1.794729831423280686e-02
-6.675731065378887052e-03
5.906803229008361633e-02
-6.941940493178533345e-02
2.304453148029628196e-02
-2.280510946475611256e-02
8.814869875304709446e-02
-5.899622652275482437e-02
3.455067010433299224e-02
-3.000835474413809933e-02
1.325679804281976182e-02
-2.899065345921680859e-02
-7.751135589329827269e-03
-3.256769195816744400e-03
-7.306129214152079498e-03
1.989688747070639252e-02
2.502227584337024524e-02
-1.817858697969265691e-02
1.395939401150236847e-02
-7.652120575550869219e-03
4.954432411587927909e-02
-3.444149615630642813e-02
4.050673678619554074e-02
-6.632680239492327878e-02
6.622038875815605685e-02
-2.557130340084423636e-03
-3.600534052133874674e-02
-2.488611486613168111e-02
7.461064985580412312e-03
2.727610801844715382e-02
-2.720709953158340078e-02
-4.820889165955799527e-03
1.184006727786912627e-02
-1.307522696682261731e-02
2.458490632449716884e-02
2.248815411053151081e-03
6.257799231846616905e-02
-2.891969434637653436e-02
-8.950526022343918697e-03
7.996040862417341799e-03
2.527062715273675764e-02
-8.149033399767802166e-03
1.777803507296438212e-02
-1.861169726463440810e-02
-1.178063213274249676e-02
-3.216370780803057272e-03
2.417657516518190164e-02
-1.378223916864751430e-02
-3.184002514618811119e-02
4.080123824977244240e-02
5.413085690722363452e-02
-5.586383759687318928e-02
3.759576013204268818e-02
7.167110456980374522e-04
1.406634815340490618e-02
-1.040621134054120489e-03
-1.111671188810348099e-02
2.829749261369896018e-02
1.593328149771933155e-02
4.041592687221218227e-02
2.376625752907335354e-02
3.263523573341808870e-02
2.517262356148175506e-02
3.084263059783931560e-02
-9.547201107068747916e-03
5.029355874014873606e-03
-2.096674388926134114e-03
3.200741188448619212e-02
1.090383890044099857e-02
3.393024710928571608e-02
1.171974787493179626e-02
-1.180557424496742058e-02
1.607196756544415628e-02
7.266727724194921301e-02
4.106003297206206604e-02
1.102815355120201346e-02
3.142827735570796754e-02
-8.482759175481247027e-03
-5.250879441940359271e-03
-9.435937695907714584e-02
1.388510123043176225e-01
9.944210589609592255e-02
-7.603377169579217387e-02
-1.922911333978372106e-02
9.731882772909838941e-02
-1.598387148729618623e-02
-3.237819983665479739e-02
4.482638855508436215e-02
2.395676644352806584e-02
-6.841772994400585617e-03
2.119127819689481385e-03
1.032279986649586867e-02
-2.898744532130215212e-02
-3.389061563367712360e-03
2.855411122474560415e-03
-5.233670095088016616e-03
5.899714106655762347e-02
-2.359138649992353898e-02
-1.804959978669362641e-02
3.776860976157103700e-02
-3.147250652169919505e-02
6.908795081370877611e-03
-8.760645747374340431e-04
-6.004984049584827233e-03
-7.635160194650070231e-02
1.464157209748750965e-02
7.363517431025679016e-02
8.021891619851118094e-03
-7.212458363473195355e-02
6.364261028731688086e-02
-9.722861376789038168e-02
4.242845585433796529e-02
-2.838128395121986003e-02
-5.122567139164990735e-02
1.240848464017452191e-01
-4.911952291251298064e-03
2.940269905284109697e-02
1.181349398851616606e-02
-1.359937542440459168e-02
-3.940351989433255042e-02
3.998523613573867763e-02
5.298809220192612912e-02
-1.850556789013846348e-02
-3.894717855702922726e-02
1.161211752597979263e-01
-1.027313206465161333e-01
4.227807328218569083e-02
-3.923691898692682756e-03
2.768119097611587698e-02
-9.255481960155353960e-04
4.488664259982622085e-03
-5.909682564174723041e-02
4.298245232074426880e-02
9.839198143248784056e-02
-6.107485974096604764e-02
-4.126460205329252062e-04
1.696926261058528951e-02
2.637661269110269657e-02
3.763407680436214875e-02
-3.930404085492167354e-02
5.078599870021127671e-02
8.943223715758064074e-03
2.973470765888253098e-02
-1.277305568151643200e-02
5.242909233338699515e-02
-7.994728164106679191e-02
-9.301456064512203525e-02
7.340936431976530230e-03
9.298914893868104325e-02
1.288166825941516880e-01
-5.166407125241279097e-02
-5.586866126675271715e-02
-1.048749263649728647e-02
-2.477666128385225264e-02
5.814602282019665225e-02
-6.782289659390317027e-03
-5.172929205811338527e-02
-3.340133894117292002e-02
2.733795143438966235e-03
2.409838866890856579e-02
4.651680297055538205e-02
-3.155981417458786353e-02
2.685182993033774501e-02
-3.515893535936576164e-02
9.080540624107835690e-02
-5.286091655109581566e-02
4.222744788123367066e-02
-1.356036934957782769e-02
5.212195987548362552e-02
-1.985080647543657761e-02
2.176380278370193544e-02
-4.291245439892477087e-02
1.067871599482472789e-02
7.964797653231059371e-02
-9.695760683875231933e-03
-5.036410537576752056e-02
4.644804895859855343e-02
-6.224817469763821443e-02
3.032441136630548151e-02
2.627838337655674650e-03
4.890178828479418982e-03
-7.864236838243776617e-03
2.782610875525448613e-02
-3.545219372448360495e-02
3.361273435922917940e-02
-1.476346677387097017e-02
7.645662336118075331e-03
-6.349860118546324372e-04
-1.233159653779725140e-02
-2.985610665857674206e-03
2.156169612569391880e-02
4.685757431001080775e-03
1.434996791550857687e-02
7.677207093843341212e-03
2.841698413262871981e-03
1.801427162449220631e-02
-8.458507013871185976e-03
-1.384986830855261530e-02
4.649862483613165232e-02
-2.531143261329571459e-02
2.716583225263358159e-03
2.796008203629951616e-02
4.296190808677380346e-03
6.212861508124944976e-02
8.982758001865986941e-03
-1.949671551848664031e-02
4.321468355535396100e-02
-5.598662478880855886e-03
3.618108407960818340e-02
-4.077281945861188639e-02
2.368176124943643934e-02
8.947701499858640162e-02
3.550533600250327382e-02
6.951160837292236216e-02
-7.408917414488946918e-02
2.935738327332071407e-02
3.331145336867225026e-02
2.429248776972747770e-02
-6.705711828167926214e-03
2.924607316507499277e-02
-3.337497331633532127e-02
5.866202863202996109e-02
4.319528843139330831e-02
-4.518343982628847399e-03
-1.305744822922716430e-02
-3.255833298805710374e-02
4.854790556967603088e-02
1.754283482673446581e-02
-2.642855699104929013e-02
-2.137114330357725578e-02
-1.944307173176018644e-02
-1.835437015565577479e-02
5.082430227885859075e-02
2.214604303503719951e-02
8.083052915380450898e-02
2.056350781173799103e-02
6.004363119201161503e-03
1.531989479416240307e-03
-1.182844278871220123e-02
-4.073511054226763850e-02
-1.609411832184437507e-02
9.651128119359975166e-03
1.966293905233995609e-02
-5.051156577386062274e-02
-6.097680827050866448e-03
-3.288822990520912093e-03
-2.788966069763509914e-02
-6.645282658060092107e-02
2.256006550887423856e-02
-5.817146509596504700e-02
-5.147198124379359641e-03
3.656132674054080045e-02
-1.320307796058228789e-02
-4.253592640928061108e-03
-6.628106514759757317e-03
4.647666727912491691e-02
1.768062004644499474e-02
-3.133338661679507808e-02
1.652835199870406058e-02
2.716099306814423464e-02
-8.763860734499306915e-03
2.562163496529623608e-02
3.365721964124501753e-02
2.536903963650116722e-02
2.655603592013533465e-02
7.754924233601889760e-02
3.863687283883976420e-02
4.649869535604977955e-03
-2.389211324103146517e-02
-5.913665077419016924e-02
-3.641146724374988430e-02
1.581404670793773448e-02
4.428556946443351627e-02
6.372954376018924449e-03
2.881400674776712911e-02
-6.994259109399214580e-03
5.804499631940851501e-03
1.199838332862457335e-02
5.177825557636239751e-04
4.065183484922529900e-02
1.162145098510070085e-02
-1.262356724612923031e-02
-5.754985335732309970e-02
1.649145072581270632e-01
1.266850626475757302e-01
-1.845075238907787352e-01
-2.756274802452884920e-02
-4.526549791633582842e-03
-1.401591281803749034e-02
-5.449901259728662239e-04
8.910054533173283886e-03
-5.021567064108944933e-03
9.068598047824005803e-03
1.112186718077445846e-03
-7.338288385709823558e-04
3.530197026181935982e-02
-6.720717564475231498e-02
8.365003990977371018e-02
1.111039576739525359e-02
-3.492405326889880257e-02
-2.098398874816798099e-02
3.300699837058651553e-02
-8.181390148997991218e-05
-1.694252093336512388e-02
4.156110064384188618e-02
6.296210906923871420e-02
-1.444330269760785157e-02
-8.008502039666964833e-03
1.283099475506777054e-02
-1.914007824424857063e-03
2.041364230013043013e-02
-1.706686764142095747e-02
1.003282644723202388e-02
2.667935539115373622e-02
1.216341554904798450e-02
-3.553191738811389833e-02
2.933905704739192544e-02
-2.006518115279742887e-03
4.960172337278079269e-02
4.934742605856179409e-02
4.886931475885591958e-02
6.471309285896120755e-03
4.439587847436277102e-02
-3.933011115564433169e-03
4.730544231151645462e-02
3.838979342997306254e-02
2.559709485522598804e-02
2.409126751149370804e-02
-1.554433223153361965e-02
-4.967520752298559827e-02
9.407870916731475575e-02
3.772114174425023059e-02
-1.877763131850707090e-02
2.865448987930085956e-02
-6.469407073549349185e-02
-4.601520679317960827e-03
2.224061046683645237e-02
-4.699063792275381957e-02
-1.382671361079612637e-03
-3.734238820836122130e-02
2.855587222401778646e-02
4.037843529065709980e-02
-2.507821006871568947e-02
-8.362860026413621028e-03
2.578816175180476122e-02
-4.221048172522001707e-03
-3.003822346168294466e-02
2.190991519606289017e-02
5.329739387118692662e-02
-6.385554846126062500e-02
-1.971269243581863506e-02
5.033924205102424665e-02
-4.258838923063779092e-02
-4.181073582507277564e-02
2.574822859531966657e-02
-6.538493695478164724e-02
6.071897769776501974e-02
-4.023677656993962515e-02
1.417307925661770440e-02
5.783978782570331489e-02
1.042057672142027158e-02
1.247735590651721793e-03
1.216668405380127993e-02
6.400034754617056620e-02
-2.274181245093620518e-02
-4.801715679934037695e-02
2.044116646124027881e-03
1.691808526870426377e-01
-5.317828909089739042e-02
-1.819115313912389453e-02
5.179024704059687068e-02
-3.733139939329710444e-02
7.035223154789616018e-02
3.344093132129311030e-02
6.201279460955078093e-02
3.377879459137655971e-02
-3.374000142140820557e-02
1.855829760354676949e-02
4.366732242207360670e-02
2.536340840933171137e-02
-3.073340093284349095e-02
7.721000970402069896e-02
-6.267499616852134636e-04
2.128154416869554311e-02
1.347660763459312960e-02
8.854843628641528852e-03
-9.387673188933298718e-03
1.245728918212796188e-02
5.558711824374240607e-02
5.262133706953697754e-02
-1.855355239169176329e-02
4.959429698396355946e-03
-1.245663295774424029e-02
1.730761284434167990e-02
-1.642103355556745470e-02
2.361460971669293585e-02
1.429006592953685484e-02
5.341542082264849611e-02
1.403051467537519414e-02
-2.754821730286849402e-03
2.654721770638523992e-02
2.444419022322863455e-02
5.080487984926662648e-03
2.077236299267726238e-02
7.501225524139831791e-02
-3.326191904297726154e-02
7.501516448278344740e-04
-2.245293788777846800e-02
1.377589014347431196e-01
1.462199512365813803e-02
-6.758477570110743571e-02
1.054918195301879358e-01
4.404630490460359482e-03
2.395352975282838415e-02
3.872253304821038355e-02
-1.678719535384054495e-02
2.631204745416093616e-02
1.730581585632329222e-03
-9.446632273890642750e-05
-1.903586913276944514e-02
-9.017389033937561749e-03
5.050902373942900425e-03
2.822520312232512651e-02
9.079793571562966292e-03
-2.941424184046859125e-02
5.679405371568302385e-02
9.762851797666582954e-02
-9.561961050318412703e-02
1.176699501453759567e-02
-8.907502066985983902e-04
1.415181181448810221e-02
8.013852226976148074e-03
-3.152890205009439839e-02
-1.435275001147928720e-02
4.138922430390623575e-02
1.617653737942825742e-02
4.688536947942933963e-02
7.091256740633422595e-02
-1.342168571410207178e-02
3.384048449919818680e-02
-4.295110825360515250e-02
-4.711401577777296623e-02
5.160294756238936742e-02
7.393565450509642645e-02
-6.168112844310069676e-03
2.122876559432507193e-02
1.295704396269181657e-02
3.122523701505341975e-02
4.142798149627857640e-02
6.548710593106132904e-03
-3.054044813522382995e-02
4.020500572190677246e-02
-3.832643875106178655e-02
6.488680629141985179e-03
1.143880742235392489e-02
2.387963581786367584e-02
-4.461817802495016139e-02
7.407227257168358392e-03
-3.721369612299518792e-04
2.242190166707302978e-02
-7.492705219882989098e-03
-1.333530278429462257e-02
1.347493973107738441e-03
2.408538747256638857e-02
1.592522110779093225e-02
6.248208295245305521e-05
1.480253962640221133e-02
1.777971518712728738e-02
2.347706116676651078e-02
-2.080681167977438406e-04
2.579179096245676206e-02
3.735753686353016079e-02
-2.555701492714135270e-02
1.451804513571497424e-02
5.825873180572527232e-02
4.766469667410433431e-02
-6.150382487872363413e-03
-6.780822421043275483e-03
-1.309351135600667071e-02
5.519611149115855042e-02
-2.794198101127398637e-02
8.195515113185170009e-04
3.280572781414559103e-02
-2.953150905185042419e-02
2.789293788654889639e-03
3.317134788153008884e-02
7.080739285139081574e-03
-4.073720204346598095e-02
-1.571389604927242445e-02
-1.094676424603013842e-02
4.045766448257959169e-02
5.794649845425325907e-04
-8.946170443889567281e-03
4.005079933117672297e-02
3.758550832423201982e-02
-2.160745888701320894e-02
-3.705910188628358526e-02
4.236071667749152780e-02
-3.765482822010834951e-03
-9.964245533869320326e-03
3.478721027621922701e-02
-2.862856480596143172e-03
-3.800605208849860972e-02
4.778684530914079076e-02
-1.865029503573900627e-02
3.271444186870064996e-02
1.521457013529126101e-02
-1.825987253661054410e-02
2.343935929282370267e-02
-2.734083378113316698e-02
7.997571304704020889e-03
2.379798980835623468e-02
-2.126526054507227315e-02
2.108883250239301788e-02
-1.246276503693799498e-03
7.658948199955606384e-03
6.329168645048177666e-03
8.963265604106318563e-03
-1.202875664948788170e-02
3.656526034365414901e-02
9.670101136598052705e-03
5.618425269936899724e-02
-1.633645332613964385e-02
1.845079558110906959e-02
-2.858747393763327871e-02
8.004620188750966037e-02
4.878595867070401049e-02
-4.236169250879995296e-02
-6.234561601240429241e-02
1.695501487337924829e-02
3.388997533062543255e-04
3.322352136825235114e-02
3.609547906516930027e-02
5.128105546057803998e-02
3.041175215477798233e-02
3.442737811195040187e-02
-7.754370943858557297e-03
6.608163847435033489e-02
5.018204459202779688e-02
-6.621351679291187509e-02
-1.399192488541008972e-01
-6.574788780959628376e-02
2.957063832816442250e-02
1.219253401486439792e-01
5.521514161714735636e-02
5.862797244011219711e-02
1.344399280604835489e-02
1.152739789753340904e-01
1.385811104819052453e-01
1.116964520387951909e-01
8.741031936373988565e-03
8.155215338972143790e-02
2.048495247336878933e-02
2.619553920614658971e-02
8.524505890144240539e-02
1.420457778524067960e-01
4.700872306676873169e-02
8.038672624469866967e-02
1.249083190646615993e-02
1.679139911239649896e-01
-2.531151828138156201e-02
6.630617682381512168e-02
-6.363695054575169152e-02
4.077371927064621371e-02
-4.380747983052568628e-02
1.133872998250740061e-02
-4.229642488015716850e-02
-3.259279478770804594e-02
-5.917610748027968270e-02
-7.965732858990159926e-02
-1.884950165048415727e-03
-3.558531293842648324e-03
6.249549634955497979e-03
-2.738012807336231980e-02
-3.867511713556481823e-03
-1.162996019845574658e-02
-3.621966255612152352e-02
2.292738692275730905e-02
-1.308351566004262168e-02
6.667992220682927851e-03
1.664797396425066189e-02
-1.595363289427842446e-02
-7.040579933714541383e-03
2.784854273481629505e-03
-1.699021098851005718e-03
-2.019856248699536394e-02
4.117799486182827096e-02
-2.727618897817452037e-02
1.934026249144049636e-02
6.990327820002306680e-03
-2.941733572697979859e-02
3.302405050926893182e-02
-2.497516017982737146e-02
9.510417612400345888e-03
7.660557969395798139e-03
-1.332135278288193447e-02
9.619470490653370121e-03
5.914953028548719516e-03
-3.659952350158590662e-03
2.889617639286456985e-02
1.315266718855356842e-02
1.938721384474750842e-02
-5.088863745806415650e-03
1.208695407365678598e-02
6.612373389459014206e-02
-3.210977343616283619e-02
3.676731893114393301e-02
-1.422047813648608106e-02
1.305906301507375744e-02
1.100954251325902966e-02
3.072059866719589749e-02
7.279166626847910493e-03
-1.675580329313963723e-02
-9.258565393059692283e-03
4.948515080878124195e-03
9.538736538332148740e-03
5.226207859544573786e-02
1.624359982126311053e-02
5.831332080374895810e-03
4.642350297173858387e-02
-4.859012510353455383e-02
1.071307579535263343e-02
2.184628060011184481e-02
-8.255273386506511990e-02
5.988972144969206823e-02
4.193908701369220005e-02
-4.994062898454565413e-02
-2.718350134460290057e-02
6.193005084626546086e-02
-4.655298913653349580e-02
5.002557347222880146e-02
-2.162510564049258122e-02
9.635852619740425951e-03
-1.547226807331769649e-03
-1.165394230030525335e-02
6.190482562735466487e-02
-4.825031526777490143e-03
-4.322381273498265841e-04
3.130292776454624004e-02
-1.024627700636715488e-02
-2.266519537873001866e-02
3.933859004804096671e-02
-1.680613204349912237e-02
1.986304910615466213e-02
3.469813469310256693e-02
-4.732671675474042772e-02
-1.034564312133756658e-02
6.856535963744914142e-02
-1.678633176706778585e-02
1.897609191803706352e-03
1.492508200607911562e-02
-3.372015036009434752e-02
5.538652682545741612e-02
-5.852279713103136771e-02
4.174599846979853979e-02
-2.631517594856358500e-03
1.075882283453788446e-02
5.269866507214615581e-02
-2.336974078512765729e-02
1.248088758562637679e-02
1.691213406240343886e-02
5.474874617748204386e-02
-9.369835522051106480e-02
2.436768112431453304e-02
3.196530247940065905e-02
9.537234463034671705e-03
-5.588446449382278303e-03
3.072611419865367566e-02
-1.018744563835483063e-02
-5.702117052833344246e-02
9.302616710855193816e-03
1.566511263808791909e-01
-3.151207664870536718e-02
-1.500985470638200869e-01
1.060414772940130312e-01
2.045848428270069519e-02
-5.156465886274608224e-02
-2.923523543705330852e-02
-4.006349785580010092e-02
3.359538816054596921e-02
-6.482072001652738891e-03
-1.467352015274370203e-02
1.429556640399365364e-02
2.208355037853726444e-02
9.629124118476717342e-03
-3.751396359099645750e-02
3.781409736609964156e-02
-5.020504222344923662e-02
2.263485967661349463e-02
3.774253060759091838e-02
3.973084766652146271e-03
-3.400173886393309530e-02
5.820618888170603356e-02
-4.399609109141655594e-02
1.157410653184332006e-02
2.062127221306075953e-02
1.366382578845781737e-02
1.855341386401310189e-02
8.910115472492208255e-03
-3.897990428891651149e-02
2.813004405153529675e-02
-5.570102689830047638e-03
4.255374140620560297e-02
-8.352980206170368405e-03
2.194202639456488413e-02
5.603693890492333907e-02
3.018145827683005322e-03
7.462499080110651661e-03
-8.126285087585771727e-02
7.839412859106142939e-02
5.160037324543487181e-02
2.131518960368627980e-02
-9.363651897602021101e-02
3.217153725486743276e-02
1.146101730104831518e-02
1.080120465599865298e-02
-1.232278433780220617e-02
-1.022080476106301816e-03
-2.321705136400620262e-03
5.598126775411871314e-02
5.877454283051308792e-03
-3.978096763056715446e-03
-1.319113976265162691e-03
-2.901778333949334154e-03
4.638669945205964318e-02
3.456067539347307260e-02
-5.738243432756129359e-02
2.353821466320371592e-02
3.540228889518193256e-02
-3.279804720802204088e-02
1.423851893554295422e-02
-1.365800323086818757e-02
-4.518797830120435677e-03
-3.143723141448351299e-02
1.754059068653690545e-02
-7.568660971528817782e-02
8.899276735344807676e-02
8.332706937632017308e-02
-1.010010185158802809e-01
-5.271847307636234881e-02
2.314969601486671635e-02
6.924714533891718204e-02
-4.783646049391632182e-02
6.460925851397680830e-03
4.939559174197261093e-02
-2.173823798507923399e-02
3.454889105688918605e-03
-1.701286782408750753e-02
-1.329720958799840425e-02
-8.816643731303308584e-03
3.673892629716357661e-02
-6.944392813424737909e-03
2.490300433624215160e-02
2.555915364693639447e-02
7.623752969176500471e-03
7.141455418072428785e-03
3.868350303939394053e-03
-3.497182165047796332e-03
2.244431779779088032e-02
-2.424727987811525765e-02
1.796025652908372905e-02
8.102421289675598715e-02
-3.782021678964553324e-02
-1.736667759993815174e-02
-1.350910765327273388e-02
4.645579150280809699e-02
1.779032461626846029e-01
-2.977660428056716491e-02
-1.206198773669864277e-01
1.110640354075944636e-01
-3.147093576476311938e-02
-1.189414149712497704e-02
3.666208325141528945e-02
4.249512194240212537e-02
-3.915495551927827833e-03
9.486434325723491767e-03
2.596612952883736725e-02
-6.376771109524170811e-03
1.350540184895554496e-02
1.164809618508932942e-02
3.844750312629385824e-02
-3.868558004443367615e-02
7.028166147896941496e-02
-3.285227466561679854e-02
6.982812757519996083e-03
-2.090347786662949403e-04
3.440324784020942772e-02
3.994152723820199036e-02
-3.501015174240795780e-02
-2.231190697491758357e-02
3.248695477683649635e-02
2.261446560798763272e-02
2.898350317003006715e-02
4.374556329257428544e-03
1.430691635041236864e-02
-1.878255100257186783e-02
1.299742709694862164e-02
-5.137023792238792907e-03
3.725090186970736461e-02
8.595074511832390129e-04
-5.748989997279574382e-03
3.527251115944540771e-02
-1.282308261450371134e-03
-5.764199525947355518e-02
6.997064996680224525e-02
7.168804239795401045e-02
2.883141652770015995e-02
-5.881841612557270338e-02
8.822565454493513926e-02
4.201206354123732112e-02
-2.950726762712685414e-02
5.456692665912910023e-02
1.180396007757278376e-02
3.913434833646700639e-02
2.887268299092582424e-02
1.374285270539177262e-02
8.684043073894476272e-02
-7.259198050177273487e-03
4.395227144688029774e-02
-1.908529734846675652e-02
9.351908336694414459e-04
3.331946609404168314e-02
8.618256485464437233e-03
5.223416803062219671e-02
3.026675754784147188e-02
4.202200965930602550e-03
5.792454562104643045e-03
-1.947713289720542917e-03
2.750551070525686370e-03
1.483729549742363041e-02
4.983200437950419115e-03
4.587485644997291168e-02
-2.839183142224754874e-04
4.561600305010493628e-02
1.584566933909692388e-02
8.318873111974323109e-03
5.706466834055423654e-02
3.052820858014082539e-02
3.797815094319467732e-02
1.441301251453896981e-02
1.194465811145128953e-04
4.576423078576108416e-02
4.080874507691456543e-03
6.473099479229960096e-02
5.492312160690571154e-02
6.803469410473583778e-02
1.365316547219839194e-01
1.488474383116795696e-01
4.086453824911973065e-02
-1.007233646386810344e-01
5.871418905570313651e-02
9.179395102546639151e-02
-1.247382584415845930e-02
-1.143304480439445436e-01
-3.325264834941310532e-02
-6.840159225128039644e-03
4.405617613974954772e-03
6.843390432771045973e-03
-4.934906745982625687e-03
-3.752634425985756916e-02
-9.340133029268071763e-02
-6.870658605538526587e-02
5.662941445088987003e-02
3.394274679544784235e-03
2.924463339234173453e-02
-2.508000676035626597e-03
-1.481425332674768391e-02
2.088679934115678094e-02
-2.948911781637075791e-02
-2.372251391256385844e-02
-4.535551421132222316e-02
3.515388599508262324e-02
1.160710171571466276e-02
4.422886578417650760e-02
-3.676580895043324304e-02
4.438279049609428206e-02
-3.678041609833582193e-02
1.302249927559429032e-02
-3.975243276357409705e-02
-3.554497989290372750e-02
1.052640758053764447e-01
3.448073061741374623e-02
-4.385506420358176172e-03
1.427960064897360049e-02
1.064270998249150502e-02
-2.540419706712482295e-03
4.734197111508220424e-02
8.272675507758675550e-03
8.856039910592139464e-03
3.813604936601944218e-02
2.535218701023711496e-02
-3.401545571593267425e-02
8.402609488805001803e-03
2.913650887091789876e-02
3.095083119918529135e-02
-3.194628559702095139e-02
2.877268392821097365e-02
3.933861079043365905e-02
2.164003803443725893e-02
-2.299599354591985723e-02
3.984111230476594656e-02
4.792515286565457444e-02
-1.906493584793222951e-02
2.229425124889106158e-03
3.974051276673939981e-02
2.023283282345356149e-02
-1.351512185211412032e-02
2.966062134179336951e-02
-6.864819606421379561e-03
-2.587203600256993141e-03
2.600115080831200132e-02
5.320047360286128679e-03
6.754200935675913620e-02
-1.032705192854999066e-02
1.074000864928552623e-01
4.836237546622079719e-02
3.260715534391833703e-02
-1.496828170314290496e-02
-4.222210674113180406e-02
-1.052203229545534136e-02
3.093850106265561006e-02
-4.384394578984807112e-02
-9.267647869041883979e-03
2.926088230185752703e-02
1.588810764275427889e-02
4.112368939518773470e-02
2.119137297546525023e-02
1.117120719567488152e-03
3.756214318380524109e-02
3.837150148345536138e-02
2.117414542970319502e-04
6.557482280644899575e-02
2.731097195996223803e-02
5.350032203557364419e-02
1.189974535105764453e-02
2.601427550955659473e-02
3.917770196955572271e-02
1.023468718615234696e-01
4.012679841678501447e-02
-2.536531745802728111e-02
2.576178711114063269e-02
-6.890595911711538957e-02
-7.762596453834313959e-03
2.969396017511793939e-02
6.413234801005418539e-03
-3.985564216307913021e-03
1.955157389924244704e-03
8.294033610377837817e-03
6.077717559851078533e-02
4.287301458545153543e-02
1.175956590185088524e-02
1.549041908559197628e-03
1.124444418148680576e-02
2.681370715055394430e-03
-1.675172224153413658e-02
-1.281723974375194915e-03
1.415713376166902703e-02
-1.262702958777029566e-02
-2.061510817387082403e-03
-1.980534150088828632e-02
1.550979567006278287e-02
1.711455621128240082e-02
-2.173080116141251541e-03
4.379270148463718960e-03
6.530947634189362971e-03
-1.676022822291729775e-02
2.210203608175669108e-03
9.429965666784629469e-03
