-3.060332262951961368e-01
-4.006796343184682030e-03
-2.328889875664152953e-03
-2.087765401073875982e+00
4.231002853538168296e-02
-2.348060774257787475e+00
-1.405536104343605652e+00
3.205932475717873098e-01
-2.334792239575009809e-01
1.446852752210074922e-01
1.223451613723038900e-01
2.910452567925832512e-01
1.810101229502560027e+00
-1.121472177780652446e+00
-3.447961924595600358e+00
4.799787307449849827e-01
-1.031149789595998900e+00
1.840351458825257414e+00
3.004334490697815774e+00
-3.484211163286089485e-01
-1.678575219957031628e+00
-2.761263099884811112e+00
2.106290887887003471e-01
2.200168973706730924e-01
2.094372919810045808e-01
-4.013819259178368348e-01
-6.128027789823851101e-01
-3.074322097364499129e-01
-2.196585301943008162e-01
-3.484894519841850169e-01
8.918629478507416053e-01
2.329414004844290176e-01
1.638100835564904489e+00
1.695429695720529484e-01
1.090713497645099395e-01
-3.644250631085865777e-02
-1.358632122547370757e+00
5.694699661793829470e-01
-7.476536306212415717e-01
-9.848325816904033303e-01
6.904208179872495244e-01
-1.690750011062220892e-01
1.072286308023726598e-01
3.325729108492661013e-01
5.405969887299040266e-01
4.154919202265348055e-01
2.659301059448394344e+00
-1.703904921534288075e+00
-1.816903291028432177e+00
3.046859953073415284e-01
1.522657595540537478e-01
3.409612911188664164e-01
-4.081158615010638258e-02
1.822818328595479098e+00
2.385281207846093210e+00
-2.021211732038619147e-02
1.338230901555477192e-01
9.745654332967523814e-02
2.106028203910255137e-01
-1.446595058397626143e+00
-9.161203559149100339e-02
2.236550917547079909e-01
-3.950929639490887713e-01
-2.539761337521551643e-01
-5.757760387483089604e-01
-1.784335484521624604e+00
-5.070208328570569023e-02
-9.961474003810386613e-01
1.438677514362241006e+00
-9.474731127230935357e-01
-2.196655853583378004e-01
-1.033014358284241041e-01
-1.090542821729448608e+00
1.010790357599411493e-01
6.608626722162469491e-02
4.453342335823555764e-01
1.247551396574953841e+00
3.744723506492380061e-01
-7.072498387659678087e-01
-2.050067821307759885e+00
4.682232068705953765e-01
1.325751682724472413e+00
-2.450126347418200456e+00
2.597538095133019365e+00
-1.357756404121678084e+00
1.161560021041530888e+00
-5.481837523735468842e-01
2.325305442455944949e-01
-7.818841905509419377e-01
-1.324039549112154823e+00
1.790432770672705232e-01
-6.014786939382599229e-02
5.963561208364316357e-01
-2.941729340044565433e-01
3.574473093670063051e-01
5.907365115119667109e-02
6.350659720222484594e-01
-1.723002000471222317e+00
1.046518803092880923e+00
8.303874828991189005e-01
1.457598508963967365e+00
-8.386311826603121133e-01
1.462729059598095738e+00
-7.328622187415207989e-01
2.273125151787067644e-01
-1.787311032482183926e-01
-9.940684546077815931e-01
-1.830250105480937250e-01
-2.262703322332333400e-01
-1.118198206632214031e+00
1.568093953785355321e+00
-1.793134024065326404e+00
1.791382955394544396e+00
-1.254667808936166473e+00
-2.347461916097426382e-02
2.514086514055673405e-01
2.504534708280514721e-01
-2.689581941383849539e-01
2.324448147161533029e-01
2.171959208180470835e+00
-4.745828758762526967e-01
-3.023356443169356034e-01
-3.002509061183116224e-01
4.434784448383020106e-01
4.502336745593868983e-01
-1.185070559432923609e-01
1.209157888903931166e-01
6.239092434206350291e-02
3.462741554027424229e-01
-6.472456035249272155e-01
-5.990417587155962842e-01
2.734399076697453523e-01
-6.177891548301088775e-01
7.969114548952260790e-02
-1.292084044670065435e+00
-1.060053350275594219e+00
-3.595377044279963741e-01
-6.790896064053209003e-01
1.340381788846698008e+00
6.438060321543037645e-02
-1.083093694551058306e-01
1.973180880930349268e+00
1.626919618428797509e+00
8.357202509963270742e-01
4.257775763711047823e+00
6.575643155471176726e+00
6.894779984300337006e+00
9.739997271095056419e+00
1.590871393985897697e+01
1.632065521700495481e+01
1.344498802169474061e+01
3.646428995315204702e+00
1.366705495171189000e+01
1.153216145107960244e+01
9.650467984638126495e+00
9.941980816503928509e+00
1.095746172613405633e+01
8.907145712689725769e-01
2.807481558473057248e+00
1.332727723951990129e+00
-8.891011085979414474e+00
-1.033772959683517456e+01
-2.552211515229787153e+01
-3.578433762378101335e+01
-2.243823923366325346e+01
-1.333048415269870901e+01
-7.306583200155008839e+00
-3.572432751117531780e+00
-3.797309157692787984e+00
-7.127236122649200922e+00
-2.724065392700542265e+00
1.819650909105440917e+00
2.523751175040003680e+00
-1.489475709916573964e-01
2.770071212420494033e-01
5.788687648024657406e-01
2.256264023308188760e-01
2.806384588622072851e-01
-3.899228299827632860e-01
1.397564561565327601e-01
5.345598183862620978e-02
-9.755947696451573448e-01
-2.451882245761264123e+00
-5.792025025110536518e-02
1.529924733332201026e+00
1.224869908886509817e+00
2.250993046712513324e-01
-8.874911329478769595e-01
-6.396068035413666752e-01
1.530651467759036599e-01
-2.082916735322116741e-01
1.150936599159264606e+00
3.245514170584187230e-01
2.516626015373624181e-02
1.446814808893970294e-01
-4.696363365102960152e-01
1.237771841557555597e-01
8.379542293504861350e-01
-2.895208908892176192e-01
-2.857291595322286604e-02
-4.399995903385937268e+00
7.800855273318538785e-01
9.044093001788413577e-01
6.564417228910321978e-01
6.878059647672414290e-01
3.679126489719992676e-01
4.115199968334385394e-01
-2.282542823502225204e-01
9.716924713152561011e-02
6.512623489304911195e-03
-2.230978339572259883e-01
2.463966375140278497e-01
5.635473384795579577e-01
-4.142233741757718746e-01
9.257653746312977106e-02
-2.604923652835966497e-01
4.384129395868113233e-01
7.980553019169710494e-01
4.573429983244512442e-01
-4.837991930083476166e-01
-1.316619020828597719e-01
1.487968023601788259e+00
-9.523471306815245452e-01
1.895948723757225896e-01
-1.853195299498623827e+00
-1.032785042920500107e+00
1.076911013884773283e+00
2.238243128415176031e-01
-2.706087980979265950e-02
-2.283754899391677307e-01
-9.450244370142700523e-02
-4.370397976940306739e-01
4.873217301243711330e-01
2.354864400897750398e-01
-2.055230224467094469e-01
-2.043740858021277640e-01
-5.269829851732404924e-01
1.343045751901729146e-01
2.007082779674554951e-01
-2.542533066982891610e-01
9.424634846068563609e-02
3.344648231795921411e-03
-3.128983512725029281e-01
1.850596131906819819e-01
-2.930400946224244185e-01
-5.195470150489767125e-01
-8.400003768159525208e-03
-2.271924876639384028e-01
8.664103279300792160e-01
1.430514836242235965e-03
-1.508573550602982483e+00
-9.577916042570500110e-01
2.126215634626087869e+00
2.261817088187915381e+00
1.170005711946205063e+00
1.437417013308985858e-01
3.239689152176472575e+00
7.890709524229136740e+00
7.875567092244519785e+00
7.888266139248734987e+00
7.492394972115778984e+00
8.266221006123963377e+00
8.876628345867004555e+00
3.096597579529941413e+00
4.777986277933550241e-01
1.997545278944301117e+00
1.098827280186021937e+00
-4.142772906551329015e+00
-4.217948759771111611e+00
1.703304946647534734e+00
-2.666052129308440044e+00
-4.541760390877428222e+00
-4.705634195404769571e+00
-1.562486365514800468e+00
-6.185020628095472262e-01
-1.192445287940302023e+00
-6.576879847716554650e-01
-1.175581176206108580e+00
-1.927628729101073191e+00
7.841285739819952028e-01
5.515269054311744412e-02
1.341030283254468713e+00
-4.830481094139422282e+00
-5.256796602510721783e+00
-5.503656144307463194e+00
-7.180330504804990355e+00
-9.264183338361629438e+00
-2.647981738238895044e+00
-4.015891171451348995e-01
-2.260152893400347196e+00
3.952059535345271990e-01
4.448512282041254817e-01
-1.643676742077744724e+00
-1.000477590402211625e+00
-2.575146355831723355e-01
-7.184044832730585028e-02
1.161878295240836412e+00
1.099055587212293794e+00
1.753155262584602525e-01
-3.991166782463418938e-01
8.975053314943387539e-01
1.010463222070451028e+00
-8.444811686502637915e-01
-3.595705532825324569e-01
-6.516838542036730297e-01
-1.464281593513835356e-01
-1.807451947534609360e+00
-1.394798891137125185e+00
-9.268401063448461485e-02
-1.190648932329220866e+00
-1.810430277119460918e+00
-9.738599943169266027e-01
-1.708477632246143685e-01
-8.795269880335903068e-01
-8.053592764880406207e-01
2.559366998397099024e-01
1.193977683216994379e+00
1.548004088049124150e-01
-1.401369147326200881e+00
-1.417767705057283223e+00
1.682819857860877732e-01
-1.307926149992354681e+00
-1.647660632112792456e+00
-5.895098494000396983e-01
3.076477925108509481e-01
1.967904587621234214e-01
5.881143762918181750e-01
7.751231766578321469e-01
9.843555607100320515e-01
7.338793881059615387e-01
8.310997497903116482e-02
1.619926909887237088e-01
6.390842612530889255e-02
-3.690360693088656774e-02
-6.612513051584070212e-01
-2.323278796706006233e+00
4.153241843687354162e-01
3.409287859512630803e-01
2.701415083210179091e-02
4.171583762804154105e-02
2.697800339412516735e+00
1.284997319037291419e+00
-6.134287268411924288e-01
-4.829300328736412240e-01
-1.432882970984650228e-01
-1.469764809563278263e+00
-1.158781147550387303e+00
-2.205585717564909842e+00
-1.637349276276154342e-01
2.732933600736089375e-01
2.934293468068608135e+00
2.505145187971217879e+00
9.930593076816505160e-01
1.907906706762549476e+00
8.287245087307981706e-01
-6.044153350669638769e-01
-4.510333340524477208e+00
2.699182288941322838e+00
-1.263853889547700504e+00
-3.049472018198176926e+00
-1.763475505965281798e-01
-3.548068312589466089e+00
7.250025002391016216e-01
4.802794824656530182e+00
2.190587165708933526e+00
2.030064892272116062e+00
1.773282419295439283e+00
1.712972689368079671e-01
1.673830990855988965e+00
1.469367171813681594e+00
-3.486631291577999558e-01
-6.365006894027345208e-01
-3.179139679219344483e+00
-8.818630019633122430e-02
1.420809529132007309e+00
2.391629123551126668e-01
-9.352213576558985331e-01
-3.859159250540732167e+00
-4.060437694260192742e+00
-1.092542054521100425e+00
-3.755147407414263228e-01
-4.855692737616195132e-01
4.878228848964880626e-01
-1.746156230318387514e-01
7.030092563106755676e-01
1.971196207759540187e-01
1.165962924627853781e+00
1.463683925935557184e+00
3.686017777031977971e-01
2.893978921058995013e-01
-2.104678655872158188e+00
-2.767221773202876989e-01
1.147923464366606083e+00
-5.850033571653376896e-01
-1.426971802311660653e+00
5.379724522380584517e-01
-5.997999832259761632e-01
-2.535899912558559066e-01
-1.385798337770310695e+00
-1.022195568394527854e+00
5.016249725608705745e-01
-3.054315925642132612e-01
-8.461113949300074211e-01
-1.804420678320173721e+00
1.245153385833219772e-01
-2.710743617911305137e+00
4.078174505616907197e-01
1.370377537992858663e+00
2.411553094229290650e-01
3.426924621371187030e+00
7.139423046845898568e-01
-6.051222094505899207e-01
1.632243931152235206e+00
5.208952903038122528e+00
2.736588984633637978e+00
5.256535296335851370e+00
8.761281066603812118e-01
1.113574397638406044e+00
7.955385078510279762e-01
3.174703289358239200e+00
4.305546314334611324e+00
7.668444297882269112e+00
6.813222705784994560e+00
3.315595547080576466e-01
-1.614147882434906478e-01
7.853698171293181929e-01
1.991744665018774896e+00
2.982173144837492629e+00
5.932621038652570178e+00
1.046174484774830660e+00
2.840564371826921786e+00
5.373547921092786339e+00
7.416093900409514106e+00
5.353698002444041038e+00
1.847470805661039606e+00
-5.492020981184012385e+00
-6.635181740134683537e+00
-1.038126135681842754e+00
4.852631441872141238e+00
7.748234710750139698e+00
-2.660893305278079879e+00
8.509464283611265500e-01
-5.386430889440099179e+00
3.367154735356145068e+00
1.826230992739965586e-01
1.917973209139702817e-01
4.320922261513970852e-01
-1.598660708786788121e+00
-5.571053240831219000e+00
-6.524231160878748881e+00
-1.200622850588167267e+01
-1.478734423662806918e+01
-7.597702375791312690e+00
-4.562871738920581066e+00
-3.133152971501096395e-01
-1.454180170583287524e+00
-3.404023303235199638e-01
-7.445280557153435286e-01
-2.318706457890595374e+00
-4.754128678006894759e-01
2.098334416821202364e+00
-3.227385464346951283e-01
1.811946005346520394e+00
3.565158000465370680e+00
4.408024718233907180e+00
2.305373731534421822e+00
1.553440185923342653e-01
-9.508371450057602203e-01
-2.399037716885306537e+00
-2.270974236467181662e+00
-4.689511140073904905e+00
-5.675301567084189980e-01
-3.156798092607972173e+00
-4.551554569496716329e-01
-1.439664586777190003e+00
-1.689646298279168235e-02
3.211333438547314678e-01
6.531386011842883477e-01
2.242594913983229077e-01
3.747504872910440987e-01
-1.291505070908586905e+00
-4.090004693556763549e-01
1.941064215186809605e-01
1.571850273492931382e+00
2.647453303030553595e-01
8.248519937653321366e-01
5.864899878332574534e-01
8.227034226590246302e-02
9.633329133216739226e-03
-3.274703558566587347e-01
5.166335922054365870e-02
-1.075072920594183357e-01
1.844833146555114323e-01
1.535539423289014938e+00
9.527739835916859690e-02
-6.722104057374909125e-01
-2.735515759394394841e+00
2.791574620547927488e-01
7.421658210528867539e-01
1.806643836622441324e+00
8.668481047861180677e-01
1.074546172639212482e-01
-2.902965881718826413e-01
-9.914513672772004016e-01
-6.016519845269081568e-01
7.701713951021031956e-01
1.541144428936613631e+00
3.250863231842611167e-01
-2.913673964502845326e-01
-3.326313097936495211e-01
1.902426757692856629e-01
-2.251052055768004045e+00
-7.406661952914835867e-01
-5.616294444752467641e+00
-2.055449460077793944e+01
-1.827861254680023251e+01
-1.875847074328212472e+01
-1.146142944203620573e+01
-1.104458471042435974e+01
-4.483154926360157333e+00
-6.844219526894292471e+00
9.400018216394272486e-01
-4.567977406301864107e+00
1.256766016311416934e-02
1.151198905735768108e+00
1.949463954932681986e+00
6.176548458330373137e+00
8.956384095953225710e+00
1.103169878365561374e+01
2.001962484663818742e+01
1.759243065858213839e+01
4.422948350954751362e+00
1.826668500648604976e+00
1.342716012624624256e+00
8.272602969688072960e+00
5.495507949158959349e+00
2.835644699617949627e+00
4.716823681929707135e+00
8.836946611668203388e+00
1.181850370533100936e+00
-2.632784818993267884e-01
-1.644875301930460054e+00
-1.194778323870662184e-01
-9.095306684359194538e-01
-1.656279839371878060e-01
9.514947121570971333e-03
-1.233420446234116952e+00
-5.291192549434962089e-01
2.754242495505294652e-01
4.507480638420636732e-01
1.064755164272386534e-01
6.360522273193688347e-01
-5.779019520822819000e-01
2.159313715982519866e-01
-1.211694679047523038e-01
1.102501555846901182e-01
-1.691755952931378593e-01
2.703205284971946232e-01
-3.380579573640273283e-01
-8.590626987883220878e-02
2.947334130068410274e-01
4.348981968572794843e-01
6.235331124546679149e-01
-4.064742912179106771e-01
3.418897867572312510e-02
3.747189209723500447e-02
-5.568236546768052797e-01
-6.205424125411537206e-01
-1.800129747374916711e-01
-6.893936399894424749e-01
-1.081461153841758893e+00
1.126057740090478765e+00
-5.121127324344543208e-01
-5.221137869228908990e-01
-1.765030179375718600e+00
9.010008937198366041e-02
3.185164266634825658e-01
8.557385042852283519e-01
3.337018813488173308e+00
-5.447415200394254420e-01
-2.823036356323472273e-01
1.106969594621104586e-01
8.679197553737347248e-02
-1.514189628771540896e-01
-5.970623716626755062e-01
9.055021287346900483e-01
5.626534197508101798e-01
6.288997018152703289e-01
1.143011088886000337e+00
1.940156005492812419e-01
-5.579824470263439196e-01
-2.123510106379860041e-01
2.061763121862179027e-01
-4.385338515050400954e-01
3.724830683129691788e-01
1.879970686142984793e+00
-9.228378992432308969e-01
-2.918702270694983447e+00
-1.107183257913557650e-01
3.298118413300316298e+00
1.168850225870464143e+01
1.375556070377059115e+01
1.003942840506558554e+01
1.558070495151263657e+01
1.161451283116977606e+01
8.600674965426193808e+00
9.773953355516979968e+00
9.298159064713161115e+00
4.046533427161591590e-02
2.829274858852130592e+00
1.180305100756896763e+00
-3.584613195205818670e+00
-1.562975600196527637e+01
-1.504701199231830344e+01
-1.970670872883275848e+01
-8.754628993035552753e+00
-8.130050277969953498e+00
-9.479237797718017333e+00
-5.933690987808201811e+00
-4.402866353953030831e+00
-4.568650137003794853e+00
-2.612410708815316784e+00
-4.907722471441136047e-01
3.494882783509787316e-01
1.606909197981582160e+00
-4.716656880610514690e-02
-5.725700900050951780e-01
4.575383038343103781e-01
-1.363511435208886846e+00
5.677598080127010949e-01
1.427060915541799035e+00
-1.265262637822137215e+00
-2.000765047537433894e-01
4.393618366889722182e-01
-2.363540904724859004e-01
-1.001377699517821851e+00
-3.658850147359248295e-01
3.696016939896629161e-03
1.667213588831988780e+00
-1.352156131917157111e+00
-2.845556830648185986e-01
-8.577146888142497261e-01
6.709327267147732199e-01
6.144900915299776889e-01
1.011065116277837905e+00
-9.307770828828256793e-01
1.436983918075126487e-01
1.596533547474922599e-01
2.088049361332151577e-01
-9.933497103609936763e-02
4.880252703421669169e-01
-5.071656890343079205e-01
-1.065197246485234811e-01
1.554257336234933229e-01
2.060676643929970075e-01
2.301070698209944254e+00
2.406537491678337304e+00
8.062087538648752272e-01
4.052472735630476386e+00
6.212642380490816407e+00
5.389770630972826382e+00
4.825505159986612114e+00
1.946941076513184044e+00
3.390256038844391639e+00
3.088081178093077028e+00
-8.711710958306468910e-01
-1.933271512677471549e+00
-3.192823340919655806e+00
-7.585665560714019762e+00
-1.039239946418044092e+01
-8.020557632606937659e+00
-4.192668668045955727e+00
-8.459171662692055449e-02
-1.780810200654856512e-01
2.766929057136118253e-01
3.447336076612763645e-01
6.470405592063916966e-01
1.097837035440679898e+00
-5.078217865667464803e-01
2.155481388860953640e-01
-2.775402223265858170e-01
6.558441864833385315e-01
1.515367965131678485e+00
5.574333221198569888e+00
6.946881362981648600e+00
9.127888039022327149e+00
3.292353800496776728e+00
3.658082027390882729e+00
3.322645298965060334e+00
-1.895062195129568750e-01
1.903570211704632698e+00
-6.094248289280596254e+00
-7.309239058120564181e+00
-2.735260947869178949e+00
5.533040599097560630e-01
6.277714831467484657e-01
4.384577763868268363e+00
4.367107041061103700e+00
1.397571809207146742e+00
1.527361323726093900e+00
7.668918354221432310e-02
1.017567387749821251e+00
-7.798311139089832977e-01
-6.279369505747354197e-01
-4.645109214748877946e+00
-5.318087605546136132e+00
-1.234396698956977900e+00
-1.747379407084721947e+00
1.729721839354283475e-01
3.213827272419464975e+00
3.079717916645137166e+00
4.724061250827954694e+00
8.639661397426330325e-01
-5.311709461149760614e-01
3.944111604581834740e-02
2.642454578149980193e+00
-1.387310995845396633e-01
-1.023918422228796032e+00
-3.831927299317950286e+00
-7.488839220494583060e+00
-4.851589649674608040e+00
-1.786446556532462537e+00
6.756425905265182053e-01
2.441313211632452962e+00
1.122402695548171181e+00
1.316312607834291271e-01
-2.908359254669150573e-01
2.843926365546643353e+00
4.030092169306989547e+00
2.117721651228290369e+00
3.487753897709993112e-01
5.282081742534465718e-01
2.900498376877010287e+00
1.856654867338484394e+00
-1.468285598651050350e+00
-5.662818807974502988e+00
-2.085990052312638454e-01
1.426326940716766245e+00
-3.185667251443419445e+00
-7.194888113298283372e+00
-3.254404398475164939e+00
-2.608124595418868097e-01
-5.640106189225555511e-01
-1.189850691332475563e+00
-6.913948435266750181e-01
-2.219262305847529149e-01
6.003032317833270071e-01
3.511789783297336598e+00
2.065035918430485395e+00
4.032936939064406090e+00
1.415375483838596082e+01
1.032339627800108417e+01
9.103483601013010684e+00
2.123637921398859874e+00
2.953067488178376720e+00
-1.077454482823598880e+01
-8.438674236149687147e+00
-4.322205636149902830e+00
-6.294248964943054858e+00
-8.887032624901312516e+00
-6.840175867470771109e+00
-2.659098611093762443e+00
-5.199290949583961208e-01
7.222064731232364920e-01
-1.757440986059924271e+00
4.389173960849710454e-01
3.501198274258490173e+00
4.093405462722355281e+00
1.013290548143718439e+00
3.758886477249383518e-01
3.996390052512396096e+00
2.909570193296655560e+00
1.648103908262360306e+00
-2.948951490172539991e+00
1.896729700218052983e+00
3.112531502134210371e+00
8.504670138542266500e+00
2.966231998079805976e+00
8.367759831375231272e+00
7.119951916839340811e+00
4.675975483755067330e+00
7.539663025105411975e-01
-9.425016816942246578e-01
-4.691455985498961923e+00
-7.049402321870708477e+00
-1.152490126438661378e+01
-1.284243241132679714e+01
-1.396789272726494779e+01
-6.257094892581065437e+00
-4.777458608511640392e+00
-2.084325244822870182e+00
-9.115744409305279738e-01
-1.142853646302296688e+00
-1.282718535931407722e+00
-9.741404333762915257e-04
-2.063678483852825707e+00
-6.329940728576607611e+00
-8.130022950922715097e+00
-1.476286600150519845e+01
-1.438729365680826788e+01
-1.352733149597417395e+01
-1.099361262975750719e+01
-1.071053626798563130e+01
-8.560916786571993953e+00
2.045943765492097555e-02
-5.680477770998493270e+00
-3.663315111153195858e+00
-1.909627565456901266e+00
1.166989293790933857e+00
4.962126824560613159e+00
1.062510061767950731e+01
1.692391715268138341e+01
1.368490623824214936e+01
9.749703305578343304e+00
1.373051905672561190e+01
1.163499222628490770e+01
5.937428932279956939e+00
1.346077770080118086e+00
4.711608645653280192e+00
7.031141784950121654e+00
5.869537805507937023e+00
-1.389489280436416285e+00
-5.123301560361309903e+00
-3.794823637341409039e-01
-1.703864159531649491e-01
1.477556511131905559e+00
4.137284390783924515e+00
2.592499942863357720e+00
-4.528913127154234886e-01
-3.143799281046799621e-02
-8.128353862400892194e-01
-6.484976194046985221e-01
-2.587832614221685201e+00
-2.868440669957216471e+00
2.401290953699155573e+00
2.000219707584252049e-01
5.644334142112461539e-01
-2.239711452619868037e-01
7.773448571898349257e-01
1.623254344605347121e-01
-2.281696463115649998e-01
7.180615494225852657e-01
3.457229007452449765e-01
4.178253674783190957e-03
5.964718909110287848e-03
1.148385881341860287e-02
7.583033205645437619e-04
-7.642057526963553366e-04
7.620639628186549885e-04
-9.380464078843593623e-02
-3.666689662990425813e-02
-1.778084912904185355e-01
-8.713335388612279964e-01
-1.497502880008707793e+00
-2.144164129150183840e+00
-3.321279304234673546e+00
-4.845372388050085632e+00
-6.911407127982876375e+00
-7.616364532698661094e+00
-1.233597024486438087e+01
-8.325316639200757152e+00
-6.761960274815642435e+00
-7.801937423849821585e+00
-7.029645554631471782e+00
-5.079378697445363855e+00
-3.001819602189485181e+00
-1.513947629832600228e+00
-1.639446790812101540e+00
-1.641580234040404207e+00
-1.254974041681123254e+00
-1.630419971798417578e+00
4.391819288813394451e-01
-1.788970083917206466e+00
3.713820671805748930e+00
9.393611717574444242e+00
2.556072220487448021e+01
2.349859197703808533e+01
7.856697506620943017e+00
9.673104720591890526e+00
1.107931156493090263e+01
3.692690944505020223e+00
3.924818552136155603e-01
6.042121927191823616e-01
6.757040673556922172e-01
2.046129326856190644e+00
3.429204589437508943e+00
3.415367189078452270e+00
4.333858669065087099e+00
-1.024485914996787983e+00
1.551141866328709540e+00
3.461078718035807356e+00
7.379243891413089784e-01
1.290917922805043361e+00
1.018994335959497732e-01
-4.782878689539096229e+00
-3.279827272785670544e+00
-1.200141894526929320e-01
1.366596813634213703e+00
4.536939115678077172e+00
-7.276373146633119404e-02
-1.921300605044251597e-02
-6.371940435327267949e-01
-1.086079839776495248e+00
1.040224680600516649e-01
4.401268507052549239e-01
1.002135083834662765e+00
-3.130039008751133167e+00
-2.414783111638417523e+00
-2.352756964049973476e+00
3.698745457339583709e+00
-1.364217313863665737e+00
5.304919572649886561e-01
-1.259260639650541691e+00
-2.581682266300333595e-01
1.565827131332966360e-01
2.884934678400945529e-01
1.542079343218627940e+00
5.015651938873933346e+00
-4.497228356635147861e-01
-4.219815093039070319e+00
3.736609509974400112e-01
-3.379249422290087068e-02
-2.910450653021889877e-01
-8.537218672705328970e-01
2.254644379433713652e+00
1.645211062522239587e+00
2.051977774828230849e-01
1.993161420999726374e+00
5.721450088477375573e-01
8.528924898476546446e-01
-8.556045841615116387e-01
1.336142345924770325e+00
1.885111364243314824e+00
-6.816907727849148557e-01
-3.961952113756922245e+00
-5.332677596640351680e-01
1.039288638048283531e-01
-2.533656446135744034e+00
-3.763035296910871352e+00
-5.104741659970684964e+00
-4.448127887435084915e+00
-4.959489990082989408e+00
-9.936036268021073425e-01
-1.239885789518124781e+00
-2.454931046021256780e+00
-4.740850403218499487e+00
-7.898018526268693051e-01
2.916346941810221249e+00
1.179110189956722898e+00
-1.076193092315793631e-01
1.028087838223798123e+00
2.836654199381052788e+00
2.594952441885247651e+00
3.727474124466647609e-01
-6.371550229215365846e-01
-6.222246606055096052e+00
-1.913465827233704619e+00
2.762427462188941085e-01
1.040768618032780424e+00
3.200707340746791196e-01
8.032699639420890492e-01
1.925971460077899877e-01
2.947779237862635515e-01
1.919433230887223896e-01
5.476495118807174212e-01
2.559848775418928746e+00
-2.009150377038690927e-01
-1.393001520726634412e+00
-1.130280122914064656e+00
6.598960004530446399e-02
6.148616745874766476e-01
2.116573942489866411e+00
-1.303430458014886550e+00
-4.032425837302323401e+00
1.162674573218650087e+00
5.283933497015509406e-01
2.069278828857237240e-01
-8.796381181057721932e-02
4.167074949488902558e-02
1.089993257083212985e-01
-4.250060142138087360e-02
-1.531978789637172822e-02
3.099057951304885483e-01
-1.909626061296124111e-01
1.134337139079551748e-01
-9.971205563611795775e-02
1.571354526786009620e-01
1.077180975364917248e-01
4.785615931478813811e-01
8.721714759306609110e-03
8.200600612812202206e-01
-1.735491210282511521e-01
3.423204121718037563e-02
5.065437074074830015e-01
-6.834402095385088138e-01
-1.887067198293424841e+00
-1.573330747167016597e+00
-1.030925461035610891e+00
-4.619872818226440359e-01
-1.145877311739072812e+00
6.937008425307951143e-01
9.251296045950940794e-02
1.433547962644210472e+00
2.224481307044014144e+00
3.630124877399257821e-01
-7.708046883047336983e-01
2.394135722266855781e-01
1.577266123512869989e+00
-3.189851973599527879e-01
1.742991692445060359e+00
-1.343169465071754054e+00
-9.868673251756947540e-01
8.298792727546233650e-01
-1.614240487380650846e+00
1.479028343508803633e-01
7.803493856920407090e-01
7.762978716664420409e-02
-1.292855174733138490e-01
-3.779710929471238184e-02
4.399275798415425154e-01
1.058977819880796423e+00
6.019182802191931358e-01
-1.256897018302394642e+00
-1.997910517220043758e+00
7.380338677339648434e-01
1.217272515664401977e+00
-1.883530923878828922e-02
-1.445959281025589460e-01
-3.526577702049116247e-02
4.424632335769321800e-01
-6.763179272326311775e-01
4.131626465703744366e-01
2.559184792101254491e-01
6.697752093763174042e-01
-1.411608466130738648e+00
7.951676264600868738e-01
-3.176964326234712477e-01
-4.906810774055991864e-02
-5.568719726832073169e-01
5.717082176340522182e-01
3.649210781172399498e-01
3.819970021885943368e-03
4.359946649381569728e-01
1.378934234970029094e+00
1.802492871601947932e+00
1.115531720271786931e+00
6.171866771390579487e-01
1.250675115015784655e+00
4.090764221885728524e+00
6.844282791270869026e+00
6.436340259174322398e+00
4.361481782184789324e+00
5.521836004414026888e-01
-3.055906768245932881e-01
-2.477802746043558102e-01
9.460105884778400309e-01
9.624786177678821275e-01
6.894891387722665854e-01
-3.495852699480487047e+00
-4.983940743160697906e+00
-5.355951380203336498e-01
-4.451620738634392893e+00
-1.212855764821568982e+00
-3.318829513140594045e+00
-4.042966606669748941e+00
-1.180588017086922292e+00
-3.796527203359101321e-01
-4.173238763659306017e-01
-3.386659164029238944e+00
-6.632024548457063240e+00
-2.947161841068732802e-01
1.044254339064289994e-01
3.448278983767960604e-01
-1.584696748469789362e-01
-1.801422208318395057e-01
-2.033190513291669443e+00
-3.787156792749526879e+00
-2.306390787082375660e+00
-4.492304944070438566e+00
-5.909709827263201376e+00
-9.404697999756663762e-01
-9.535493409113549035e-01
-3.133560402616630824e-01
-1.074369805531514288e+00
-7.265787082601171676e-01
8.525052886378112760e-01
2.411600256670137554e+00
2.414125884238877973e+00
1.180920863121059483e+00
-8.902393357900422188e-01
2.413812452401948860e-01
1.223728968557221464e+00
7.709355336692169658e-01
4.272356347948667477e+00
3.957010551997164782e+00
5.484095902012624535e-01
1.247596503161656045e+00
2.856586861324856397e+00
5.395426032448977338e+00
1.221190129746270614e+01
1.759615998059230080e+01
1.197833113092726620e+01
9.353429137794478265e+00
4.716912121095973021e+00
3.192230234409265677e+00
5.975131663040585295e+00
1.029102666709030700e+01
4.646572726898526184e+00
9.058771080248263274e+00
5.113843188006825358e+00
2.587439393243428754e+00
8.963642899719843626e-01
2.659054162232919793e+00
-6.939975752045739910e+00
-1.246117371248070071e+01
-1.655150942609147080e+01
-2.095226197260949874e+01
-1.625229562616792123e+01
-1.086768438832385542e+01
-2.163864123883842083e+00
-3.908513263612377386e+00
-2.291655595656418853e+00
-3.232085425804128498e+00
-4.012068381293079966e+00
-1.552870987734575436e+00
-5.006045658255876551e-01
-4.788982045265011145e-01
-4.542024739504917363e-01
-2.531634579627428661e-02
-9.773865279040071519e-01
-5.260399464453104912e-01
-2.207720557557228958e-01
-5.105810943000221869e-02
9.418917164021050059e-01
5.430079621002666945e-01
1.501910208374869216e-01
1.645929666817627091e-01
-3.107793131512158746e-01
3.170293266209838201e-01
-6.967136820193953195e-02
2.445821705709388949e-01
1.079242274526926337e+00
1.287887395992781681e+00
-2.493365118581978290e-01
-1.365744867373579474e-01
-9.383609080782167045e-01
-6.927895682467022365e-02
-2.620828263913648759e-01
-8.334322733190249743e-02
2.852524656133264003e-01
-2.937392756222522716e-01
-2.897713573052318470e-02
3.068544407206051372e-01
-1.970397810023837293e-01
-3.493395309584559350e-01
7.775169612267696095e-02
3.751119673686552081e-01
-2.863622689551294509e-01
1.298643321840862730e-01
1.327121433990952060e-02
-4.711160979291579842e-01
6.403851333750227859e-01
-3.334642692393622876e-01
1.827011101637113111e+00
-9.922251861980679877e-02
-1.173067193017822696e-01
1.526635658267068152e-01
1.596605417529479931e+00
-1.515729413149018434e+00
1.189917354982733322e+00
2.120836752757995214e-01
9.948947384668067606e-01
2.547217205272673368e+00
4.687556501037439816e-01
1.193414380202091785e+00
-2.133975634516449560e-01
2.202460810271382741e-01
-1.665263329109747836e+00
5.005119408538849513e-02
-1.113625233708361861e-01
-6.675567455307600540e-01
1.732502666905428867e-01
-1.922937910261283356e+00
-2.231039994353718470e-01
-2.323410018674000099e+00
-1.555586008159000944e+00
-3.110619502794719216e-01
-5.181072432277276096e-01
-1.390548693801114677e-01
-1.097177112339178251e+00
-2.010434899911741624e-01
1.748996791787537752e+00
1.581397056376373733e+00
-8.051146637144901419e-02
-1.156304985951095432e-03
-6.841447498852981646e-02
-5.695601975713707743e-01
-1.108935085029024714e-01
1.318805239318943112e-01
-4.869683677035396840e-02
-1.260089365686218876e-01
2.354711154339818036e-01
-6.415693272797512448e-01
-1.851060069691287113e+00
-5.719990172174211907e-01
-1.883972590973144179e-01
1.909456475894618421e+00
-1.141682955657800758e+00
-1.722027351232027215e-01
2.911001648687134846e-01
2.230876064035755668e+00
1.322282169865425905e+00
1.483259933908170236e+00
-1.187232349206214010e+00
7.295318741466072510e-02
-6.425631133812728102e-01
-2.025597678030822912e+00
-2.953861138717589485e-02
-4.009745695575628321e-01
-1.406922500089654582e-01
9.813684464579985889e-02
6.039206367755822757e-02
-1.817742130462608463e-01
-1.675897089697397035e+00
7.007686892457416494e-01
7.804615269531054444e-01
1.101792451785852167e+00
7.045406898466345380e-01
1.127347832278289275e-01
9.749908297675418112e-01
-5.776143024665127967e-01
3.215206783645634392e-01
-4.288155561829836149e-01
5.410657518653256837e-01
3.653763845392576926e-01
-6.575158847513185023e-02
-5.208285281565627756e-02
-5.048206014441989353e-01
-5.805808733237427521e-01
-4.585447316693884168e-01
-3.974058485922682404e-02
-1.718047360035392379e-01
3.023358346987299883e-01
-1.768542095666353564e+00
-2.609104010816309938e+00
2.289203257831293747e-01
-1.535822847253770274e+00
8.500157160356902608e-02
9.321163326390919934e-01
-7.175991228032874147e-02
5.275928022728679778e-01
6.406021672817576729e-01
4.475002167288724131e-01
-3.170345251445292334e-01
4.140910821633383421e-01
-1.172739906631590223e-01
-2.099839132775418449e-01
-3.507070155339042650e-01
2.466067507929752267e-01
-7.729005479599910799e-01
-3.774759715536202265e-02
2.175961190637272225e-01
-3.605822229253563549e-02
4.950066148000908939e-01
1.008749799153458859e+00
9.104216193437113525e-01
1.787982411011979078e-01
-1.011330789496317051e+00
7.619113529289738285e-01
-2.637457636404680450e+00
-3.884853357144684161e-01
4.244602094373788326e-01
8.729394723632433184e-02
3.303630121438203560e-01
2.823167273327111815e-01
5.739754241586032535e-01
5.528864578020336040e-01
8.437790708294792275e-01
-1.819854389763480018e-01
-5.954011161687511322e-01
-9.521276149838397984e-02
9.484180416660370483e-02
2.420337272167281117e-01
1.244731302829388486e+00
1.604174719342929212e+00
2.591908911244085179e-01
-1.092431298097016334e+00
-1.197077069610171129e+00
7.448073277144462434e-02
3.456614718421391341e-02
7.830083235241339645e-01
-8.340177903787833469e-02
3.776856387958617001e-01
-7.160852919330084054e-01
-1.627065645743857480e+00
1.402288520229055813e-01
-1.040346208343838619e-01
-6.923000319110950151e-01
7.154166378449984265e-01
3.334264381774940667e-01
-2.753387475259025940e-01
-4.166289400768588003e-01
7.381911349090755081e-01
-4.649848714657167648e-01
7.637025357697391215e-02
1.829774316467311923e-01
-8.263152139048737244e-01
-9.261185594176559732e-01
-2.226231017952602365e-01
1.130871205959254056e-01
-7.198240927746262230e-01
-5.096608694127544581e-01
-1.566417993505702100e-01
1.590670691324830965e+00
-1.733553945282068742e+00
1.326540076801337786e+00
-7.764422234479995133e-01
-6.038881054660256709e-01
1.532959497730879139e+00
1.921608342862834995e-01
4.011020309944259843e-01
-1.786385023296022112e-02
3.230947073400005642e-01
3.463739919637842668e+00
2.549038009663429083e+00
5.168157293022161980e-01
-3.582195845553282076e-01
3.640517668902636395e-01
-3.589909393866381748e+00
-4.633018320903671494e+00
8.884279605835936344e-01
-1.025921736774027426e+00
-2.866521306332379559e+00
2.596684367900651935e+00
4.898423975276147146e-01
2.313368996325086968e-01
1.683390115760525774e-01
8.833462702810597200e-01
-1.427905625793095545e-01
4.124860497721258845e-01
-8.283064249548144353e-01
3.123767143859330631e-01
4.394787306569791774e-01
1.195899622142230223e+00
2.501905237024131257e-01
3.598406728996159654e-01
-1.670330070035621617e-01
-3.827001591845271555e-01
1.528632596472721428e+00
-1.805489924850515182e+00
7.226042075878347237e-01
-1.177581763913848834e+00
-8.858797100737412222e-01
-6.316631268049155423e-02
-8.394886252305333585e-02
-1.112304191509867479e+00
9.898133256231567145e-02
1.862182870693311898e-01
4.024144101093978243e-01
4.117346624299442759e-01
4.928320370449279508e-02
-5.292168690719516455e-01
7.600420852439144781e-01
-2.629851103667846246e-01
-1.027403738100094444e-01
1.557380024483552283e-01
-2.159660505299760835e-01
-4.439617956139914057e-01
8.525967702343528742e-02
9.027891123496178949e-02
2.372912355472434065e-01
1.427124368768204477e-01
6.671420127699447811e-01
1.434672500619755819e+00
1.013541703672605099e+00
-8.776675579313394371e-01
-1.269875434414589055e-01
-2.967908303723239438e+00
4.189799270085723393e-01
2.036522142906660005e+00
4.717207446352149613e-01
1.389558220009427414e+00
-7.553038993705943893e-01
-2.243303895342506626e-01
-2.946919966673435809e-01
-8.165393045508013703e-01
7.634028752044790256e-01
-6.598358383175007003e-01
3.001400399362386118e-01
9.343671006024156789e-02
-4.650283659357861143e-01
3.783062278561031277e-01
-5.115352865603983723e-01
5.969115856856517244e-01
-9.733610772663348065e-02
8.510980337224501868e-01
5.981136921239184057e-01
1.763062428679477822e+00
3.058264942981647749e-02
7.488804225819067906e-01
2.724731680861039784e+00
4.440247854082037371e+00
5.959757630937790651e+00
5.424732371671815656e+00
5.408446077992451251e+00
7.092227259116373972e+00
1.016196418258632406e+01
7.381490503791290791e+00
7.777676398498002186e+00
8.954107139260791826e+00
7.331382113980012605e+00
7.518910044540618287e+00
3.844660991983886333e+00
5.434245130590099393e+00
8.555725691279533862e+00
5.809146090906651239e+00
5.586405539476800186e+00
3.950663525999289050e+00
1.741622845426917365e+00
-2.444959742330880204e+00
-5.620075128355509264e+00
-1.841414209237811406e+01
-2.935471140127519618e+01
-1.951476820263608403e+01
-6.117870074392364188e+00
-9.064344531274496575e+00
-1.127949503388153651e+01
-5.300065651053152749e+00
-1.953113356687721236e+00
-5.608258531608347752e-01
-2.722100068723944055e+00
-2.229492694466907121e+00
-7.901206472134922887e-01
-1.538393868718324953e+00
-2.311978178624714886e+00
-7.247846315077508539e-01
-1.834106521129586387e+00
-1.022293874721526663e+00
6.728384616106986016e-02
-4.152349251332321245e-02
1.234028302773320540e+00
1.459393695450083683e+00
1.491685744521713985e+00
6.495346656042910727e-01
1.272625081959150029e+00
1.542839029172826670e-02
8.409477551425070807e-02
3.574923401435605719e-01
4.722837690765180341e-02
-3.297674171623210526e-02
-4.754581490771895291e-01
-1.534292012264272032e+00
-7.588400345964553262e-01
-3.232643274908180153e-01
1.914040912741131972e+00
5.077591283294118352e-01
1.060616704458443804e+00
-3.125289052951835345e+00
3.811178682672877738e-01
1.066281892051491598e+00
5.307924450563072938e-01
5.414606061838380668e-01
3.275226036384505379e-01
3.231213954772074182e-01
-5.315041040519378202e-01
-1.241418024403388554e+00
-3.731561991533025036e-01
3.064876861261411900e-02
7.235998724016171613e-01
-5.719413859340538586e-02
-3.165182450722895391e-01
-2.275133007461777046e-02
-1.589660522233674600e-01
3.027205188114999723e-01
1.657688586801338904e+00
-5.099105874485091450e-01
-8.674000939084648421e-01
-1.146857396307719712e-02
9.820765619973798044e-01
-1.204856443302112057e+00
-1.228850942615634212e+00
2.847863271496713367e-01
-2.294211262272294327e-02
9.222644873154459688e-01
5.240006900796848610e-01
-3.412686639907393182e+00
2.164061757235754779e+00
3.530445265286238143e+00
8.012729259565065654e-01
2.005648132920188953e+00
6.042939167640501097e+00
6.835322463051211273e+00
3.176152944911827092e+00
8.737847757287063644e+00
1.576406331007128614e+01
9.721958981514823961e+00
5.656879030923647633e+00
3.371918403457023317e+00
1.764772833840439148e+00
4.786385956211859138e+00
-3.868754423371171924e+00
-5.076722026652120690e+00
-5.846706673313967428e+00
-2.456180500218820839e+00
-5.115288902600028109e-01
-3.510026102102990819e+00
-4.937114251338677207e+00
-3.813043452400201261e+00
-5.307071396140514707e-01
1.249063610276010650e+00
2.035216491981799436e+00
-6.639681132001840069e-02
-1.608034440539974241e+00
-6.910464263580408328e+00
-1.462339650385246159e+01
-7.680146940548659984e+00
-3.132768606830582669e+00
-2.020757202307878586e+00
-2.942464547149945986e+00
-1.007095363944641164e+00
-1.555810980808646438e+00
-4.379752308356041901e+00
-3.658764034391703834e-01
-8.427556736043761987e-02
2.447343690607168831e-01
4.972304775059348536e-01
2.257254392941168142e-01
2.683104003787917247e-01
-2.050573212669415391e-02
-1.883717843015186855e-01
1.120086997056923162e+00
-9.211064204806410083e-02
-4.794222369008987461e-01
2.425898917911584185e-01
-7.040351133044620013e-02
-1.528447409620259378e-02
-6.110020018859513291e-01
1.953504190274133467e-01
-2.159312731278375974e+00
-3.725801731416575446e+00
-7.016310584279263907e-01
-1.857499894226884329e+00
-2.397407378781972298e+00
-1.457631939326198278e-02
9.576257506294361121e-02
1.391088211865875834e+00
1.442216932893229497e+00
-2.518093103383860054e+00
-8.837130052438659789e-01
-8.839212142322967480e-01
6.264240605652293681e-01
4.833077051903984511e-01
4.330710710086460580e-01
-2.932919292301878755e-01
6.695205169288342972e-02
-9.934626967931059482e-02
-1.256528961596835359e+00
8.863353877786845914e-01
1.126901790446156681e+00
2.960075401253812188e+00
1.823030313935448454e+00
-2.382545450044864843e+00
-2.502524084086145351e+00
4.050502757397911324e-01
-2.037324495152770254e-01
1.207742814236548057e+00
2.545989166387504277e+00
9.948791593349781692e-02
-1.065314892180411199e+00
-1.217479330431203266e+00
3.003627426465858008e-01
-6.506787009937227140e-01
-4.806212673683150527e+00
-1.521442231762323516e+00
-2.072164822576834098e+00
1.222406926875823530e+00
-5.239187354608532132e-02
8.771738077656578980e-01
1.156768135973685219e+00
3.508864991826671442e+00
3.107392282947035511e+00
2.090679640858247090e+00
1.261914292848889119e-01
-1.823247747566965060e-01
2.313263811198975617e-01
1.117391849959092909e+00
-1.294654421566185043e+00
1.164643693243657907e+00
-3.559953096596122357e+00
-2.542696614040576009e+00
-1.482006054301612252e+00
-1.440051900682554731e+00
-1.372043018687918448e-02
1.342655093066214889e+00
2.323037840573384472e+00
7.703879374047392758e+00
4.081110567995185789e+00
1.949210987371380988e+00
-5.672232453805543528e-01
-2.555785511902710638e-01
4.728557507625565925e-01
-2.238186309418456865e+00
-5.150229514566964539e+00
-4.503391003413757865e+00
4.639909461846638550e-01
3.988752606976380122e-01
-1.092884382884882655e+00
-1.704009764410919558e+00
1.289962320901938853e+00
8.531581369111762569e-01
-7.094549746617246910e-01
-1.016623564565129811e+00
-1.000685182486733993e+00
-4.032457547289567401e-01
-2.725931163068722185e-01
-3.239463429698670183e-01
-1.604543968605440796e-01
-1.133898018464872592e+00
4.898434256866934788e-01
2.664725271488110891e+00
-2.553469651323112544e-01
-3.706953697891020028e-01
-1.629302477782168523e+00
1.207306945848152679e+00
8.219445289493982898e-01
-1.170838128616516371e+00
-1.457371429627228210e+00
4.219597923633761738e+00
2.258298305058106692e+00
5.158536677451257546e-01
-1.461854342423168696e+00
-8.186705703142269641e-01
-1.841970383651135634e+00
-2.040561943660746280e+00
4.520574835273070136e-01
-3.062748180222373051e+00
-1.547678364157047071e+00
-6.545712555189560078e+00
-6.949825474716284646e-01
2.246477442928419777e+00
4.360320076583121818e-01
-1.743809541344472080e+00
1.040530262475197532e+00
4.559200068512438975e+00
3.984181444202464561e+00
4.865075036246167883e+00
3.387478613026313035e+00
1.594577082349716068e+00
3.868897342560056796e+00
2.545679681383807402e+00
1.336097237945829352e+00
2.854188484081094934e+00
-1.494089913426615013e-01
3.256545714251579682e-02
6.680045753165089195e-01
3.734237652870455726e+00
7.954701859357086846e+00
2.623899221613001487e+00
5.212071145350414270e-01
-1.113004083431270885e+00
1.876425863509947334e+00
2.038695739692467868e+00
5.447192953107354185e+00
1.023361736499955654e+01
3.220977074681449892e+00
4.516039966246665927e+00
-2.584428693177315495e+00
-1.418256414331608539e+00
1.574215192220407289e-01
-2.996353734561637339e+00
2.244836708389541968e+00
3.052984711966800546e+00
2.103134779971483681e+00
2.143214622167604944e+00
4.756484189050681266e+00
-4.667469480995194431e-01
2.837212343803791725e+00
1.274215710949327729e+00
2.379266620340366956e+00
1.100031057473074725e+01
-3.392604581079098125e+00
5.734458250592666673e-01
-6.921351480773232367e+00
-1.373584277371933382e+01
-9.471101330210395020e+00
-1.009290592773110262e+01
-1.311019038763643252e+01
-8.829760362456523737e+00
-5.178951980521500076e+00
-7.774241410840780908e-01
-6.611693939585610025e-01
-2.174766838923579471e+00
7.291285916624468122e-01
1.888822822996950812e+00
7.532288884286983954e-01
-9.764831672408185170e-01
-3.402215828721288915e+00
-4.146734343754032714e-01
1.665463569762482443e+00
4.935223114018538193e-01
1.646823258323594497e-01
-2.174909722848291094e-01
-1.628122953911604665e+00
4.736848027036846265e-01
4.289202153344424673e-01
1.773232595695427349e+00
-9.163028127272068168e-01
7.940091076423534400e-01
1.914997768767395137e+00
1.279775643855391998e-01
-1.003439618745027184e+00
-9.057107431224443728e-01
-3.889091483320349929e-01
1.766538609335139287e-01
-8.130043931093950960e-01
-1.022254736806030850e+00
-2.341219635229061957e+00
2.552330270920671218e+00
2.692268477278102701e+00
-4.945460205473548587e-01
-2.650239529107054182e+00
-1.680452761067843248e-01
3.451933772844051340e-01
9.218292012797539847e-01
2.634163364595335288e+00
-4.002713942920133050e-02
-9.285305501879204115e-02
-1.226094315884118657e-02
-8.945041712144958801e-01
-7.256532227483234454e-01
9.343730286926708040e-01
-1.022880082594437079e+00
-6.013119828181776594e-01
2.285272477812686220e-01
-1.897716616481258667e-01
-1.619320772272547782e-02
4.181416341197663478e-02
4.003094982737191998e-01
9.569549202373692776e-01
5.494619394660673617e-01
-2.192168031938535044e-02
5.419730255507366756e-01
-3.861192386618692574e-01
-2.921454106843746068e-02
-9.238423400263255925e-01
-1.599286445811138879e+00
-4.694611226003437832e-01
-5.993254608910711934e-01
-3.723220372789528554e-01
2.513987636046421947e-01
1.373839240431495856e-01
1.547106152176915828e-01
3.314421715293494053e-01
3.220852120742969671e-01
1.612710419663896388e-01
-4.877170856583716851e-01
3.753959753835202084e-01
-2.079798684502491390e+00
1.340036066102778811e+00
-3.106931224327316166e-01
1.154451802154341511e+00
1.195716214559529922e+00
-7.208524655667237768e-01
4.295831168166566738e-02
5.230881298658787149e-01
1.730171501511831522e+00
7.544183685009326901e-01
-3.903582311800364302e-01
6.354715004227391439e-01
-4.481674595616658152e-01
-2.688857440082315531e+00
-4.931231412695408767e-01
3.507037363570701949e-01
-2.150716282062512252e-01
6.035903245501789138e-02
-2.473325661017538590e-01
6.317652316881441354e-01
-4.051215637390218616e-01
1.150058760115351686e-01
1.647146467281143334e+00
1.596609883692970522e+00
9.180971498351375715e-02
-1.357004553243102762e+00
-2.017720026138277944e+00
-7.565947515814026580e-01
8.745687385799327807e-02
4.398407424660495391e-01
-4.420526888632598794e-01
-6.195895673751155019e-01
1.811441782327074534e+00
7.351468153498312841e-01
-3.866074089649819134e-01
6.076663411369637169e-01
-4.330978463724830529e-01
2.277059981121087873e-01
-2.420956875294196786e-01
-1.542754055683831504e-01
7.291862966746498476e-02
-6.830534873616156410e-02
7.957493973801954557e-02
1.661415111960029556e-02
-6.505143495080800697e-02
-4.178300285975817818e-01
-4.156250961271491517e-01
9.469388566302541776e-02
4.262304192565713468e-01
-1.479713326252495298e+00
4.407110594496539413e-01
-6.966315822146540437e-01
1.097482650157695527e+00
-4.673274292993384038e-01
1.041110513299618345e+00
-3.567533745321915806e-02
-6.846689670394137117e-01
3.865779563516957285e-01
8.852364482873005536e-02
7.733042854367171426e-01
1.869452616654594834e+00
-5.299791778667519715e-01
5.816368086364378520e-01
5.371731152570911050e-01
1.041078467103905503e+00
1.300826183834680627e+00
1.970808254359302403e+00
2.698706099040400375e+00
4.200853787048988153e+00
2.375586147855772268e+00
2.220625094122954835e+00
3.820249985908077406e-01
1.371909564199935261e+00
2.035800592058549796e-01
8.140973059247151866e-01
-1.076892593144126664e+00
8.723683350513233847e-01
-7.181101991806322360e-01
3.647495026207888458e+00
3.576268627278448520e+00
7.868995446298541196e-01
8.116859842230539357e-02
-8.456530376458069043e-01
-4.861524537307310823e+00
2.732651881522940585e-02
3.486165257515029481e+00
1.488242428894373859e+00
-1.264113588291831292e+00
-1.555758958295996308e+00
-1.397172906656862779e-02
7.151727984557041395e-01
4.918280255008760093e-01
2.118142816809367446e+00
-7.512724544621960376e-01
-1.449798976940257944e+00
2.774456315764119552e+00
-1.023637798789877706e+00
-3.780449505999349924e+00
-5.699905032302648777e+00
-1.735791686322230021e-02
6.067926370620675414e-01
1.049557817965840911e+00
1.009552951835530621e-01
1.213990440138132954e-01
3.191947283593172813e+00
8.600247229646207359e-01
3.027371193683556783e-01
7.034078629665181381e-01
2.167514121967737850e+00
1.458046751561838050e+00
-1.576700034160474218e-01
-4.790732060038394025e-01
-1.152217009255739555e+00
3.989482017565819660e-01
-7.395312492588708153e-01
6.362511207039638350e-01
-6.209371441356239529e-01
-1.816719234330498978e+00
-2.195490151079759755e-01
2.869210427823958298e-01
7.505943825198357899e-02
1.395625819490540209e-01
-2.814076671222455417e+00
-6.223581175597548309e+00
-5.870868219473150518e+00
-1.768031188232310313e+00
-6.500761524671781366e+00
-6.283010814951328626e-02
-3.228360882558893863e-01
7.035888849564049252e-01
-1.573941703830271210e+00
-1.176281998858604849e+00
2.724147327432728805e-01
-1.444333799082024028e-01
-2.030881955187266996e-01
-4.839210291065321190e-01
-3.391714515019727538e-01
-5.786918826155904583e-01
9.445908942607615932e-01
1.593728706442939735e+00
5.914048797907938138e-01
2.294436167684381633e-01
-3.449993017165151610e-01
-4.778007904057426369e-01
-1.555964957781744928e+00
-4.828092916463341822e-01
-1.312371343803709678e+00
3.801388614532721366e-01
7.860641514323891688e-01
1.380136533779089625e+00
-4.864486401161167706e-01
3.546904814232365588e-02
-6.521144473617787596e-02
1.006383094623611585e-01
1.259102164137171909e-01
1.069837853500363201e+00
9.213883168188918837e-02
-8.581162915221507426e-02
-1.482483859016310968e+00
-1.237751535191911056e-02
2.255459454011559950e-01
9.175567419832894034e-01
6.533562203034504190e-02
-1.686143090675267464e+00
3.876343401079351825e-02
2.876545239618203409e-01
1.048208930048231680e-01
-2.031408983828572601e-01
-3.415375289735523845e-01
-4.296192464400505617e-01
6.264466975813260952e-01
5.959773174391738149e-01
1.096028010708259171e+00
5.834695072707276609e-01
-1.749558472998176128e-01
-9.687423958580423378e-01
1.282453035361952320e+00
-2.101102839861948013e-01
2.192930879980571568e+00
8.482775006185189426e+00
1.489304698180636777e+01
9.744176551540988385e+00
8.262071701642604182e+00
3.520785578013956751e+00
1.765632990262744784e+00
3.812687579567374030e+00
2.719515335926040223e+00
1.143905937154499952e+00
4.683516906811050262e+00
6.785713300145850724e+00
8.293349862308573961e+00
9.561392872903510920e+00
-1.679745496165665486e+00
8.487279337592482875e+00
3.486893643610201821e+00
-4.293424672436145784e-01
-5.826112421442800837e+00
-1.615030334138690193e+01
-1.957828760579408822e+01
-1.320779352078542246e+01
-4.137560919751408051e+00
-9.089619545077830765e+00
-8.795843583633647711e+00
-8.211663327942936519e+00
-4.629852799767602889e+00
-3.378138865334516794e+00
-2.327930542731310837e+00
-4.429316366284468121e-01
6.479257980674790751e-02
-3.216571984832117259e-02
-8.955612594683737271e-02
-4.153761389923973368e-01
-1.403136983978275687e+00
-1.766783146184126574e-01
4.265316798609603555e-01
-3.927136962605048409e-01
4.936777269163168391e-01
-4.174985679480887057e-01
-1.864557245617496584e+00
2.390133126924798290e-02
5.887927036030049521e-02
8.321603971537763211e-01
7.061076684242933998e-01
2.606114159678216691e-01
4.673098678822498186e-01
-4.224067264420992007e-01
4.377426710486335137e-01
-1.399904405687062425e-01
1.350961101832578448e+00
9.504687915248122287e-02
-2.799830225602195632e-02
-5.226273390441771305e-02
1.893926460804582490e-01
1.438786937848446357e-02
-4.339107191330631164e-01
-3.430571046917251232e-01
6.515302668230316119e-02
9.965300627905038233e-02
-4.934109661076047093e-02
-3.005623592607923888e-01
-3.522636548996730399e-01
-6.969521486697722867e-01
6.562804023217239102e-02
1.385438692146016559e-01
-6.242947884467908715e-01
6.245648508767353002e-01
-2.522007476034356932e-01
3.115792039616066544e-01
1.455027057745794661e-02
2.990814752098996943e-02
4.921769969580730431e-02
-8.077509673904492704e-02
5.906840893843381401e-01
-1.114828383848357474e+00
4.859031399905937576e-01
-5.677052514789151516e-01
6.631124251775274425e-01
-1.191340157251073451e-01
4.063936531551081144e-01
-4.675992173059058676e-01
1.670809112637556826e-01
-3.779500754212168356e-01
-7.382265983623770289e-01
-6.142163790882213537e-01
-2.176870935148844666e-01
5.366968486646319647e-01
2.331729385524263787e-01
6.021183781382971612e-01
1.223386786400845860e+00
1.821727577779508334e-02
9.889955421365165256e-02
-6.877850144170993829e-01
8.074488382850266710e-01
-7.263962579179084056e-01
6.029182307203466706e-01
1.624296434002789447e+00
1.098376826133126816e+00
-5.250066512736255575e-01
-2.584485277332598585e+00
-2.073331182200688794e+00
2.400353168873703424e-02
1.817387610408662146e+00
2.273021038619155831e+00
5.847546568230010067e+00
9.047057584441802192e+00
1.383814550353674377e+01
1.559229959079912931e+01
1.307765326189446853e+01
1.431340610471034580e+01
5.822099915944079385e+00
5.661820041458938135e+00
1.382810076715060177e+00
-2.243776562932126240e+00
5.544239183462295273e+00
-9.981833250284068981e-01
1.903862053315634739e-01
-8.274188781894196154e-01
2.769295675718709049e+00
-8.771278197343065131e+00
2.866756131456241974e+00
-1.021245962903789462e+01
-7.127783885380935658e+00
-2.245628704933663755e+01
-1.884660383037647691e+01
-9.022363598527508799e+00
-5.078666267440503646e+00
-2.194006691904242246e+00
-3.283355862478313014e+00
-3.086119532803398791e+00
-2.923326712596597154e+00
3.419276124148428186e-01
-1.564572782132429563e+00
3.441413389347424134e-01
5.181178545709735905e-01
-3.657004483262363270e-01
-3.363533689273849880e-01
-2.139671109884969669e-01
-2.383617828666147798e+00
-1.221330442517860604e+00
-3.442492071265603748e+00
-1.768103112961334489e-01
-3.892835150461672278e+00
-5.697321428404313437e+00
-7.746096947620685569e+00
-7.472709859536479371e+00
-1.241348365276713395e+01
-1.236036329925707378e+01
-1.117528105326778132e+01
-1.314760253741428642e+01
-1.053080773967269579e+01
-5.230183660892762987e+00
-8.870904146091916687e+00
-6.147774865592495530e+00
-7.723304167428736378e+00
-7.540942412702491993e+00
3.259354716946248232e+00
-3.070087071718276661e+00
8.017695168758081081e-01
1.810843264008695996e+00
1.073153570255477973e+01
1.041348082315059287e+01
1.628969342824873934e+01
8.494869148996315289e+00
1.029477386993870880e+01
2.397983748243269986e+01
1.480209043017478976e+01
7.831852958707834489e+00
4.173552775414634652e+00
2.450714915512524072e+00
2.703226861971941730e+00
1.648449973739444019e+00
5.704350797267565554e-02
8.082851344161010587e-01
4.997702653871805012e-01
1.921970501813467180e+00
1.485803121401820803e-01
3.102232448669512088e+00
-1.983601745768481805e-02
6.665714981845920484e-01
1.944013245741268214e+00
1.828375968457923273e+00
1.709448140095059410e+00
2.895036544741629747e+00
9.461371554127939731e-01
2.911714465967848220e+00
5.022403163660644765e+00
5.182070075166279821e+00
5.604036503235793276e+00
8.757249250100453963e+00
4.341374961181095671e+00
2.405423570484728657e+00
1.012860792062269866e+00
-1.332671844886178292e+00
3.143455504318431792e+00
-1.351530626061290263e+00
2.913476335648510940e+00
5.412492996037840953e-01
3.105191407641804346e+00
-4.111361172921426999e+00
1.738255768243533339e+00
-1.143390435695451401e+00
-5.502135192045720657e+00
-1.341498745997514419e+01
-8.571719135748253393e+00
-6.779075883795043111e+00
-1.180698519606115937e+00
-1.903918467791918978e+00
-4.305432669476090268e-01
-1.973511359085632577e+00
-6.456932315374866782e+00
-1.776002231712644042e+00
-9.270080095756707550e-01
7.077278931050741129e-01
5.604839039618094709e-01
6.207088993693492540e-01
1.615833671560086504e+00
-2.716846110624440147e-01
5.552623390202815479e-01
1.110319992128904198e+00
-3.890138855804769480e-01
1.144142048533907177e-02
4.599308882127725040e-01
6.021177250737780318e-02
-2.644517491549164268e-01
-3.670195247984804343e-01
5.570264781664430176e-01
7.671758427542292313e-01
6.202691846932528730e-01
2.060100100926098854e-02
4.471143623495565933e-02
-4.369839916463229557e-01
-1.378013372358096067e+00
-2.227713453397090593e+00
1.560637316649087225e-01
-2.514930518198568166e-01
9.228106252998826697e-01
1.150390420841381323e+00
8.340365074923867805e-01
7.407938379554173114e-01
1.921476431970174925e-01
-2.554392082300929179e-01
-1.811360574671029289e+00
-4.182940330391058947e-01
-1.229115487421063024e-01
3.659062307744097575e-01
-4.250851489668402428e-01
-3.389745821298584261e-03
4.088362102349685223e-02
8.445616529420219010e-02
2.075068907845345478e-01
-3.990206495953774191e-02
1.094299761293924256e-01
5.886712271697832621e-01
4.616556549649855623e-01
1.159260631299106281e+00
2.814685763925074191e+00
6.034312457136342900e+00
4.658663769621425033e+00
8.237168819571550671e+00
9.900283742718229973e+00
4.617485527716773674e+00
1.477672103302907658e+00
6.456365297788323687e+00
1.922506932064372620e+00
-3.336546083714090116e+00
-5.715736575433510325e+00
-4.739473774032617825e+00
-6.138538505027366199e+00
-8.096581885896860342e+00
-7.022950325544044858e+00
-5.402982200355983089e+00
-4.957984945512945885e+00
-3.474728925626263454e+00
-1.087404371727507257e-01
7.929769999474042264e-01
2.365703214948378097e+00
-2.881945413406283851e-01
6.741464303676214520e-02
6.795044421893203790e-02
-1.213101117480963609e-02
7.992338810636616664e-01
1.180010606720533151e+00
5.692945403242898550e+00
4.517130404960759904e+00
5.224032880606237939e+00
-3.590965576347215915e-02
-8.888631743642605443e-02
6.133049364721543384e-01
-4.729583549903146888e-01
-1.055327619320635790e+00
-3.910714943640307695e+00
-9.073661104843150582e+00
-7.210914486311413185e+00
-5.738501817646141312e+00
-3.835189799335828376e+00
-1.369869588039348329e+00
2.099322744217701597e+00
2.491595152046915729e+00
2.808963265410458376e+00
2.654704514031328788e+00
2.546227523830474126e+00
4.065051063308552370e-01
-2.024767120895416828e-01
-1.194734903344335519e-01
-8.675873231630160110e-03
1.328707639404881902e-01
1.610962777230151299e-01
8.234020619822897402e-02
7.079291041554179598e-02
-8.938324264662416644e-04
-2.276246942540291040e-05
-1.080330355631830413e-08
9.165351450191040446e-04
-9.109452919557939864e-04
-5.649638710163683297e-06
-1.996220147992486260e-08
5.624063702979928935e-06
9.109002724357446144e-04
-9.165749988002391000e-04
5.620919417083933625e-06
-5.660842308920742416e-06
9.165352086439212649e-04
-8.994560512003388656e-04
-2.888818003866872042e-01
-5.650974540534992041e-01
-9.432098021369568208e-01
-1.342627458226598680e+00
-1.541917078822582887e+00
-1.370594576914576201e+00
-1.284154757231188881e+00
-1.417364368278389186e+00
-2.261246954521745067e+00
-4.752922158172676603e+00
-7.448778702613942926e+00
-1.016502427682186394e+01
-1.137237484164844403e+01
-5.792272618034104426e+00
-8.697831494636020011e+00
-5.918394323016379133e+00
-5.086217566614038788e+00
-5.862202977386388625e+00
-2.317757319681419403e+00
-3.345756470230313084e+00
-2.196739772411817171e+00
1.918671408281014124e+00
5.058951675978292428e+00
3.739689076608740947e+00
6.750013492552270122e+00
1.092771272840719377e+01
9.775595436647847691e+00
1.460022225388192041e+01
9.778077591384153777e+00
4.970374059379246034e+00
4.488480706431737133e+00
3.785267864947559957e+00
1.690155302152963834e+00
1.874298832008958193e+00
1.301255295276360080e+00
6.490362441667123505e+00
2.014665871736330605e+00
-1.822919122108848100e-01
1.745343783368280555e-02
9.610215105083677045e-01
-3.270850295435376864e-01
-7.341442600507175342e-02
-3.100038012991381819e-01
9.217002987549349768e-02
3.091444471045257103e-02
-6.180490111963710120e-02
2.013657440986014180e-01
-1.638636196465803607e-02
2.496489152093301911e-01
-2.213560191333052263e+00
4.786525854787098133e-01
7.804611961338121517e-01
-2.548722445668015535e+00
2.033400110672417771e+00
2.337262282094290100e+00
-6.900663521241607867e-01
-1.438026724708148407e+00
1.990863314182131028e+00
1.217543033340924730e+00
1.606283546909886617e+00
1.158013843298721923e+00
9.073500289596019286e-01
1.125235559441470912e-01
2.600846783558239395e-01
-3.762179938411254199e-01
-1.008305703749897475e+00
-1.624437646358590115e+00
9.192535888320207960e-02
2.412004902077562463e-01
2.796882656315968774e-01
-1.702773641860293452e-01
-1.102284133112654274e-01
-1.195259315767103203e-01
9.131879935002960025e-01
1.552070991298984737e+00
2.170702408649201942e+00
-5.007391813890187393e-01
7.347835069122332641e-02
2.663266290121679702e-01
4.630819859594552668e-01
-2.457880245390615670e-01
-4.221728260382171527e+00
-2.143632895209766076e-01
-6.267609597871128813e-01
-1.767369701700640228e+00
-1.583407446380264538e+00
7.027198473764961761e-02
7.804873084456103172e-01
1.668415461841182612e+00
2.625959819556289432e-02
-7.622467051763219814e-01
-5.767912201673599526e-01
-1.558229737795458369e+00
-1.614200672904392952e+00
-1.617190891977190681e+00
-2.445332370904369501e-01
-1.090764310574150908e+00
3.527711224935557999e-01
-6.100023813626077596e-01
-8.911959389799318787e-01
-1.227287062052886846e+00
-5.344905727467796908e-02
-2.062364197072636962e-01
-4.560021474653730422e-03
8.939790303187253873e-01
-4.219640684744905279e-01
1.112546790306233824e+00
7.158366484917255690e-01
-3.204866694049172127e-01
9.245439096604024520e-01
-5.249403854459200325e-02
-2.471644918715865114e-02
-4.157327670202001779e-01
3.377336910789732749e-01
-1.494789330645255321e-01
-1.075390324032779732e-01
-2.202528568594327163e-01
-5.013894791530677519e-01
4.618910315957323043e-01
-7.019755469013744253e-01
1.109650806019429892e-01
1.526953400490856927e-01
-1.790169043382497938e-01
1.025151170924977206e-01
-1.053215337522974249e+00
-2.001927622775889759e-02
-1.615063275378268770e+00
-2.294069168292722782e+00
-3.361444973077407639e+00
-3.920643922400063985e+00
-2.030478360383943581e+00
-5.967473815850112828e-01
-1.522876981884055070e+00
-1.132234113584413393e+00
-3.082034235345297191e+00
-4.115831006519339752e+00
-7.252021019628084986e+00
-6.836488079724560407e+00
-7.032753811523519971e+00
-8.859285379923335313e+00
-2.952391899284307897e+00
-1.298471867010661640e+00
-3.093041936179758977e-01
-5.559533960439289046e+00
-4.231945230251596968e-01
-8.729378841264576749e-01
-3.526090345691557104e-02
2.333805243392674811e-01
3.272687443645864391e+00
6.155059589860925939e+00
1.431736463757095379e+01
7.866933343279391977e+00
2.723060294314379348e+00
3.055712626769128804e+00
2.119498052061530302e+00
2.963962762783101113e+00
2.674617435116786623e+00
4.432833550601614547e+00
1.535915889900181774e+01
4.313805040326610829e+00
-2.122958690420401862e+00
-2.549452627690544926e+00
-8.428987808090617762e-01
2.102378371722521955e-01
-1.711040427004473230e-01
-2.402689678239298132e-01
4.545432502362323213e-01
1.972702770385508675e+00
2.904882582957304837e+00
2.133861477603642420e-01
9.386907834614932611e-02
1.405750597009375547e+00
1.763928512999975773e+00
-2.973037867872401208e-01
-1.523733840017242436e+00
-1.362547512391381055e+00
-2.331612665650198313e+00
-1.304365529760024511e+00
-5.557399620191174616e-01
4.857624475598654179e-01
-3.723737712922940979e-01
-8.580905410556014523e-01
2.051464182759266119e+00
-2.487887506596084375e+00
1.500633637294072065e+00
-1.729666840802184247e-01
7.434880190062576055e-02
4.389392075144781247e-01
-3.716308436608714016e-01
5.116496342715274315e-01
-3.506136468335517842e-01
-7.464971055716567161e-01
1.491543983645340354e-01
-2.794449077593270658e-01
1.451450221775563598e+00
2.119347179189158048e+00
4.683419370549524174e-01
-6.290458555006110952e-01
-2.761787756120139825e-01
-5.476284303083122085e-01
-9.835772988972668607e-01
-5.470881594364902512e-01
-6.919186567076244243e-01
-1.202012228634210533e-01
1.149471170422001531e+00
-6.360026451196419961e-01
4.558041111384132371e-01
-3.467557545348292081e-01
1.667088151018420561e+00
6.091076605942299382e-01
-4.100675165015998935e-02
6.918149360663372605e-02
-8.190263332112679429e-02
-1.060158191533024485e+00
-1.908089185558052570e-01
-1.713860503194999940e-01
3.897640340148778026e-01
-5.766529757699948716e-02
1.347744775315302679e+00
4.387696836056671490e-01
1.344175773866977952e-01
-9.199602160733699741e-02
-7.910876503947872340e-01
-1.837788385663447155e+00
-5.648094723053759258e-01
4.118388222658027065e-01
2.347473946616979168e-01
5.247376957391800545e-01
3.710266739041590545e-01
2.873085844571254821e-02
-3.361779512961052818e-01
-1.525076800575613678e+00
1.136757570549180585e-01
2.429013671965929433e-02
8.453371038640575819e-01
1.879204330274155677e-01
2.612460311987208073e-02
-2.882100725854380707e-02
2.761536928379410005e-01
2.039405450342929971e+00
6.220567782771504461e-01
7.100686741571684557e-01
-1.152183927279488707e-01
-4.775947346766833412e-01
-1.257586737703223267e+00
-4.696297846796282371e-01
6.080831949489660104e-01
-2.849255169793141196e-01
4.414437560727302312e-02
1.080606156146126651e-01
1.432647712456014411e-02
-4.438881012229191070e-01
-1.849935826323105825e+00
-2.801120565009175278e-01
-1.527506293830294126e-01
4.307401295184002388e-01
-9.492805548717745401e-01
-1.921581753556744765e-02
-1.033871523356333366e-01
1.183399012865263389e+00
4.078944251404756915e-01
8.542105000913297053e-02
4.897917479976582333e-02
-1.718127589281380763e-01
6.910046924915830280e-02
9.054085017292262672e-02
5.480028309885242033e-01
-6.748271987415801476e-01
-5.138162624024578129e-02
4.646913872627000952e-02
-9.390298563132282172e-02
4.612153561261649326e-01
-2.995550683159244332e-01
-6.718097418491864037e-01
-7.404456523637945597e-01
-5.014878561314535244e-01
-1.907948460873976959e+00
-3.546710909715744542e+00
-5.163445122993310932e+00
-4.444269119495377396e+00
-6.632105049072617220e+00
-7.724445789836924092e+00
-7.727045753999512101e+00
-6.184476282540025238e+00
-6.199273782099773200e+00
-2.712734120301774965e+00
-6.017203459529767429e+00
-4.330546142101198370e+00
-3.894839751769268332e+00
-2.238033107048167381e+00
-3.794046641351428661e+00
-2.889681824042739322e+00
-1.713885613095769145e+00
-2.142973444720922771e+00
-1.528866988356625711e+00
-2.706947300550979207e+00
-4.591970136377909739e-01
-4.481596449058145026e-02
1.047243191733154788e+01
1.850808554306988185e+01
1.534381201588107047e+01
1.048468632165353398e+01
1.305527033335639686e+00
-9.500240458356827844e-01
-5.521420037051818497e-01
-1.030038066450309486e+00
2.068948527480785060e+00
1.119806041837874844e+01
2.113240590176687306e+00
3.181957017548697308e+00
7.378885058440740607e-01
3.575203024198003732e-02
2.543523609692218912e+00
2.201249020513481369e+00
1.316572591147585847e+00
2.703877033302088506e+00
3.586818022325237720e+00
1.919960903050209833e+00
1.662686413895767767e+00
-2.610109396968285367e-02
-7.798051059409161212e-02
1.464491715419646845e-01
-2.072291346974175497e-01
-1.531726307368937556e+00
-6.224889491867284796e-01
2.295540669845814730e-01
-1.318374736423600369e-01
3.910245665711297169e-01
5.033896610808075156e-02
8.444788583070986787e-01
2.875674196863672094e+00
5.767565229276367944e-01
-2.713371789286691538e-01
-2.000421277417618882e-02
2.509475090577426570e-01
-3.528812352855341672e-01
3.689636064288190909e-01
-2.667957976233710227e-01
4.588652966827133639e-02
-7.136126504144879590e-01
-1.789872763582462500e+00
-3.628836015350209721e-01
-5.128797498596959770e-04
-2.639102045203762792e-01
-7.682890122169835356e-01
-1.170823211015983079e+00
7.097233321814817586e-01
1.731807486458659229e+00
-7.618612444669856654e-01
1.334690216113456840e+00
3.480191578072644454e-01
-1.159195199275866450e-01
-3.599402006266543275e-01
-2.729289352320027895e-01
4.655291632781608513e-01
-6.144216366292143405e-02
-1.181771610993957999e-01
-7.192095700060237018e-01
7.437510711886525794e-01
-1.129667462805513667e+00
4.669438646283885497e-02
4.237110674689832379e-01
-4.331022056370577022e-01
2.160107283476784268e+00
1.942153009403697617e-01
6.161497842692220672e-01
5.469583744153752036e-01
9.440889922202577722e-01
-6.957408250423355867e-01
-1.670613694458368936e+00
-1.438237806941295993e+00
-9.139724782162295114e-01
-4.535312760640564100e-02
4.631683850752159604e-01
6.365475957817188224e-01
3.527265510006176719e-01
7.263404294855670962e-01
-2.517275500999378579e-01
5.641942314915873169e-01
-5.985409579349152409e-01
2.448376328512677613e+00
8.101005894345991720e-01
-9.047671141015101171e-01
4.381576671165454684e-03
-1.040653833842322129e+00
-6.935804286861766421e-01
-8.790665212974344556e-01
-2.665044106586886841e-01
7.246184281414600470e-01
-4.206096968062960073e-01
-2.307862702305167879e-01
2.816909981713964228e-01
-1.183224551034556704e+00
3.930482883776265091e-02
-3.269911464154828806e-02
7.263988668407495020e-02
1.308400243866691071e+00
2.034683880164060987e-01
1.514521103840307248e-01
-2.082983449071486692e+00
-1.584776970141343666e+00
1.358765699970561069e+00
4.196039922144949585e-01
8.619562313332209680e-01
2.123275868117913134e-01
-6.863964847024384142e-02
-1.719556577528437158e+00
-4.660656013311282875e-01
-3.883977636495238306e-01
5.748392603282049818e-01
-1.204836899939682349e+00
-4.321017485606702957e-01
3.054899020271317767e-01
4.975462291342193089e-01
8.865412300800298295e-01
2.416256774870824131e-01
7.968013139639036346e-01
1.501971140383933090e-01
3.192425752226168978e-01
4.006410130681232751e-01
9.274557698431395991e-02
1.463463092640205687e+00
-9.027727357027117705e-01
2.741377470569112518e+00
-3.268374417733070914e-01
-9.012209300812124013e-01
-3.141005786495918439e+00
-1.357804566197349017e+00
-3.845343402828533819e-01
3.514864115692299673e-02
-4.801821614518247405e-01
-1.797055248368218949e-01
1.701078511746806354e-01
-3.219370125833386220e-01
1.360276252278367348e-01
1.197156500694633863e-01
3.151090112546071076e-01
4.208492387313068628e-01
6.283041334866318328e-01
3.429467606445424366e-01
1.095185770278832571e-01
-3.987573377714246359e-01
1.030304713833487540e-01
4.957338233176360465e-01
-2.822560056035978704e-01
6.178763859056368712e-01
-7.943200668151663146e-01
2.178961254134179182e+00
4.835237539797287987e+00
6.520491828379322286e-01
9.355219055923615912e-01
6.647834294021066626e-01
-2.049811599257083117e-01
-1.355146449475839177e+00
-1.261287836570601506e+00
-3.122123306381299201e+00
-3.508139715751921628e+00
-1.094979649335234617e+00
-1.943179222261852135e-01
4.926600149928334060e-02
-2.092602111251850583e-01
5.286387316269611780e-01
-2.589705055531065891e+00
-9.040092088810509630e-01
1.506998865256581333e+00
4.505401109761615341e-01
2.313793958648598270e+00
4.664254816006163651e-02
1.781669056481528512e-01
2.052555035234656433e+00
4.481027275368357543e+00
9.073859954492800028e-01
6.176413301467373884e-01
-9.033476439400960345e-01
-7.561105466709994616e+00
-5.072545958677145528e+00
-1.432322499278599892e+00
2.384833088087354724e-01
1.958779466539857239e-01
-9.045784998080401706e-01
3.347012061877192579e-01
7.286550816550212417e-01
1.124908781250312906e+00
2.671526773543271283e+00
1.988952567893804702e+00
5.780718694131397051e-01
-1.645808477202932441e-01
-1.614923331351643121e-01
-3.323447052683348169e-01
-1.227843872757591881e-01
-1.838071689445709422e-01
1.495487118694048823e-01
8.592084462658805544e-02
-3.258211572527807132e-01
4.603676591651468808e-01
-3.990938521706958175e-01
-2.337993558264717664e-01
1.652634140760616266e-01
-1.845023936238572027e-01
-6.572163956387573336e-01
5.718214763216522556e-01
1.790044188314161788e+00
-1.404744738644383428e-01
9.243229743734449055e-01
1.180535927558109766e+00
1.284675837680202548e-01
-8.634308456872430426e-02
-2.453033081760467304e-01
-2.032688992790589122e+00
-1.847361262903116863e+00
-1.766730644213777568e-01
3.690385789986796450e-01
-4.612077619691370423e-01
-4.728667936049679721e-01
4.481542466937389335e-01
2.050487849823693587e+00
1.935267654423595829e+00
-4.490827493517528524e-01
1.294982099089224459e+00
-1.013321656556432249e+00
-2.304788620652992392e+00
-1.206690217581102065e+00
-3.631478591509775811e-01
-6.230140675854194399e-01
-1.455074121478825866e+00
-4.303419193138285692e+00
-2.485563788413456265e+00
-7.770671969907176901e-01
-1.591659950685365033e+00
-1.507497869027485393e-01
6.316679087896996947e-01
-9.930828688255743941e-02
5.479953852617640564e-01
1.722024338073373073e+00
2.823420728978715211e+00
9.221152155928793448e-01
2.330629377927858403e+00
1.961591749319193001e+00
-3.089664394985851548e-01
3.644676397907637977e-01
-4.298347993580202697e-01
2.951770541055727115e-01
6.152235066794098373e-02
-1.385955148523572156e-01
-4.064672668535753708e-01
-5.036362396472064518e+00
-3.025180035021366010e+00
-1.194898492113731336e+00
-7.043962129677616701e-02
-5.334147373040529772e-01
4.600992160874017856e-01
5.436229631957374409e-01
1.390197279136081931e+00
1.568423511626550138e+00
2.505338377881235701e+00
1.334764739145480661e+00
4.057302159709218259e+00
2.679736784692170914e+00
7.113167494598101825e+00
8.381492172741715763e+00
2.839839972306346993e+00
-1.998696656837601893e+00
-4.376458691743286167e+00
-2.635970214130322731e+00
-1.983341857250895401e+00
-1.880379465113303006e+00
-3.010099142588026133e+00
-1.101022118217999335e+00
4.916899646076924313e-01
-2.819352948385756008e-02
-5.777096026091355085e-01
-1.861254511336230655e+00
-7.957352027067836175e+00
-1.710733774612102209e+01
-2.026645449469805982e+01
-2.182681811937595029e+01
-1.707902953583503347e+01
-1.881313711117643095e+01
-1.544595607540426840e+01
-1.847395101445613363e+01
-9.449482004963670079e+00
-4.554071179711684181e+00
3.266161500104402649e+00
-2.241797999243317463e+00
-1.111188708895440413e+00
-3.074861771283991629e+00
1.411090652231024478e+00
3.113056125359321413e-01
3.260905372448945627e+00
1.780473011941779760e+00
1.586061417211112712e+00
-1.126818656225196946e+00
2.010898676013088959e+01
1.019578753543598282e+01
1.949459698087242998e+01
1.524711756721865186e+01
1.746262801589843150e+01
2.150598304951134310e+01
1.459699491907890945e+01
1.234973632327055704e+01
1.105016032726770447e+01
6.121029809837988722e+00
4.324600698397569332e-01
-2.879449491605869937e-01
4.369210535094669723e-01
-6.265475015376242851e-02
-6.429372513009590229e-01
-2.398694343954592689e+00
-2.474320531330345574e+00
5.224449411553404587e-01
3.026741018194847310e-01
-3.324566175155052594e-01
-1.659773302212042001e-01
-5.419679858412380646e-01
-3.950941932742009222e-01
1.652497493933511308e-01
-5.447712572278629040e-02
8.654231274658716888e-01
8.337989850560435512e-01
2.909621417330029436e-01
-2.490746769196083843e-01
1.120478749169752097e+00
-1.241878450908343035e-01
7.052531576822768100e-02
-6.098541131822573513e-01
-8.399906856621985884e-02
3.497856698359670391e-01
-1.667325665624910525e-01
-1.576546927233851980e-01
9.869679062557595861e-02
-1.601229673427468359e-01
5.280701357721877542e-01
-2.959673614752095228e-01
-1.576567299787570431e-01
3.230757840703913919e-01
-3.324236104457126140e-02
2.082265846403265286e+00
2.334404431321601692e-02
1.370767871240552438e-02
-1.083892449339743269e+00
-2.051470266795788255e+00
2.043018636016517009e-01
5.786020919629808468e-02
1.228342353013391453e+00
1.991787215287127433e-02
-3.255681099502146791e-01
4.456628720774654662e-01
9.977334478969501763e-02
9.572023803935579833e-01
6.759055240642264373e-02
-4.195240739992844858e-02
-1.192053769282963582e-01
2.753508005384992519e-01
-1.896263680162448839e-01
-4.170172275415842122e-01
7.171507267310772704e-01
-2.525947389636458151e-01
1.314619450376579124e+00
-1.922493436090767061e+00
7.886800826877442550e-01
1.317079168967512093e+00
-9.061281049181895142e-01
-9.471734597528591593e-03
7.761514093209922471e-01
-7.145491050831154212e-01
2.111875731183765481e+00
1.354103493718206153e-01
1.740762718370518769e-01
5.470109053613994021e-01
-2.022764534339440701e-01
1.085062075309373597e+00
3.779149158398160679e-01
-1.782560183944239540e-01
-2.872066085431255189e-01
1.098221449101931313e+00
-1.171124004576589606e+00
7.103247103108971672e-01
-5.912931798686074103e-01
-3.995098252793551019e+00
-3.233436289147567422e+00
4.848053071048115115e-01
-1.442657398962501336e-01
2.640590205686056957e-01
-1.928730801787094662e-01
2.218784610565915916e-02
-9.462473447219288403e-02
-4.435320337564284676e-01
5.157235670339345157e-01
-1.705202649753476685e-01
3.075171737143377326e-01
2.167544750751013161e-01
8.329594647853151290e-01
2.466547078434245810e-01
-1.230330473019287663e-01
4.633813118455898383e-03
2.292987626864673167e-02
-3.319185076789243904e-02
-2.336661359325385434e-01
-8.504644513720397425e-01
-1.227364841910162596e+00
3.700703882595219874e-01
5.042577093654774245e-01
-5.440747851675264979e-02
9.984255525037882828e-01
-1.283637081630616406e+00
1.123474809573477229e+00
5.576376826087214855e-01
1.600805345380027722e+00
-2.910663438476583931e-01
1.451019506408912862e+00
-1.234969748413987212e+00
3.054554931235573534e-01
-7.331961056686924216e-01
-1.827122601080880315e+00
-9.208410812567568993e-01
3.133107697713533035e-01
-1.305280756667194231e-01
-6.055143858936462564e-02
2.240182788253420876e-01
1.950381787569348546e-01
3.654778951207697801e-01
3.939404501786991641e-01
-4.932619948681609134e-01
-1.103561414147222752e-01
1.353838640513269076e-01
-3.708115223139298311e-01
9.037140104922869455e-02
-1.827896313017303154e-01
1.910957541608564458e-01
-2.260763649055842484e-01
2.114439984078815282e-01
5.238744854288523989e-02
-1.664221466756049539e-01
-8.945509209249435933e-02
5.619386289465599926e-02
9.921798698201106381e-01
7.715599094864011853e-01
-2.106683829776654360e-01
-1.284530140974992074e-01
5.647700003652768030e-01
-1.894825910970476812e-01
1.343317380943948702e+00
-6.280965381795198255e-01
-4.065992315546752778e+00
-1.673638532876680962e+00
-1.342248677584944705e+00
8.842596658078072380e-01
3.302961546095808387e-01
7.639432157696335324e-02
-1.968955854965428465e-01
-2.477096599427754953e-01
6.480069390014997488e-01
1.870681614529785541e-01
2.035122761088143939e-01
6.234252363294112698e-02
-5.376588469207543852e-02
2.372718115528571481e-01
9.306129170769050774e-02
4.982262240204216042e-02
6.985918853579118348e-01
1.117895970257966054e+00
6.234390474227324841e-01
4.397742695553269465e-01
-3.287080498002963314e-01
2.395229982570536709e-01
-1.813241094252900087e-01
-1.371131795144916898e+00
-7.397841855636637654e-01
-8.629931680821378848e-03
-1.097173839257535199e+00
-5.710435113124927575e-01
-5.786400742822568333e-01
-5.731374999115832480e-01
-3.434626929782531590e-01
-1.898738180196968273e-02
2.871711758907364853e-01
-1.106835898904190429e-02
9.243920532342420060e-01
8.997364437204438126e-01
4.537704113943563655e-02
2.182916809713235651e+00
1.240886888249042919e+00
3.330511138534500981e-01
2.956606030236956228e-01
-1.967109653587211238e-01
-2.662010491962463199e-03
2.903237625796231125e-01
-2.180942943839771497e-01
-1.169828790151543063e-01
1.842893374567065035e-01
-7.244733279832127337e-02
5.042687484354418936e-02
-2.702574922564515703e-01
1.312050352272549347e-01
2.778082912534973192e-01
-2.314059528226041773e-01
-6.127229981235932099e-02
3.629817232094459944e-01
-2.031135995465516153e-02
-4.369086971571325417e-01
1.613101411778806726e-01
-7.228279621426614288e-01
-2.364974833918979336e+00
-9.518220196789011212e-01
-4.769205249488601694e-01
6.674033092362163799e-01
-2.878050527663900127e-01
6.058633505999821978e-02
1.839649631681461450e-01
7.079951854822392754e-01
3.561614600185607493e-01
7.679041961077284206e-01
9.172241053478829009e-01
-9.165526801199583851e-01
-1.614364271809693996e+00
1.563740437669727257e-01
-3.646078276719117994e-01
8.649507983600646099e-03
-8.869053826450303823e-01
-1.354221012405051994e+00
2.289222232962998760e+00
-3.489952410877772415e-01
3.953481702704659817e-01
6.304944065751607596e-01
-7.152438720452147791e-02
3.268797332381989662e-01
-4.249608482236810758e-02
-4.248446318428187318e-01
4.573178998883031809e-02
-1.643111660993752388e-01
5.921504791862375328e-03
-2.295122774622484485e-01
4.492404650498813545e-01
-6.858134914171150065e-01
4.708707475647813112e-01
-6.115815115745260044e-01
-4.854088328013141940e-01
-2.720930800400971350e-01
-1.453181923251500862e+00
9.163686493260394528e-01
6.363473120837248587e-02
3.016427315022562894e-01
-9.751322307667287248e-02
6.472610146049895263e-02
2.271760108665264788e+00
-5.375259205321287759e-01
9.410658306064130230e-01
3.272996760622934875e-01
7.095495386483062772e-01
3.381319261995954673e+00
2.380113753615313854e-01
2.613004562634575478e-01
-1.096340444106293388e+00
-2.756687081398256023e+00
-1.200976754987490347e+00
-1.920758202439090123e+00
-9.143515087347502401e-01
-2.613880402019885807e-01
-1.395776171669504961e-01
2.910696608648191575e+00
5.307927675641967991e-01
-2.816978052131673849e+00
-4.349511496990041692e-01
3.718950514009975450e-01
-3.929994407753714114e-01
2.873526075057748486e-01
1.804504612954307419e-01
6.324761556106839322e-02
-8.481964023351462600e-02
4.159988376619239148e-01
-3.454664740288633240e-01
1.964845900555385327e-01
5.491767489961065785e-01
1.294017721779581631e+00
1.050333296889126355e+00
1.055908633798919638e+00
1.693133707017937528e+00
6.651340366459395081e-01
4.823623084564247598e+00
1.192628290551443015e+01
1.729094343332630856e+01
1.830474973841762676e+01
1.543174133897745293e+01
1.293088231244892938e+01
1.885650179476316168e+01
1.337461287521645659e+01
4.198253789583219486e+00
-2.749058709305955972e-01
1.032769712168757792e+00
-1.046891296442481689e+00
9.724738253494820128e-01
6.965415189632722104e-01
-7.957153344353827151e+00
-1.670947003167829337e+01
-2.219709157462762050e+01
-1.791005575682845574e+01
-1.242126833778408468e+01
-9.713615991739587230e+00
-1.050853468968507443e+01
-5.618498894289697176e+00
9.293524106529780227e-01
4.299693099866885859e-02
-3.407553726690494500e+00
-3.467650189973870312e+00
-1.693082421630203172e+00
-1.980000716939700034e+00
-1.522388691161368435e+00
-2.581778908126920236e+00
-1.399833909439510471e+00
-2.413267171955036705e+00
-2.326755444713941134e+00
1.527125254490497852e-01
-2.669930309260973189e+00
-2.709281230686470643e+00
1.746642939157496244e+00
-9.426890915521424219e-01
6.505926678706801525e-01
1.057563190751452886e+00
-3.903324074605789562e-01
1.815718440435635017e+00
8.700252320894663605e-01
7.866094300757611180e-01
7.845494528464467265e-01
-7.545224038852760273e-01
1.068001811903207754e+00
-1.370709036220026489e+00
1.274122842600114547e+00
-2.858833865251053652e-02
-3.921127951914999965e-01
1.770045530049318305e+00
1.940206485906381118e-01
8.961926950992674668e-01
-3.755605571780175067e-01
-6.383502557314983950e-01
1.182162775949439970e+00
-1.180323062079647878e+00
5.617087973128256362e-01
4.174630424719345534e-01
-7.463699957373141070e-01
1.252834781110934159e+00
-1.062980957611806332e+00
9.618723179237875787e-01
-6.191268573631960592e-01
-1.854638062621236649e+00
-2.956970751408224629e+00
-1.894525093925841119e+00
-3.781764717067833459e+00
4.604998790137118547e+00
6.364632006318019286e+00
4.308961716852935275e+00
-2.865339217007818462e-01
-3.817167216984531652e+00
-6.954532301232948299e+00
-6.728317356627932178e+00
-9.381012803313161896e+00
-1.346159077220822908e+01
-1.279854736133307824e+01
-1.205649847280992049e+01
-9.685148981576837457e+00
-7.506104710372184741e+00
-8.673521135136240900e+00
-2.014493512441518419e+00
-5.847874573250479102e+00
-6.614015048573634203e+00
-3.763851544518047376e+00
7.133123135314178853e-02
2.411526043050457702e+00
4.075568064334774476e+00
2.458044045045909343e+00
1.126755118603857397e+01
1.328641375040237449e+01
1.982495136033118399e+01
1.500573576520267949e+01
1.429459478089777846e+01
5.552164180964886953e+00
6.591792315298329541e+00
5.601982183737660215e+00
3.727959140718427378e+00
7.738310597301722993e-02
3.498025581481534196e-02
-2.664746099902326470e-02
1.345684545825979184e-01
-2.695618714534100402e-01
-3.228539519544573189e-01
-1.128132646656093557e-01
8.445880943379983907e-02
1.170916187932451516e-02
-2.009597779427987549e-02
-7.562900788117051659e-04
-4.752548297912303349e-02
3.703276144576309048e-02
1.985914432469330221e-02
2.676640045791028183e-03
-1.826044667729834550e-02
-3.067788892987369925e-03
5.853614436361155582e-03
-6.074258255774877754e-03
-6.832368129932459011e-05
3.304522319798167823e-03
5.180762774674146226e-04
2.827296472025155917e-03
