-8.089868780374587232e-01
-8.032319433574954815e-01
-7.780694759180555309e-01
-7.704655271517601989e-01
-7.177843492982880491e-01
-8.788467635120973398e-01
-8.004755184145651015e-01
-7.092217532978466465e-01
-8.261868502955245219e-01
-4.291188792662126161e-01
-1.172504408541918508e+00
-6.273485837716989977e-01
-5.127507808845415127e-01
-9.967866961450866370e-02
-1.379676669630004682e+00
-1.235389575751156599e+00
-1.190763856463632919e+00
-8.893238937684344592e-01
-8.893021647488055237e-01
-6.849483470324777556e-01
-1.074666433303690383e+00
-7.460843691305143466e-01
-7.376546263317678154e-01
-8.192011801922092218e-01
-6.397552887269881694e-01
-5.466901241170916137e-01
4.685543083621013238e-02
-7.583505250334354741e-02
5.214362943802726136e-01
7.598079933095078786e-01
-1.013498203784877205e-01
1.593042721700186348e-01
1.320963361518323609e-01
1.443210661784419813e-01
1.332552308351466763e-01
1.851452506409216880e-01
2.427131821776811194e-01
-7.923012916689486929e-02
9.890827779153781307e-01
-3.217641485550402081e-01
-5.959192363643239787e-01
-1.518357862976387196e-01
-1.781363319713165083e-01
-9.810360020539121706e-02
-4.988737630892288166e-01
-2.403168535730486610e-01
-2.165980232546402817e-01
-4.893104257690623626e-01
-6.448908647179507625e-02
-2.874960735444673787e-01
-4.492908095696890314e-02
-2.399100805095386590e-01
-6.364848575754606941e-01
-3.003086268095671585e-01
7.447758211539721174e-01
-9.044060864324379168e-01
8.933526613428455221e-02
-4.031450801955074326e-01
7.492226133968173940e-01
2.218438165802538720e-01
3.673725145413442306e-01
5.389950655913438027e-01
2.039869200186572584e-01
1.986310866857579072e-01
7.262761523033844924e-01
1.311238565218815211e-01
-1.944386031894680400e-01
-1.080632857823410120e+00
-1.727041818785508553e-01
2.249159590575544598e-02
-3.378067974313196942e-01
-1.045791698278861759e-01
2.199812479830143275e-02
-3.771324347792130993e-01
-9.531426969643064240e-02
-1.224526734905069247e-01
-3.175922080888256005e-01
-3.368930857753937858e-01
4.344053709651447548e-01
-4.671548370972118391e-01
-2.091880694138339436e-01
3.682715465016173084e-02
-1.435595518564269923e-02
-3.738228517232045078e-01
-1.808188587770871436e-01
-2.686262848667340108e-01
-3.631100318909830094e-02
-6.216026468030335650e-01
-1.166916667540505159e-01
4.776941842392687931e-01
5.718216052843203556e-01
4.434736723081940113e-01
1.892020962746130408e-01
5.900449027326430951e-01
5.263371928764897234e-01
2.441509885420387604e-01
5.759102318336388748e-01
3.443602551084978813e-02
-1.395359542574752254e-01
-6.864832168860317552e-01
-3.224255763566148403e-01
2.971169705062877142e-01
-6.297519212865623217e-01
-5.802746924772606008e-02
-2.296181395559102612e-01
-1.777687826811558125e-02
-1.752939878672066243e-01
-6.676070183544879910e-02
-2.540885749111225778e-01
-1.104880873025351207e-01
6.896193524306681866e-01
-7.741712341376185691e-01
2.964021982434061897e-01
-1.264832211764698400e+00
-1.707693621226482605e-01
4.656087690955956759e-01
-7.604869227072583726e-01
-4.713117602310035181e-02
-1.254414831726791135e-02
-4.000805801382014693e-01
-2.519713351838106519e-01
5.440267585344642498e-01
4.470734499095101455e-01
6.052119145486756224e-02
3.421805809398676956e-01
1.925724044815098068e-01
9.472737179547792152e-01
-1.794706238615546567e-01
4.862768511769601787e-01
5.612055996000080427e-01
6.261318085508875697e-01
1.322457513003257645e+00
8.909218463680730338e-01
1.093539828835638161e+00
4.651082633736436378e-01
6.943789632377601606e-01
1.085069470668774017e+00
4.707660572330993887e-01
1.617788803575841428e-01
2.430990207768495281e-01
2.109398913832691846e-01
7.455190715984514327e-01
3.855619599507278394e-01
9.709295186340582973e-01
9.805181986546926964e-01
1.238453148522253855e+00
9.957388883831157500e-01
1.327586821211546919e+00
1.114341205415271929e+00
1.420989305923484380e+00
1.157205057101403867e+00
1.273648460411834549e+00
-2.400957330763766606e-01
7.132447068842928672e-01
2.611594750305847867e-01
1.909176287788554305e-01
-1.334153150170180879e-02
7.478785946168997611e-02
-4.739664666966412199e-01
-3.787147183010759477e-01
-6.566925141264583488e-01
-6.550069326679484050e-01
-7.717438291373213133e-01
-8.303607992204895538e-01
-3.924366984737659436e-01
-4.908066563097008839e-01
-7.201503154862294309e-01
-1.141958259600297509e+00
-6.610214657129205307e-01
-7.035603956175187079e-01
-6.859150874134094522e-01
-9.251846614019108017e-01
-4.748467059420953262e-01
-8.172196984988104873e-01
-6.694072682116356532e-01
-7.413885060860678777e-01
-6.874703820953769196e-01
-7.610421654827739246e-01
-7.081505890445356499e-01
-6.098510683294016133e-01
-6.113793055443288438e-01
-6.633710943218247280e-01
-4.189554912934170261e-01
-8.040593658184178594e-01
-5.309468327922601816e-01
-4.437340874556596759e-01
-5.362056294357770980e-01
-4.716481348334298218e-01
4.089713151669940316e-01
2.949480916748825621e-01
2.249509296279796899e-01
1.545352320018622549e-01
3.971309874771478121e-01
3.029607700619791899e-01
5.408272726257621343e-01
1.113781972544799714e+00
1.124831027825234031e+00
9.335251443153254058e-01
1.310643675274029363e+00
1.912990064202411133e-01
4.753182053606082036e-01
3.644066588472760770e-01
-1.351423059051626296e-02
9.100948342213150966e-01
-5.479141353591181485e-01
-2.059353072784020355e-02
-4.259972201631399003e-01
1.541239559867797482e-01
-1.076392611567591473e-01
-2.757341178601002696e-01
1.016159290672291604e-02
-2.321003072448135640e-02
4.586394602301417933e-01
2.873388770335090214e-01
2.131585934559971918e-01
3.385454148630202553e-01
2.953129046044153938e-01
-8.801890448313542947e-02
5.286657877487961343e-01
9.148074955838900735e-01
6.364710917845073368e-02
-5.382798046343815201e-01
7.514649642447217559e-01
-3.885987456769122161e-01
5.177251668442472976e-01
3.054955596097919113e-01
2.548054859818726925e-01
6.473484812292191748e-01
1.328712219955832552e+00
1.319775100335256468e+00
1.465398596309828605e+00
1.507407819765735013e+00
1.664400249752265637e+00
5.084677303396922809e-01
1.348459441697986705e+00
7.492801686196752797e-01
9.250982186416703001e-01
1.152828264104917011e+00
7.215611577815579381e-01
8.188088172802086007e-01
3.235575935432315475e-01
8.048933153847137589e-02
9.887300786134645136e-02
1.241702320596687059e-01
5.502829217213900392e-02
1.469483274455090083e-01
2.434278702462684407e-01
1.916156365966159569e-01
2.579503275129546580e-02
2.627902015096363897e-01
1.957582093523999589e-01
4.310457400855618459e-01
-7.677172067560178448e-02
-3.539484502909484576e-01
-5.221238517753015174e-01
-4.771543366151060894e-01
-5.915488965281596734e-01
-6.220064627997601292e-01
-7.673443961829953253e-01
-6.433343167849621125e-01
-8.436190599246824462e-01
-7.147732715763943645e-01
-8.432588318447375997e-01
-8.880908988293239048e-01
-1.022129103274583173e+00
-7.554584469890137655e-01
1.174489348724314652e-01
1.843970272562529544e-01
4.315163050574000181e-03
-6.459616101651626252e-01
-8.800060815119579161e-01
-6.306124371544150620e-01
-7.228698712086618627e-01
-7.882691250268401006e-01
-7.172494016656827398e-01
-9.528071982413237606e-01
-7.544090758623696047e-01
-7.756791679051957544e-01
-8.578976662385855434e-01
-6.380693157056178677e-01
-6.379954689371416521e-01
-1.313370693990734139e-01
-4.904263914540791802e-01
-1.097444156361930823e-01
-2.301486830780099524e-01
-4.678258155347343461e-01
-2.898701826945142557e-01
-3.298016431267711823e-01
-1.397222539224749482e-01
-4.038954954512732343e-01
-6.938075222948967280e-01
-7.201288161813010902e-01
-5.977505840424015560e-01
-5.858848655468946731e-01
-5.897654225123467597e-01
-3.632259462478018008e-01
-5.472038749331105123e-01
-5.469956087617759977e-01
-4.552139127429271070e-01
-4.892208461561651234e-01
-6.673856992684648048e-01
-4.178577303262613896e-01
-5.742429295002295930e-01
-5.720005472657874179e-01
-4.035767903378939536e-01
-1.617577972411083920e-01
-1.687649891427582816e-01
-2.110906131302385802e-01
-1.864092780360877555e-01
-2.331358062406749809e-01
-8.048840508666899041e-02
-3.561664317547794667e-01
6.317944950872345089e-03
-5.751698139884808825e-02
-2.143390160074503115e-01
-5.923234131117283141e-03
-8.056799812802353244e-01
1.145194032740562307e+00
-6.623820507138944436e-01
-2.361067400109959635e-01
-1.247770208217673371e-01
1.585088787720820847e-01
-8.420757560595149016e-02
-1.036778693321664946e-01
-1.993350553292287941e-01
-1.552723569887604071e-01
-7.134255381881615676e-02
-5.659359377074224540e-02
-9.781226660024344710e-02
-1.637316069958600906e-01
-2.009847681368555072e-01
-2.451151920756444724e-02
3.265193603967233571e-01
2.954895062080638013e-01
2.047183562224503817e-01
3.162674208166933454e-01
3.730335698901399155e-02
1.463390455961430803e-01
-3.742643691666103223e-03
5.458686785845401346e-02
7.029780989407186098e-02
6.664801887513505108e-02
-1.230580823668958601e-02
6.420012168280919695e-02
3.109901350890496019e-01
3.991588950933788738e-02
2.680173136184791360e-01
7.019430188993069919e-01
9.600148303871520739e-01
1.047048552239502328e+00
1.113118782738958146e+00
1.250276564173212535e+00
1.210876498681191293e+00
1.323159107264263668e+00
1.327066371118988286e+00
-2.479801910495638140e-02
7.371797005654201485e-02
7.100977861667274738e-01
-9.262566637009328474e-01
-6.141469101872232272e-01
-5.075906296151622143e-01
-3.364037235071855036e-01
-5.854389578130607674e-01
-3.933904068852136504e-01
-3.983821026821310340e-01
-6.721949469292667345e-01
-2.798139041420100170e-01
-5.305859445770195748e-01
-5.220866236840677743e-01
-4.629343838620201268e-01
-4.023960322078110607e-01
-6.225563097615705033e-01
-4.290618496925588943e-01
-5.070466560708410952e-01
-5.913978005765727630e-01
-4.604259228398106529e-01
-6.991609705180650280e-01
-4.804087361833921932e-01
-2.923063241684218383e-01
-4.733340337565365985e-01
-4.961021253731487946e-01
-5.876452351360370585e-01
-3.182004552684603027e-01
-4.021594477071062101e-01
-3.170620719110459618e-01
-4.497827294929876984e-01
-4.567101411122109766e-01
-1.338764620942924921e-01
1.747908569168288295e-02
1.401255721948189148e-01
2.404180075694668517e-01
1.118071533400026851e-01
4.151316880434308132e-02
1.939312951998672929e-01
-2.852865440424210419e-01
9.399845824923147575e-02
-3.689518084117722196e-01
7.876869901118510597e-02
2.629996153404334791e-02
-2.529634414485570915e-02
-1.915367766850764042e-01
4.761891052138622626e-02
-2.616897313343002907e-01
-1.598068840994457673e-01
-3.959087547267543528e-01
-3.285043817109922770e-01
-3.248712213884630273e-01
-3.024813928818517184e-01
-4.144995299516764931e-01
-1.160203484220403425e-01
-4.180009516921359136e-01
2.048102140999503717e-01
-3.927096747983753744e-01
-3.317196804527000609e-01
1.871009663361888897e-01
-5.445877894440798173e-02
-1.029444147649982710e-01
5.093631128712843292e-01
4.263578538675005802e-01
1.088859604316809282e+00
9.172666930783890393e-01
1.169029289664699434e+00
1.254317644270443566e+00
1.122965076983689414e+00
1.276227241155282854e+00
1.016813542688552729e+00
1.108930952732563924e+00
7.871747163047473350e-01
1.070920897064858934e+00
6.883882696199776774e-01
4.958149470962283090e-01
1.702223369380888585e-01
2.578917371953295401e-01
4.193543908043082524e-01
3.026581273413668782e-01
3.919805181872035860e-01
2.418142510348957330e-01
5.563404182784488228e-01
1.201141228742919509e+00
8.169749856617016803e-01
3.311879060565132704e-01
5.240032798918363710e-01
-1.419818194349211637e-01
-6.735384961702841622e-01
-1.745024552343963364e-01
-2.481875305039160651e-01
-2.996476810597030749e-01
-2.677033484526987195e-01
-5.842423275794565996e-01
-4.293629192734051969e-01
-6.056349179552924511e-01
-6.109052398995373778e-01
-7.039950289729048905e-01
-5.311753081012398070e-01
-6.442030320418012934e-01
-5.699418648751546357e-01
-6.803521529973792781e-01
-3.240617116931900910e-01
-5.745116131447502994e-01
-4.926514724887880448e-01
-3.082786592399600067e-01
-6.997310082469923032e-01
-4.899149238119520078e-01
-6.350161100385562918e-01
-3.749486259680381295e-01
-5.605767366127807350e-01
-9.087098095194434677e-01
1.159175873770834642e-02
-7.972751450635016113e-01
-6.223877922612714997e-01
-8.567214952897472813e-01
-3.687497567618436278e-02
-7.768761028086288434e-01
-4.416807357681520330e-01
-3.840547747159916980e-01
6.229540078275519477e-01
2.018319554651810677e-01
3.293568561603166245e-01
5.414115543982944700e-01
-1.301000478104157310e-01
9.530574145542658471e-02
2.087937521527933882e-01
2.685662421341774575e-01
-2.340014254342293043e-02
4.052069552173662714e-01
2.692759143733525207e-02
4.704706008788122062e-01
7.151069588645952990e-01
1.400815042351041484e+00
1.135563908426782120e+00
1.683010362275290106e+00
1.540095032256139973e+00
2.087202501161470991e+00
1.636223634457149245e+00
8.171928052756562977e-01
2.975304202422428546e-01
8.037845549856683647e-01
-3.922872006464466210e-01
1.010242974313175779e+00
7.075636768284709888e-02
5.656849585265391056e-01
1.893648680276953655e-01
2.555122504161460029e-01
4.580350570986944092e-01
3.210954962714964722e-01
5.106328709110918851e-01
6.292941777242972989e-01
1.083375364623623938e+00
1.595672843278038044e+00
1.490318082550587064e+00
1.731746026027611407e+00
1.526174642964317485e+00
1.899203598926412440e+00
1.141839196786408550e+00
1.598119827058059883e-01
2.256656185226191269e-01
7.957253445372636236e-02
-3.099710839433686971e-01
-2.596496968637573843e-02
-2.030978409796091455e-01
-1.185399878894575210e-01
-5.181049424323145303e-01
-1.772106347360953293e-01
-6.126364912367368021e-01
-5.768117982644049846e-01
-3.453784556242176507e-01
-6.154825275472468604e-01
-6.393926060094017316e-01
-6.051947579068404082e-01
-7.009687214015478673e-01
-7.026556069079745726e-01
-7.244173213777678200e-01
-5.811682165661729016e-01
-8.415901473555500445e-01
-6.687601376216072424e-01
-8.322195878434293093e-01
-8.127404662174910754e-01
-8.410207214843836709e-01
-7.252573753990922967e-01
-8.158349010800023393e-01
-7.474560130099661137e-01
-6.388037178689174311e-01
-7.791715915901846756e-01
-5.546772738476803966e-01
-7.780922480553549292e-01
-6.707455106789232957e-01
-6.141630841794771811e-01
-8.632531562452072649e-01
-5.624504450023835034e-01
-7.089580552221406151e-01
-5.424594514067848650e-01
-7.034696483230575836e-01
-8.026150666467657402e-01
-5.166972964216185460e-01
-5.179494836880493835e-01
-6.234778516737833343e-01
-5.869888043609208239e-01
-1.351552013898640325e-01
4.440957156463483102e-01
7.679702504334073865e-02
-6.213526091617183056e-02
9.823243477306675686e-02
-1.817884903456388201e-01
-2.774911089438347744e-02
-1.840751283861621346e-01
-1.518060048048255339e-01
-3.646464535244007266e-01
-1.483537663695528863e-01
-4.052314692460257106e-01
-2.980946658137426653e-01
-2.724953462285952810e-01
-5.753020393783288000e-01
2.132947199529482418e-01
-6.481984141478065453e-01
-1.222887017112057606e-01
-2.852501327391365749e-01
-1.938042911788855349e-01
1.805494190917613651e-01
-1.512077982494659523e-01
2.788988742182354486e-01
2.903666712085524182e-01
3.690496993677783166e-01
2.921957247073265762e-01
4.567283493483387247e-01
9.772253040594733875e-01
1.113937383390435798e+00
6.819117778845864564e-01
3.973816118509176931e-01
3.452350006168174446e-01
5.337190511537954762e-01
4.726184203997121358e-01
5.358761589047631446e-01
5.835854008545240390e-01
3.907697170012767174e-01
5.633258223449644220e-01
5.477062747409107146e-01
6.350972218107386880e-01
9.812793325900202035e-01
7.740110439824192667e-01
1.222353622244948923e+00
1.236134216140847286e+00
1.344485887254318612e+00
1.176581118783790458e+00
1.381731533547615243e+00
8.588486171978182426e-01
4.264327074041460719e-01
1.835184232784463632e-01
2.495010166658317985e-01
-9.174346393569265956e-02
-5.205266855631371925e-01
-3.728315594098070562e-01
-1.534275310793873359e-01
-5.241598408562637701e-01
-3.483547472848371740e-01
-6.256415996178148475e-01
-7.548994284084749040e-01
-3.369523798169460349e-01
-5.997209369272660240e-01
-3.807976552751206611e-01
-5.761697793123552458e-01
-6.641825096918623217e-01
-5.955361621522570204e-01
-6.472116017667666199e-01
-2.417231214111161819e-01
-1.122990786352424664e-01
-1.769170421433443607e-01
-2.728669303060833329e-01
-5.211788768062781685e-01
-5.168212235569953350e-01
-5.293733722993785307e-01
-4.195457311057211314e-01
-5.673454192994853429e-01
-4.342244260173018233e-01
-7.070076159791156556e-01
-4.267749965089748798e-01
-7.228279073718937298e-01
-6.120761505593108609e-01
-5.435319717204336598e-01
-4.241632657141423124e-01
-7.191794386548409079e-01
-4.749571543038229038e-01
-7.869770119776831052e-01
-3.051454833223985474e-01
-4.995863154702107067e-01
-6.808777093457791807e-01
-6.899612866862554483e-01
-5.916244124395504400e-01
-6.172749732257969413e-01
-4.620045760359303699e-01
-3.886104366069957905e-01
-5.058048191750401656e-01
-2.226545904589301017e-01
1.383888521267166993e-01
2.122666799096606383e-01
4.197891656600205579e-01
4.553005355513874974e-01
-1.363502574468782313e-01
1.250092396660761551e+00
-1.733454881859444185e-01
3.111192975909844449e-01
3.555565011440577905e-01
2.546115484756654723e-01
2.974075002588705274e-01
-4.220113593508756367e-02
2.146417629656554027e-01
1.944563351733421541e-01
-4.102627375161205237e-03
-6.567104402112988737e-02
-8.738709636904928857e-02
7.041704430496764644e-02
-9.854266626047802902e-02
-1.158165876537964323e-01
-1.265622498076126590e-01
-2.994546925769725476e-02
-1.781219468446622045e-01
-1.222593318412776853e-01
3.396347958749998952e-01
5.041896042577320713e-02
1.052831665397633287e-01
3.783891133039389842e-01
-5.867579802207956163e-02
3.214066746354475868e-01
3.531120342867950512e-01
5.600300366493087267e-01
1.935395914427360253e-01
1.786848913893663848e-01
2.775216411711554088e-01
4.425421944838348054e-01
1.799411845035479018e-01
3.148239128441687740e-01
3.734431759271359397e-01
7.308686394645746986e-02
5.764262302491758305e-01
4.422303971959635760e-01
6.353149114089902127e-01
4.454771065679068442e-01
3.440090073913992796e-01
2.500535746781338275e-01
3.316723255679292492e-01
5.880776069875608414e-01
4.449505518302387941e-01
2.298149472838488805e-01
4.713068011609919949e-01
3.645917088045287358e-01
2.158236170668814680e-01
1.218148394537550416e-01
-2.831501443702038046e-01
3.391447176131947572e-01
-5.706003136691428779e-01
1.406855972704939006e-01
-3.492242850794902154e-01
-7.428405890030376213e-02
-2.601439304968664601e-01
-4.105126887868379981e-01
-6.138706099808359795e-01
-3.388951108129631962e-01
-3.976937106867666216e-01
-2.278424628017745590e-01
-4.730089504354921814e-01
-2.632945892813438604e-01
-4.276992971827695555e-01
-3.294573014265864686e-01
8.389778668220770896e-02
-3.491448576101348067e-01
-1.601834820231502476e-01
-1.474784318763795454e-01
8.346680552691054800e-04
-1.207122201838899400e-01
-1.349587545700288160e-01
-3.383271297590084714e-02
-3.154287348502364807e-01
-2.611781062492468664e-01
-1.017109962148055047e-01
-2.204116826192148437e-01
-4.250653394932868423e-02
-2.762680864584723395e-01
-1.299018820759272330e-01
-1.953016415762220959e-02
6.155641859724170217e-02
1.522420411976312948e-01
2.871677878619749436e-01
3.352558594358967525e-01
4.408136876057113795e-01
1.053294377140275628e+00
1.123394072281605816e+00
1.098957754196817405e+00
7.340432828234924045e-01
1.160424240381029648e+00
1.123456864899125662e+00
1.416287600413021153e+00
3.973780114623259863e-01
6.413029915755004140e-01
3.534321161498681363e-01
-1.886168608451583850e-01
-3.069708290389314698e-01
-7.138071922942579306e-01
-1.143839957986738654e+00
-9.464613733544879892e-01
-8.312574912513852610e-01
-6.029888919883177323e-01
-6.942115861873716653e-01
-4.666252601687972401e-01
-3.049090476888309809e-01
6.644689808693016175e-02
1.404170076859543315e-01
1.986406003622320782e-01
4.602637255063513066e-01
4.867781611702071132e-02
-2.470528811748096132e-02
6.116949748230169348e-01
2.250022248120586710e-02
4.532965390679066786e-02
1.077887872173377559e-01
-7.888339677374744952e-02
1.560360400290292660e-01
-9.881934159999872236e-02
-3.362009929450238133e-02
-4.187723130230125435e-01
1.117586187607308545e+00
-3.927844802749405062e-01
1.326938249029936401e-01
-6.398067811586116704e-01
6.756958383592603923e-02
-3.653087964236334528e-01
-3.679721268479099194e-01
-2.566080382736402044e-01
-3.634631708627367175e-01
-2.184014819058575085e-01
-1.576799846194489874e-01
2.966356514816226309e-02
2.827319760667634796e-01
3.365431531473674909e-01
4.787907965703794844e-01
1.399839512210231618e+00
1.157107740881009761e+00
1.234778004265827178e+00
-7.701703646116442314e-03
4.228978254212449883e-01
4.158424117183656676e-01
1.823504266988251743e-01
5.313518711382556603e-01
1.107310203365940993e-01
3.220416037536040221e-01
7.628990375577870964e-02
-6.427531483364745668e-02
-2.550549250177169824e-03
-1.791228953650154665e-01
1.033674218430427061e-01
-2.369279033568467696e-01
-9.765085808794538025e-02
-4.568116234806751663e-01
-4.532829543673173589e-01
-3.913387997709563138e-01
-6.901392231193241855e-01
-1.761437611163074735e-01
-6.976029796196918653e-01
-5.697540700005028214e-01
-4.449071754562652359e-01
-5.833468328698963035e-01
-5.488092275491851524e-01
-7.156748661754122054e-01
-4.349284563372322054e-01
-4.496426422904704623e-01
-1.611161049483342822e-01
1.727818694481939588e-01
2.357932396007385023e-01
8.211062837767570954e-01
1.340628242823399319e+00
1.655522560225687556e+00
1.694766522754502347e+00
1.812873353067889326e+00
1.929439500120498252e+00
1.967724032604014184e+00
2.008545102208369570e+00
2.626134811969869531e+00
2.867243357949503135e+00
2.883131603616762462e+00
2.747812025811365189e+00
2.666687081193817477e+00
2.212761464641339160e+00
1.468936927027494566e+00
1.421744759891743648e+00
1.507295791135842000e+00
5.749706664451711413e-01
3.647094462863067349e-02
-6.239266154429449953e-04
-6.478369519004670285e-09
9.105405313850761795e-09
1.599801348423730493e-05
1.359811389073456445e-03
5.599220989995611769e-04
-2.911800795557523136e-02
-3.270816010732727763e-01
-5.035498094192587537e-01
-4.880623621104145382e-01
-6.615650949820581772e-01
-7.742876269356888663e-01
-9.360172976318654747e-01
-1.026938195751118776e+00
-9.801751699624592362e-01
-9.377631755629174393e-01
-1.085921630464055987e+00
-9.941839972733177433e-01
-9.726680880984286404e-01
-1.062647891660681410e+00
-9.498060473030740525e-01
-1.268206707132293332e+00
-9.784486166334946944e-01
-1.091993082563442741e+00
-1.124364188094677530e+00
-1.125631786257262235e+00
-1.027195881327436666e+00
-1.092863916638915356e+00
-8.395998753561073613e-01
-1.415370402703025832e+00
-5.716484917414526024e-01
-1.207574682549658718e+00
-9.891144193804102258e-01
-3.862667475901524483e-01
-1.122531694164244698e+00
-1.138969068288453457e+00
-6.678549402841973404e-01
-7.070615455002062788e-01
-7.653421949344689779e-01
-9.708425092791692634e-01
-1.592913477852839321e+00
-5.999755409561942088e-01
-1.120118180840044886e+00
-5.738523705157376753e-01
-3.670036051365386243e-01
-1.800579862526276997e-01
-5.553207775354209730e-01
-3.496595549986523110e-01
-4.360164370883197194e-01
3.993534933475473281e-01
2.764364945995936296e-01
1.500088238247982986e-01
2.353998887382147132e-02
7.095568080570302527e-02
-4.511088734109591769e-02
5.675884146186405133e-02
-1.036619060319310393e-02
6.074945123135222502e-02
7.846853155925970214e-02
1.347327647639673387e-02
-8.625735355849428743e-03
-1.291257896554185436e-01
1.349700608653137124e-02
3.101526989532743528e-02
1.754279167879317924e-01
6.798694764655976996e-02
-3.941266272712340424e-02
-1.861826019474861482e-01
-3.897274236096848199e-02
6.726714106974895913e-04
3.175019293250613828e-02
-1.135670699783304372e-01
-2.067139059032285786e-02
-1.989084952321462652e-02
-8.565365332870555903e-03
-1.600454411387488562e-01
-8.953056461891861773e-02
-1.010216557603200727e-01
-2.673519996967854695e-01
-3.792413640189096213e-01
3.709022233319956285e-01
-3.628714133710815304e-01
-1.783452568088748080e-01
-1.471268042030615675e-01
-1.412203043167821193e-01
-1.655918964794267367e-02
-1.899399909604255754e-01
-2.538537197421106839e-01
-9.573414286353454372e-02
-3.604621662704516893e-01
-2.089974235378306844e-01
-2.553900718592032604e-01
-1.849670073159472850e-01
-5.094975266062320429e-01
-2.466288847728534961e-01
-4.276220816054348006e-01
-2.869575583371428706e-01
-5.276685039341586503e-01
-1.541425582782238735e-01
-3.476245846624195224e-01
-2.963628201989081390e-01
-3.074499189022716905e-01
-3.449807482323734575e-01
-3.412734352245720970e-01
-2.194367007014221826e-01
-4.274414111620146173e-01
-2.792529707884696677e-01
-6.795476429002462737e-01
2.411546022274890788e-01
-6.058090441731138753e-01
-3.408779457359258913e-01
-3.313104921968417216e-01
-1.838607427674503469e-01
-2.888951025396337968e-01
-2.772592707906085252e-01
-2.214897384889340515e-01
-2.432409538834434670e-01
-2.486196854085918062e-01
-4.306278355014612202e-01
-1.848137443625006426e-01
-2.458150010181014977e-02
2.424298916284897132e-01
1.319325202927998930e-01
2.720075926556404511e-01
4.531862376495041644e-01
1.600930094787003100e-01
6.673711113310503151e-01
9.332098832017976520e-01
1.115748473416580566e+00
8.569259166637550607e-01
1.937908683255642472e-01
7.365500193750733615e-01
2.613008361776607558e-01
8.681169727355353416e-01
1.386637199276556487e+00
1.785682239754770251e+00
1.963941829651524529e+00
2.273300189475250477e+00
2.385595899714676449e+00
2.483873358202039583e+00
9.598502926784391320e-01
3.213048008033219105e-01
1.379000445881608528e-01
5.459985154578888000e-01
-1.591018530211556481e-01
-1.183690084645817819e+00
2.658984377217166184e-01
-1.101972863197897112e+00
-1.394446928251369400e-01
-6.904969268800549287e-01
-3.682753538086025458e-01
-3.551896201556523636e-01
-6.584914460889343957e-01
-3.735305592401623187e-01
-2.640577764058740229e-01
-5.123127716968411960e-02
3.307030975416900276e-01
3.565985628263561580e-01
9.676300836689328833e-01
1.225774628758898643e+00
8.726275743432303500e-01
2.933016819529505881e-01
-6.948178906007740352e-03
3.609730575403631292e-01
7.618850343843774908e-02
-1.211736789397722447e+00
-4.164823781756155086e-02
-1.132220991467018933e+00
-2.615525351963299272e-04
-7.179443840966399648e-01
-5.703847923398797093e-01
-4.086141814809316486e-01
-5.498229517523753884e-01
-4.892606154334409041e-01
-5.454816883315984910e-01
-4.494063608499594409e-01
6.385685592534429134e-02
2.080740781599743627e-01
2.511190469998680896e-01
4.648660089188894062e-01
1.228359986757549649e+00
1.506348008223127977e+00
1.668925675639069794e+00
1.679815648768496317e+00
6.440959460010553528e-01
2.616409089945221922e-01
2.004829007066071256e-01
1.011014149661953354e+00
-8.806175700361222880e-01
-8.264428205168670161e-01
-6.967138665502403683e-02
-1.009833852134651266e+00
-1.993229817956105876e-01
-8.258923813793472846e-01
-2.425597530553922354e-01
-4.613726837778209244e-01
-5.991002045903286444e-01
-4.603587998233464873e-01
-5.877459573604610910e-01
-5.812543950686190897e-01
-7.984485521711413014e-01
-5.155886684504054074e-01
-8.300968704924400754e-01
-2.152663999046069421e-01
-7.895243138839020958e-01
-4.297313281494226089e-01
-4.342467915003780377e-01
-5.666978914095182063e-01
-7.521059217811085773e-01
-3.949263634515034482e-01
-5.937204548434067419e-01
-4.080527742815007741e-01
-3.932006410379997874e-01
-4.622518040778231807e-01
-5.563733955636465112e-01
-5.410625442913499228e-01
-3.407754779714409210e-01
-5.917329708855589843e-01
-2.576509915660381012e-01
9.185586533603640191e-02
-2.043070978160699269e-03
8.348815950577659351e-02
1.036666595618740416e-01
4.959880030361318859e-02
3.349343130273041425e-01
3.694194062846847260e-01
6.387930374631878294e-02
6.031101505899769677e-01
3.381597658585846489e-01
1.404102202145125489e-01
2.514516774741437644e-01
3.435432713633659318e-01
3.654350745412457968e-01
3.126465149858503878e-01
3.164478473674563475e-01
8.735091825290197676e-01
8.746618878744740755e-01
1.151305808480415749e+00
8.568779247422000367e-01
1.197692446079802409e+00
1.162167017490506993e+00
1.127680085464525916e+00
1.067279807077873954e+00
1.385731684189980939e+00
8.894190813362712333e-01
5.043713161254714805e-01
1.485632929860329909e-01
4.753327051793583280e-01
4.103432654637799715e-01
3.606233561536242860e-02
3.716719402183095156e-01
1.570938814385662852e-01
6.350044678309849644e-01
1.044671085198164207e+00
9.398548453287851601e-01
5.599607104756074705e-01
2.523698626314399007e-01
2.499029656913052122e-01
3.629995602264024512e-01
1.412028886469798294e-01
1.300374500558838520e-01
9.836803687235828875e-02
2.615268276881046461e-01
-7.886319525318086221e-02
-5.071148986263551706e-02
-2.804063447212072901e-01
-1.567409581801868512e-01
-6.502063150163870375e-01
-3.517623912553027310e-01
-6.473733732910886829e-01
-8.233762921152347758e-01
-8.023951285022015156e-01
-8.544111642617480129e-01
-8.106328535631135424e-01
-9.212251280824048649e-01
-8.632394131806258031e-01
-7.732646511878336071e-01
-9.601905898550278096e-01
-5.919851697423865744e-01
-9.178795828645647248e-01
-8.065303204852511954e-01
-7.362448942928239148e-01
-8.011143150771395938e-01
-8.339403883041995869e-01
-5.481542141334969642e-01
-8.175739579764851328e-01
-7.631258249696131202e-01
-8.132441991267640446e-01
-5.473728336339291900e-01
-5.368265741841113936e-01
-5.825142293232090651e-01
-6.127904507377479604e-02
-4.866159168066275242e-02
-2.388475409961330342e-01
-6.777280063751334183e-03
-2.003811998863724853e-01
4.551508500255607714e-02
-1.587578342198554537e-01
-7.833404677965916107e-02
-2.844111009608525364e-01
1.912793663875262951e-01
-3.557740450651536435e-01
-9.722443185964380064e-03
-2.083884585126654088e-01
6.613486695702164297e-02
-3.978446184939627983e-01
3.353207660395511880e-01
-2.972812928406227684e-01
-2.428695647281386982e-02
-5.476475079568388082e-02
2.734926816091132196e-02
8.154660631522148151e-02
4.845118047503191860e-01
3.701098226373815692e-01
2.600312151163848284e-01
3.859417548676447041e-01
2.141537112697591283e-01
2.507857935005901595e-01
1.379120010020784548e-01
-7.773551976598014335e-02
-1.711812040447497907e-01
2.541596889562427464e-01
-4.072073870527503914e-02
-2.257420429997196720e-01
6.177167766914237745e-03
-9.684750513720672416e-01
-7.459046772797250924e-02
-3.747699982899703741e-01
-2.262323922194724446e-01
-6.307798107051425518e-01
-2.801606694750162774e-01
-4.850560670799879404e-01
-1.998657609943705893e-01
-5.018411812898619928e-01
-2.003467886726184588e-01
-4.206679629954450661e-01
-5.803139800689223193e-01
2.708639208412151334e-01
-4.693159222756193572e-01
-3.322114795040249646e-01
-3.517905798797471562e-01
-5.013528847061010651e-01
-9.470322974667766402e-02
9.813597990212485911e-02
2.051208104704898005e-01
1.817857109763494350e-01
3.481675432083761734e-01
2.675891376771346586e-01
3.545741845826952954e-01
5.184429843839737373e-01
4.403351801753814243e-01
3.592097954976125607e-01
4.865499231347740761e-01
1.292289273033446761e-01
7.119851171988642591e-01
-5.424959776296134351e-02
3.902744905157078392e-01
1.951432241980626259e-01
2.983704862710041539e-01
1.278951272949697682e-01
1.948697249417890021e-01
8.287303309624149961e-02
2.643891600946446374e-01
-3.504120458652195680e-01
6.955935794123035976e-02
-1.584697261931751200e-01
3.691429930847007768e-01
-4.253397175453912382e-01
1.350809825399892361e-01
-4.163296083419254501e-04
2.084700662215652756e-01
1.086122995245943912e-01
2.028012047021192643e-01
1.622596483208411655e-01
2.773693793359726101e-01
2.826342899323606161e-01
2.023915572342858127e-01
1.103622293637940288e-01
7.023287016937089788e-01
-3.596829738468301230e-01
1.161184154205585628e-02
-6.450415731259582230e-01
3.170105156718960870e-01
-4.244471905314171067e-01
5.758902063438853247e-02
-4.836103733872221255e-02
4.447290374422152581e-02
4.012079924658067398e-01
3.417121405639562681e-01
4.522793738053181301e-01
7.968036697684439673e-01
1.108854747449186107e+00
9.963306945122667457e-01
1.181722561883560729e+00
1.250212072572960409e+00
1.036371561373041317e+00
2.124171137361230421e-01
3.136677559358886924e-01
9.319783599507189820e-01
-1.908726326446164023e-01
-4.379466640072706696e-01
-5.268024210509807403e-01
-2.156855815030631618e-01
-2.668752104478357978e-01
-3.961262771843863106e-01
-3.384231500467045350e-01
-5.627216156641594580e-01
-1.567725362975025405e-01
-5.516304791216732895e-01
-1.868930927671463849e-01
-5.887500897472683903e-01
-3.995735557225117418e-01
-2.813909811717749676e-01
-4.786392333049320769e-01
-3.192811515729019334e-01
-2.509877417774220021e-02
-3.142554482815356209e-01
8.320323593174805410e-02
-1.163686637680996228e-01
-1.836789201727384579e-02
4.837955309930208614e-01
3.445109658544254216e-02
6.616872121254289141e-01
3.465671514826880184e-01
1.081836964278092950e+00
-2.606726966305963344e-01
-4.857194474356987257e-01
-1.378965901056901089e-01
-5.573770760986249684e-01
7.702873753326144879e-02
-5.159502740993033854e-01
-1.772269508762818191e-01
-3.113058889318693900e-01
-3.707903902194757961e-01
-3.173052659657855656e-01
-9.793402866843337051e-02
-2.181759563652576617e-01
-2.442457813722995752e-01
-3.701407184937295369e-01
-1.257138306144938156e-01
-1.597743166860325914e-01
-1.763234221981804239e-01
-3.384279741781170969e-02
8.319216781713123510e-02
2.620028118144261953e-01
1.002134048388398924e-01
1.664907899046355055e-01
6.564919014446957135e-02
-8.595017809851412949e-02
3.902517982306079602e-01
-1.234731347977842120e-01
1.172849341535979306e+00
-4.010685175988939477e-01
-8.096332536403778590e-01
-2.554910565976555858e-01
6.533204890246935292e-02
-1.652642593234006085e-01
-3.908214966348211306e-01
8.674442770098522715e-02
-1.791432880992260834e-01
-1.320411564986940789e-01
-5.084608338539808869e-01
2.217919609082528609e+00
-5.666512811485944212e-01
4.900661322211732340e-01
4.827084475130618557e-01
4.660647473603773960e-01
5.452435791648966301e-01
4.392681272813945270e-01
4.281858388330519460e-01
4.820624011050966828e-02
-2.492582408994792331e-02
-7.610533577012290607e-02
1.778029449407405593e-01
2.971743217289883887e-01
-3.193897585217797541e-02
3.660657509982279123e-01
5.716812570289953044e-01
3.105774593667831596e-01
2.855958819052339948e-01
3.119135008219302563e-01
3.818849907061725446e-01
3.727309621998955436e-01
3.788282074362818719e-01
4.317384860571706895e-01
4.604528506257921094e-01
3.126909735987872807e-01
6.816069750593527488e-01
5.722600125404397886e-02
-1.840816281637813745e-01
-4.152608716289734048e-01
-6.742693439500868635e-02
1.452389428740907817e-01
-7.194945766951832411e-02
7.961615420907008911e-03
-9.588600232000388246e-02
8.608138504530415958e-02
-1.081823550340388351e-02
-2.650986987969972120e-02
9.949189427897664473e-02
-2.066169643177246940e-01
-3.450480633324914947e-02
-6.128957964060433028e-02
-1.055461439655402955e-02
3.932023534331818837e-02
-4.790446153644012384e-02
6.007236119319117051e-01
-5.252707930291613536e-01
-5.361476721965274805e-01
-5.613983014229013691e-01
-2.871854439263508141e-01
-1.856612562276005463e-01
-1.585570264457949463e-01
-2.148795781615362444e-01
-2.016454119304960102e-01
-2.570331138680366223e-01
-1.916893010265248165e-01
-4.312234336757931885e-01
-2.228642042859299011e-01
-3.226805577370548406e-01
-1.516838105653306457e-01
-2.661574504125567842e-01
-2.399106712175580469e-02
-1.540845010558626882e-01
4.776815201772564023e-01
3.260078279065616869e-01
3.797560580995344992e-01
5.137404997984305055e-01
4.372484857841136829e-01
8.020140622428719723e-01
8.092276489625902514e-01
3.217911582020853700e-01
3.865986944055315178e-01
7.805155545720516841e-01
7.937633825301837476e-01
7.825652705846408708e-01
1.554669338199801132e-01
2.150513082841243317e-01
5.199219367480303333e-01
9.320055996573195500e-01
9.137621862796336814e-01
4.715963217167562505e-01
5.315836962826097079e-01
1.015974690705185424e+00
1.189445388856221086e+00
1.162974534060268184e+00
7.432969007394554239e-01
4.409398360055654109e-01
7.352684270912099862e-01
7.071786267241488844e-01
4.079265432312784156e-01
1.816636498611323702e-01
3.114834049687082995e-01
2.737187524528490457e-01
2.419076618653122068e-01
2.480265344832357499e-01
1.847468162082215315e-01
3.617556815941647130e-02
-1.391866774117396233e-01
-8.910043516353027826e-02
-1.963018227675217275e-01
-1.599542058278000667e-01
-1.562092647832447057e-01
-3.253508962817512895e-01
2.953666665971077521e-02
-3.828962757289851027e-01
-8.234080269311760958e-02
-4.558521113186007057e-01
-2.698849145697739260e-01
-3.838564808534297157e-01
-5.036447834627324482e-01
-4.521839475850768508e-01
-5.598182481078630701e-01
-6.790681078919504898e-01
-8.689983850429463530e-01
-5.687920838343778485e-01
-1.072781175244603702e+00
-7.444609030401601046e-01
-5.177532285302604009e-01
-7.990309587872701513e-01
-1.047600797829517205e+00
-1.221026880678330429e+00
-7.289235414469068530e-01
-8.893420558901361517e-01
-6.417267626955514004e-01
-9.133772714764454292e-01
-7.981504361865354724e-01
-7.834089591518349494e-01
-7.746788934737658394e-01
-6.244684288270221373e-01
-7.457291368836465040e-01
-8.111143179491975275e-01
-6.614152567439290920e-01
-8.877883380921147705e-01
-5.404532826279435653e-01
-6.651782492912445832e-01
-4.494827436854720304e-01
-5.870493649485766241e-01
-5.838650310507489394e-01
-1.225014184620647484e-01
-2.836600788967800213e-01
1.961539680175050648e-01
2.599700452290889530e-01
1.654390859685292980e-01
5.517551395212976217e-01
8.889062264702545235e-01
1.017806973914815671e+00
1.014419337268662957e+00
9.001636237078969316e-01
7.211936569612404924e-01
1.095499294084024910e+00
4.473916213350506155e-01
3.694852401795571950e-01
3.817620204986766907e-01
-4.150337144907467746e-02
7.903272052820256022e-01
-7.629780293381109857e-01
-7.307949592233597969e-02
-6.107799393134740740e-01
-8.356930801690154453e-02
7.548357523953796999e-02
-4.146287033874820338e-01
-1.555822842820973051e-01
-3.688354469025370008e-01
-2.239556818151129391e-01
-2.674206567039014715e-01
-3.639240723994987547e-01
-3.216498508443486060e-01
-3.265773382313881257e-01
-3.760409638275703514e-01
5.494917366676688175e-01
-9.387758148790652513e-01
4.265393426386836495e-01
-5.726610568994274786e-01
9.615087870638490131e-01
1.252434367957775407e-01
7.651327218396559715e-01
1.553736679927038011e+00
1.438193857963710798e+00
1.741723483695782448e+00
-4.648392826837195457e-01
8.890525392646324576e-01
-4.543224294344838654e-01
2.019430597926863413e-01
-8.355359391183370121e-02
3.382535882894543988e-02
-1.344939112057019770e-02
3.401085592791410761e-01
-2.112000604094426137e-01
5.085337212321405786e-03
-3.947384378821894302e-02
8.648904594080875086e-02
3.655787170245012874e-01
1.408603153219658566e-01
-1.489541444290800598e-01
-1.522958877795019816e-01
-2.981534589607619523e-01
-4.627865121661685066e-01
-6.625446011394586776e-02
-5.934215798213777759e-01
-2.102935444485467542e-01
-6.376582490896502975e-01
-4.749619681275021321e-01
-3.679214413032951825e-01
-5.827136890928379387e-01
-8.456569155957538442e-02
-1.503780999758745907e-01
4.354636875871200630e-01
6.691023486893890038e-01
1.313150403970528401e+00
4.340542206772468603e-01
2.671328405955719631e-02
2.824291416650233089e-01
-1.258603261794988271e-02
-7.207890539511367933e-01
-1.777278588767181589e-01
-5.798302229279990172e-01
-3.625643967659009093e-01
-8.293859389131164050e-01
-4.542165404575797538e-01
-7.786741244819026520e-01
-6.126803654135706267e-01
-6.237510391968363876e-01
-5.236834868690820599e-01
-1.038941652770610347e+00
-1.840870622659380729e-01
-1.154325859792265874e+00
-4.468658243077001657e-01
-7.388408053060544489e-01
-7.015012959462438857e-01
-6.152412896356267424e-01
-6.563717747526567337e-01
-5.645697012162145256e-01
-4.409671993454722383e-01
-4.114295721049430199e-01
-1.837697250832306395e-01
-1.470017844256759076e-01
3.071913985312804130e-01
1.595532071559730980e-01
1.332058530764257398e-01
7.461110331710330001e-02
-3.521891288305312173e-02
3.537629907211936597e-02
1.370460661782146872e-02
-1.854480956320827545e-01
-1.502492597888505088e-02
-8.716073361932785701e-02
-1.726784282477566990e-01
-2.372691937566457909e-01
-1.959786322333982866e-01
-2.557918383576662791e-02
-1.366567116446404384e-01
-2.334001031320980246e-01
-1.050646752176476184e-02
-1.343055205177279277e-02
1.795349713273850512e-01
2.068570489347720809e-01
2.016187399824787008e-03
6.134747445835841972e-02
1.086046955393840108e-01
1.617917984653658436e-01
4.326353344944777746e-02
8.716428503147710671e-02
1.504609307154183284e-01
1.009683467176429872e-01
3.760786514840290806e-01
8.066016556750810196e-02
3.137343723529895101e-01
1.662527904214812224e-01
2.646439078628972652e-01
4.995884486783026546e-01
1.078985014564054268e+00
1.185528128700781281e+00
1.330767781368294322e+00
1.169594107246716419e+00
1.629335609606364699e+00
1.652769250091385089e+00
1.714109964377037443e+00
1.043622703077442537e+00
1.308885899562177713e-01
1.524931525052153347e-01
4.352245299068968620e-02
8.254575699703323721e-01
-8.795572844795600531e-01
-6.535126681021772299e-01
-3.868008759749521630e-01
-6.354036888224356971e-01
-2.631577369462547722e-01
-7.506737226998261292e-01
-4.262590518462339162e-01
-5.228230350532179216e-01
-4.363757361843525473e-01
-5.671234237658744348e-01
-5.517008076143419260e-01
-4.760457939000026784e-01
-5.340165790044437699e-01
-6.497640982981707225e-01
-6.352996279418690051e-01
-6.502692483473708762e-01
-4.827963353009536718e-01
-7.408865100586794483e-01
-5.532952962078283576e-01
-6.044258611114656787e-01
-5.178478438406699524e-01
-9.919081567961356427e-01
5.444498814035299006e-01
-1.091894322722318122e+00
-5.160281827895047968e-01
-6.156525800814804938e-01
-1.266508799462826573e-01
1.696935019218699381e-01
-1.542711600602402200e-01
2.696529074728104547e-01
7.336448795442862547e-02
9.692215632247780377e-02
1.001081249327029354e-02
2.042716248033826787e-02
-6.994417444993672461e-02
1.291120291057197278e-01
-1.652069125511843595e-01
1.777932367666323898e-02
-1.974283045765972133e-01
-7.887431812413581156e-03
-2.565870474379252641e-01
2.791633552718479905e-01
-1.291620912627635676e-01
-6.521867586790364157e-02
7.834289088425094860e-02
-1.639153384405034330e-02
-2.921100824938775986e-01
2.251446051139893711e-01
8.529385887712237491e-04
-5.223729663720177996e-02
-1.689774969215420697e-01
1.091142518528371852e-01
-2.990007538801080500e-01
-4.273859259339900518e-01
2.839180875040412388e-01
-1.395077122818548787e-01
1.509941640092549164e-01
-1.248491805860751924e-01
-9.815198495473964613e-03
3.158291455959272298e-01
2.429874099792783682e-01
1.403667411842022261e-01
3.168301056102578173e-01
3.152185804186373730e-01
5.565072515062325920e-01
5.788914622626109008e-01
7.082633856870614864e-01
5.265273988239300706e-01
2.822005597013372835e-01
5.076784632465560776e-01
4.623900883942866358e-01
2.608398091300045962e-01
1.806446583432688158e-01
3.391734436970423872e-01
3.235024756232647292e-01
3.528424923613897590e-01
2.430972883009658858e-01
2.782140248151065975e-01
2.589775458846546030e-01
6.307804109149799388e-01
8.479549631224116979e-01
2.485807966974856953e+00
1.200358762854634165e+00
8.932859992955819450e-01
2.822687746572647427e-01
7.101126209587071969e-01
3.862283669787309748e-01
2.745161214789000326e-01
2.744734714279672971e-01
6.225653560478292547e-01
-1.053888271843451463e+00
4.329172242739645071e-01
-6.536265491363408842e-01
-2.282688034617308404e-01
-5.744311407627371580e-01
-5.743335955715949126e-01
-7.782479348744537617e-01
-6.778691992045864367e-01
-5.718625217391561932e-01
-8.127542269108367634e-01
-6.161347086894046754e-01
-8.082754800207005985e-01
-8.013095067582369779e-01
-8.923790688358863576e-01
-7.302772760325595414e-01
-6.780453584213290696e-01
-7.841112266853969004e-01
-4.043219739875354435e-01
-7.486686207272512661e-01
-6.463325657377438915e-01
-7.660402787050983875e-01
-6.860970668630628211e-01
-4.713652587557035645e-01
-5.279141189824372304e-01
-5.799254096134944803e-01
-5.019290624983625548e-01
-4.474377935975368814e-01
-6.858143535124838763e-01
-3.761445568544985463e-01
-2.092986742502418451e-01
-8.278873112193707584e-02
1.152860946333689185e-01
3.523081293061309793e-01
2.390659729397484057e-01
3.422406722893782671e-01
3.464396335513058034e-01
2.150820118034246775e-01
9.224594756874893164e-02
2.669787249327981726e-02
2.189490914843403857e-01
2.364967674578863921e-01
2.896684205401029999e-01
2.966034208328807154e-01
3.620600021491355847e-01
4.104195441804705524e-01
8.449506383293439171e-01
1.414249956819006115e+00
1.225128967494654830e+00
1.132235512903186248e+00
2.011012652010222723e+00
1.318060362082043468e+00
1.012306725064128443e+00
4.016676503914808904e-01
3.945683258607068922e-01
3.445571567484932984e-01
-3.772041579565659219e-01
5.717249911540065455e-01
-2.123949507551223803e-01
1.330869081909931140e-01
-1.463307763957999441e-01
-3.958524942540506686e-01
4.836220826514647797e-02
-3.880675941397697670e-01
-3.341998281859765996e-01
-2.499925545924774895e-01
-1.070288723631129812e-01
-3.208541645702247536e-01
-8.383063823086089883e-02
-1.805585880582682989e-01
-5.667236373492912094e-02
5.411268440790450995e-02
-2.872774326392857347e-02
4.308924380709910906e-02
1.265444599870804154e-01
1.848787609333726323e-01
2.404897224486219898e-01
-1.326284337593044427e-01
-6.685816325368421076e-02
6.194537685523329174e-01
-4.787905664043030640e-01
-5.335715847175102056e-01
-5.476234674984112871e-01
-6.653786787900983768e-01
5.051703182260780522e-03
-6.917538677193846297e-01
-3.923597168936368007e-01
-4.149160779833707124e-01
-5.947683512852179888e-01
-4.605140920995651754e-01
-5.085196867023000777e-01
-5.323013509284919564e-01
-4.667244517713911023e-01
-6.358274266882091297e-01
-2.131000714397828233e-01
-6.213710528467544236e-01
-3.117097369646799621e-01
-6.000500818259055791e-01
-3.375830682628659929e-01
-4.255535424276288836e-01
-3.448137227841812091e-01
-5.602721530144023632e-01
-2.096312910560698128e-01
-1.563261216176883295e-01
-2.521321574166321966e-01
-6.820341451644651443e-01
4.846058793362360007e-01
-2.477213834619576005e-01
-3.141247655342667144e-01
-3.561638858938636076e-01
-9.719838843358274971e-02
-1.656190961195562750e-01
-7.571840698063425634e-02
-1.277306382934284557e-01
1.377258285698417239e-01
1.092698112574979064e-01
4.490771625812612911e-01
5.758916137543081959e-01
1.213788749572721315e+00
1.491608893721071638e+00
1.406539112212257692e+00
1.966563910785097846e+00
1.357720172220545862e+00
1.358598843766998243e+00
1.286878942279543026e+00
1.185249120244083798e+00
1.152402024006015324e+00
6.078770294987734246e-01
4.299219471734332387e-01
2.647686955558370414e-02
3.463444448959016597e-01
5.357769266048038048e-01
3.567387170011322439e-01
-7.606670900516263600e-01
-1.837145550705798769e-01
-6.685000289287934550e-01
1.188052175818370415e-01
-6.116326481330780496e-01
1.508531816288432026e-01
-2.578928438302625636e-01
2.942071274441389050e-01
-8.139946049243462767e-01
7.693609835297046118e-01
-6.517884483088387526e-01
1.125805457981989832e-01
-4.524498144663873234e-01
6.414796120830104087e-01
-5.891067045543358915e-01
-2.282842614699980288e-01
-5.774329469055068387e-01
4.971822305043360757e-02
-4.775778902585798846e-01
-5.210059477364765712e-01
-4.326182230933781625e-01
-4.823429131576375539e-01
-4.500994072992128281e-01
-4.301474059788858995e-01
-4.932422309000159544e-01
-2.639090074067667047e-01
-3.796101619395955140e-01
-4.637636253674202180e-01
-3.014527018827450888e-01
-3.537931852635551877e-01
-2.217175687334531631e-01
-3.577838695717687756e-01
-3.488665505647148279e-01
-6.321403480264535801e-01
2.982866652360343096e-01
-6.742102239195730817e-01
-2.598785828476977144e-01
-2.886799661635706116e-01
-3.892914598685166538e-01
-2.199015097318408607e-01
-5.061237050193625464e-01
-4.177606737467698395e-01
-1.021036115405991040e-01
1.344543379710216868e-02
-1.431434564995939240e-01
-6.200893645790017672e-02
1.519110827647267570e-01
2.905122669397144364e-01
1.950860308432069701e-01
2.534913884475429313e-01
2.529843909749232012e-01
1.838736377771539310e-01
3.104313957933655388e-01
2.275904248960003429e-01
2.187163375565432943e-01
1.476735093025709489e-01
1.219875780853172387e-01
6.970084255613073765e-04
1.566626446499626013e-01
-1.743315219889538525e-01
-4.033058020775115438e-02
-1.123001222016100087e-01
-1.535923482505126003e-01
-1.467762129361531720e-01
-3.013203025872144281e-01
-2.070355002308019721e-01
-5.144237863869633998e-01
1.367928927055430677e-01
-4.385526862705475537e-01
-3.851201353309363640e-01
-1.035342958121034940e-01
-5.017656156913403720e-01
-1.933421394117615932e-01
-2.530153755790465198e-01
-3.274672158419207335e-01
-1.219684768292026433e-01
-4.394284674405142255e-01
-3.177830515044277604e-01
-3.252470730216501238e-01
-1.071553335974044785e-01
-5.099293677395593249e-01
-2.090344680528488652e-01
-6.701217572447788484e-01
2.711825566396868226e-01
-6.568954804815945181e-01
-2.529614376368698458e-01
1.617344449704916087e-01
3.014885351248537404e-01
3.803750586464005323e-01
3.071050621731004071e-01
2.771715246141823741e-01
2.942614630363351580e-01
3.684240140177692524e-01
2.975571232226101870e-01
2.068304553451838501e-01
3.912175874899546102e-01
3.542902950483366453e-01
2.252799439054271602e-01
3.500980184565634090e-01
3.320164985728055740e-01
2.563256230886494791e-01
3.545104466510053953e-01
1.944298680771296972e-01
6.249383594104287454e-01
5.772218147114216436e-02
2.642075660599516596e-01
3.883580503578869525e-01
3.018134422144669315e-01
2.926366356409602076e-01
3.368715231094796536e-01
4.227160857288581042e-01
7.162874783192876293e-01
1.159055999572494500e+00
1.004876563901341058e+00
1.000705849383670909e+00
1.354655491402045442e+00
1.669058742261565698e+00
1.638057029079106997e+00
1.846379530482600728e+00
2.113290457564591662e+00
1.251548133233313820e+00
1.476625041325082321e+00
2.680301528039130687e-01
-2.575019695674143350e-01
5.907700763989787163e-01
-1.470919393166241207e-01
2.528623351668741748e-01
1.852455725491353178e-01
-3.488397175150481644e-03
2.144196792708292776e-01
-9.159849577322631831e-03
2.338883914708418388e-01
-1.971240884046210340e-02
5.063436383148918196e-01
7.222944045970081106e-02
2.769350849012575111e-01
4.444390257359671637e-01
2.734292206266388803e-01
3.807446502710618574e-01
3.160994268464563106e-01
2.247663888280371225e-02
2.627352628407564339e-02
-2.211024833743024942e-01
-3.020688136876046315e-01
-5.516659470310365521e-01
-3.746463062031928359e-01
-5.319178938316326821e-01
-6.522881693775453016e-01
-3.733841430193081123e-01
3.881910423967838142e-02
-9.672276835874420442e-01
-1.214135196134421335e+00
-8.503204262917627432e-01
-9.238868770777557415e-01
-4.367019983944793182e-01
-9.409816545868956439e-01
-5.531607127161457527e-01
-7.841142975144990146e-01
-8.244135215039065656e-01
-6.868208225464194072e-01
-7.877576749469739070e-01
-7.328010150288193358e-01
-1.101934976762077412e+00
1.446118979630846013e-01
-1.424711454174474312e+00
-3.426178265790795763e-01
-8.949038792316130753e-01
-5.243582635864854069e-01
-8.543447058381445913e-01
-5.273889848921200496e-01
-7.236000692764505970e-01
-5.445904602867557287e-01
-7.701132350660628845e-01
-5.975003800739528970e-01
-4.628888651679901045e-01
-6.442429654507293435e-01
3.164512443620850490e-01
3.673645614829510464e-01
9.578252866875658356e-02
1.106185656706983877e-01
-3.952067690659077925e-02
1.991544212445006679e-02
-1.632389300690988421e-01
-1.272867428853103888e-01
-2.345591675490155126e-01
-4.288872816718409808e-01
-2.790023741330003304e-01
-2.491654833442353834e-01
-3.838716650978142297e-01
-2.089596949740482046e-01
-4.265919473104133885e-01
-1.580535364312680713e-01
-3.994282749138875488e-01
-2.206659391330063613e-01
-3.103271545808254928e-01
-5.032706692068629195e-01
1.617484301201841390e-01
-6.611021996363319886e-01
-1.751737728407434247e-01
-4.941662992029378643e-01
1.719414949631428158e-01
-6.092416357073986433e-01
-1.918170906393328323e-01
-3.591844596322459893e-01
-1.370013076220359949e-01
-3.073527993370746003e-01
-3.339163478803470753e-01
-2.450169290289849755e-01
3.197078886675583931e-01
1.617380208550613929e-01
4.339080214875963293e-01
3.012356821386674710e-01
3.478566954102362274e-01
7.540851166353306212e-01
8.038328749235432724e-01
8.233152312817679785e-01
1.073740338375849035e+00
7.150735278843569631e-01
1.263920540966275041e+00
1.373515922019251434e+00
1.136766195630002585e+00
5.732432601838084452e-01
7.521390522947868362e-01
8.704016599830808332e-01
1.092110996880201412e+00
3.422335772594067294e-01
2.094622964569836654e-01
4.265958963169964591e-01
5.520789086005351010e-02
8.969777818653525969e-01
5.371523192478306896e-01
1.126975573511614925e+00
1.104235629497491544e+00
1.298293176741648125e+00
8.449760480892010150e-01
3.473235020353726554e-01
4.173994251698118774e-01
3.766869112068320646e-01
3.402711934307731667e-01
4.892348496670102520e-01
2.081310437853005624e-01
2.737291862172099854e-01
8.586886607843879915e-02
7.818193417373109355e-02
-4.309013028021126956e-01
8.301070021880505578e-01
-4.249230289097631896e-01
-7.970073926230014649e-02
-5.958475425128142433e-01
-3.381404007472532669e-01
-5.855204663134259135e-01
-1.326413265776267281e-01
-5.828365214313961928e-01
-7.377391151761543142e-01
-1.864634758980798779e-01
-8.338728918206541607e-01
-2.741258922449176794e-01
-4.812685103089968663e-01
-4.664385029403668170e-01
-4.235854312698030810e-01
-4.408008030926637844e-01
-4.389476578897877346e-01
-2.952686964544533055e-01
1.528308046590041158e-01
3.347277961981056649e-01
2.607042265364860611e-01
2.178356465987540957e-01
5.103638561547789720e-01
6.420875654829600876e-01
7.729935065868289712e-01
1.096280566292652026e+00
1.014825578675399242e+00
1.217636360163016462e+00
1.053179080539074164e+00
1.225127261875794460e+00
1.052415648773806112e+00
1.098484838380485940e+00
8.774495917406248680e-01
9.704426845598099760e-01
4.620968150223845328e-01
1.509824903702536858e-01
5.426509016145644182e-01
9.347513648062744096e-02
4.914218253579250018e-02
1.636146047682238702e-01
-2.874959581864722225e-01
-1.035866259996645056e-01
-6.232546775806113715e-01
-3.326007588170796225e-01
-5.452853685916423387e-01
-7.502489967730880949e-01
-6.983132112983412298e-01
-5.406714384358650705e-01
-5.670571213447423986e-01
-6.173398660195381638e-01
-5.672475994665440169e-01
-7.383447716639501834e-01
-7.040102035592603613e-01
-7.197816281201703248e-01
-6.691314842934801277e-01
-5.797593605628179603e-01
-6.303065642717449180e-01
-8.643672029697668791e-02
-4.865532755378154661e-01
-8.186851838207900300e-01
-6.258010526998596390e-01
-7.051898149825568396e-01
-2.560072050720627601e-01
-4.771121275064764689e-01
-8.430962521881468774e-03
1.336374209501016708e-01
1.831837532489970499e-01
1.864942344804525476e-01
1.176240013205926971e-01
2.036926123717535120e-01
2.665382673891052434e-01
2.853531959987876121e-02
1.447343951355115621e-01
4.205982149529248204e-01
-7.345261342923237180e-03
5.360709888710104565e-01
4.805243408283708106e-01
-6.666370934344705290e-01
4.653266478604081158e-01
-4.468313263234122701e-01
7.214864814126897841e-02
-8.786720563498704450e-01
3.618608803256151418e-02
-5.553093105353426040e-01
-5.910941155569773287e-01
-4.436275519347461227e-01
-5.147055269587568205e-01
-5.271784547719917668e-01
-3.805045206050294837e-01
-7.127621772259828958e-01
7.979107067735924375e-02
-1.025416065995628401e+00
-1.940544525336065362e-01
-2.593025388430660882e-01
-5.119615834531643372e-01
-4.119311975474246879e-01
-1.319058812434619199e-01
-7.566412407924261174e-01
-2.687251779082018288e-01
-5.439276092525560102e-01
9.561704126696213280e-03
-6.906487753281709274e-02
-2.480413780748378372e-01
-1.150223842316790979e-01
-2.282529359832423665e-01
1.390441857793689451e-03
9.592741244264146872e-02
2.495464074896531770e-01
4.397165010156385279e-01
4.025449992965590695e-01
3.821077262985994594e-01
3.370428599352663923e-01
3.496295689623138969e-01
1.760849175491188134e-01
8.702176660251836893e-02
3.836130292286128451e-01
2.300500649085321925e-01
2.208870015479291737e-01
1.152724341224526938e-01
-9.864114275738131710e-01
2.029411970336795434e+00
-1.353487170642878823e+00
4.514314108377206480e-01
-7.869326656803110609e-02
1.630370744297948704e-02
1.591750781241429991e-01
6.438859743662561641e-02
1.260565022729025486e-01
4.262725822864155134e-02
1.138719711494431408e-01
1.753054072112831818e-01
2.166531955388464326e-01
3.229951133084369985e-01
3.794640333649184072e-01
3.901785337863756808e-01
5.624024863602592461e-01
3.139895425775840465e-01
4.012567751191795651e-01
4.780091911779180691e-01
4.636860709976957651e-01
4.186614540728150757e-01
6.039970175029374388e-01
3.116137631702819988e-01
3.528580457520895663e-01
2.216261619845845132e-01
2.210489794490726467e-01
-5.470893325502856896e-02
1.180817490303667228e-01
7.167458634358325753e-02
-4.566574618075947001e-02
8.582451286952874625e-02
2.915851028511262655e-01
2.276319941273392544e-01
3.990442683249355582e-01
2.350875987424778657e-01
5.750602352205795853e-01
1.157521397112692085e+00
1.139598062930822664e+00
1.308396727784185032e+00
1.005606928951600310e+00
1.275527386790106021e+00
1.282221577125024936e+00
1.628028200564738626e+00
1.305783009516497728e+00
3.836761387487097608e-01
2.765244861496132245e-01
3.840596472749187029e-01
6.118769698158477155e-01
5.686305054028064632e-01
-3.371322968664713926e-02
5.123519862443206563e-01
2.159908947124478118e-01
7.408544776397008036e-01
8.725278237413700566e-01
7.656659617931076411e-01
1.781082498622689414e+00
1.515324282171758519e+00
1.601267708091174136e+00
1.504559488804021683e+00
1.069850740614069817e+00
9.650901600398453795e-01
1.029524292148582543e+00
8.768210047599493961e-01
1.098464400878659541e-01
-5.054167488799591462e-02
-9.934435434506425078e-02
1.139842325039400195e-02
4.645024985976603515e-02
5.421589581619756792e-02
4.454783938307391861e-02
1.181883034130866601e-02
-1.599714621657185275e-05
1.600651051051954141e-05
-1.600380759856972687e-05
-3.217605103146212175e-09
3.571746470419287500e-09
1.600412733256226412e-05
-1.600718932512150937e-05
1.599753189242074901e-05
-1.599377466208096350e-05
1.600412871379745111e-05
-1.600378185357483225e-05
-3.227743784707179375e-09
1.599749897241244979e-05
-1.599373979703868666e-05
-6.340508403351889644e-02
-2.484538669480742534e-01
-2.858213178642699526e-01
-4.615904650445248336e-01
-5.605062908928062360e-01
-6.151357643670420927e-01
-6.866192368956429704e-01
-7.287545857600417065e-01
-6.645729968675224697e-01
-7.751944762036213632e-01
-6.174241508973521420e-01
-7.538860848499515654e-01
-6.380829256034683539e-01
-6.923502895167974458e-01
-5.462848871616250435e-01
-5.510621714465901988e-01
-5.500544180470736677e-01
-5.389030336955737965e-01
-5.792664160960772080e-01
-5.992427048677715362e-01
-5.282569984390992346e-01
-6.571886523951206982e-01
-5.692229390853125182e-01
-6.852150419585001373e-01
-5.028867470715940868e-01
-4.324768768568034716e-01
-4.788888951471808042e-01
-5.641754863469792269e-01
-9.863605458238549062e-01
-1.119756659888334838e+00
-8.449821189690425172e-01
-6.280157936906398675e-01
-8.921209656845014990e-01
-4.617689960133510851e-01
-7.989226676948781858e-01
-6.550715500896373555e-01
-7.767770298915337435e-01
-5.454254030448630886e-01
-6.129867315837813635e-01
-7.378768959534554028e-01
-6.401984969506919754e-01
-6.194602234670902874e-01
-6.029573944333179725e-01
-8.477887303560791565e-01
-4.911323033696710638e-01
-6.130463654344318059e-01
-1.873025880368466289e-01
-4.442153021967563120e-01
-2.404721458157368374e-01
3.244791422394612823e-01
-1.150626818135513929e-01
-2.546959959133978657e-01
1.254679926943360613e-01
-1.481420383093485782e-01
-7.433081082849568588e-02
-3.414711015408542494e-01
-8.033251298746790781e-02
-1.050777636592208353e-01
-3.436362584043060053e-01
-2.088731867889777050e-01
-1.002616500357440543e-01
-1.649745478615614047e-01
-8.003781756685768300e-02
-2.123487019296206313e-01
-8.816674492253540052e-02
-4.210372778728448395e-01
-6.455609037745091427e-02
-1.413580344995502003e-01
-2.656816111412574344e-01
-8.908062768512081675e-02
-2.057723289858301996e-01
-4.239627917282078329e-01
1.626469494804965166e-01
-5.517548591279037851e-01
-7.881665443101582014e-02
-2.010070136011350428e-01
-1.956134411807397555e-01
-2.447365207408012111e-01
-1.712432511363530807e-01
-3.101961261401910974e-01
-3.346758614757732175e-01
3.116432814828584696e-02
-8.799757375898309419e-02
-2.700434771546156298e-01
-4.183700297761987486e-01
-3.895398763759629901e-01
-1.206663212967100662e-01
1.470939923398972837e-01
3.935932237431387648e-01
5.170983832190003682e-01
4.252940349260967423e-01
5.406122026202027087e-01
5.735458378906272969e-01
6.337053284764735395e-01
4.218910134581648208e-01
7.637057831545419617e-01
3.708716709487234198e-01
5.510939596238380034e-01
4.866908844953847790e-01
3.730424001866232686e-01
2.644561091744535020e-01
8.807173206307012947e-01
2.665870143818303006e-01
4.164522790360933868e-01
3.921490454492619904e-01
5.141349148732423657e-01
8.785055525113456554e-01
1.235240250842490894e+00
1.220722818902309825e+00
7.653853873778473371e-01
4.585554832975766715e-01
5.095812945781155179e-01
6.080234420035957044e-01
1.212988719941225924e+00
-3.244986343492684000e-01
7.154974463190484357e-01
5.885397157254281808e-01
2.201063518011316944e-01
7.051191727599537273e-01
3.617214994576620768e-01
4.764226087114238339e-01
4.559200537468548475e-01
2.784875095712173731e-01
6.025819676163379768e-01
3.294858449306019565e-01
2.342119461961491567e-01
1.030391280155953382e-01
-5.776854655321628229e-02
-7.187762371241745996e-03
-2.258359517170536179e-01
-3.151193638072591341e-01
-3.899469952829726083e-01
-3.473811284846775038e-01
-3.406746201038188815e-01
-4.423368959221534169e-01
-2.719267068243063079e-01
-3.404844977195047306e-01
-3.333099210654246747e-01
-2.816406858160824811e-01
-4.083253546537051193e-01
-3.680826325210659888e-01
-3.069854679162595801e-01
-4.145735172325686335e-01
-3.868150111802819424e-01
-2.684277789587881102e-01
-4.395716670022551398e-01
-3.295275766060505873e-01
-2.712570137296879125e-01
-6.263749596203886938e-01
-4.880547591998585233e-01
-4.976204824290739737e-01
-7.613567259249727215e-01
3.334625486708375774e-03
-3.931217798510218131e-01
1.756121727886394979e-02
9.917693949411443555e-03
1.276024770134434050e-01
2.072340011939957094e-01
-7.016363173438122658e-02
6.993654846617687326e-01
7.699680731466003181e-01
1.022455189823681110e+00
1.044690739305057292e+00
-1.597994402553339910e-01
-4.130988454483208727e-01
1.877108357609245104e+00
-2.102471957783933476e-01
-1.068116224407550163e+00
1.053534137137965843e+00
-4.262782630324792876e-01
2.369443617326822960e-01
3.125066171957158190e-01
1.057564152159002901e-01
5.892693513637894398e-01
9.827441665335179266e-01
7.690581903277617926e-01
2.286981158169041350e-01
-1.956063199917892348e-01
7.050767097886634360e-01
-1.538763620537508814e-01
3.858187972234183860e-01
3.773972962784082341e-01
-8.125800915966454596e-01
-3.138702709054008722e-01
-6.491419080231715100e-01
-1.224685608334894482e-01
-5.603562762047964441e-01
-1.604796799668726237e-01
-4.097971780541769249e-01
-4.026847329762723859e-01
-3.028090272696140062e-01
-3.000320135766685326e-01
-3.250791302757178869e-01
1.527567925333706000e-01
1.051125999447926063e-01
2.637668639554568983e-01
1.953698809534287761e-01
1.587013752319030857e-01
1.945242715268733491e-01
1.571462245883594733e-01
9.626800671468771498e-02
2.153679900743163955e-01
1.345880756230144470e-02
2.157994003897982793e-01
1.221853830551964393e-01
5.224468051228150500e-01
-2.715181819725600576e-01
-6.459274310464557800e-01
-5.780354091759889457e-01
1.731898376543270501e-01
-7.582617613889190977e-01
-1.548919281680838367e-02
-4.467716663520207021e-01
-4.304949320226825193e-01
-1.584032347423232068e-01
-3.754289881722918665e-01
-1.347495302020682573e-01
-4.276095426827808410e-01
-2.029427737179965163e-01
-2.418653047249783583e-01
-1.627513911433773330e-01
1.286114824760744568e-01
-1.020337292938151563e-01
8.795869697922498176e-02
-3.493477166326997008e-02
-6.433076956987804351e-03
9.532794988473369813e-03
-1.304850883863757360e-01
-1.318508900985868593e-01
-2.239739975022239094e-01
-5.687762682896391198e-02
-2.692140191722565135e-01
-1.968144054044422830e-01
-4.008854819233320654e-02
1.555331634418664066e-01
1.515282177660672858e-01
1.725106703998733337e-01
1.901751195800045480e-01
2.111977306554955192e-01
4.332546442622877692e-01
3.121585147663878956e-01
4.853694110194517464e-01
2.947429862338140083e-01
5.693812962182285276e-01
8.278267613806313818e-01
1.015779775189503908e+00
8.228942169919761795e-01
2.054733326648161551e-01
2.607023144176530138e-01
2.349567867090911477e-01
3.101113647158122433e-01
3.691663488183500874e-01
4.339230880091555775e-01
6.162943514021481661e-01
7.866190156293271230e-01
8.242925325992551677e-01
8.247577590660490898e-01
2.109655418391582771e-01
-2.998689907175506875e-01
9.279896148214703544e-01
-2.998615848936712069e-01
3.759011472446438518e-02
1.799876422451269775e-01
4.350564613567549088e-01
1.595429988141017219e-01
2.918531882750858841e-01
-1.412634487637731695e-03
1.525927843320609156e-01
2.049792745827456741e-01
-4.469479484006377845e-02
7.582014166700368207e-02
1.342415099542293433e-01
1.226712329473755858e-01
2.206206581992109506e-01
2.143927825938281018e-01
2.014564413030104362e-01
1.126303681912297350e-01
1.210748918872592839e-01
-1.384704852832694399e-01
-8.632953411272836775e-02
-2.072658454761029390e-01
-1.973825710178758186e-01
-8.342850566189063954e-02
-3.342783475614101718e-01
-2.664282306556522428e-01
-4.046496080463111156e-01
-3.969857347508050083e-01
-4.293063274237045590e-01
-5.045813860661141348e-01
-5.354118628780071276e-01
-6.714998229689044251e-01
-5.421385195104644339e-01
-7.009081573504136742e-01
-8.703288348198281454e-01
-4.894932998712064887e-01
-9.272622384401500994e-01
-8.901477649881677223e-01
-1.086048819384171082e+00
-8.031447452221058825e-01
-8.069133870792200014e-01
-1.073891969775957023e+00
-8.720769137987964825e-01
-6.970799523068933468e-01
-9.263657967816989469e-01
-9.384505192691925402e-01
-7.845464870835385796e-01
-8.948907942593109510e-01
-5.727141243290887473e-01
-7.430482584716457950e-01
-2.963224939324646812e-01
5.225812125033257871e-02
2.094034212680639939e-02
3.397516675102920658e-01
-1.030578314236052506e-02
8.688203453833054368e-02
7.567144222068620252e-01
-3.780275883649863999e-02
-6.086628608522097750e-01
-5.310814858777064273e-01
-5.503992728639630627e-01
-7.060317310336117202e-02
-4.838153721627413972e-01
-5.124434946276394953e-01
-4.154092015289876372e-01
-4.168424913478965266e-01
-4.351777794117417386e-01
-2.105151424794193815e-01
-5.024645292203331337e-01
-3.559790753302678468e-01
-2.664073581645070021e-01
-1.234593601216289471e-01
-9.873539328261671244e-02
-5.765857137548380251e-02
1.882386454424533895e-02
2.475233533834710897e-01
1.408367111817838691e-01
1.181712860528918441e-01
4.835595286326821451e-02
2.008933402674912827e-01
-2.829314916480356601e-01
5.954091602679199013e-01
-1.352253863694912184e-01
1.329389791409738564e-01
2.403710563315613058e-01
8.102014488459730046e-02
8.346311945051603232e-01
-1.150260186553282438e-01
-4.340746025965813715e-02
1.812552247525580640e-01
2.950455200234713971e-02
5.130995077341253818e-01
5.482929212474729752e-01
1.072750166230196811e+00
1.053920763582475217e+00
5.650574607148719508e-01
1.749738645576641716e-01
2.570488432666167000e-01
3.265121281616600868e-01
6.228391216095907623e-01
8.669776173397849561e-01
9.884026481015197874e-01
7.330075671718958574e-01
3.056301755569457157e-01
2.286976504131708055e-01
-3.842390270622679793e-01
-7.896390689025274412e-01
-6.297849937001984699e-01
-5.867251871747569680e-01
-3.688835725326633508e-01
-4.845353565510670535e-01
-5.227222642223985360e-01
-7.237597012669674257e-01
-5.967391744015451138e-01
-6.284256242445032115e-01
-6.777491284039207642e-01
-6.165182101987767282e-01
-8.069746090072698053e-01
-5.183817023146275460e-01
-5.902836070347809994e-01
-6.400121516877703698e-01
-6.361372661446154098e-01
-6.814908837325717172e-01
-5.510560843621234994e-01
-1.112664526860385195e-01
-9.351089185407843729e-01
-7.378984008825000274e-01
-8.834587734245928914e-01
-1.351888962244487402e-01
-4.297574897405382899e-01
-1.563341465324015189e-01
3.242582836131546742e-01
9.219845450500940842e-02
-4.918054668471683044e-02
-1.057953006155543108e-02
-1.827765161329040211e-01
-3.103763013256397585e-01
-1.021619958857939992e-01
-1.071582334189997709e-01
-4.347499961999545803e-01
-2.381178998300228500e-01
-3.582754402607690736e-02
-3.035439902429644121e-01
-7.952946982783544172e-01
-1.298193549880437558e-01
-4.242654179227542954e-01
-3.135106110567349447e-01
-4.322953859846947466e-01
-3.410280762463742121e-01
-4.271432205869913901e-01
-2.250039275540345329e-01
-1.332456870903939716e-01
1.655003273406805420e-01
1.547371971945281643e-01
1.179219957205077662e-01
1.239128090066472510e-01
7.669756559609197666e-02
2.274302365737170817e-01
-1.282458968581607905e-01
-5.325336753270448753e-02
-2.042061299035040633e-01
4.285545558306864677e-01
-9.170490678611287194e-02
-1.646619197243168742e-01
-9.163457718194223389e-02
-9.773210432531627134e-01
2.881786747919505842e-01
-1.224782533607111645e-01
-3.975151540317298782e-01
4.612959756031642655e-02
-4.178365293519448187e-01
8.091175557629526338e-02
1.100046617623391398e-01
3.007273772881049467e-01
2.238254828765704474e-01
1.330756937188226630e-01
1.907262214006735235e-01
2.514845919315717993e-01
5.239883236086626539e-01
-5.470022817812036919e-02
2.654455692634556385e-01
5.762186490146206097e-01
1.351592650091006931e-01
4.874606349770758129e-01
-1.085791073991892119e+00
8.385422486175286849e-01
2.042786600425401389e-01
-2.146271535188049029e-02
7.723224622904467651e-02
3.648941314404012815e-01
1.020751219686459876e-01
1.030022272415322959e-01
2.270013198696503309e-01
2.051758639554535080e-01
2.352880519006532722e-01
2.096412288649034394e-01
2.073735406558583350e-01
4.364342377371386306e-01
-4.578214940132596666e-02
5.205067388543653806e-01
2.308257211872657422e-01
3.541416363840141912e-01
-5.611738543815150138e-01
4.501852157864263404e-01
-5.602353223054024056e-02
2.768049866173853957e-01
1.416972487722034657e-02
-2.802176463391958805e-02
-2.357390925116220615e-02
-2.104364342176268110e-02
-1.321590003291319704e-01
1.121963781209274202e-01
-2.396514533742717390e-01
-1.399708136252399981e-01
-1.706360998203990675e-01
2.386704366169780656e-01
-9.253315214890989182e-02
1.625614728592452707e-01
-4.366379670336755225e-01
-2.104391289164126988e-01
-9.731023022548157542e-02
-5.945862357376086038e-02
-4.823667871993535528e-01
-2.265893968840870798e-01
-1.999219015912103714e-01
-2.905306640384566208e-01
-3.324861626842903206e-01
-2.029444481252298260e-01
-8.197551050722040600e-02
-2.592984658694916789e-01
-2.536433241373288183e-01
-1.449861027318988249e-01
-3.953910120654882121e-01
4.993890362861463927e-03
-3.210573822532438726e-01
-5.567920112347479744e-02
-5.876751889280740215e-02
9.324502425271674610e-02
6.355078478827920208e-01
4.217892666026159532e-01
4.038214734417522322e-02
5.189397621740283739e-01
3.969180311990285759e-01
6.779592637888143258e-01
8.567747980456275059e-01
1.128325392890900503e+00
8.167469991833087306e-01
7.473471811678180643e-01
7.252245732786093413e-01
8.118593849676685181e-01
5.340398130367489671e-01
1.405441591612657248e-01
5.039476782253160536e-01
1.579867462210771123e-01
1.289191626105967714e-01
3.580907644034780901e-02
5.128318538322673703e-02
-1.461445629280468950e-01
2.858365292371090050e-01
-3.848690961328138371e-01
-1.276168863227198358e-01
-5.971138532315620751e-01
-1.331137029731834787e-01
-2.759673209735069577e-02
-4.197187141732854343e-01
-9.850976154379509353e-02
-3.165371304113051565e-01
-1.562341555850608188e-01
-1.596072274173039318e-01
-4.340819699389086850e-01
-2.466020961646862020e-01
-1.588943297425302603e-01
-1.585891933249641284e-01
-2.674117084886802331e-01
-2.744163500284457768e-01
-1.478511221702945022e-01
-9.381082606719814976e-02
-3.272499345366242096e-02
-8.095709637752435128e-02
-3.748305006392627092e-02
2.617351756619257230e-01
2.492396966410836967e-01
2.669851389489039661e-01
2.665510168878171271e-01
1.155063984166986302e-01
2.418451415450491027e-01
2.045510569522193123e-01
2.847755976205235129e-04
-4.356155305650588616e-02
5.254142170076718799e-01
-3.030268466354826273e-01
3.173407283313380844e-01
1.056167378808652302e-01
4.524144649296673037e-01
-3.585998226583342330e-02
6.478039944466047473e-01
9.493229514554712978e-02
3.524839061492244241e-01
5.386863831592769714e-01
1.240598782996585214e+00
8.680491933064864440e-01
5.474305497840639134e-01
2.930209215168524395e-01
8.935843875942985903e-01
9.631419892249617476e-01
1.001957546167677293e+00
1.017611125620646817e+00
1.259877767584953290e+00
1.665437745440243589e+00
1.550568868542033130e+00
1.562537332407920587e+00
9.983488466173682241e-01
9.101277716797895323e-02
2.716606559376231189e-01
4.811716644332371118e-01
7.810585098165425677e-01
9.981310630246369442e-01
1.248231847593643806e+00
1.253724076574373569e+00
9.671221406445447144e-01
5.882924350317200179e-01
5.966753337389345546e-01
3.203715034678111806e-01
-1.384597148800672528e-01
9.607304841466657308e-03
-1.318427623764524270e-01
-3.041214699765006912e-01
1.752358370484703443e-01
-2.729568823166417246e-02
2.599401440740241043e-01
2.080568026835063478e-01
2.453304220383323297e-02
-3.122703680295213502e-01
-9.289805280172771518e-01
-7.494186265695503835e-01
-7.708976170039587572e-01
-9.001332163459885294e-01
-7.697833918509999762e-01
-8.650145056456608472e-01
-8.214303724325375811e-01
-8.932512122451790049e-01
-9.376666937328046458e-01
-8.433980804611067583e-01
-1.582213609143650501e+00
3.922475595159369277e-01
-1.430492821458603458e+00
-7.838514970113763525e-01
-7.555225982595814571e-01
-8.872290510082834203e-01
-6.577238796795512599e-01
-8.837089204966765976e-01
-4.698860626878982316e-01
-8.157736279015601610e-01
-6.248214243635494825e-01
-7.336867547491046082e-01
-7.182371432732352901e-01
-5.096150015266225353e-01
-5.197159918930367439e-01
-5.859629427297612381e-01
-3.977597565821078263e-01
-4.139036766456065664e-01
3.027221551987935300e-02
-8.645168652556378674e-03
-4.606514799154126649e-02
8.815712658439878169e-02
1.627571699508578718e-02
7.407080859415771101e-03
1.041193148617942654e-01
1.375797456378435868e-02
8.161132414610960950e-02
9.865164819309057975e-02
5.190253369559272301e-02
1.981536376042924985e-02
6.431056032390003452e-02
-7.755470557138721688e-02
9.826325672458580129e-02
3.408133835394622224e-02
2.443676582815967890e-02
-4.085444567981966202e-02
-2.224530918512712674e-02
-8.657069269649042553e-03
6.953551028274418400e-02
-5.565181457521362063e-02
3.224853745707534358e-02
9.467374217037871631e-02
3.134071382157088692e-02
-1.481880581004197950e-01
1.576314444203887888e-01
-2.404880901335104681e-02
1.144958433761367189e-01
2.861001257487139071e-01
3.458884593752387104e-01
1.893414717593593366e-01
1.920776547699780679e-01
3.605808151128186978e-02
7.121533753018596258e-01
-1.075207715682111598e-01
2.222470798717566254e-01
5.346744298938830298e-01
-3.261949029786492815e-01
-6.722235628033352839e-01
-3.307373918553331293e-01
-5.477863650340282220e-01
-5.963303210936388155e-02
-5.173041624962984031e-01
-4.029982968268086552e-01
-2.487760665154716833e-01
-2.740869972325121751e-01
-3.860457081630777054e-01
-3.010216468483655206e-01
-3.534212328131403069e-01
-4.061786386830448237e-01
-4.351010127726979704e-01
-2.813453603386832924e-01
-3.638906871032929757e-01
-4.012313709065580269e-01
-1.490154300229207252e-01
-1.993604674237658969e-01
-3.360823697079311501e-01
-4.581680890055892519e-01
-4.222844192601939994e-01
-3.970018224093223580e-01
-2.566300839091866237e-01
-3.938961145741544101e-01
-2.144633996352780514e-01
-2.028619092691101855e-01
-2.991303559101368137e-01
-2.880633641726220162e-01
-1.695415289974278039e-01
-3.580997749490677506e-02
1.921872506245776435e-01
5.718731597733395233e-01
-8.911725214603904988e-02
7.451448507015854261e-01
2.735767695599875537e-01
1.033176593465015003e-01
1.930246458961306644e-01
1.916595108799157288e-01
3.509835500302287414e-01
3.366645453722867387e-01
1.323722472455557408e-02
7.096612344888839630e-01
2.288067729579736920e-01
2.723174343770082828e-01
4.895246507200923247e-01
4.598293139477505065e-02
-2.664459342516423135e-01
-3.035942936989144414e-01
2.508415718776362269e-01
2.124473003080851186e-02
-4.628535204447956630e-01
6.686945846853831199e-02
9.948754560468842101e-03
2.879783525289312252e-01
8.389935335704024055e-02
5.307406670677750071e-02
1.866867509047693829e-01
8.560506665205025456e-03
1.088706946055708613e-01
6.145925682250918953e-02
-1.544051727519359929e-01
-1.043997121114870197e-01
4.801943172853953001e-01
-5.134663971852830855e-01
1.484388728046681649e-01
-6.206916627870313619e-01
3.836163458279884253e-01
-4.326113147072234710e-01
-6.712353242526347685e-02
7.582597431175486236e-02
-6.998559212773614036e-02
-1.808080910414773257e-01
2.999052654035878618e-01
1.646131165899333837e-01
3.381993305654376059e-01
2.164480956536749545e-01
5.542309372443554594e-01
3.422193232298553767e-01
1.108192490653209461e+00
1.093555150722121283e+00
5.163865789952772900e-01
2.467668141883798683e-01
2.047829852257159189e-01
1.093176777620502804e+00
-3.499452888017522412e-01
-7.882555379633195969e-01
-3.545217949374297461e-01
-2.671815534991566210e-01
-3.358447178779044862e-02
-3.963319200466095538e-01
-1.747971004169528442e-01
9.386090422477622042e-03
-2.872149344041439178e-01
-1.312030869743416872e-01
-1.721000893445285840e-01
-1.446186094629027252e-01
-2.873981248319950055e-01
-1.261177777227331376e-01
1.101351639341778821e-01
2.001202507012038723e-01
4.225446465614517422e-01
2.590739875151086835e-01
6.764304580462301431e-01
1.586341485798392625e-01
1.904875503255709646e-02
1.674125333345486411e-01
1.382561183005925898e-01
-3.280998227152309710e-02
1.571635889754467996e-01
-4.485470955738790622e-02
5.829730273246163108e-01
-2.368476166097330804e-01
-7.577761899950381519e-01
-5.456127230937362071e-01
1.596720437048624319e-01
1.202841534600160855e-01
-4.119071146434976072e-01
-1.448987910353949360e-02
-1.292274368852552868e-01
-4.254001532977369493e-01
-1.570811294700398264e-01
-3.930404103299203200e-01
4.865492902493784300e-02
-1.301383593375504688e-02
-3.018254138648224227e-01
-2.061410920002515468e-01
2.838304323501716908e-02
-1.742610437499862996e-01
-1.167152561542579292e-01
-1.570797016993381590e-01
-2.424265508006158143e-01
1.243894921472659121e-01
-1.817658002609761070e-01
-3.500487056466994318e-02
6.952544768635959826e-02
5.749245063133798794e-01
2.526045428709977614e-01
2.621157734708212672e-01
6.994305135216727365e-01
1.051101164309656610e+00
-1.291795625507994316e-01
-6.379495637929011309e-02
-4.553032255021349783e-01
2.497085785984758388e-01
7.006704046511558204e-02
-1.214187363761354277e-01
1.141155311280037665e-01
8.596228400966055005e-02
-3.420403549453965297e-02
1.157166876579260872e-01
4.247949623066560321e-02
2.200683138585901588e-03
2.385655214261817036e-03
1.685783478307385508e-01
3.445071564283352927e-02
1.014283485368281390e-01
-2.780716990464071614e-02
-3.430611982455644693e-03
3.491763608793974072e-02
4.290031489308141488e-01
1.321917672350245709e-01
-4.774013770821774472e-01
3.704511908553946853e-01
-3.042738141606307067e-01
1.014254899299800172e-01
-3.350506890960502915e-02
-5.155444870459291451e-02
-8.808498807467657343e-02
-1.205904659033834037e-01
1.685655570941371195e-01
9.182408022388699464e-02
2.704897656568050479e-02
-1.693758053912013395e-01
7.930066936925328491e-02
-5.477967224747359865e-02
1.368285560815500901e-01
2.089938211291553216e-04
-4.817568297812968581e-02
6.800285430903656447e-01
-1.703917143187076988e-01
-3.525777711711093332e-01
-5.684517654378993257e-01
4.403874575533706093e-03
6.299156233444236364e-02
-2.031776434302514645e-01
-2.156184439694861510e-01
3.351003695645111691e-01
4.012802991232575778e-01
3.129921588358648421e-01
4.818777534098046544e-01
2.514573663587214014e-01
4.854783583231636612e-01
3.763893764519572471e-01
2.229137617722365405e-01
2.305249667526609869e-01
5.151835995315963146e-01
1.151265896119184617e-01
-4.808835319573745437e-01
-3.372161824424217968e-01
-5.676883651950248577e-01
9.020065767114004984e-03
4.163736351664226731e-03
-3.065220958829897313e-01
8.463771792818874928e-03
-2.138085706869183866e-01
-1.153315757732116253e-01
1.015138667852824028e-01
2.433713390316007974e-01
3.881401324474147430e-01
2.928414174761080346e-01
3.934204737349027425e-01
2.805937638776079268e-01
3.680483301631412019e-01
2.601368181756988918e-01
4.040753331038473561e-01
7.750132177529245325e-01
1.162398488332417656e+00
1.079935640592548651e+00
7.944458894136410265e-01
9.934904256017844659e-01
1.272429691960525133e+00
1.122222369955121479e+00
1.258008446966435656e+00
1.271461166103659224e+00
1.315882245971023323e+00
1.080543842362102325e+00
2.556872402332750482e-01
3.486702908133203493e-01
1.563733540152814072e-01
-3.655437938544459087e-02
3.675937564667641766e-02
-2.303410137777408551e-01
-2.647954628216009354e-01
-4.747464781948558254e-01
-6.649154746895931112e-01
-4.989984180396813684e-01
-7.776139634597463157e-01
-7.116190879507975353e-01
-6.899951705526881085e-01
-7.049084141266455106e-01
-6.593071379939345888e-01
-6.695595007221299966e-01
-6.560992604342921197e-01
-6.547058524703075477e-01
-7.968038997100137522e-01
-4.839939722401993549e-01
-7.283918366496777708e-01
-3.588096734166619228e-01
-2.191156661930300231e-01
-2.867814567239044266e-01
-3.185398543305808516e-01
5.524288084021478085e-02
-4.490621149197835393e-01
3.104749491862612842e-01
-3.858532590663656947e-01
-5.848766020286433331e-02
-1.021269505701631886e-01
-3.038952745520937526e-01
3.512261613792944104e-02
7.747999167699148870e-02
2.759191678221881716e-01
2.936033025042199540e-01
2.941062003489847143e-01
3.178279158674328642e-01
1.575428529860332105e-01
-2.608620173536380094e-02
4.729090498964403366e-01
1.471101878635643345e-01
3.227169459830356857e-01
1.180310164065012657e-01
2.804958105241688315e-01
3.290292787051321000e-01
-1.839227822493576525e-01
2.670517170441328858e-01
-1.381908636196982343e-02
1.154259292196613274e-02
-9.673713647755022293e-02
2.578076460943705683e-01
1.129466761373016936e-01
2.983602899246733386e-01
2.045820640145983305e-01
2.777930212789456732e-01
8.800049199106396713e-02
5.230298845864069790e-01
8.521306478180896704e-01
9.731684932476909466e-01
1.299318246934422660e+00
1.095073445898904652e+00
1.377368058652644223e+00
1.021706808882081319e+00
9.951870636143933524e-01
6.073470137945786718e-01
6.825202937179675189e-02
1.687428593255635434e-01
1.400228118276558575e-02
1.056098851508480152e-01
-1.271735889909830775e-01
-1.812308390775694278e-01
-1.489293828051785340e-02
-2.048005935646965980e-01
1.299605671874530799e-01
-1.238885426908744591e-01
2.162483546880622498e-02
2.861999770814804833e-03
1.972017596708859344e-01
3.045240123912495989e-01
2.480990501471342924e-01
2.193722774175554946e-01
3.296186400762639579e-01
3.102451863277710942e-01
3.209292983586404802e-01
5.269528676081982610e-01
5.385230330909944740e-01
4.633439188658172725e-01
6.777278213946367202e-01
4.402251961670087255e-01
4.972310392833563242e-01
4.513883247201349036e-01
3.454720350490960712e-01
2.667699528080174076e-01
3.986068532562967448e-01
8.668848210969404278e-01
1.217714459981779296e+00
1.137876259930441059e+00
1.041852174610469639e+00
1.012648162070429736e+00
3.167203528266394619e-01
4.905839711399581984e-03
-4.120791963862883989e-04
-6.640803634589895199e-05
-7.497494205599922190e-02
-9.610250799133683575e-02
5.700949361357304790e-02
5.412541692961032880e-02
-2.321235852483408135e-03
7.475437588890294915e-02
-2.341625161588902979e-02
1.136431360214939026e-02
1.170054964798441025e-02
2.975898180669966659e-03
9.094947017729282379e-13
-2.273736754432320595e-13
