-5.934362627128542123e-03
1.239653047418276532e-02
4.828687856530455846e-03
-4.094413607778157882e-02
1.000537089763442467e-03
-9.808150438683549410e-03
2.462996898615399388e-03
-2.664150646502516651e-02
-1.627616497001405094e-02
-2.739785342593159534e-02
3.474569315990150287e-02
-4.958640657592328083e-02
-2.029360294106430374e-02
-5.898588810217475498e-02
4.641013050913556093e-02
2.908908834853440872e-02
-2.523892057507026720e-03
-3.604700239358904490e-02
-1.679963820065966118e-03
-3.062438989424753899e-02
1.965392671408716652e-02
-4.741327251496119111e-02
4.614842312987033068e-03
1.005906153207503095e-02
-3.144583212324469912e-03
4.557026346274284379e-02
6.639933431370259598e-03
2.942882936095525537e-02
-2.131141115548551568e-02
2.299200398386958000e-02
2.162653458457342026e-04
1.916657227643892014e-03
2.977112317888908066e-02
-4.256952006084224749e-02
1.704537771398006996e-02
2.902097606700859700e-02
-1.138112662482759774e-02
-2.436712238245908324e-02
-7.260886023804014044e-02
6.847835963236015289e-02
9.093756546553466436e-02
1.476635447556695624e-02
-7.973347593576951553e-02
-1.353575401561002423e-03
1.105867319196951470e-02
3.165856524258625626e-02
-8.332770581194637316e-03
1.231163908600585444e-02
-1.589334875422609983e-02
-4.309410442867189772e-02
-9.776481277468107578e-05
3.023455097474592179e-03
3.442434862421661634e-02
-4.541090413995885200e-02
-1.496721106796972123e-02
5.762341815317650884e-02
-5.340215886159072056e-03
2.548635048999159380e-03
-2.178619109807700127e-02
3.847443700046415671e-02
-5.160430685098305048e-04
-4.068579601983479677e-04
3.949708797323880916e-02
2.720864607100281773e-02
-4.645240560922792028e-02
-3.695128381855150579e-02
8.666039241748002553e-02
4.563227411710535364e-02
-9.252752305374389863e-02
6.011621046138859725e-02
-9.276925645114175722e-04
-1.496913557197387945e-02
2.761359808201824251e-02
1.373873602460529142e-02
-2.731499966740713603e-03
8.553853138063782779e-03
2.996469904387710770e-02
-3.139324387141018136e-02
5.145574993453028156e-03
4.522048288656277393e-02
-1.567459872346343985e-02
1.490810532377428999e-02
1.487793247059165935e-02
4.891715052638634376e-03
4.623384119612605758e-03
-3.814341226856976519e-02
6.289629947202479698e-02
3.298836469871480048e-02
4.346998338810248441e-03
-2.657778153532408538e-03
-2.584099177810461612e-02
7.327276878379551661e-02
4.001397701708508947e-02
-1.783185969680323169e-02
9.394688922758742677e-03
1.402676985807538301e-02
-7.088451096862957712e-03
-7.451629400483827936e-03
7.476212642421042887e-02
7.167511473022170065e-02
-9.350591891002046907e-02
3.187988371995187364e-02
3.658415300922790436e-02
-1.632969812871021276e-02
1.946517644054956975e-02
3.365808221837474079e-02
4.310339463722279163e-03
-2.034493160928274591e-02
1.707342078566220778e-02
-1.691888010183273394e-02
6.586445832335030559e-03
9.203765070239455781e-03
1.253604933924545861e-02
-1.233132764819355742e-02
5.405861218553775771e-02
-1.988775132096476383e-02
-1.616019075003194416e-03
3.138050839551809190e-02
-2.207622788875873709e-03
3.396612809414056855e-02
-7.135527823334708586e-03
2.546586007061568679e-02
2.390842947655480444e-02
5.844716476477440636e-03
6.231432558995075865e-02
-5.878580867718374847e-02
2.264112642160664990e-02
3.307735933337685452e-02
1.821987792311707821e-02
1.340582426811387506e-02
-1.025403812455749630e-02
-1.038554633350141643e-02
1.006669386045233594e-01
2.124341643006921743e-02
1.155013139013183476e-02
2.275008114828391825e-03
-3.129377799836330354e-02
8.005476709848702299e-02
8.658050658349014661e-02
-1.635737543546644801e-02
-6.350200982038689546e-02
4.901923414772935139e-02
2.208871759298558501e-02
-7.772001620658386400e-04
7.131252152449807369e-02
1.641809487143830459e-02
6.660064142088706340e-02
3.759747345817965325e-02
7.943345185140038289e-02
4.343236851911624896e-03
7.687723800790990936e-02
1.040002937354245205e-02
2.086921237383565497e-02
-4.678217567158626800e-02
1.335960668518310079e-02
2.415649668227359825e-02
1.593449323734175138e-03
3.121523141821791469e-03
-6.352571138307971932e-02
-2.539366329195003047e-02
-2.897444485502864708e-02
-1.153234988170772635e-01
-5.301908947736588829e-02
-1.134011711001570166e-01
-1.899983998501562077e-01
-1.698360622460719505e-01
2.719718982067726998e-01
1.166775273325888485e-01
1.844334774500278051e-02
-1.052132100945890603e-01
-2.748069587990764617e-02
3.848156772466548858e-02
2.973615517760053173e-02
-1.318231850638573732e-02
3.398550219169127473e-03
-7.519413939646168998e-03
-9.714558866120714953e-04
2.558571609059034913e-02
-9.488129553583357634e-03
-4.845945658285888413e-02
-4.047914662821838760e-03
2.420626061471375934e-02
1.200527631084380431e-02
-2.904971929187771806e-02
2.139558712677969154e-02
-2.745006560048013355e-02
2.469212609181026252e-02
3.525862739120766420e-02
-2.095397476700577855e-02
3.174062824859724685e-02
2.051483930851372151e-02
2.930492763454584093e-02
-1.417754731330678197e-02
-2.536337201923055673e-02
7.406829960670879842e-02
8.882077669148280563e-03
3.067585865981659055e-03
9.865091808664816497e-02
-1.297342311542593052e-02
-2.846554887543484291e-02
2.640702713431730686e-02
8.683101723766295521e-03
4.604064975671007254e-02
-6.337977269248562529e-02
2.750740177414390253e-02
1.782465029810731405e-01
-9.471933872108695418e-02
-2.448641297815390416e-02
6.280285366164672922e-02
-7.001259920064395459e-03
-2.654998822546872361e-02
7.275056875074348284e-03
8.723608274959104847e-03
6.871331521530343878e-02
-8.409755301365784419e-03
1.466204872101428691e-02
8.733397756297534009e-02
4.496905083912761114e-03
2.894514856041907613e-02
-7.965722182163581522e-02
6.110110628887421846e-02
1.187350831523232841e-01
-4.372217150548030062e-02
-5.065163078063839031e-02
-1.765123594170914245e-02
3.499546974214973183e-02
5.829492145621761878e-02
5.488430670394617295e-02
1.135858849011350813e-02
6.667542549701677146e-02
2.078831834238603626e-02
-3.810683559332606052e-02
6.034499822256811363e-02
1.003078006840500969e-01
1.298098154487858924e-01
-1.119761660310654161e-01
2.122360876871065560e-02
2.551676550585424419e-02
4.461830963015778195e-02
1.235900013768687078e-02
2.761597860793452153e-02
-7.201220319319667773e-02
1.981558560745888542e-03
3.621776631130335655e-02
1.006693716632990343e-01
-3.062505235209300736e-02
2.432025533635251424e-02
1.557470396042881511e-02
-1.365726596844285545e-02
8.324141929892836522e-03
8.294825115589077313e-02
9.052616138144897739e-03
2.803219558478886597e-02
-1.556218215648308423e-02
-6.656050470762786553e-03
-2.088160347410239481e-02
-3.860886265041296728e-02
2.353833969616603294e-02
1.515420975825598759e-02
-4.507365584903610944e-02
-1.249503795377371329e-02
-4.160854557667015285e-03
-5.033761012826099002e-02
-2.880428886078090223e-03
-5.408180526967210078e-02
-5.786292031802631186e-02
-2.139398506358047847e-02
4.158136979951532197e-02
-8.312572260305284289e-02
-5.364225086957441491e-03
6.537269235691600677e-02
-7.976593252313346483e-02
-4.074521339566827827e-02
1.095344606053250125e-02
1.728744002308180150e-02
-3.057625210535341864e-02
-4.206984696292570547e-02
-7.049636100118661375e-03
-3.422761907894211753e-02
-1.602546221170775276e-02
-1.037373236209937488e-02
1.904216864418972754e-02
2.767438394751886577e-02
-5.565820122239495404e-03
-6.394582337939591632e-02
1.633111540654086369e-02
-3.188924753194655182e-02
-2.573491193294885626e-02
-1.443281659145800866e-02
3.571783186238919328e-02
4.954646278855712183e-02
-2.039605315797454743e-02
-4.661179536704929127e-02
-3.443977838387679569e-03
1.272933208807724981e-02
-1.479270128842458121e-02
1.219714191411869209e-02
9.786729024910734154e-03
6.087509719676198472e-03
-1.577042718531185272e-02
-1.203740685809950861e-02
-2.587101237774991347e-02
4.882356829959810796e-02
-3.754376987183771774e-02
-2.404814893015139177e-02
4.138743460070637425e-02
2.154722494318539461e-02
-2.695473831771266759e-03
-4.226612795794126853e-02
8.424243538179343460e-02
5.438441644922242801e-02
-2.025480818041103248e-03
-1.401055143804974534e-02
5.310064723808993747e-02
3.409967550991366281e-02
-4.021007908657026064e-02
3.603904248393519083e-02
-4.208150499484419882e-02
4.982741044482219550e-02
1.163353267870803620e-02
1.228769622548675500e-02
-2.883816001259198458e-03
3.942900281057193368e-02
-3.767023065677665983e-03
2.141376507691772346e-02
-1.104085821677536217e-03
3.320073083993602125e-02
4.360074979507633230e-02
-1.322374787896851700e-02
2.478052034827316064e-02
3.127634618477115325e-02
3.698317982236165591e-02
-3.313129997845010166e-02
3.694956509066482653e-02
8.729227719810328523e-03
1.032617038021932387e-02
-4.182730430036585290e-02
2.619682170201054205e-02
5.066725636851421299e-02
4.868320269496084762e-02
9.003313236393584162e-03
4.339591626658823031e-02
-9.496540706472433868e-03
2.743872560567961472e-03
6.533911541466830286e-02
8.121640087288417575e-02
-9.176496629144548223e-03
-1.379047718745995965e-02
4.523623671743459695e-02
3.866135313191598755e-02
8.572565252639252620e-02
5.037870457146587100e-02
5.229043277317124705e-02
5.010045295420240130e-02
3.927321593659427457e-02
3.699651789385605127e-02
-3.412564034241705180e-02
-1.331018164592068231e-02
7.447955624326740853e-02
7.100355590389861860e-02
-1.549088653506536239e-02
-6.456114141541413609e-02
-2.233885718156702893e-02
9.025148024549101144e-02
-8.234048959564033154e-03
-2.264622587933318165e-02
3.046397636888054095e-02
2.891190731829373917e-02
-4.653863982272188338e-03
1.142651691748408638e-02
2.632094997418876758e-02
-1.015445241575552160e-02
4.111187833059659624e-02
-3.373721339376967165e-03
1.546398217570565947e-02
-1.245269299343831904e-02
3.808615981103580239e-02
-1.638973333910520580e-02
1.559737409645167716e-02
3.310572377065668093e-02
8.443871138253289388e-03
-4.011702951209450418e-03
-1.304522887916981233e-02
-5.510313305688718799e-02
2.650630384628716030e-02
6.017479995745977916e-02
4.635331539921683230e-03
6.350412139167938008e-02
-1.873863814113940762e-02
-1.340465917497413173e-02
-9.646951392390690216e-03
9.051871568560798664e-03
9.313801620676187554e-04
3.574780770644148120e-02
4.251059274649904296e-02
-2.123196751138012317e-02
7.393712677824337831e-02
2.220983186550817834e-02
6.048429775191266344e-03
3.820132442166190856e-02
-3.065426781774682752e-03
4.563720568917872811e-02
-1.277880254861685216e-02
1.088421287104144319e-01
7.196588697599670681e-02
-1.038795521561288737e-01
4.657873634064912949e-02
2.492203082353849908e-02
8.341347531626563949e-02
-2.534536620139871133e-02
-1.044096100519102954e-01
3.575414982015701071e-02
6.526170143686949032e-02
-1.885665955965842855e-02
4.651776716813715851e-02
9.619667777901996786e-02
1.118573958212909503e-02
-7.395208433356659228e-02
2.366814730527755373e-02
3.935943800086327826e-04
7.791694699687656822e-03
7.423902834664941608e-02
1.099199999107058900e-02
3.068570249620083956e-02
1.742153023018522262e-02
1.351768531547850039e-01
8.403054404425969182e-02
-3.825017344405834407e-02
3.657470409238250397e-02
1.528584399292824969e-01
-1.937516753165224870e-02
-2.560256314755093854e-03
4.370890087743539709e-02
3.228577024386236616e-02
3.732906852141804066e-02
-5.091307950971835083e-02
5.172311185384148580e-02
-5.667648070576314367e-02
4.236962805958999212e-02
6.623753097965567882e-02
6.610995794394636249e-02
-5.949934289750880012e-03
7.727124644090510586e-02
-4.265928291985865428e-02
3.415003471357813680e-03
-5.579685707474735246e-02
8.282727835140946127e-02
-3.299405264389543291e-03
3.817279243786497744e-02
-3.463702864857132191e-02
-1.792497098982814840e-02
-3.942292852995077368e-03
-1.658397986385451439e-02
7.423553757661549568e-02
3.047571424421713360e-02
-4.432667754313168729e-03
4.773891384794559656e-03
-5.103739191767520111e-02
3.203104633345477126e-02
-1.931374612679581659e-02
-4.111040202916438346e-02
4.342661129784897156e-02
-9.859789507919991536e-03
1.994217835804779071e-03
-2.871206845001417207e-03
4.241896210549800372e-02
-3.774588155837710346e-02
-7.562642855156775923e-02
1.959315208585810097e-02
1.930969290928619131e-03
4.549007171300223362e-02
-3.596868223697446965e-02
2.090574473881545714e-02
-7.851736534377096177e-03
3.601440476744510732e-02
5.632193833777554559e-02
-5.106596589350287374e-02
8.860303633977828497e-03
1.168554504235697067e-02
7.236368815400551213e-02
3.371792090169911660e-03
-8.634034202933182911e-03
1.463476181066347692e-02
-7.208807267321759582e-03
5.461772394697783639e-02
-2.925356519791710852e-02
6.962142513150437750e-02
-4.214047713657009808e-02
2.508047861639717269e-02
7.693125622782881479e-02
6.152696313351002644e-02
4.691689053378444996e-02
5.596011324932392839e-02
7.807118352055919530e-02
3.006567412166472053e-02
1.808472274212902242e-02
-3.322340683590296884e-02
7.549770888328399820e-02
-2.957924967139535788e-02
-3.278993636883775764e-03
7.844120072280302836e-02
5.171474766300088177e-03
-9.087799343773683702e-03
2.451351553150304952e-02
5.994675079135536322e-02
4.076324524419971951e-03
2.504518069276784331e-02
3.344451279282845135e-02
4.912388900832653782e-02
5.451508597406728995e-02
1.965456839335177897e-02
4.806458110876477008e-02
2.137093350484153831e-02
8.707727161901535062e-02
-1.892671327636374912e-03
-1.286462936261693057e-01
1.471964904114242412e-02
-4.685988976957600194e-03
5.666749639844226305e-02
8.439507006246405041e-02
8.223948801391867125e-02
-1.537445311457608099e-03
1.053493929481698066e-01
-2.238434206624795308e-02
3.566795956301982429e-02
7.656683976917655343e-03
2.222669762539863925e-02
3.037914243449080232e-02
3.091523019113062709e-02
7.738875367069075750e-03
9.663574348399572855e-02
-1.067533423476119125e-02
-4.468687175120922284e-02
-1.793126340428541354e-02
-2.325259099893695058e-02
1.228159709062803806e-02
-2.418612559979993470e-02
3.241034802878228760e-02
-1.172058578778756299e-02
3.341389683000306476e-02
-4.919478641940866481e-02
-2.389434893643227475e-02
-1.018700840804021013e-02
-6.439717580234871619e-03
-2.016198321872386678e-02
1.169621962575040364e-02
1.614240030587499319e-02
1.789175694961286922e-03
-1.340382606509260555e-02
-1.046250691224814844e-02
-1.624069208366440975e-02
2.238368351521291544e-02
-8.974480815036045556e-04
1.338973572130841561e-02
-2.818085085598376338e-02
5.889546519406430036e-04
-9.448041893252323575e-03
1.208763338329266190e-02
-4.829074618373230265e-03
5.538640524353022343e-02
3.874637034870342944e-03
7.316149972700269899e-02
7.307424947132101778e-03
3.236264038380243235e-02
-1.745463629924826066e-02
2.168781342134851187e-02
-4.640568035359393662e-03
-3.750579877063575651e-02
5.093213428285103817e-02
1.158327852705420824e-02
-9.458817608558156564e-03
-1.000982471696154619e-02
-1.418291977149799266e-02
1.963161764870680059e-02
1.472533799344422079e-02
-2.485708047443857538e-04
-1.860633094590014025e-02
2.184665292602305797e-02
1.377542452439772802e-02
2.660404882071043531e-02
-4.970819634721879154e-02
5.666031236408608507e-02
7.640289185002835382e-02
-1.961188056347751285e-02
1.061814173928343763e-02
7.130471375476776785e-02
5.299206218759611176e-02
1.770480771470417380e-02
3.973176124267840947e-02
4.061350734660651440e-02
-2.593347192700168335e-02
5.471322759542829317e-02
3.109902989842572296e-02
6.694290283775794492e-02
-9.979230822977136484e-03
3.449536532588615145e-02
5.545287611250948601e-03
2.777239254533414581e-02
1.587078252774598575e-02
2.120638425893073276e-02
5.080394317565484208e-02
1.805473491299105504e-01
5.527988263311467421e-02
1.365787228808468257e-02
5.070749411064401357e-02
2.659906525097466279e-02
-1.564957939397215725e-02
-3.250145930142611661e-03
-1.401977707639057158e-03
8.105701266046327902e-02
4.473996004339353405e-02
-8.234124523032337883e-02
-5.853895803011943677e-02
4.930627711054502704e-02
-2.176633202729827410e-02
-1.262226769137053672e-02
2.385499095632970246e-02
-2.907305790907210863e-02
2.107086228454235766e-03
1.991797698709629749e-02
1.325011827742272885e-02
-1.856149066134049619e-02
-1.300542996196130119e-02
2.964560982537278733e-02
4.682942069393236650e-02
7.720823453086778088e-03
-5.839640199102613671e-02
1.434125149111320496e-02
4.381566126521607707e-02
-3.618490633180315719e-02
3.235522805346979780e-02
-3.934378513522451826e-02
-6.265290991791516717e-06
-2.823751114278350016e-02
-6.073948063265000030e-03
1.188280915047013053e-02
1.251465233278503675e-02
-6.274019873659941737e-03
-5.867991341363509861e-03
2.682146128466644797e-02
-4.777250984711622905e-02
6.068355699435423745e-02
-2.254626410425464300e-02
1.694480536761178158e-02
2.422248960342754387e-02
-2.209936373862309011e-02
1.709366091036068624e-02
-5.331493490661198820e-03
3.777425895269459488e-02
-1.891721343380670106e-03
4.276775954526357282e-03
1.667391206327328845e-02
2.435903449916310137e-02
5.099767360893725510e-02
-2.215105553356266910e-02
8.473564125665333790e-02
-2.889802920188877522e-02
6.587281728368310496e-03
7.876743176897216259e-02
3.102133557400144070e-02
5.667084484247730813e-02
-3.999700309386389208e-02
2.331739364764162659e-02
4.357470118873241205e-02
6.355736148530111151e-02
4.219680275691661819e-02
-4.605986453784538526e-02
2.972585367362112763e-02
-6.270389121308328484e-02
7.766589640263577010e-02
-3.181484989546046194e-02
2.141412276129095460e-02
1.119512436467124950e-01
-1.136122766010450036e-02
4.032652152988758232e-02
5.297862850121903833e-02
7.989397934498487786e-03
-2.787608797240359593e-02
4.198320312627368267e-02
7.203889902277271773e-03
1.940457094592007437e-02
4.313462639739862325e-02
-1.245820828460031393e-02
1.414164271619755553e-02
2.113280217498214597e-02
1.869951399111617896e-01
-5.671660142012013850e-02
2.490100848037535286e-02
-6.732335888033302851e-02
-7.096784601023919947e-02
1.554950602340943178e-02
4.880984546597355589e-02
7.013653265569042006e-02
-2.700861041256930051e-02
2.603609065200007677e-02
7.537907227231110951e-02
1.300754256002587539e-01
2.651259181386578234e-02
5.777865214694477558e-02
-2.185480447046916908e-02
6.907549102092813698e-02
-2.106487471842832804e-03
6.002209288787074826e-02
-1.551552992478599791e-02
5.731161231139680901e-02
3.513716307365610803e-02
-4.948243812637365124e-03
6.637688354288617809e-02
-3.045892404011207866e-02
3.050182905338205686e-02
6.315646046577105821e-02
-6.017320115712698758e-02
6.488456977811551951e-02
-1.040452301172223315e-03
-4.182845777187527148e-03
-2.391296425772626577e-02
7.155145159192821680e-02
-2.276588373100407736e-02
1.146531658300276035e-02
-5.580138940413892357e-02
4.585658708856055199e-02
-1.421794186798175375e-02
7.759395876502361844e-02
2.555754056480541436e-02
3.383304508483053752e-02
2.129325114063407298e-02
-2.894588227683403403e-03
7.471486857613385268e-02
7.086863913712271312e-03
5.164952481998819067e-02
-1.790174566899871422e-02
7.515983114608104643e-03
7.590688807742385080e-03
3.586142009882653525e-02
3.264684260168859709e-02
-2.394627317512787457e-02
-7.600084152143526950e-03
3.638925511611157404e-02
8.233165613011461659e-02
-3.548502676790699084e-02
4.543497429295362267e-02
1.697673855667458653e-02
6.598611834009160404e-02
4.898921524387311877e-03
6.267015768778527729e-03
8.720150888154254432e-02
-6.930315893432359431e-02
7.831731051870516325e-02
2.429144894285406586e-02
1.800452030886212640e-02
1.694825556915668940e-02
1.124947507816196346e-01
-2.542884113811627600e-02
1.213872563243165725e-01
4.959592181430849678e-02
1.651853601834187835e-01
1.295763569604480026e-03
4.428374638907150995e-02
-8.523999570938634029e-02
1.865654740473132733e-01
-7.603553894460390872e-02
1.858828552566471615e-02
9.536905099119463713e-02
5.482229902328628057e-02
-6.387952534783503111e-02
3.645710423429981972e-03
-3.008468871537139933e-02
8.569508778871837151e-02
4.944196895005159575e-02
-8.331857031670208968e-02
3.310966925488356694e-02
1.709041157806012734e-03
5.022393581386008776e-03
-3.531109900204798535e-02
2.687279238095330314e-02
3.026968961888121257e-02
4.759513463068776318e-02
4.350409599882532063e-04
-4.783607664160394179e-02
1.430146401495435704e-02
-3.267099461013334150e-03
6.940175216978428097e-02
-1.249147507597059281e-01
-5.026395291848939628e-02
4.169087876540356064e-03
4.041542295756039849e-02
2.392388257642874549e-02
-3.118723928073352525e-02
-1.967808304448048773e-02
2.950490503245140061e-02
1.781890038095834683e-02
4.084754939842349941e-02
5.774256959279799872e-03
3.341929680356781063e-02
4.589665677906151764e-02
-9.815581520105087776e-03
4.072242354757205085e-02
7.211102762717791492e-02
2.063275483061688398e-02
7.549503724874151445e-02
-4.547324283739273554e-02
6.463313607298792896e-02
-6.038120668234436828e-02
3.490430761111018576e-02
-4.294352248842803199e-02
1.164683510868982363e-01
3.054291125984254229e-02
2.152655524531077447e-02
4.360286233263410693e-02
1.273642181064362777e-01
2.313551489026011154e-04
8.361920226453478655e-02
1.177993521989555425e-01
1.300826282444167425e-02
-2.431505575846615308e-02
-1.303558495813872398e-02
8.611667006022560855e-02
-5.181078757550139358e-04
-2.204486543427597312e-02
5.186947861985657937e-02
3.522992892124054976e-02
2.187814439265567401e-02
-4.537637575176223237e-02
-8.490144697137003149e-02
1.976397980610800076e-02
6.709029399020893791e-02
4.821253177221329622e-02
4.238257191524352763e-02
9.364118213547811820e-02
-1.597498633897309617e-02
8.317301411131783340e-02
5.579875378285792387e-02
5.317864091992885456e-02
7.656762624545132567e-02
2.419822845474772777e-02
2.349327208123361821e-01
1.619223458741991806e-02
2.246450873270877668e-02
5.236995578029002285e-02
9.165140943790978101e-02
4.338519307506250033e-02
5.486311842575530839e-02
4.349125088451766263e-02
3.211786426031768699e-02
1.231480937964370484e-02
-4.485150783108547701e-02
2.208724992858148578e-02
-2.426054695962492902e-03
-1.930231441579328272e-02
-2.448814244156347075e-02
2.778461941617129186e-02
4.540274949402316705e-03
-7.487435250064424647e-03
-4.010597367354701986e-02
2.008916794310820070e-02
-5.331719217778488340e-03
-3.326650803820485613e-02
-5.608174798843476583e-02
-4.007697116749397992e-02
-2.787575093393540593e-02
-6.476996801163137363e-02
3.836186673741970310e-03
-1.162430602837166704e-02
-8.791145876177286489e-02
7.290156579132456294e-03
-9.413963889990273337e-03
3.958337199882577817e-02
-3.932464524301626518e-03
-8.791896273921961935e-04
-9.799415666523425550e-03
6.167213537671378809e-02
-6.466121110736322564e-02
7.791782504000166476e-02
-8.963812211275934416e-02
1.068771806195085716e-01
-3.293853387059675342e-03
1.545436798484711716e-01
4.595087165557076858e-02
-1.958902190502596063e-01
5.716273664920046294e-02
8.427735107514000568e-02
-5.663577237715688995e-02
-3.056773336189477774e-02
6.711004167827772093e-03
1.911899876569678192e-02
6.195781461135396739e-02
-2.317212883983987837e-02
-2.980800822919493775e-02
-6.804613487604349586e-02
-5.535513903014210868e-02
3.329382275046466333e-02
-3.670425416886402559e-02
7.544234740142385931e-02
-6.307008138679126574e-02
4.750171218163501408e-02
-7.912071708221679600e-02
8.145139261440137446e-02
-1.227499367951923048e-02
-2.888848534600807483e-02
6.992607802632955227e-02
8.084145995082447911e-03
-1.151327990043604643e-02
7.126917502684904093e-03
-4.423197870369932616e-02
1.044907557077792148e-01
-1.020343835243870956e-01
4.230789920225275225e-02
-2.250564023631440591e-02
2.257564446661541879e-02
-1.504196541342972537e-02
9.483353442870567918e-02
-4.243380973421961855e-02
2.194673658554346929e-02
-7.025284712204982185e-03
1.004258984085995010e-01
-3.208877802121445910e-02
-3.294290584431980307e-02
7.905690800631592907e-02
4.477133301383240394e-02
3.449478254240023745e-02
-4.792257767909990918e-02
5.927007374460391276e-02
7.614177188532966767e-03
1.244930893390399085e-01
-1.569591251072477434e-03
-3.389137251418317121e-02
7.980408136818439857e-02
2.575980035701208593e-02
-1.609286653233343856e-02
-5.749274698517492510e-02
4.435305731262007001e-02
-2.845848134297224163e-02
5.166317846706736105e-03
2.421845998477012429e-02
-2.622715964992750060e-03
3.188788908311757098e-03
-2.405986368048118607e-05
2.665850547927739456e-02
-1.039842678713043256e-02
-5.209321369150243797e-02
3.167042794548935447e-02
3.152716734930427478e-02
3.514185362242683297e-02
2.106215395092236875e-02
1.114130880441877025e-03
-2.036053908423252068e-02
2.719163451383099783e-02
4.502745537446140034e-02
2.338408858802898393e-02
1.651769737100705626e-02
2.552255429943528497e-03
-1.219267483224539816e-02
4.503012000234019041e-02
8.427073451430011630e-03
-1.616926743141489098e-02
7.424288737318818221e-03
-5.707291626874422263e-02
5.488675793375019651e-02
4.870191455783956513e-02
4.504547718298068659e-02
-2.974034227445931933e-02
4.411978727700116565e-02
2.801014545037405767e-02
-2.023483423537353332e-02
1.687421172013880977e-02
3.071457148119094427e-02
4.478724421982249737e-02
3.122745127078330185e-02
-2.233740234725889451e-03
1.705334830620408582e-02
5.530725869402886019e-02
3.813721664441604986e-02
3.153202771077667776e-02
8.771737500407184029e-02
2.910489636481816689e-02
5.692902686230372211e-02
8.029742610678347603e-03
1.423011212564606609e-03
6.239654629995294854e-02
5.721040041113401031e-03
2.559441224220204703e-02
1.106811500637312484e-01
-2.980841664793931756e-02
4.195120649762085208e-02
9.970562968001561721e-02
9.475391593395232626e-02
-1.509761901721251576e-04
-2.407715895587991817e-02
-3.871252762646704149e-02
2.112651751850425086e-02
7.254086440901330590e-02
-3.529480737952006564e-03
-4.184508937054354227e-02
2.344231395086504577e-02
-1.707808448150682779e-02
-2.242287321479752293e-02
1.379960173420480274e-02
2.257173695142866698e-02
-4.291766790983086999e-02
1.312391555767211671e-02
2.964426986238533068e-02
-2.960590087872705389e-02
4.575163283411631809e-02
-1.710044546712508051e-02
9.561714233664941887e-02
6.624636681979767516e-03
8.247040777059844174e-03
3.353460446122613625e-02
-8.975837777521089578e-03
-1.485852130284350814e-01
1.587029731117117759e-01
4.097823242925557885e-02
-1.190087357302853643e-01
5.873289013644522605e-02
2.999296666829787128e-02
-3.068608871516875780e-02
4.446277050567770672e-03
-6.290189540246737820e-03
1.591152375032223176e-02
1.559899899558780945e-02
-2.596027410177903505e-02
-2.657794836590476883e-02
6.837682877146233906e-02
-3.780739267962585082e-02
2.902370864482550772e-02
-6.319075591747269627e-03
6.055208023540159523e-02
2.706366246417668542e-02
5.115958253653807297e-02
1.605894081812708762e-02
2.002750404800557327e-02
1.801236119045523942e-02
-3.548910750605194231e-02
6.502286982216443079e-03
2.197467590850721297e-01
-1.973290042666191457e-01
1.953331821017267877e-02
3.208719898499712286e-02
-5.727182911619643768e-02
1.734069338377963732e-02
1.626601604089561448e-03
-1.390006229904550139e-02
-6.480114855148544351e-03
1.333472536625035509e-02
-1.172247294391115524e-02
-3.211485895068943996e-02
-5.715955663847527290e-03
6.915474412713340513e-03
-1.852410593915476689e-02
8.259041941571343415e-03
5.789364843777899949e-03
2.780031673100236134e-02
5.498536265142917046e-02
-2.185699884494773926e-02
-1.806640490654354281e-02
2.657693659511162210e-02
7.376656125694580624e-02
-3.188955764097212153e-02
7.188143125597790117e-02
-3.833980900506350764e-02
-2.942728710629527455e-02
4.520800213601017248e-03
3.852921650497487249e-02
1.347152392596195902e-01
-1.212174089812396716e-01
1.047974253875150197e-02
5.652526876816388324e-02
6.770241900598339413e-02
5.179159950169465176e-02
-2.014217243248639377e-02
1.810235238316471040e-02
3.069725727650718383e-02
4.487798491220296171e-02
6.248525309340280387e-04
3.995388076335304461e-02
1.486136422948325375e-02
-5.546349711377729363e-02
2.352919303362277503e-02
6.208058535486449259e-02
-2.795800178051610629e-02
1.762903749459754366e-02
3.216315594109131482e-02
1.031992055930337493e-01
-2.460306828027825077e-02
2.669084606802574200e-02
7.363038803160693035e-02
4.742835572445547321e-02
4.790483509703102882e-02
7.421955231586396806e-03
2.691553968982374201e-02
-7.425919898388366747e-03
5.702534900512357119e-02
-1.577131900636197237e-02
6.567049939774527445e-03
5.369815753124518309e-02
6.903843664237041544e-02
-5.337066335384532678e-02
-3.410701992685227779e-03
1.602323185225373869e-02
3.677286109387312152e-02
5.011251730094334889e-02
7.344705453637034864e-02
5.923933211887222328e-03
-2.476397468281521519e-02
-4.425687693817659252e-02
-6.344613404326437944e-02
2.265316904805292353e-02
4.964479977303493108e-02
-1.261101722259216906e-02
3.416587812002025437e-02
7.164370118302842982e-03
-5.489056043049611588e-02
3.915797442164192788e-03
-3.104529803604205718e-02
-3.801316736904647442e-03
-9.506927110095864109e-02
-4.689362361216842245e-02
-3.131905339660856491e-02
-6.781295881670645898e-03
4.223241379796416339e-02
4.542832535898200241e-02
3.063352183919842986e-02
-5.217631787443410829e-02
-3.916933839860647915e-02
7.983032788496657872e-03
-2.912726413229593803e-03
2.022629633685935069e-02
3.887518001322676220e-02
-7.006588929067958382e-02
1.725481021010955018e-02
-8.048404833046696183e-03
-3.196857584900714144e-02
4.873841771880282892e-02
-1.542809350027551929e-02
4.702336025220077431e-03
1.987440665725070943e-02
-1.092893051375121161e-02
1.087417784077304717e-02
2.535438847203863588e-03
2.007641361806644653e-03
3.311769559643185090e-03
-2.415359578325571022e-02
3.551501195069883821e-02
-7.097306461929075994e-03
-5.458533826409261991e-03
-1.780853908576407463e-02
-6.384948186833661055e-03
-1.524774559003549967e-02
-2.470290288783250077e-02
1.911536691715109981e-02
9.394430628535843653e-03
5.671141126316836534e-03
4.409849084833838972e-02
1.600642978112620796e-02
-4.123446265183350334e-02
1.190573683103046676e-04
-4.668200844009096073e-03
3.092443186065896299e-02
-1.258790190739400572e-02
3.566534823512501617e-02
-1.062725276466025548e-02
-7.810718865378429854e-03
2.526564422919763686e-02
2.949400903932541951e-02
-3.737869808449811870e-03
1.461637175913255149e-02
-2.718176863350096895e-02
1.292779536302557375e-02
-7.230925827232770331e-02
4.266472839558144159e-02
5.353608941190923787e-02
-6.938615732047948015e-02
4.488823572993849709e-02
6.804907701401807785e-02
3.493831669612923463e-03
5.677347870492344128e-03
-7.018829442335228208e-03
9.905119493583747214e-03
-9.156955897015706114e-03
1.181451691847357210e-02
6.588913535544493882e-02
-4.358865365025943461e-02
-6.074354073127175013e-03
1.404869521104279428e-02
9.401399967043522210e-02
-1.440986274208633233e-02
6.204518595858132812e-04
2.481955119912315766e-02
2.917682554222134073e-02
2.426995008566157352e-02
2.588495445428495856e-03
1.397988454318355167e-02
2.212153147884343696e-02
6.656245180763642466e-02
-3.158472016011604211e-02
4.725954332415671644e-02
1.202567194472559109e-02
9.300108770657455892e-03
5.752717081180946934e-02
-3.538764586385134692e-03
-2.978718776371502841e-02
1.437572514656304534e-02
2.029117141199332508e-02
5.126375692305762399e-02
-5.688725397894778268e-03
-3.008720638707362838e-02
2.324352967976395234e-02
-6.155780425457102467e-02
3.153803995846971020e-02
2.050607328534583829e-01
-2.144468705547311060e-01
6.374783033113828878e-02
6.155028885409974393e-02
-1.170977263089554299e-01
-3.011769178044154671e-02
-4.807853492766245296e-02
3.553099391300573728e-02
-1.400452120157913427e-02
-1.737361822541849676e-02
5.225961727281491775e-02
6.108368281267484434e-03
-2.279282193725862271e-02
5.136585551399530658e-02
1.693907589094045818e-03
-2.918340596630208950e-03
6.094422096169660463e-02
-8.786994592685282157e-03
4.492250063652836189e-02
-1.840725399637177517e-02
-3.664659928326718941e-02
6.412308864769888928e-02
3.799273740346587047e-02
-3.258584016445587039e-02
3.327340384604093870e-02
1.311096976972070394e-02
-4.575286360215091719e-03
2.962900673704194077e-02
6.080971916703115099e-02
-7.567934284562483072e-03
3.888648857540033532e-03
1.117302253415457525e-01
-2.018425427771908254e-02
2.733478121043497744e-02
-3.860735973104190144e-02
-6.388833943327121290e-05
6.962182424879137521e-02
1.143282718676534859e-01
-1.317339773363574995e-01
5.733427523534673220e-02
-3.341274385302361871e-02
2.474474363739265215e-02
-1.214606711274801576e-02
1.503985260722684458e-02
6.350690839196371229e-04
-1.001932654318959948e-02
1.917176236736861661e-02
1.136049591027310512e-02
4.449067167019205016e-03
9.694564565506880172e-03
1.456960445440191876e-03
1.909060974164145108e-02
1.223078082438178171e-02
-6.062271629566140518e-02
5.758441956111282067e-02
-3.232670057650999240e-02
-1.465252219905543996e-02
5.552723038408569067e-02
-2.297484836646246364e-02
-2.959869035697737516e-02
-2.515837266761256075e-02
1.589573050840287216e-02
7.152419352792915852e-02
2.479650410069034194e-03
-5.719009856691248395e-02
-1.368821319751356569e-02
5.047451759813625927e-02
-1.980244188901814084e-02
3.050355446398267389e-02
-3.038939140133223304e-02
-4.166748720508373083e-03
-5.072342749347891200e-02
1.086070319086207547e-02
4.295885619671668820e-02
-2.184169652064493761e-02
1.016727416490503799e-02
1.174743202402828146e-02
8.300779240830280514e-03
-1.004273411908940261e-02
2.625665107172681090e-02
1.222342775757390143e-04
2.929505053780045998e-02
3.414777412894309805e-03
2.371143604542158556e-02
-5.445178628812996635e-03
5.101171450163599630e-02
-4.070245060412869265e-02
-3.891693209598701131e-02
3.977836244108168273e-02
1.337523259364625794e-01
-1.111281049323200598e-01
-5.735613716147236474e-02
1.319928057281338774e-01
-4.204956681390781270e-02
-2.113432216837285438e-02
3.778490878301798972e-02
-9.405164197541449056e-03
1.686158804687565294e-02
-6.251032429648972766e-02
9.906330976303179270e-02
-3.603494911286642122e-03
5.222342059270257408e-02
2.484254774635408225e-02
3.737261058970275940e-02
6.451306123667066572e-05
2.780835770324063816e-03
3.794499796706762851e-02
5.565753891087887872e-02
-2.542343314548634048e-02
-3.952884549360891064e-02
3.616842009750520504e-02
5.215355799387677571e-02
-1.569019461694454165e-02
2.612432196078873226e-02
2.652731533674312914e-02
1.752985840189857925e-02
1.383314784464517722e-02
2.390953768325121409e-02
-3.217650819693607112e-02
1.101037791352288409e-03
-3.563803343716753780e-02
6.139371523142811427e-03
6.346136695149895424e-02
-4.008437651158014425e-02
-9.047595288605791986e-02
1.991599976536368999e-01
6.903219649019542992e-02
-8.641993729219188403e-02
-2.570025006315979077e-02
1.923254131222962293e-02
4.584054477414167827e-02
-4.070795461117948655e-02
8.743046423545841606e-03
2.729781108993112326e-02
-1.763791441373729896e-02
2.329209477083549196e-02
-1.369944455688809626e-02
-5.664658700554880966e-05
-1.637109250484058975e-02
2.518384965900288819e-02
2.641398111706738661e-02
-6.126578089970724506e-02
-4.936224842063063889e-02
9.753819489309911717e-02
-5.326577018265954422e-02
1.547013337562042068e-02
5.935477459060778394e-02
-6.673457612950306483e-02
5.554077211629948607e-02
-2.004769039039744349e-02
-7.025282098369833861e-03
2.849573445082609346e-02
8.979192086977505483e-04
-4.752566336872376951e-03
-3.365519372922620711e-02
4.440222877925004141e-03
2.952661775169973524e-02
1.036626987125677246e-02
2.461303376399404108e-02
-6.545261400354940307e-03
-1.780994684307635190e-02
1.341306989755364221e-02
3.844294713440499223e-03
2.132613976323072258e-02
3.513519005725407318e-02
3.121079403521020978e-02
5.651243203412814609e-03
4.201368357007950749e-02
-5.561275566708356877e-02
1.722980538629470537e-02
2.713486285965571732e-02
7.319963722108790982e-02
-1.191958291390271540e-02
6.726954158865261491e-03
1.672159991395516521e-02
-4.950832223517842579e-02
1.821410838464943005e-02
7.178502279456244750e-02
1.354212817505247024e-01
-5.931030360229061493e-02
-3.393259146872740217e-02
6.151142975371981514e-02
6.644630315769450846e-02
1.141552613166219032e-02
-1.587925793953903764e-02
7.541933900716202288e-02
1.614697975995693646e-02
3.499470688486028269e-02
-1.147816238802501498e-02
1.695210923950440929e-02
8.969894959639290732e-03
1.388694983676908024e-02
3.219730988849001108e-02
8.438018560942728286e-03
3.864544998408492305e-03
3.350549307793448950e-02
-5.576101192166560416e-03
-1.124750042872779687e-02
-1.719193360433690643e-03
5.236072157486526546e-02
-2.838636183343401509e-02
1.799880182212132418e-02
-4.744052363696160679e-02
-1.095142946988769683e-02
-8.923387082713263307e-02
1.707619977124885668e-02
2.109083773977271647e-02
-1.295446577183834158e-02
-4.786728878884471960e-02
1.404903811099966759e-02
-5.010541016564018513e-02
-8.857401525317087909e-02
-2.165981182344989264e-02
-1.470348327255572851e-01
-8.249714894250437247e-02
-5.530934980694901526e-03
1.705032305110463220e-01
-4.854330838358511535e-02
-5.486308735277689586e-02
-1.991450416216822283e-02
6.812131377690588963e-02
-1.723228291215184171e-02
-2.320782368304019627e-02
-3.251617998369260576e-03
-2.169881322897349030e-02
2.210217021252613989e-02
-7.878411285241249118e-03
3.336657079857352493e-02
1.136348450841406788e-02
1.327525377955662833e-02
-2.932478175813635346e-02
-3.579354899221343089e-04
2.365230212759250605e-02
-1.759253874529598249e-02
-1.189498705800140499e-02
-7.394197505981470186e-03
4.079690945862113338e-02
-6.363462164106881147e-03
-3.525401203395484018e-02
5.371758622397448946e-02
2.310349769100961126e-02
3.399075793405259560e-02
2.611260762209521857e-02
-1.975725092153357565e-02
5.909183778890625405e-02
1.019661854077424934e-02
1.878861035893319986e-02
-8.143903052764134287e-04
4.210031250352885834e-02
-8.061789113649631133e-03
2.922422283134351595e-02
-5.234908710417229827e-02
6.658982757441034295e-03
1.355131024294953246e-01
-2.855237527501253147e-02
-2.700506142073977323e-02
3.912829447515364656e-02
-2.036802235871659761e-02
3.562753998760648244e-02
-4.646794860046155051e-03
1.108780235565665073e-02
7.286544759277147065e-03
1.335453069050696051e-02
4.027402926790357718e-02
2.258593798824248822e-02
-5.282655804950131539e-04
-5.346842692579256706e-02
6.337880372144732988e-02
1.296577219972876449e-01
-1.909484115358837109e-01
4.764663926392831428e-02
1.941044705249117541e-02
8.640773267681201020e-02
2.918511973273374416e-02
6.020730726641176922e-02
2.239864468964736233e-02
3.163126708801855536e-02
4.006508450419055123e-02
1.979251268434079059e-02
-2.499164932442199394e-02
-9.278053622447091087e-02
7.522055115640191580e-02
1.032141598629328083e-01
-5.894678702432831763e-02
1.801332165608382496e-02
4.098247121804909909e-02
5.234716663587013485e-02
1.387029486886293128e-02
-9.138964056894782750e-02
-1.350203660651350113e-02
-1.448836676824769576e-01
9.213898394660247071e-02
-2.547708139905524583e-02
1.162115372223637699e-02
-3.619948027563335557e-02
-7.739965926940595153e-03
3.190380435278861171e-03
1.126290326553402998e-02
-5.013297337986744040e-02
-2.045583569015763103e-02
-3.768798514434346103e-03
-2.220878588550401211e-02
1.118581311969357728e-02
5.783468238414246620e-02
-4.232954841485225828e-02
8.804393758812478765e-02
-1.490896478938474878e-02
-7.424572697849129987e-02
1.726004032215033845e-02
5.194017269868478337e-02
3.092417463459229410e-02
-2.441382792791380041e-03
-6.568715628540999774e-06
-3.387591394173994352e-02
4.077807541079780940e-02
-1.088616566293088006e-02
-2.451644994794044408e-02
2.795421819541843433e-03
1.810976641579653545e-02
-3.752375047946965303e-02
-3.269833765158391969e-02
-3.227827419846729384e-03
4.793267023378611214e-02
-1.170696479313226845e-02
-2.309928110752190733e-02
-1.953841011819701379e-02
2.746802464789865894e-03
1.861571550958451837e-04
-1.071328462541432103e-02
-1.436156620953177310e-02
3.933860340183370496e-02
1.564595629544029975e-03
-3.919021917529263987e-02
2.384027857759374314e-03
5.218687534918897697e-02
3.765015419425754573e-02
2.121356818015351919e-02
4.684072288287488561e-03
2.745715374070822890e-02
-3.543168889285697176e-02
5.589296702292134711e-02
-5.769202564330555560e-03
3.839593560987042409e-02
4.765853242288597968e-02
3.611100725733784600e-03
-1.973302506082452723e-02
1.135332866876970215e-02
4.682545067246124404e-02
-5.383837046237394119e-02
1.170845904072814747e-02
7.399670938374436346e-02
6.936011156646371134e-02
-8.991361274731435316e-03
5.848689033397347359e-02
-5.357759820474816692e-02
4.538787721311665635e-02
-3.651949386657848962e-02
3.203386033752808615e-02
4.454668165484587661e-02
1.589584278665778783e-02
4.286565954689480762e-02
2.849630073308295763e-02
1.829731827287073287e-02
1.658984602734614455e-02
1.556802353606911993e-02
1.749199891547936758e-02
4.253381126799560263e-02
1.384589557857163200e-02
1.521015847279372224e-02
5.570527442070316582e-02
4.002836091122263795e-02
4.498581647836497055e-02
8.313201668633607433e-02
5.851352208369631214e-02
5.710156457793713614e-03
3.921984932181366013e-02
-5.638204756175446697e-02
7.469687941487301863e-02
-8.809314230919285116e-02
5.096951665079862970e-02
1.767348686551610815e-01
-1.330209560947790415e-01
-8.313371319321150033e-02
2.740569388982216914e-02
9.758140907224444049e-02
6.443327499852768980e-03
-4.762137274702871181e-03
2.048479179524731464e-02
5.219230033030242133e-02
-2.634579623638422241e-02
-4.765443897098564641e-02
7.707567451876951026e-03
2.439388072091164261e-02
8.031811722413273458e-02
1.241278717730498471e-03
1.658343070522239060e-02
3.833850787357651058e-02
5.038316527949815438e-02
-3.154133481565768449e-02
1.100744284075139134e-02
7.979529103178073512e-02
-3.062484361776585118e-02
7.286299219782454983e-02
-5.869618686874522595e-02
6.064212906377708379e-03
-9.676667686018713965e-03
-1.324695605657311148e-02
1.129738837485794178e-02
3.339377297484746876e-02
4.355637907335818682e-02
1.472707840821474434e-02
4.592381741387230321e-02
-7.253809012819045776e-02
-2.133148752285363159e-02
6.364531752506064066e-03
6.126862183084025304e-02
4.960636961333975137e-02
-1.049248057222307295e-02
3.624479917655420991e-02
1.465294774728320704e-02
2.869520569366468266e-02
-2.610400900154852266e-02
-1.826777347420227571e-02
2.185674967131889801e-02
3.505548515353806849e-02
1.783112539138231867e-02
-2.742933579660666865e-02
5.668313518265577500e-02
5.330573673504979126e-03
-3.493914898466776719e-02
2.935845082546162388e-02
6.344527088728568742e-02
1.140314197200398283e-02
-3.435157181492032308e-02
-4.569100164520234486e-02
7.117120600616733128e-02
6.430950826849635149e-02
-7.755769935777756530e-03
-2.176510440539125568e-02
6.586481212538464192e-02
4.558424661742277451e-02
-1.988813721242621568e-02
-1.617125252301221394e-02
2.991816496672061731e-02
4.044686029647026615e-02
1.011970044652432676e-02
9.919434693180129159e-03
7.355758780847887479e-02
1.267629325781882699e-02
6.674327884560726787e-02
-4.242546403982805359e-02
1.019907640646668945e-01
6.899037654316186874e-02
5.214247306672747939e-02
3.465477952688278407e-02
2.195194773857434001e-03
1.539877268439449054e-02
1.058856280557938234e-01
-4.594521988489352893e-02
1.802800834805795560e-02
1.105742786749313034e-01
8.783536061916352722e-02
4.919715378288880281e-02
1.046678541599135315e-01
-4.030659367015276828e-02
-6.989711822862787471e-03
6.672580804542715960e-02
4.036993931155863358e-02
-2.373397703446245011e-02
2.113003882377695319e-02
3.254551009643558146e-02
7.664405850557765021e-02
-1.190076724168593891e-01
6.538489281243120566e-02
-5.934559558447194405e-02
-1.030299908238130335e-02
-4.673637579736689140e-02
6.310243446664220990e-02
1.088182816116090024e-02
4.677404678209873268e-03
4.933982774801548565e-02
5.122304547486766779e-02
-2.004886009265272051e-02
-2.431508257436654219e-02
8.924512684997942813e-04
-6.812195332226433919e-03
-1.426758625639878986e-02
6.220349545356107512e-04
-4.057264451907105496e-02
1.747849467137729818e-02
-4.111297348359510551e-02
-2.935964893831677358e-02
3.984991417116612311e-02
-5.189083401628202807e-02
8.545666346289504389e-03
4.014268250161379115e-02
-8.561018248482987758e-04
4.361054958290244699e-02
-6.926290467618079205e-02
5.967823025548968374e-02
1.383241134574930697e-02
1.197170094110155958e-02
-1.037624752151211638e-02
-1.704234661333225986e-02
1.603161640447936520e-02
5.137797406811595025e-02
-4.024754568743960093e-02
7.400496314159177302e-03
7.190611656630707671e-03
6.289565399124574796e-02
3.507589150676793111e-02
-3.022048432806556661e-02
5.761644377737074052e-03
2.956426177563420410e-02
1.282338328205367972e-02
5.064293934284869181e-02
6.556302851225792594e-02
4.026234113053916985e-02
1.647760973001588525e-02
7.200031383208616020e-02
7.635876361381654931e-02
-1.141273741027681865e-04
3.950415117994743319e-02
-3.121603466859301790e-03
4.072364807633954698e-03
5.949934926152788961e-02
-3.132584374968794272e-02
-3.127488167843317513e-02
5.267501846262701015e-02
9.525485169585623524e-03
-4.172619613558170570e-02
2.763002928379854062e-02
3.263962656327334955e-03
-1.830806884614677443e-02
5.169123755101612261e-02
2.694203953825402564e-02
-4.947944267589154954e-02
-4.374485914776959916e-03
3.042687935284837941e-02
-1.462735726784236689e-02
3.639346836313772648e-02
2.714053076618072602e-02
1.367931271803235482e-02
-7.652064228971910964e-03
3.717283537429283413e-02
2.377149109184295561e-02
-8.174286923729345844e-03
3.306979359379180750e-02
-2.824420030028518269e-02
-2.639655429074849735e-03
-3.577329802411477466e-02
5.078614108851331466e-02
3.425865672434103004e-02
2.941696910256519359e-02
-6.416811906984065672e-04
1.516675343716444857e-02
1.944184421521377715e-02
-2.790860338057754575e-03
-3.052112781629778837e-02
9.292219870613127597e-03
-1.012158399802398634e-03
4.106286646476142721e-02
6.758678680458540811e-03
-2.908478131206670980e-02
-1.594285554409902161e-02
1.228102406310549455e-02
-2.804504269487573254e-02
3.842830888819070978e-02
5.978902320135937032e-02
-5.669761811973206278e-03
-2.851438202456924031e-02
1.358629939397149045e-02
6.552634028639703345e-02
3.064182293230155452e-02
-7.464326446537317139e-02
5.969763078867273975e-02
3.748857108187486631e-02
1.388029838529991622e-02
5.267658446138545614e-02
4.408172623767514509e-02
4.910926754017763685e-02
2.070193536073716700e-02
1.216207208447261934e-02
3.926267853329079571e-02
4.672357377894531538e-02
3.801297522333557666e-02
9.105210243510120094e-02
8.475056497862887284e-02
8.823733496459595926e-02
2.806164160258939333e-02
-1.871039058071621852e-02
9.079415041671268227e-02
1.573647243830667009e-02
1.351010500581839580e-03
7.251992638292348303e-03
8.571444148050466616e-02
3.079936384730919130e-03
3.683325587229036024e-02
-2.572407735699266951e-02
6.692464435139378054e-02
-3.662977184277771414e-03
1.043934345784220952e-01
4.449319874216439707e-02
-9.968331473946268062e-03
1.336870833970205119e-02
-1.782626288332567199e-02
2.831052487083907110e-02
-6.010142842300059129e-03
1.060655922601405621e-02
5.474026252942443271e-02
-2.868712603900469560e-02
3.611897152904885999e-02
4.769754409391979699e-02
9.567033906402011567e-03
-1.207877252496913911e-02
2.059716178140846843e-02
9.985326140156236541e-02
-6.200210258084992709e-02
-1.132969407847284060e-02
5.481857478933904737e-02
-7.145116168501552956e-02
4.145071571988934167e-02
-1.152132383430437557e-02
5.107806357647515227e-03
1.504412509604868831e-03
-7.823581220276043524e-03
1.269140648276012584e-02
5.085989787743461221e-02
-4.119950048258047559e-04
-8.237923765928467645e-03
-3.570209437700322397e-02
3.572256988813915513e-03
-3.439295037432898994e-04
-2.707690882275715083e-02
7.315300133173163744e-02
-1.045635000057254516e-02
7.446736112775909078e-03
3.456044607553199199e-02
-3.014149288937062465e-03
-2.742519532757459189e-02
-3.590164701732545538e-02
-2.449524358053034589e-02
4.332996458276427987e-02
-4.813731189081282835e-02
4.209683099351924085e-02
-2.853089490492344282e-03
-4.443866628481751846e-02
5.041366529317858891e-02
1.060896430069835361e-01
1.563038397143889924e-02
1.568044057887840736e-02
-4.047119514534802676e-02
1.560396580663292454e-01
-5.374031940108725536e-02
2.600781879195945834e-02
5.877320418230702614e-02
4.249148497827981430e-03
2.880710467995140078e-02
2.024800516276803464e-02
2.521892919084001150e-02
-2.143076365029417119e-02
-3.033722432776508882e-02
1.326226652696327335e-03
3.775575150547938463e-02
3.183447098980085599e-02
-3.935901370451855286e-02
2.170861747585961510e-02
-5.948393690144948565e-02
2.042190026040113793e-02
2.084568630999550365e-02
-2.593772177643227650e-03
-2.654969937477158481e-03
1.005675753775658876e-02
1.455623134924355355e-02
6.700968841498511352e-03
-1.993548923923116334e-02
6.125910763137332182e-02
-2.329021846896583980e-02
2.589472887173549509e-02
3.276603783650422486e-02
-1.377818296179000868e-02
3.031140667064358141e-02
-1.110579158183133686e-02
6.364741559632047796e-02
-2.162590821941279273e-02
3.389749903686212207e-02
-6.591103742685788802e-04
-6.956761076439832436e-04
5.846969015914416090e-02
2.286105946143734968e-02
4.563614658572134886e-03
1.077552957184790827e-02
3.311534549181116560e-02
2.706444354731774027e-02
-7.569749704570138960e-03
4.465414437552395199e-02
1.230812655153412649e-02
3.828612774556638954e-02
4.351557983651366257e-02
2.601237608359774356e-02
-1.974153492277697097e-02
4.090823244910790635e-02
3.600685166671313553e-02
-9.874997047856215460e-03
3.242611510746318260e-02
1.650986907314644370e-02
1.401334498133577355e-02
5.375579656694062791e-02
-1.155649974782235745e-04
4.412427376595307038e-03
4.625604136821293011e-02
-2.110211238860104643e-02
3.449094901705329619e-02
1.090847314217713304e-02
9.356714818628608654e-02
-5.846850115361679201e-03
3.592445410053857202e-02
4.641431525429484672e-02
3.455151951605706095e-02
9.074176055067040281e-02
2.167591422470849238e-02
8.532881919446055896e-02
-1.446931305815013502e-02
6.862316298473114529e-02
-1.759569401289251545e-02
3.759215413981498166e-02
-7.733920959618556523e-03
1.910719167288466025e-02
1.750586231454365205e-02
1.632858101002332418e-03
8.694317901173076457e-02
4.639834122275843242e-02
-1.901768588556551620e-02
-7.586919358399235591e-02
2.779965096395242696e-02
3.272326481997533953e-02
4.614830115232426699e-02
-1.314777555048141089e-02
3.258720867648401409e-02
4.958259933042663548e-03
1.085566978905128099e-01
-2.939470629006568636e-02
6.954670113040672952e-02
4.483625170410521221e-02
-6.250642723585997373e-03
-5.010679438063725399e-02
-1.111890620554167874e-01
-2.275166037729992041e-02
2.217447598058930325e-02
6.683006552725134775e-02
-9.729938807683469193e-03
-3.344952809142354155e-02
5.655547245438308224e-02
8.374854920582697204e-02
-3.687736323682022643e-02
-5.623748889183377564e-02
3.941487278595801058e-02
5.656254814673022935e-03
-3.512671961611202320e-02
3.714900801849974066e-02
-3.517506837146378018e-02
1.358976870032457818e-02
-3.123557592123393789e-02
-3.023801308929541243e-02
2.193388946074170676e-02
5.304003420381264711e-02
-6.345101591907198468e-02
-4.846282520864964027e-02
6.535412488181391311e-02
2.706100870739058806e-02
-5.311507679186711073e-02
3.842529132571126382e-02
3.353436342474314102e-03
1.703627691005360489e-02
-5.123355138265894837e-02
-7.602772132825563745e-03
6.713241284407489573e-02
5.526971598270602470e-02
3.848532221945566434e-02
7.610781604725502802e-04
8.640010990581092898e-03
-3.397973745887572505e-03
-3.388089178502085019e-03
2.778869129592465015e-03
3.985397135086099496e-02
3.385199351269996271e-02
-2.651164615112699963e-02
2.733596498446821954e-02
-1.429827031271235782e-02
2.973771080071063722e-02
-1.011970735010203626e-02
3.462383816201519693e-02
-2.231693937722267762e-02
1.073161627835039766e-02
4.024194286013749178e-02
4.634336687128071119e-02
-3.353045770405094217e-02
-3.167578648961910659e-02
9.430409001104855804e-02
-4.271263578386363946e-03
1.347599187718095948e-03
-1.348153152994147064e-02
8.359517123693205320e-02
-6.290010964427938944e-03
4.932823956990350922e-02
-1.313335396232684360e-02
1.129876091330084265e-02
-2.199601353611324583e-02
1.949167576651333889e-02
1.782198743134344454e-04
1.909574217038123578e-02
1.762465091422660279e-02
5.317732765742633205e-02
3.415114008523545408e-02
-8.942360004777327731e-03
9.293803997981742171e-02
2.005743669367188176e-02
-3.817176291046342484e-02
9.993170110930993388e-02
-2.003770545541794235e-03
2.841566631320757708e-02
5.843768754028211276e-02
4.988720545431579723e-02
-1.390028338358861859e-02
3.674985350437465215e-02
4.968015841022088708e-02
6.515614475080866441e-02
3.040630382241849006e-02
-6.012198780876243376e-02
3.491502448170447082e-02
6.240187872002556091e-02
2.640983241799288450e-03
3.711056270010582026e-02
8.930417831636416892e-02
-2.123033776582472498e-02
1.224570510700071502e-01
-1.755965427169270399e-02
6.748840009787038241e-03
-1.881058102727428682e-02
-2.892366634419674121e-02
-6.171865838945578275e-03
-8.071385819006460238e-03
4.027104910168533003e-02
2.224857822371517635e-02
-1.720020799330934658e-02
1.404705506296122230e-02
1.202677296706200494e-03
-1.096908930629592049e-02
6.218583543741718067e-02
-7.197378107425267402e-03
-1.405351943778399004e-02
-3.090701561705277989e-02
6.927602684625555618e-02
3.509569528848599518e-02
2.837037150969612398e-02
6.070667716020339277e-02
-2.336512364701692768e-02
1.046552533106392957e-02
1.149313731030621177e-02
6.067575096229704812e-02
-2.385881300417391770e-02
2.451764489175944917e-02
3.937590158997750223e-05
-1.611934518959223794e-02
1.564038330395600696e-02
7.124933771508046298e-02
-4.239950529823799386e-02
5.229277941302235000e-02
-9.432106595431921647e-03
5.489495378965969508e-02
3.155040208388792955e-02
6.218374347805588620e-02
-1.732328260802895592e-02
4.446998880041030944e-02
2.362720391159123245e-02
3.957181276851740037e-03
6.706786086947569281e-02
8.374463605475557237e-02
3.778319889499481832e-02
7.784842682252657298e-02
1.441811361169209604e-02
3.645498838737082359e-02
6.885238730527598605e-02
2.663722907943411045e-02
1.808090130470629830e-01
-7.466346246425503708e-03
-4.493125765476202460e-02
1.413031268196274226e-02
7.047723870166588966e-02
-4.882154026319618367e-02
5.277629163737374007e-02
1.239397103904216202e-02
2.080221647252078476e-02
1.690781062726820494e-02
3.000775109043085642e-02
-5.988071988237098076e-02
1.682940140343669455e-02
-3.399401442856131439e-02
5.646559386205063369e-02
-1.357040429488209909e-02
-3.338057404413730112e-03
-1.376911163702554397e-02
2.969637142931080831e-03
-1.778021777857463626e-02
-2.271722303395962150e-02
1.222319738460773131e-01
1.168690874041344863e-02
-4.963115032865927923e-02
3.714402036114106131e-02
2.752423832576345042e-02
2.638218584019691448e-02
4.017702500717534875e-02
2.731577061125234351e-02
3.692671088477705865e-02
4.418852822355145982e-02
1.909224991834701513e-02
2.851311338796591599e-02
1.320490579057387315e-02
2.619529824272714968e-02
2.577869882243399857e-03
7.127019430192449434e-03
2.271814199049249083e-02
-5.067307108797103332e-02
1.168512922696409717e-01
-8.184586790563797010e-02
-4.538846393155249181e-02
4.213898555491768505e-02
4.455488542015806352e-02
-3.081991836504860416e-02
2.945708305102723301e-02
3.473152273799784417e-02
1.939016022805906125e-02
-4.227742542378232216e-02
-8.047616357679476806e-03
-2.013729814794906758e-02
6.018385214693511287e-02
-2.204270807349173467e-02
-2.745277228001885561e-03
-4.855192353461301735e-02
3.451098818220765807e-02
7.268178656181234487e-03
3.372695041265094673e-02
5.333465434753881240e-02
-1.531806440584260187e-02
3.406814934377422333e-02
-1.092610111420722063e-02
-2.423089126712296704e-02
4.860375797191007763e-03
2.266939148556446071e-02
2.413805073606312135e-02
-2.143683838923848839e-02
7.985955031494507139e-02
-3.224539930462988480e-02
3.429323808606588031e-02
9.833379500163275111e-03
1.532010406318118356e-02
-4.785929432288948959e-03
2.689754437542157817e-02
-3.286857848903323998e-02
-1.118757298915307175e-02
-2.945792165888150294e-02
3.090922749450841778e-02
7.200298129052251639e-02
6.901717285814301661e-02
7.374342040956483046e-02
-9.348606463885200668e-02
-7.556835775599957117e-03
1.074407348614503377e-01
-3.585791251624792508e-02
6.923359335076906262e-02
-1.874456056657525238e-02
1.477762419491313040e-02
5.655680701543319699e-02
3.205549855553480043e-02
-2.121721245603458428e-02
2.282835692726692400e-03
1.905222867282319044e-02
1.874673789813652292e-03
5.169611451815292469e-02
9.926824151291757659e-03
7.309750576523388332e-03
6.882146791030052668e-02
-8.783663846169798006e-03
5.355140712049943907e-02
4.269285098764186159e-02
3.762548071597482391e-03
1.497767028961471958e-02
2.807344673488842979e-02
8.545957872042442283e-02
-1.891994008712893915e-02
-2.565871325337232278e-02
1.661870346386051800e-02
4.655832042252172620e-02
-3.717685369555168151e-02
1.380496713299761424e-02
-8.804947546219965560e-03
6.981742114998579218e-02
-7.011175074710584987e-02
4.090931171606726480e-02
7.129826847004361312e-03
4.057131806229108406e-02
5.160303664039256333e-02
1.998734701106341660e-02
2.367933443542025174e-02
5.672361656909585825e-02
-9.577347097342592264e-03
6.937511771211957168e-02
3.408209835761843998e-02
6.633790762144209374e-02
3.303781690951734795e-02
3.176828822477884007e-02
4.869907272607287840e-02
-1.157004357392610316e-02
-6.780662397708647759e-02
-8.678813930525530740e-02
7.608471140968064983e-02
1.696567371053772089e-01
7.364894600657168056e-02
-9.168336689961642527e-03
-4.017597928671101659e-02
-1.139356669771964814e-01
1.756474462898172106e-02
1.173574366663694413e-01
3.419345378678334546e-02
4.388813708119210233e-02
6.734227502376011198e-03
4.989294522922116393e-02
3.288607105412680309e-02
4.209378878194069973e-02
4.526859912289094359e-03
-3.376649643604718448e-02
-5.357783310666443949e-02
4.565188017992186792e-02
1.349258886762179886e-02
1.476421065789736663e-02
6.009636191298408162e-03
-8.385659880044783743e-03
-8.136296013954064793e-03
-2.862970444835606296e-02
1.417977461421320202e-02
-2.875381539162577549e-02
-9.310096167125523833e-03
2.070760052821542935e-02
2.418158164034047743e-04
1.547383485272915173e-02
1.411845990697156716e-02
-1.948997570040397320e-03
-2.095581170557046097e-02
-1.385249381653618633e-02
-2.249247464000403158e-04
-1.542512637785064741e-02
-2.383947626378867327e-02
2.992749320916161804e-02
-1.006114716752575140e-02
1.508333297065864165e-02
-8.303081370928090676e-03
-1.718816515847371162e-02
-2.403249082360520150e-02
-2.577829393435898675e-03
-7.716803397676885723e-03
-3.415534128284292148e-02
-4.955592935598929216e-02
-2.295994584484245538e-02
-1.822313188685720231e-02
-4.512576134689560980e-02
-2.584347692436378408e-02
2.587360082282197382e-02
4.678998493642949619e-02
-6.683808435726246167e-03
-2.699897966580655506e-03
3.886702429012456328e-02
6.542283821006567024e-02
-2.838847279339662411e-02
4.323154889734603934e-02
2.035595523293354248e-02
2.974033324531299982e-02
1.433526579733068740e-02
-2.190800630166944707e-02
5.572029927904398328e-02
-1.546322937805144626e-02
2.876501553142074563e-02
-1.135912774372485057e-01
-4.451036368250615993e-03
3.427390941597008300e-02
-6.058761472035079088e-02
1.794729831419750177e-02
-6.675731065471257608e-03
5.906803229019330637e-02
-6.941940524218237485e-02
2.304453179258492135e-02
-2.280510977888128288e-02
8.814869906942135458e-02
-5.899622684118255300e-02
3.455067008705836606e-02
-3.000835408587376740e-02
1.325679771846122179e-02
-2.899065312705606523e-02
-7.751135917566376321e-03
-3.256769523976910108e-03
-7.306128881947593356e-03
1.989688779488330006e-02
2.502227552051117243e-02
-1.817858697949148450e-02
1.395939401137624714e-02
-7.652120575401877289e-03
4.954432411585107943e-02
-3.444149615633040895e-02
4.050673678593730287e-02
-6.632680239488042417e-02
6.622038875812097380e-02
-2.557130691632769626e-03
-3.600534016659229231e-02
-2.488611486614389356e-02
7.461064985677667849e-03
2.727610801813673547e-02
-2.720709953146860371e-02
-4.820888793436894915e-03
1.184006727788267099e-02
-1.307522696673735219e-02
2.458490605660546002e-02
2.248815291448380549e-03
6.257799193208901656e-02
-2.891969370144131801e-02
-8.950526274628334278e-03
7.996041256200125957e-03
2.527062675628499733e-02
-8.149033399794447519e-03
1.777803530618093930e-02
-1.861169749215285663e-02
-1.178063213271585141e-02
-3.216371193547118423e-03
2.417657558108965432e-02
-1.378223958768964863e-02
-3.184002472506231030e-02
4.080123782672595567e-02
5.413085733204248129e-02
-5.586383759705570995e-02
3.759576013206578082e-02
7.167110456975933630e-04
1.406634858295374713e-02
-1.040621133984398483e-03
-1.111671232076050231e-02
2.829749261376335312e-02
1.593328149771977564e-02
4.041592687215311841e-02
2.376625752893080090e-02
3.263523573341764461e-02
2.517262312441159722e-02
3.084263103499429448e-02
-9.547201106980152119e-03
5.029355436566129711e-03
-2.096673951909933109e-03
3.200741188440092699e-02
1.090383890035551140e-02
3.393024710939118727e-02
1.171974771017558759e-02
-1.180557407964699657e-02
1.607196756541573457e-02
7.266727680742945950e-02
4.106003340679098557e-02
1.102815355141517628e-02
3.142827735556585900e-02
-8.482758740462115199e-03
-5.250879876880221175e-03
-9.435937695922569368e-02
1.388510123043176225e-01
9.944210589582969106e-02
-7.603377169587033357e-02
-1.922911377498159879e-02
9.731882859928431273e-02
-1.598387192216477182e-02
-3.237819983674428137e-02
4.482638855513654264e-02
2.395676600883334117e-02
-6.841772559906367235e-03
2.119127652105534665e-03
1.032280003475594121e-02
-2.898744532127528473e-02
-3.389061563452977488e-03
2.855411122440698612e-03
-5.233670525694122944e-03
5.899714149440937749e-02
-2.359138649989667158e-02
-1.804959978689280042e-02
3.776860976166629413e-02
-3.147250693536673971e-02
6.908795490159658215e-03
-8.760641723886131160e-04
-6.004984443152450169e-03
-7.635160156384390717e-02
1.464157172856817013e-02
7.363517466124780420e-02
8.021891619797827389e-03
-7.212458394356646707e-02
6.364261000183724093e-02
-9.722861415536554475e-02
4.242845648913062817e-02
-2.838128415096607959e-02
-5.122567122318777422e-02
1.240848464017172414e-01
-4.911951837784478414e-03
2.940269859360622462e-02
1.181349398849285137e-02
-1.359937542422895440e-02
-3.940351989433676927e-02
3.998523613576510094e-02
5.298809220192279845e-02
-1.850556789040136429e-02
-3.894717858637974928e-02
1.161211757616060769e-01
-1.027313211105929103e-01
4.227807328215771321e-02
-3.923691935822759547e-03
2.768119101444188601e-02
-9.255481961751854669e-04
4.488664301092404330e-03
-5.909682568431251504e-02
4.298245232078512501e-02
9.839198143248806261e-02
-6.107485974096626968e-02
-4.126460205471360609e-04
1.696926261035902606e-02
2.637661269128410702e-02
3.763407680434704972e-02
-3.930404089180128402e-02
5.078599873436462353e-02
8.943224147741846153e-03
2.973470722521409648e-02
-1.277305611551238229e-02
5.242909276684692976e-02
-7.994728164093434231e-02
-9.301456064510782440e-02
7.340936431990741085e-03
9.298914893865306563e-02
1.288166825936130078e-01
-5.166407128859207276e-02
-5.586866126670320121e-02
-1.048749259922909793e-02
-2.477666128386646349e-02
5.814602282023950686e-02
-6.782289659404527882e-03
-5.172929205809917441e-02
-3.340133890116425697e-02
2.733795061562460660e-03
2.409838871060032695e-02
4.651680250692202812e-02
-3.155981371097937860e-02
2.685182997266855054e-02
-3.515893540054038091e-02
9.080540624109256775e-02
-5.286091655106739395e-02
4.222744784135090690e-02
-1.356036934957050022e-02
5.212195991602941447e-02
-1.985080698050034620e-02
2.176380286757462201e-02
-4.291245397712906140e-02
1.067871603763737021e-02
7.964797653276778355e-02
-9.695760728218871805e-03
-5.036410537588342784e-02
4.644804895870713324e-02
-6.224817474033295106e-02
3.032441140830233195e-02
2.627838337655674650e-03
4.890178828493851881e-03
-7.864236838243776617e-03
2.782610875514812676e-02
-3.545219372436148042e-02
3.361273431773947884e-02
-1.476346673323036818e-02
7.645661872301534601e-03
-6.349855478888777327e-04
-1.233159653781479292e-02
-2.985610703281071920e-03
2.156169573736499423e-02
4.685758320396526955e-03
1.434996745153149789e-02
7.677207557797105508e-03
2.841697949212074192e-03
1.801427162447977182e-02
-8.458507013729743562e-03
-1.384986830854906259e-02
4.649862483612987596e-02
-2.531143257232271182e-02
2.716583183519416522e-03
2.796008249989778705e-02
4.296190344924344373e-03
6.212861508143063816e-02
8.982758001862212183e-03
-1.949671551849108120e-02
4.321468355533530925e-02
-5.598662479062266328e-03
3.618108407981890373e-02
-4.077281945879085434e-02
2.368176124942933392e-02
8.947701499880089671e-02
3.550533600230543207e-02
6.951160837292214012e-02
-7.408917414471849483e-02
2.935738324006287314e-02
3.331145293671755603e-02
2.429248823416174652e-02
-6.705711828022486998e-03
2.924607316490823727e-02
-3.337497331633532127e-02
5.866202863220848496e-02
4.319528846519671283e-02
-4.518344052100387032e-03
-1.305744822939780558e-02
-3.255833341525526947e-02
4.854790607088232957e-02
1.754283478935092511e-02
-2.642855699117985235e-02
-2.137114330361677972e-02
-1.944307173168879910e-02
-1.835437015565744012e-02
5.082430227884260354e-02
2.214604353716864704e-02
8.083052865154138900e-02
2.056350781206250922e-02
6.004363118933597754e-03
1.531989479416240307e-03
-1.182844278853401043e-02
-4.073511054228706740e-02
-1.609411836174201582e-02
9.651127696337025164e-03
1.966293951597886114e-02
-5.051156577383209001e-02
-6.097680826981699553e-03
-3.288822990534345792e-03
-2.788966069765808076e-02
-6.645282658062090508e-02
2.256006550896572094e-02
-5.817146509596926585e-02
-5.147198124417440290e-03
3.656132674058654164e-02
-1.320307753270799633e-02
-4.253593055872917361e-03
-6.628106356235119456e-03
4.647666716902898454e-02
1.768062034461037602e-02
-3.133338694323350992e-02
1.652835199876068195e-02
2.716099344626954348e-02
-8.763861372141690254e-03
2.562163516509619043e-02
3.365721920372899412e-02
2.536904008709095493e-02
2.655603553519414461e-02
7.754924276377828107e-02
3.863687283878403100e-02
4.649870001209199799e-03
-2.389211370565180736e-02
-5.913665077407692650e-02
-3.641146770546632716e-02
1.581404716728140869e-02
4.428556946451323029e-02
6.372954376074435601e-03
2.881400674765433045e-02
-6.994259109407652275e-03
5.804499185899203439e-03
1.199838377272777201e-02
5.177829977869308209e-04
4.065183484933898583e-02
1.162145054628926921e-02
-1.262356724612945236e-02
-5.754985335732332175e-02
1.649145068218820231e-01
1.266850630838622926e-01
-1.845075238909434923e-01
-2.756274830276184140e-02
-4.526549073925245636e-03
-1.401591281786718213e-02
-5.449910036878780062e-04
8.910054972201875145e-03
-5.021566909009234081e-03
9.068597892664564952e-03
1.112186718208896252e-03
-7.338288384572955181e-04
3.530197026164394458e-02
-6.720717608420434530e-02
8.365004035027512330e-02
1.111039576748096280e-02
-3.492405371104601031e-02
-2.098398830524184078e-02
3.300699837058429509e-02
-8.181345725066790919e-05
-1.694252137842466865e-02
4.156110064388585101e-02
6.296210906920540751e-02
-1.444330269763627328e-02
-8.008501592287498028e-03
1.283099385983010876e-02
-1.914007376526694060e-03
2.041364230013620329e-02
-1.706686764142095747e-02
1.003282644726044559e-02
2.667935539095300790e-02
1.216341599764092507e-02
-3.553191738798355814e-02
2.933905614918019822e-02
-2.006517665658957839e-03
4.960172337275237098e-02
4.934742560821669954e-02
4.886931520958648356e-02
6.471309285924542465e-03
4.439587847440829016e-02
-3.933011115530238300e-03
4.730544231151645462e-02
3.838979331883018986e-02
2.559709496563544739e-02
2.409126705892816744e-02
-1.554433177894742890e-02
-4.967520752274467988e-02
9.407870916736382760e-02
3.772114174422180888e-02
-1.877763131859211398e-02
2.865448942435566693e-02
-6.469407027988793857e-02
-4.601520679424320193e-03
2.224061046680803067e-02
-4.699063792269653206e-02
-1.382671817789615787e-03
-3.734238775131593080e-02
2.855587222398936476e-02
4.037843529065732184e-02
-2.507821006865862401e-02
-8.362860484393497273e-03
2.578816220998780828e-02
-4.221048172333041748e-03
-3.003822346175577529e-02
2.190991565552646847e-02
5.329739341121131346e-02
-6.385554846123264738e-02
-1.971269243584705677e-02
5.033924251183874432e-02
-4.258839021623783694e-02
-4.181073530151513395e-02
2.574822859534808828e-02
-6.538493695480918078e-02
6.071897769782186316e-02
-4.023677703218897506e-02
1.417307966444392164e-02
5.783978787937549271e-02
1.042057718404931776e-02
1.247735127938742750e-03
1.216668405373999562e-02
6.400034754624117639e-02
-2.274181198771119128e-02
-4.801715726264577100e-02
2.044116646166216356e-03
1.691808526868499030e-01
-5.317828909088317957e-02
-1.819115313909547282e-02
5.179024704059687068e-02
-3.733139939335838875e-02
7.035223154791481193e-02
3.344093178523177556e-02
6.201279414556815084e-02
3.377879459139032647e-02
-3.374000142139399472e-02
1.855829760357519120e-02
4.366732242204385273e-02
2.536340887332011462e-02
-3.073340139681457472e-02
7.721001016803086259e-02
-6.267504257322364936e-04
2.128154416872618526e-02
1.347660717042753475e-02
8.854844057101907140e-03
-9.387673154470199677e-03
1.245728918201649549e-02
5.558711824372819521e-02
5.262133706927363264e-02
-1.855355239166334158e-02
4.959429698400352748e-03
-1.245663295773047352e-02
1.730761284434922942e-02
-1.642103355556079336e-02
2.361460971668583042e-02
1.429006590935788523e-02
5.341542084308281702e-02
1.403051467538452002e-02
-2.754822195463635381e-03
2.654721817151983743e-02
2.444419022323573998e-02
5.080487984954640268e-03
2.077236299264306751e-02
7.501225524141874601e-02
-3.326191904302167046e-02
7.501516449788248053e-04
-2.245293788778512933e-02
1.377589014350504293e-01
1.462199512365192078e-02
-6.758477570110210664e-02
1.054918199954815172e-01
4.404630490530969666e-03
2.395352975282927233e-02
3.872253258277780219e-02
-1.678719535384143313e-02
2.631204745415960389e-02
1.730581585664303645e-03
-9.446632273313326777e-05
-1.903586913276811288e-02
-9.017388555875971434e-03
5.050901426883580569e-03
2.822520358762892201e-02
9.079793571555860865e-03
-2.941424182152241329e-02
5.679405321315167399e-02
9.762851799456795376e-02
-9.561961003786834112e-02
1.176699503231537491e-02
-8.907497578758416523e-04
1.415181134909904159e-02
8.013852226963713576e-03
-3.152890158458099279e-02
-1.435275095549792823e-02
4.138922478270856686e-02
1.617653737942781333e-02
4.688536947938359845e-02
7.091256740639728662e-02
-1.342168571411672673e-02
3.384048447148613192e-02
-4.295110822164494024e-02
-4.711401577780094385e-02
5.160294712700652653e-02
7.393565494355902601e-02
-6.168112844221695923e-03
2.122876559429620613e-02
1.295704396269181657e-02
3.122523701506718652e-02
4.142798103075939764e-02
6.548711058635525717e-03
-3.054044813519185553e-02
4.020500572190233157e-02
-3.832643875103602937e-02
6.488680629155751944e-03
1.143880742233971404e-02
2.387963581784724454e-02
-4.461817802497858310e-02
7.407227722699083472e-03
-3.721374268348398573e-04
2.242190166707258570e-02
-7.492705219869222333e-03
-1.333530324984311122e-02
1.347494448916908283e-03
2.408538745262012171e-02
1.592522111780203531e-02
6.248208296311119625e-05
1.480253962637423371e-02
1.777971472166628431e-02
2.347706163227369913e-02
-2.080681168035170003e-04
2.579179049696378456e-02
3.735753732894853130e-02
-2.555701447663860648e-02
1.451804468701567430e-02
5.825873180573060139e-02
4.766469667407813304e-02
-6.150382487909222817e-03
-6.780822420986432064e-03
-1.309351135600955729e-02
5.519611149119851845e-02
-2.794198101129885536e-02
8.195510459165777917e-04
3.280572827953354142e-02
-2.953150905190748965e-02
2.789293788654889639e-03
3.317134788164199932e-02
7.080739262555368896e-03
-4.073720202070951757e-02
-1.571389604928041805e-02
-1.094676424606033649e-02
4.045766448255116998e-02
5.794649846437849305e-04
-8.946170443942857986e-03
4.005079933119626290e-02
3.758550785364489499e-02
-2.160745842272104866e-02
-3.705910141307589001e-02
4.236071619847514569e-02
-3.765482376524520447e-03
-9.964245998850262964e-03
3.478721030653408874e-02
-2.862856480624120792e-03
-3.800605208843510496e-02
4.778684530919719009e-02
-1.865029503573900627e-02
3.271444190922867534e-02
1.521457009393900606e-02
-1.825987253663896581e-02
2.343935882915548774e-02
-2.734083378110163665e-02
7.997571768143085791e-03
2.379798929886423053e-02
-2.126526049532362350e-02
2.108883296473829105e-02
-1.246276041985350247e-03
7.658947278223138255e-03
6.329168645047733577e-03
8.963265604135628450e-03
-1.202875619145693520e-02
3.656526034359730559e-02
9.670101136597608615e-03
5.618425269945381828e-02
-1.633645332613964385e-02
1.845079558102380446e-02
-2.858747393766036815e-02
8.004620188759514754e-02
4.878595912901295684e-02
-4.236169296889280567e-02
-6.234561601239851925e-02
1.695501487346429137e-02
3.388997533027016118e-04
3.322352090470093167e-02
3.609547952912639524e-02
5.128105546052519337e-02
3.041175215497671225e-02
3.442737811169660489e-02
-7.754370943939159488e-03
6.608163847436543392e-02
5.018204459195763079e-02
-6.621351632856287139e-02
-1.399192493617114064e-01
-6.574788774363005128e-02
2.957063832820705507e-02
1.219253401485843602e-01
5.521514161729379477e-02
5.862797307868561347e-02
1.344399215096170330e-02
1.152739789751218158e-01
1.385811104820418027e-01
1.116964518562585384e-01
8.741031936387977375e-03
8.155215342598709505e-02
2.048495293726926292e-02
2.619553875522306896e-02
8.524505890142120013e-02
1.420457778522488113e-01
4.700872306684711344e-02
8.038672624466602912e-02
1.249083190649236119e-02
1.679139911240852268e-01
-2.531151828149003080e-02
6.630617735509336530e-02
-6.363695104101885214e-02
4.077371927053263789e-02
-4.380748029567649304e-02
1.133873044687394582e-02
-4.229642492253349317e-02
-3.259279520739966074e-02
-5.917610701658149175e-02
-7.965732859001550814e-02
-1.884950165105259146e-03
-3.558531293672118068e-03
6.249549634898654560e-03
-2.738012853767024524e-02
-3.867511713528060113e-03
-1.162995973414782114e-02
-3.621966255604136542e-02
2.292738692281770518e-02
-1.308351566007082134e-02
6.667992220760199373e-03
1.664797396422224018e-02
-1.595363335832189478e-02
-7.040579469828944781e-03
2.784854315613927156e-03
-1.699020721014798951e-03
-2.019856290737309656e-02
4.117799486182849300e-02
-2.727618897814609866e-02
1.934026249142184462e-02
6.990327863628298388e-03
-2.941733577024585600e-02
3.302405004566821844e-02
-2.497515925250293201e-02
9.510417148753003147e-03
7.660557969424441893e-03
-1.332135231931252939e-02
9.619470027067089646e-03
5.914953028491654052e-03
-3.659952350276718391e-03
2.889617639289299156e-02
1.315266718858199013e-02
1.938721384469044295e-02
-5.088863745743577027e-03
1.208695453719776935e-02
6.612373389460368678e-02
-3.210977390008529220e-02
3.676731893109885796e-02
-1.422047860043940126e-02
1.305906347891294672e-02
1.100954297696787876e-02
3.072059820352790460e-02
7.279166626904753912e-03
-1.675580329311121552e-02
-9.258564929230050922e-03
4.948514616994970083e-03
9.538736538332148740e-03
5.226207813134720048e-02
1.624360074948216770e-02
5.831331616099166837e-03
4.642350297176722762e-02
-4.859012510353433179e-02
1.071307533092413777e-02
2.184628106453323504e-02
-8.255273386497963273e-02
5.988972144961346444e-02
4.193908747780472623e-02
-4.994062944917665448e-02
-2.718350087978027574e-02
6.193005038142262997e-02
-4.655298913659033921e-02
5.002557393719464507e-02
-2.162510610556434010e-02
9.635853084897449961e-03
-1.547227291106567648e-03
-1.165394274949460574e-02
6.190482562728449878e-02
-4.825031072073659999e-03
-4.322381197088276394e-04
3.130292776451781833e-02
-1.024627654064858007e-02
-2.266519537875888446e-02
3.933858958242231196e-02
-1.680613250899476441e-02
1.986304957162587925e-02
3.469813469320959243e-02
-4.732671675476884943e-02
-1.034564312137087327e-02
6.856536010286617966e-02
-1.678633223251368989e-02
1.897609191789495497e-03
1.492508200608888558e-02
-3.372015036009434752e-02
5.538652681146905010e-02
-5.852279711757235603e-02
4.174599893525599015e-02
-2.631518060345339194e-03
1.075882330002064791e-02
5.269866459432348549e-02
-2.336974077252618187e-02
1.248088757263809967e-02
1.691213407575364869e-02
5.474874617749714290e-02
-9.369835522052527566e-02
2.436768112433940203e-02
3.196530247938600411e-02
9.537234463047994382e-03
-5.588446449396489157e-03
3.072611373319444894e-02
-1.018744517290626206e-02
-5.702117054004851582e-02
9.302616722943302108e-03
1.566511263808507692e-01
-3.151207664883726167e-02
-1.500985470638271924e-01
1.060414777593581270e-01
2.045848381722192855e-02
-5.156465886275318766e-02
-2.923523543709105610e-02
-4.006349832113320630e-02
3.359538862586086694e-02
-6.482072001652738891e-03
-1.467352015272949117e-02
1.429556686930988363e-02
2.208354944789148178e-02
9.629125049178011153e-03
-3.751396405635265552e-02
3.781409736609608885e-02
-5.020504223941468780e-02
2.263485969259670938e-02
3.774253060728804954e-02
3.973084766651702182e-03
-3.400173886379587174e-02
5.820618933197652112e-02
-4.399609154197348104e-02
1.157410654635482317e-02
2.062127219880416362e-02
1.366382578841074391e-02
1.855341432944346280e-02
8.910115007042751500e-03
-3.897990428890896197e-02
2.813004405156949161e-02
-5.570102677527888346e-03
4.255374139374579201e-02
-8.352980206167703869e-03
2.194202685999302460e-02
5.603693843949009157e-02
3.018145827612617182e-03
7.462499080106876903e-03
-8.126285041130865139e-02
7.839412812572654765e-02
5.160037324543220727e-02
2.131518913823771122e-02
-9.363651851043730545e-02
3.217153725486765481e-02
1.146101683544609173e-02
1.080120512164683966e-02
-1.232278433782840743e-02
-1.022080476113407244e-03
-2.321705136421714499e-03
5.598126775729594939e-02
5.877454273290005915e-03
-3.978096756480864471e-03
-1.319113976275376743e-03
-2.901778799536680609e-03
4.638669991764343692e-02
3.456067538055895838e-02
-5.738243431350520396e-02
2.353821466326877498e-02
3.540228889520324884e-02
-3.279804720801493545e-02
1.423851893551075776e-02
-1.365800323082377865e-02
-4.518798295564119272e-03
-3.143723141452481329e-02
1.754059068653690545e-02
-7.568660925034387255e-02
8.899276688823598569e-02
8.332706984068738443e-02
-1.010010180509712807e-01
-5.271847354120162699e-02
2.314969555030854664e-02
6.924714580331192693e-02
-4.783646049390211097e-02
6.460925851411669640e-03
4.939559127817028106e-02
-2.173823752153247746e-02
3.454889150724449465e-03
-1.701286833314208380e-02
-1.329720912462017957e-02
-8.816643776901278429e-03
3.673892680597168336e-02
-6.944393740391241465e-03
2.490300479970253278e-02
2.555915364697503023e-02
7.623752924672988485e-03
7.141455462416512745e-03
3.868350303944723123e-03
-3.497182165101531126e-03
2.244431779774824776e-02
-2.424728034174217228e-02
1.796025699269510056e-02
8.102421289672756544e-02
-3.782021729634799101e-02
-1.736667709340200538e-02
-1.350910815893913153e-02
4.645579200883909188e-02
1.779032461625993378e-01
-2.977660428052542052e-02
-1.206198774093030224e-01
1.110640354076224412e-01
-3.147093618262641890e-02
-1.189414103390751265e-02
3.666208325141506741e-02
4.249512189113402449e-02
-3.915495498752363801e-03
9.486434270715715655e-03
2.596612958516075764e-02
-6.376771109524392855e-03
1.350540184898130214e-02
1.164809658819598859e-02
3.844750272412467140e-02
-3.868558004446209786e-02
7.028166147896519611e-02
-3.285227466561679854e-02
6.982812757382106383e-03
-2.090352390919925085e-04
3.440324830009444668e-02
3.994152723831412288e-02
-3.501015174243615746e-02
-2.231190697488916186e-02
3.248695477675123122e-02
2.261446560796742666e-02
2.898350317013331789e-02
4.374556787513084188e-03
1.430691589238186623e-02
-1.878255100255099563e-02
1.299742709694728937e-02
-5.137023792358252905e-03
3.725090186965052119e-02
8.595074511950073770e-04
-5.748989997241160665e-03
3.527251115945539972e-02
-1.282308261450149089e-03
-5.764199525947333314e-02
6.997064996683066695e-02
7.168804285079710681e-02
2.883141607462369471e-02
-5.881841612555893661e-02
8.822565499706347403e-02
4.201206263830270515e-02
-2.950726717613738614e-02
5.456692620847647390e-02
1.180396052785925853e-02
3.913434833634177323e-02
2.887268344070847981e-02
1.374285225560689661e-02
8.684043073905267640e-02
-7.259198050294513038e-03
4.395227189751849117e-02
-1.908529779930701054e-02
9.351908336128200716e-04
3.331946609397284931e-02
8.618256605369856160e-03
5.223416790788903974e-02
3.026675754790120187e-02
4.202200965758962070e-03
5.792454562104865090e-03
-1.947713289726316077e-03
2.750550623970893227e-03
1.483729549745471665e-02
4.983200882958005451e-03
4.587485644991584621e-02
-2.839181723999217866e-04
4.561600290609546526e-02
1.584566933912556763e-02
8.318873553031291834e-03
5.706466790003505984e-02
3.052820858011240368e-02
3.797815094316603357e-02
1.441301251468596334e-02
1.194461431972548837e-04
4.576423122334660754e-02
4.080874507607301638e-03
6.473099479253807687e-02
5.492312160662349285e-02
6.803469410487794633e-02
1.365316547218395904e-01
1.488474378645259222e-01
4.086453915731413922e-02
-1.007233645716695269e-01
5.871418856579502243e-02
9.179395102535103934e-02
-1.247382538613339698e-02
-1.143304484873324256e-01
-3.325264834936025871e-02
-6.840159225184438974e-03
4.405617613999601723e-03
6.843390432737961326e-03
-4.934906364045144045e-03
-3.752634467150428588e-02
-9.340133072482270649e-02
-6.870658561072140458e-02
5.662941445085656333e-02
3.394275136558988493e-03
2.924463293240409101e-02
-2.508000214532346561e-03
-1.481425378934408954e-02
2.088679938493065436e-02
-2.948911785101393512e-02
-2.372251391256452457e-02
-4.535551421132955063e-02
3.515388599517055290e-02
1.160710171571066596e-02
4.422886579321216871e-02
-3.676580895782111114e-02
4.438279048995941167e-02
-3.678041609816484758e-02
1.302249928316445704e-02
-3.975243276358875200e-02
-3.554497989290972271e-02
1.052640758203355897e-01
3.448073059922385220e-02
-4.385506420356621859e-03
1.427960064897271231e-02
1.064270998248595390e-02
-2.540419706542840217e-03
4.734197111507509881e-02
8.272675507756899194e-03
8.856039910449586827e-03
3.813604983038021423e-02
2.535218654597937160e-02
-3.401545571594311035e-02
8.402609527470072948e-03
2.913650879243778746e-02
3.095083123888509036e-02
-3.194628559702805681e-02
2.877268392840170996e-02
3.933861074988542761e-02
2.164003757061072619e-02
-2.299599300337695773e-02
3.984111230475728682e-02
4.792515286562659682e-02
-1.906493588602087286e-02
2.229425124743666942e-03
3.974051230260200462e-02
2.023283375165196851e-02
-1.351512185214187589e-02
2.966062087769683053e-02
-6.864820070652921657e-03
-2.587203170360430349e-03
2.600115087790477730e-02
5.320047323518872773e-03
6.754200982070024395e-02
-1.032705192846994358e-02
1.074000860295991622e-01
4.836237546623500805e-02
3.260715534390457027e-02
-1.496828174344266849e-02
-4.222210670188975001e-02
-1.052203229542625351e-02
3.093850101453021750e-02
-4.384394573094063663e-02
-9.267647792680522301e-03
2.926088220189437816e-02
1.588810764265680131e-02
4.112368939529631451e-02
2.119137297548412402e-02
1.117120719547060048e-03
3.756214318365747040e-02
3.837150117214960243e-02
2.117418013740657301e-04
6.557482280639093108e-02
2.731097236772916936e-02
5.350032203557220090e-02
1.189974490452694322e-02
2.601427550946067146e-02
3.917770196955427942e-02
1.023468723272273895e-01
4.012679793343532086e-02
-2.536531742196024286e-02
2.576178664784989358e-02
-6.890595865474585802e-02
-7.762596453947723241e-03
2.969396023588277700e-02
6.413234740438034098e-03
-3.985564216223980161e-03
1.955157389810557866e-03
8.294033610268591872e-03
6.077717507712121492e-02
4.287301510674562666e-02
1.175956590173719840e-02
1.549041849337923910e-03
1.124444424066678612e-02
2.681370655821831064e-03
-1.675172218196141830e-02
-1.281723974488883054e-03
1.415713376161218361e-02
-1.262702958788420801e-02
-2.061510817500769241e-03
-1.980534150083207434e-02
1.550979520815058688e-02
1.711455673231675884e-02
-2.173080175547517472e-03
4.379270148520632636e-03
6.530947634303004706e-03
-1.676022822291729775e-02
2.210203608061982270e-03
9.429965666841469418e-03
