-5.047104148288864868e-03
-8.287441578728004313e-03
-4.566390112667093569e-04
-6.021534260005285792e-03
-3.630219379519576683e-02
4.346810982575333854e-02
-8.813884728942209673e-03
7.437864343672698567e-03
-1.876973310553908814e-02
6.065992684480429669e-04
2.347165615446758676e-03
2.751300477338741723e-02
-7.545743381580330422e-02
-5.897371642944458647e-02
5.701955379596200524e-02
6.363463407975598896e-02
-4.199901838517289959e-02
-5.607664036816908948e-02
6.737982334479089563e-02
-1.239666157866002767e-03
-3.185664508471173356e-02
-2.158746614355179158e-02
-6.435839775608097335e-03
-1.098699888764388330e-02
3.483183786822770245e-02
1.473505256860216384e-02
2.864989729063474166e-03
-1.337972069095302516e-02
6.983498860360633220e-02
-1.466670017753923284e-02
9.723009851897780956e-03
2.195395057817722123e-02
1.520657938690928544e-02
4.087401756003013892e-02
1.466319004292632872e-02
-2.866607956458892131e-02
-1.971882525904248423e-03
1.806365750566742145e-02
-9.273388340242719879e-03
-4.784587059026327097e-03
-4.832624530179568945e-02
1.277098602964923078e-02
1.076286903638802028e-01
-1.969516324574583505e-02
-2.583186673617337767e-02
3.066369836710293451e-02
4.434441787010669211e-03
2.747779242873676919e-02
-1.937185835554154981e-02
2.808104640137237124e-02
2.829136907854939986e-02
1.421706377831957399e-02
-3.586862383469456399e-03
2.594775088675665281e-02
3.744294750122657139e-03
-1.420908068231199750e-02
1.704225905889019191e-02
-2.872848422745648972e-02
1.564559835535821175e-02
2.696111055645846258e-02
-1.309878041076348310e-02
1.916516241694867992e-02
-2.369600692407593245e-02
9.870307935172694530e-03
-1.581954105717365416e-03
-2.927056604264100664e-02
3.220033253265534162e-02
8.972197485816039986e-02
-4.961871917951883593e-02
4.134690174651204503e-02
6.872738270523549506e-03
-3.903659061669027385e-03
1.953597813371669295e-02
2.748727354347399801e-03
1.820706347492706892e-02
-7.035514458312636631e-03
-1.230295777340635957e-02
-1.170026946850672225e-02
4.974329141442191543e-02
-7.138973598858001229e-03
3.245617799736857240e-02
3.391570943814529310e-02
-6.443151827180431182e-03
8.497899420588773609e-03
2.540888618003097482e-02
-3.686156255918343616e-02
3.363990095702969283e-03
5.376020571142244714e-02
-5.433702671654517050e-03
2.023570687507514690e-02
2.446824464142420552e-02
8.044604389354823026e-03
2.673460604296261367e-02
-2.297738419625204066e-03
3.132553479485984671e-02
2.967245939811212485e-02
2.111621165633137398e-02
-3.717201429056356254e-02
5.152621949867461359e-02
-3.632056773186457393e-03
3.149601716548589697e-03
9.802235954760461084e-03
-6.503651447010380150e-03
5.119737425803981556e-02
2.385277188536802373e-03
-1.418775919716344473e-03
4.903320008348525938e-02
-6.186067953567270239e-03
2.618380802834482241e-02
-6.156481766679543742e-03
3.000258924800175767e-02
-3.037506845655922952e-02
4.934363675512358494e-02
3.500581520085573051e-02
-1.549484700636305501e-02
5.980737487294960318e-03
-7.085781968101042237e-03
2.298742072536918632e-02
-8.615441249351835779e-03
-4.561043290500164937e-02
3.040494604010970936e-02
-1.926241322201114464e-02
7.219471168786928406e-02
-7.652487827541197378e-03
6.616599577646280553e-03
5.954065692165550275e-03
1.232905507891590355e-02
6.549447180891076331e-03
-7.534280291885390828e-03
-7.418066413666584563e-03
4.687379226793356862e-02
-7.549387165450032432e-03
-3.633919525812318724e-02
4.739321752055439957e-02
-6.502979240491749136e-02
7.166990443868610783e-02
-5.085676291567764462e-02
6.098679736941246127e-02
-1.426748730244225064e-02
-4.939228059911706520e-02
-2.771286647666390546e-05
-8.454334258054269774e-03
3.488431850327363554e-02
5.665700825950223223e-03
1.367547218037667295e-02
-7.806827890582740924e-03
-2.940436575280154854e-02
-2.882748048333828167e-02
-8.255173374761681782e-02
-2.617210658795554590e-03
-1.322750974554273151e-01
-1.503870674560883192e-01
-1.272119117026471458e-01
-1.193870387057610616e-01
-2.008801501325087058e-01
-1.737214515410332449e-01
-1.778592292446705136e-01
-2.447364745635414174e-01
-1.365282694595402746e-01
-2.779591145715935019e-01
-2.722119266951462668e-01
-2.427669065470316467e-01
-2.215553655389060905e-01
-1.740127494423084897e-01
-2.222689515468050936e-01
-1.074681661759786522e-01
1.028197735815416514e-01
1.539292808136433766e-01
-5.250381145438021147e-02
-4.620424069437900627e-02
4.199294071855856885e-04
-2.879304328690162826e-02
2.754385941741117894e-02
1.757348465341409052e-02
-1.757338501414035942e-02
9.425182946102075854e-03
-7.645544681514989185e-03
-3.411886040676329057e-02
1.408517441781991994e-02
2.356601801294273477e-02
-6.876343948285726891e-03
-1.153306168130283256e-02
9.833573977188682803e-04
5.798485726141769034e-03
4.114554839547802240e-02
-2.888152924011418501e-02
2.241078474763021772e-02
-6.595144663250387951e-02
-2.736007203847114558e-02
3.914770565764103677e-02
3.296699658686742807e-02
3.499320127462404728e-02
-3.723550588824318941e-02
8.030578261389273095e-03
3.477547601815962619e-02
-4.265070033927748083e-02
2.223420035894115715e-02
-1.940596329224501815e-02
3.459422687395643636e-03
4.275289845332192612e-02
3.991651930529432207e-02
-2.322719115904613857e-02
-4.786038870933157635e-02
3.563063587799489979e-02
6.216329342315200790e-02
9.481832014446991974e-02
-7.999680307089687692e-02
-2.652805055002596668e-02
-1.773001478892457378e-02
4.314254028349595593e-02
1.530379530691353823e-02
5.613714982036064781e-04
5.060235185321915879e-02
1.490910589758049493e-02
-4.210144396562553321e-02
5.966409764982923136e-02
1.479550915461500492e-02
-1.243632366997188959e-02
-7.558207253783240029e-03
1.589223474471887151e-02
1.006260823952617647e-03
-3.948075669103481844e-02
3.435261294091394857e-02
8.373386414661339316e-02
1.579112770777417463e-02
-4.896102992541934151e-02
2.324554340180095408e-02
-1.354917269114928359e-02
-1.821586953696916270e-02
-2.938984052522767773e-02
-3.534899235583929128e-02
-5.061085925584571550e-03
3.151229820098942758e-02
6.609804112365939843e-02
-1.955354102573700348e-01
1.269776585060551077e-01
-4.226437652345618051e-02
-6.469858411572319834e-03
-5.360042236386159537e-04
4.324706920070526400e-02
-1.284905556908444990e-01
9.415447304751334290e-02
-3.747973550129298642e-02
4.258185697238178052e-02
-6.841870489952520118e-02
7.349866571489605677e-03
3.540871103661267193e-03
4.582716230216912073e-02
6.069815134523053046e-02
-9.569257289083692164e-02
1.168377729702945039e-01
-1.846008421659377577e-02
-7.184662222364500417e-02
8.665067278450620455e-03
1.995284969114038617e-02
-5.590668732439332822e-02
4.179300612893586953e-02
-1.508315898804836290e-02
-4.290563919123242115e-02
-2.602826718899041436e-02
-4.916054625636091108e-02
-2.040569351190424721e-02
-8.658173464212461090e-02
-4.531852412811718245e-02
-5.371069233777778229e-02
-4.300211768811826318e-02
8.491669101578586121e-03
-9.808553164668590285e-02
-1.014910965715160596e-01
-1.760022545903223712e-01
-1.029687813621503190e-01
-9.310204521897555430e-02
-3.951632677765917756e-02
-4.529512988975821497e-02
-9.628764996736582926e-02
-3.571855181730688999e-02
-8.112961573340768395e-02
-1.112094511899632682e-01
-4.328425166854540929e-02
-5.214246935745562445e-02
-5.256717679707048618e-02
-6.894547693545016731e-02
-6.715191680513693528e-02
-5.461312506058407790e-02
-5.361185236374924751e-02
-7.954427026561580738e-02
9.698859585831678953e-05
5.673642424449614786e-03
-1.368327237662966649e-02
-4.289264751025701622e-02
8.712964457852082067e-02
-2.130023165342522992e-02
6.429272266069059605e-02
6.526865747599040583e-03
-1.319864553082506636e-02
3.182226344781582950e-02
2.835486286460834823e-02
8.435410333588397314e-03
1.258828500656983262e-02
1.751187822408228206e-02
2.200537930749090279e-02
1.833255308036885883e-02
-9.809633663414240104e-03
2.201271979173770668e-02
-3.417677478203483971e-02
1.840779580651544581e-02
-2.187116759381407469e-02
3.951182708079938738e-02
2.324813919194951284e-02
-4.730504236942297339e-03
1.188083162055859551e-02
9.791435922217248122e-03
2.239706646244760124e-03
2.626650364454322095e-02
-4.309243438449633298e-03
4.968249986988580030e-02
6.365270517223278746e-02
8.498050573532540952e-02
-1.717525829307304380e-02
1.984365611281278807e-02
4.941917431847798331e-02
3.409618266066255510e-02
2.084223729467601927e-02
4.954148243964463794e-02
1.959501329298413141e-02
3.475389019421648573e-02
2.652163285906291787e-02
-2.006232470018061084e-02
6.819819103987567743e-02
7.258346287235550864e-02
5.474993896880678279e-02
-3.963819788096330232e-02
5.593558393291869768e-02
-1.476579847738824711e-02
5.616315407323267672e-02
-7.574524652580797573e-03
8.229378998268738199e-02
-1.193556537856218028e-02
-1.932737641993271388e-03
8.890722082324295505e-02
7.774500018944224822e-03
2.520900178030401756e-02
6.780999765842453397e-02
-6.258164307279776364e-03
-2.392756643341838185e-02
-2.261500571332451803e-02
5.337057069288174416e-02
-2.502087027428389482e-03
-1.458025624267714898e-02
-4.245886970074903149e-03
7.691487890288548068e-02
-1.409942089405648996e-02
-1.602683770636926380e-04
-2.438128944543747900e-02
8.542343233081964304e-02
8.139697794505115769e-03
9.983221463528478209e-03
1.359985812831860652e-01
7.361677068055218209e-02
7.315178861617301076e-02
-1.616011279070813378e-01
1.409001338378380874e-03
6.115090806607706431e-02
-2.676861497809734577e-02
9.887316636047220608e-02
5.639081057867204733e-02
2.095974478049152101e-02
3.493125793644421412e-02
-2.568354471871945113e-02
-2.732939554845957922e-02
4.042797302754841393e-02
-4.036903169287290455e-02
-3.911192833161217935e-03
1.120918532047728185e-02
3.558575289798790453e-02
-1.812804247220961215e-02
-1.555957707802067824e-02
3.231302850254563763e-02
1.825737223084199223e-02
-9.553336968663620615e-03
-9.264980333804420654e-03
7.078899582066551510e-02
9.996472517441584715e-02
1.399257710721436010e-01
-6.802956903390749988e-03
4.529498063578323019e-02
-8.766322302164657188e-02
2.305014975981485928e-03
-1.150270468474941937e-02
1.748600055527566727e-02
6.535128323855614318e-02
1.076627181788269438e-01
-1.874915118411349044e-02
-6.668923058654889491e-02
2.158166744922718552e-02
-3.475220737863202181e-03
7.458433480423712347e-02
6.823114759982305821e-02
-2.948162679941408043e-02
2.284718247795728893e-02
1.268614453120038392e-02
-9.535334168455117387e-03
1.324221519130745761e-01
2.195827640860770896e-02
4.997399922736431299e-02
1.115486106899789276e-02
1.035441335005369279e-01
-7.546104244250050053e-02
2.979439421867991628e-02
5.364463122523860372e-02
9.226246295980770895e-02
-3.603074102349574509e-03
3.811308545368555928e-02
-1.184625950384366605e-03
2.063048281358467739e-01
-3.582593841048487687e-02
6.546897407925804553e-03
1.478064338054503254e-02
5.265282585029528589e-02
-6.720059423724659975e-03
-1.601211673117445417e-02
8.604526345125218523e-02
-2.839375381168129583e-02
-6.421900518163645155e-02
-3.688385202029759863e-02
-3.018710132339444754e-02
-1.132293124622852157e-02
-9.666189127037155826e-02
-7.792596968978902916e-03
-7.283960884114729084e-02
-2.366440243755259937e-02
-7.589692297788719344e-02
-5.777257869040380162e-02
-1.666678027224386544e-02
-7.854282974291931785e-02
-1.482360160193683107e-01
-1.678411938167543582e-01
-8.043475660519303072e-02
7.930020682002061894e-03
-1.056877636652540919e-01
-3.696077399748809444e-03
-1.121965605327173710e-01
-1.529288769778205104e-01
-1.459970653442667632e-01
-2.098559151382372451e-02
-4.096491103718218063e-02
-5.769440386909400337e-02
-5.360553208062004971e-02
-4.725250277809667221e-02
-1.320271760661826388e-01
-8.428689166105560182e-02
-6.018834793877977929e-02
-4.539233810410259196e-02
-1.221397623617764133e-04
-3.045155741573015579e-02
-4.741932313702536955e-02
1.797719096333009678e-02
-1.422030746523218585e-02
4.432534695272146580e-02
-3.116989025507255207e-02
-3.010636451698541285e-02
1.408260106136232370e-01
-1.249929828093664930e-01
3.023819403675942832e-02
4.255759366764877427e-02
4.889861123966746104e-02
-3.333911517710262673e-02
-7.522489384356034758e-02
-3.196575041442427378e-02
-3.832100740833829788e-02
3.240113357143757471e-03
-1.197093460784036780e-03
1.638949808503514446e-02
-1.254224906271757950e-02
5.812332641784273210e-03
2.423764384042608605e-02
4.629374726806285978e-02
2.263077497684575293e-02
-1.345823296773387967e-02
-7.648150919642182112e-03
-1.202043335974359653e-02
-8.120517449428463902e-03
3.681123477146708983e-02
-5.092388927406585331e-02
2.838210337354363580e-02
1.628330631625896432e-02
-1.439522052701864945e-02
5.013358983743844421e-02
-4.125222252725885969e-02
-1.918579058762738543e-02
4.399847132178298648e-02
-7.572209789110451346e-03
3.257879191436834770e-02
-7.181789841755941914e-03
3.523337090224870627e-02
-1.108718493049122913e-02
-1.585387705413015755e-02
-2.863762036197792238e-02
1.792237502521962927e-02
4.111296755385569074e-02
1.493718877319462519e-02
3.522281378446744365e-03
2.898258339563309152e-02
7.455188935631585842e-03
4.747368936613457352e-02
2.929559101171394161e-02
-4.110266172397712692e-02
-1.034061698497777682e-02
5.390576030702601967e-02
1.931919268218128607e-02
-2.738841631530578025e-02
-1.441321065485814436e-02
-2.994851486510143740e-02
5.452171492235442785e-02
-1.054084300138273360e-02
-3.910172681747720730e-03
5.006113045015089802e-02
1.226029010745648962e-01
1.201777571952134249e-01
1.343766545946313007e-01
1.681630670226580415e-01
1.580218549299954311e-01
1.059659652024845522e-01
1.988992919830424588e-01
1.280689160821096295e-01
1.751164063433573725e-01
1.239192556229418707e-01
1.593187009505537544e-01
1.344806540652252747e-01
1.125640544051426384e-01
4.369242631052813741e-02
1.707561370837138714e-01
1.045842436217729460e-01
1.081627537919706700e-01
2.080918497138227463e-02
7.403146526019400986e-02
2.848881193080708696e-02
2.513401295410971903e-02
2.362513187280895766e-03
6.507763480975177484e-02
-7.602903164198844890e-04
6.634685264769521473e-02
-6.977486433496145335e-02
3.001462431529059935e-02
1.104192671604711101e-02
4.584899843215562570e-02
-2.916713047326728245e-02
2.456020548360146605e-02
1.577571792825140443e-02
-4.879895321872644576e-02
9.973635785414203085e-04
5.296338888731368273e-05
-3.069935178005402804e-02
1.131640911678733971e-02
4.219045962100322761e-02
1.291894904524325781e-02
-2.195369404909806171e-02
8.591381870259597389e-03
2.095603673625443322e-02
-3.016872001643632409e-02
6.356950587772770660e-03
1.068951252016087962e-02
-3.802397411381814446e-02
4.732942428305503962e-02
-4.953859957824827132e-02
3.998898532889675478e-02
2.175963282748392610e-02
-3.101728953350087539e-02
3.486335920752640233e-02
-2.437460208192328628e-02
6.932114479949425326e-03
3.249045656863885911e-02
-3.113416283119094588e-02
6.550065399544698422e-03
1.426720253075890697e-02
-1.653614008384987968e-02
2.154342469129349666e-02
5.866760767588893866e-02
-4.957971888870294636e-02
2.497483247794395761e-02
1.335012652844544054e-02
4.621299217200887377e-02
-1.455864425294831586e-02
-3.338123389833003683e-03
3.178413547996343513e-02
2.675085154466474990e-03
-1.042094980934368809e-02
8.565549899439129505e-03
-5.218869261973645146e-03
5.541307970343973405e-02
-1.856152583262325739e-02
-9.530454088266052939e-04
7.099324696838774096e-02
-4.661692867581252592e-02
-4.821666712683382594e-02
6.721515078025767920e-02
1.257946661422961257e-02
4.584663404399701159e-02
1.232637972024148293e-02
-3.676553904349970370e-02
3.132985395059031258e-02
2.279830786115104660e-02
-4.128128377605651267e-02
-3.340644769183976487e-02
-2.089485743795157016e-02
-1.061005895468274812e-01
-4.581693869283053056e-02
-8.524981622650813773e-02
-1.793015000657142144e-01
-2.282741849716658500e-01
-2.046175693083319980e-01
-1.452186685041711722e-01
-1.271741822493878959e-01
-1.590841508778024771e-01
-5.205734560080265555e-02
-3.964117861326900416e-02
-3.343284264026545605e-02
-2.373158648066156159e-02
-4.535412748505034120e-02
-2.217943113446066428e-02
-5.629925228279027138e-02
2.745836424878119603e-02
-1.397862320686126501e-02
1.244556416722224744e-02
-9.381462150986917548e-03
1.872866384640900841e-02
8.061549674677632657e-03
-7.707297133123272928e-03
1.811245857940295065e-02
3.736986227075271561e-02
2.665322707566662383e-02
-4.365721198423662408e-02
3.996073718911283962e-02
-1.159721727269706973e-02
1.852283041049862175e-02
-5.760122402467777319e-03
1.761480788017200441e-02
2.053893429058439163e-03
2.344422072290107406e-02
1.262641457543100740e-02
2.004308245527343380e-02
-1.091170232339310452e-02
4.070694971113681532e-02
-5.050908202390235607e-02
5.036958885230632954e-02
-5.739239331721072285e-02
-1.423494064431897075e-03
1.862655500614593049e-02
1.492998987031882163e-03
4.598647796530460491e-02
-5.982591737910650936e-02
3.065615805296290769e-02
-9.278938737581723939e-02
1.334198491147412513e-01
-4.024740800377173827e-02
2.491932735565304674e-02
-9.772333505776376744e-03
-2.467853506475518877e-02
9.053329666930128028e-03
-7.768564275873854515e-03
-9.058389728885815617e-02
2.508610322579277185e-02
-4.486029828199045166e-02
1.182133423001358041e-03
-1.542599759839354684e-02
-1.073189357928724663e-01
1.393014497122741641e-02
-4.370876768428147430e-02
-5.015452708189244158e-02
-4.893776511071341873e-02
4.374924669944999650e-02
-4.463207663357461608e-02
1.273851189466411113e-02
8.573503987088747225e-02
4.905398528148337267e-02
2.181596647959050186e-02
-4.655798597470869882e-02
1.393100062226977354e-01
-2.113427480504856404e-02
-4.123382014915773913e-02
8.170378050593392338e-02
-5.688372701504817476e-03
-1.114142062203649433e-02
9.556193313630369224e-02
-2.579695601000643254e-03
-8.582660518791468754e-03
-3.190555970381581119e-02
-1.116486030772266547e-01
6.830692921846631682e-02
-1.006362590542358437e-01
2.161765883551495376e-02
-1.177460397671067638e-01
-3.777512717752497945e-02
6.030791112729489561e-02
-6.643291660078307070e-02
2.032135645788830589e-02
-8.036922924003830904e-02
3.613327403069020033e-02
-1.301664016544190061e-01
-4.476188463232722015e-03
-3.891420575795409564e-02
-9.872252303331358059e-02
-1.002226339393718149e-02
-8.574253615063465173e-02
-5.968453829129746757e-02
-3.655680994480706159e-02
-4.118411784742222193e-02
-6.036532352243068056e-02
-1.059691153921331896e-01
4.166281809873037534e-04
-7.171704198694339727e-02
-2.143844109648631452e-02
-1.815656947898662554e-02
-2.789607662307287683e-02
-1.380330002263557287e-01
-1.030674883869739933e-01
-1.895735994909572564e-02
-4.770865101478622555e-02
-1.054781895033771177e-01
-3.350342610495619239e-02
-1.091559558135394153e-01
-9.417260705118675468e-02
4.013646691627103386e-02
8.027653061241851740e-02
-1.420442361076245941e-01
2.699000021968439925e-02
1.467570412095623930e-02
-3.600000091662482887e-02
-4.758381720682078320e-02
-1.205908104333719075e-02
1.767383083500284613e-02
-6.728609671075357068e-02
-1.295615126311549514e-01
2.497040916429162788e-02
-2.569266544541297034e-02
-5.147269547242756815e-02
-1.387392630057893983e-01
-5.480277276712898493e-02
3.195716598245351009e-02
-8.785703726927020923e-03
-2.570824106373229001e-02
-5.955054049011072534e-03
4.190946572988291791e-02
-2.355200468202407402e-03
-7.183616833430100934e-02
5.294173231424141590e-02
-2.765164676489335199e-02
-1.916627190616023574e-03
-4.437152626898356600e-02
6.508728798966351148e-02
-6.051852513204951378e-02
2.464320107686138184e-02
-4.478400345424864842e-02
-8.861808215397809496e-03
-9.435427742025556674e-02
-2.353106188888509087e-01
4.360498859268366334e-02
-7.844704900891374955e-02
-4.374186792215620928e-02
6.361943922654847428e-02
-1.542872692408759627e-01
9.316275835881682177e-03
6.672030851657555911e-03
-3.532121750055446097e-02
-7.828155006135899263e-02
-2.043675340479758629e-02
-2.102339745585098119e-02
-1.207114795476283212e-02
-8.976328718947641783e-02
-7.306549095561182261e-02
-4.697343922850279185e-02
2.017694061914610676e-02
-4.037720765058205180e-02
-8.166416155827632695e-02
-3.643212536163944332e-02
-1.012910452574675435e-01
2.673087279312280629e-02
-6.011687367248688685e-02
-6.695456195156139489e-02
-4.214793257355330114e-02
-8.786405939201435977e-02
-5.441651862279956592e-02
-8.999615895012494371e-02
-5.779871078428793635e-02
-6.514629804461742613e-02
-6.210969288621036311e-02
-1.064920309614925259e-01
-8.222709069838526896e-02
-4.361908266473112084e-02
-4.153999762567572862e-02
-3.489750023341991331e-02
-1.087627042185120366e-02
-8.535575747307382749e-03
2.873615077146580293e-03
-1.939818771929713651e-02
1.034344702436953110e-02
-3.036900932387789215e-02
3.902496960769497036e-02
5.125343282964810177e-02
1.393748101175821263e-01
-4.377531432335159817e-02
5.778806021012708460e-02
1.235777968181622222e-01
1.791114366433295413e-01
8.816473189431985047e-02
2.138534450495141459e-01
1.642963674906265936e-01
1.824702804983917015e-01
1.942898541376311683e-01
1.750582908243940028e-01
2.243391440820587945e-01
1.416425048817947785e-01
1.324398059413059714e-01
1.258248810099831805e-01
1.069078524612045722e-01
9.238065611991677639e-02
1.752777209212331988e-02
1.148927832076588468e-01
-3.152767307164668076e-02
1.062362890525837822e-02
1.080947955120529873e-02
5.338308455646439792e-03
1.325421804337854805e-03
1.538294052278247215e-03
6.580655633956954131e-02
-1.827630358959295848e-02
-1.314410669527176639e-02
5.075423924722954894e-02
-1.653756636611648095e-04
-2.701188044960267307e-02
2.659812136787104847e-02
3.819009996609034480e-02
1.969519424409179806e-02
1.326407411282890490e-02
4.153538907808400522e-03
-1.222911049413159118e-02
3.906372799057295647e-02
1.027698128726919555e-02
4.682369265053030333e-02
2.249796336165236707e-02
-4.511796317704488274e-02
-9.028347452461830958e-03
5.005978748725347510e-02
-9.499536888593415260e-03
1.433038127041977132e-02
-4.337951440394310215e-02
7.518878360477702048e-03
4.380834952633374385e-02
-1.817501374023798230e-02
-1.710389373760836870e-02
2.309559686430487022e-02
-1.797162900100553184e-02
-1.621810445164222070e-02
7.767845144726480584e-03
-8.424315580533866350e-04
-3.331295849782561769e-03
-5.520973670035087509e-03
4.584248274504959531e-02
-1.720072507839199433e-02
6.385579786185244244e-02
4.147590931750215482e-02
1.011893691996614830e-01
1.248520884836563753e-02
1.029383144949517076e-01
1.172269793611089017e-01
1.026178856323951422e-01
1.489676979034223470e-01
1.619280380196189695e-01
8.448281162289898727e-02
1.205964604839892818e-01
1.277324382475009401e-01
1.990595604761829507e-01
7.393546567235693978e-02
1.838914473234207758e-01
1.328127556124880926e-01
8.182122436772543139e-02
4.883581910089543343e-03
8.377182565861471253e-02
9.518450232662357957e-02
7.414288775747093774e-02
-8.772268372205369036e-02
5.731814664034347306e-02
-4.424148866208234276e-02
1.115924346438899005e-02
3.051413266798524287e-02
-2.122898153743470878e-02
-7.584610704917052471e-02
5.520979742990627520e-02
-2.976180428575673359e-02
-5.372005138586770367e-02
-4.927808018076561269e-02
-1.743248437645892115e-02
-8.903509010296264958e-02
-1.474879637805729185e-02
-2.966305792634527094e-02
-6.156957845569970000e-02
-7.662826591013946476e-02
-2.774434756814711175e-02
2.335724054769622998e-02
-5.146478517813110609e-02
-3.810901209404155693e-03
-4.275773262585047529e-02
-4.673528840846278426e-02
-1.141919660538772210e-02
-5.680124949509214594e-02
-2.907659969124520155e-02
-9.564944600600955305e-02
-1.976794750933896436e-02
4.043861069686321974e-02
-1.035266328593302532e-01
-7.348943288829254405e-02
3.262815749378428221e-02
-1.041116575681026446e-01
-3.687010149308315998e-02
-8.085705214648000738e-02
4.629529289300673978e-05
-3.342208094448512884e-02
-5.304875490534348426e-02
-6.174577620487933100e-02
-5.336923754239009804e-02
-4.866369755688719489e-02
-1.211161244789089320e-01
2.281935872291585357e-02
-7.145538981767286801e-02
-6.524246729339958084e-02
-6.086910351624097437e-02
-2.018640962255203314e-02
-6.734504490258823306e-02
-5.325953596699832537e-02
-5.454945339351464917e-02
-5.866625178349571534e-02
-7.305983012124485365e-02
-7.924047563862485211e-02
-3.187299937721892185e-02
-2.497883043532032193e-02
-2.700610968646039237e-02
-1.501243043426473411e-01
3.628786267436447804e-02
-6.846791324635782827e-02
-4.524863290444898489e-02
1.568874401791781059e-02
-6.820374464927221603e-02
-3.955385824612798334e-02
-2.878611648859923794e-02
1.441667046576204994e-02
-4.173528387942102187e-03
1.623663877715812026e-02
-1.183983661579813759e-02
4.850134239481906917e-02
1.546196895023825221e-02
4.595802715361984453e-03
1.577175739525987080e-02
3.966650195740920037e-02
-4.514818846779819483e-02
3.002256207869133733e-02
-2.060003847429929535e-03
-1.629999374678398581e-03
1.403005702227616905e-03
5.615053123832265680e-02
4.554854861193403243e-02
3.527469757112188659e-02
-7.312991862078871419e-03
-2.790405543571806285e-02
7.728042341150236604e-03
2.340311936635401310e-02
2.292978236148902546e-02
-2.296904611918848191e-02
-5.221974326243804428e-03
-1.043179543865685281e-02
4.719547030664301285e-02
-1.367530134148214026e-02
4.286747553483075818e-02
-1.315071855314797408e-02
-3.704599213692804510e-02
-8.745461374694953396e-04
-1.018783356909109920e-02
3.727600061793717029e-02
3.045242203233060243e-03
5.199335140109190984e-02
5.859848959151688595e-03
-2.377002921377066678e-03
-3.865503435498179874e-02
7.032059331207837771e-02
-2.507292544385047658e-02
-6.752204338683644169e-02
-7.863042178631148710e-03
-3.554650683967255139e-03
2.047682729326660497e-02
1.719282589340719730e-02
-4.335984537527369162e-03
-4.511969545603863874e-02
-2.652830926599346675e-02
8.453914082250389705e-02
-4.884060087110012743e-02
-1.117723201743667759e-02
-1.709916698344904340e-02
4.218403904822143335e-03
-1.023612526350421714e-02
6.724635710805998770e-03
-4.318110124363733725e-03
-1.911210937938820353e-03
-5.560304565354398133e-03
1.557583355426675822e-02
-3.584071599381922352e-02
3.269786568400715604e-02
2.211814262288950075e-02
1.896439496177396459e-03
4.094865589989646164e-03
8.885865702573377684e-03
8.531684945936023404e-03
1.503878926383968133e-02
3.381550600487227831e-02
-8.314480973699219304e-03
-1.022700508855625169e-02
4.948955323526955247e-02
-2.632566842966231266e-02
-1.450710530009743926e-02
-1.656219214717441143e-02
3.064682041414397429e-02
-1.104381297041761786e-02
9.142879705971482251e-03
4.513735563868005729e-02
-1.133631442157054595e-02
7.784498630311240640e-03
-2.506869274515076754e-02
8.938458937856264691e-03
1.326202093671137276e-02
-3.699165082753290423e-02
-7.742723757588787677e-03
-7.285214363959351298e-03
3.297940962223428613e-02
-1.639665328559890278e-02
4.920340722213228067e-04
1.424846778699807122e-03
4.558074064033653533e-02
-3.943144162227976007e-02
-1.440256079708359185e-02
3.239956679092163838e-02
3.206015052983911956e-02
9.005631337396079877e-03
1.270074705177362540e-02
1.583562939326962557e-02
2.441863557621196112e-02
-6.141481600350193887e-02
-2.136743462335671459e-02
-2.230643522546276250e-03
-2.418548953096310780e-02
-4.029600801413618129e-04
-1.535450382370502111e-02
-3.049224590348946842e-02
-2.676205475628102085e-02
-9.226238564265343278e-02
3.031199310838827987e-02
-1.005279941270631056e-01
-2.610391711787624081e-02
-2.509363277824395999e-03
-9.325900536402023655e-02
8.337868732664059646e-03
-6.310975910780072806e-02
-7.948246223031595059e-02
1.246238117527595501e-02
-5.545954235711575420e-02
-4.935552356877805080e-02
-4.588954233503809294e-02
1.980853264825383278e-02
-4.620817347507281264e-02
-2.068735030456648333e-02
-2.080633148266190779e-02
-4.358620612523878002e-02
-9.284235481115118288e-03
-5.250781761709339204e-03
4.023594881112714516e-02
9.358630085337377516e-03
-1.551843090188717751e-02
-1.932567344211076274e-02
-7.322747064906530781e-03
1.646186618907066052e-02
2.867620132124418589e-02
1.793164329970950086e-02
-1.258703646641944410e-02
4.917061638677491797e-02
4.287220844001621289e-02
5.044738428521745865e-03
2.711884080774308245e-02
8.414564543784883166e-02
-3.185382248854770615e-03
2.457928794351910487e-02
9.731573902756014693e-02
1.741034317075582441e-02
7.540370118559093504e-02
4.956589230772345811e-02
3.040275834328635962e-03
4.380405190516827030e-02
1.272901482706477461e-02
3.733050168063677815e-02
-2.356192229252081910e-02
8.910811507680876931e-02
6.917990888008549236e-03
-2.737195034199605380e-03
-1.649997085875371319e-03
-5.700977066445010039e-02
-3.366277713915512282e-02
2.603287228039333906e-02
-1.391757409823519420e-01
-4.366639057356831721e-02
-1.070415942049383617e-01
-1.212946399909091005e-01
-1.249907866031926551e-01
-1.157197460313146437e-01
-1.389186787778929344e-01
-2.067492493875474069e-01
-1.822013051336381639e-01
-1.492777915691553270e-01
-1.955098249245321163e-01
-1.877524411763381029e-01
-1.920045256713969750e-01
-8.657429345011673216e-02
-2.221383525309456597e-01
-5.724800454546200013e-02
2.451026269702717350e-02
1.734674373469307848e-03
-2.326294769475293484e-02
-1.498221607458349869e-02
-1.743043094087282432e-02
-2.304726809262502493e-02
-9.877372445320588279e-03
-4.208110544029463468e-02
6.704548586692728185e-02
-1.890209960202123007e-02
-2.679602804144031250e-02
2.789868260438614633e-02
-2.322954530704964254e-03
1.529669367424783127e-02
-9.722111724854553411e-03
2.435099995874477272e-02
3.041126726917213387e-03
-9.037332110462509283e-03
2.934450510979638022e-02
3.604269493549391856e-02
-2.327242340177703567e-02
2.339733558619703536e-03
-2.469510191771472768e-02
2.250572536026499218e-02
-3.186295073461580668e-02
3.872720395345323821e-03
1.812139040344860549e-02
2.707893565891670781e-02
-1.794917225189650994e-02
2.430909514275623670e-02
-1.173949725053786627e-02
-2.281983594518410818e-02
7.810954660519930579e-03
1.837937028007048321e-02
-5.689626678778402988e-03
4.921070679340246862e-02
-2.868222028100518226e-02
3.255916404596004982e-02
1.237970060441527693e-02
3.143840676896838236e-03
-4.445853591796366730e-03
2.100340135352177923e-02
4.638380470905433678e-02
5.214247689722751114e-03
1.923764334603559820e-03
7.734358934064017310e-03
-3.641293426179381676e-02
3.995669228242485632e-02
8.725403473693620418e-03
-3.650904585262373242e-02
8.913196786689950996e-03
3.578636850472707506e-03
2.082633257377370511e-02
-2.144455885717735672e-03
-2.345571370325310462e-02
5.447999212697136190e-03
-3.337337744434026171e-02
7.723629585279955662e-03
-1.044236616289882617e-02
-4.264643392200092101e-03
-8.217581326790420956e-03
1.147235175540748525e-03
-1.710926078816564500e-02
-7.311882295660186888e-03
1.204687472676479847e-03
2.527570872905647754e-03
-4.374128939956675038e-02
4.527572326409195352e-02
-7.433351541011345466e-04
-1.714186331970662946e-02
2.023072123158001917e-03
-1.065017407445258482e-02
2.130702223617531380e-02
4.350822416105895596e-02
-3.147575970121994915e-02
2.115734045522123154e-04
-1.976440912153396706e-02
-2.708533129272717305e-02
2.985992679349566692e-02
7.156806119779625386e-03
2.641616227952870571e-02
3.256650161524245191e-03
7.050126159789381342e-02
-1.070533474049041034e-01
-5.071320229342032165e-02
8.393999493050338656e-02
-1.358610384754824901e-02
5.196647183570073103e-02
-9.937625886080816984e-02
6.530167715654114358e-02
2.882231064542188290e-03
-3.724013551874498507e-02
1.869460818050075121e-02
4.123630760565867581e-02
-6.525301532049350428e-02
-7.551306934219655098e-02
2.968299367497248542e-02
1.428266146533932815e-02
-4.684649725237721371e-03
1.643412369076409016e-02
-1.294622245454399041e-03
9.532344887046296763e-04
-2.262977439402114738e-02
2.931972058191719896e-02
3.914927532714743141e-02
-8.693545374193015207e-02
7.910805017569243203e-02
1.330711512403317393e-02
-2.089613282180690420e-03
4.086516766433089670e-02
4.500573184980068142e-02
-2.342622053587768011e-02
2.550313041619003962e-02
-5.789561459643222108e-02
-4.511107833977950204e-02
4.210949616881950325e-02
-4.907040551449667193e-02
-1.071579507257113678e-02
-3.976691397671481415e-02
-1.371496408758062120e-02
2.578903232437290347e-03
-1.997474018746210958e-02
7.571979577484541472e-04
1.205865229887641971e-02
4.236911009980227037e-03
-5.496936318075734684e-02
7.285410049992299686e-02
-2.271898267132199320e-02
2.565356608346534492e-02
-1.026742767801506681e-02
4.864331190596185572e-02
-2.058841529380270666e-02
8.455251356519028275e-03
2.420488263682952362e-02
5.225863159522465412e-03
-3.528791600482976583e-03
-2.409585436417143421e-03
1.156253446854254088e-02
3.703940340638199602e-02
-2.359354735791995353e-02
-6.451945500245939019e-03
3.912160407709218413e-02
-9.400609276560480121e-03
4.262934326721517370e-02
-2.022897229639103803e-03
7.335696562833063199e-03
1.284028148146171278e-02
-1.440912361713752622e-04
1.972588170127871285e-02
3.414818904168558794e-02
6.648944057292589457e-03
-5.354579597934302354e-02
4.157438005095890482e-02
4.340643474688352099e-02
5.288242751698300770e-02
-2.698943107841261790e-02
1.013301413302689774e-02
3.396163908359608324e-02
-9.820234133643404237e-03
5.217926965804937922e-02
-6.048987900316030869e-02
3.201612270507206426e-02
2.375005682133783658e-02
1.852512547488635239e-02
-4.531509326855193490e-03
-5.246793676003937319e-03
1.191353738796941363e-02
8.282071265819881956e-03
-1.377837843874968153e-02
8.663660219497710049e-03
1.086917765469952966e-02
1.737536686760748558e-03
3.577827366318134250e-03
1.589771134645458911e-02
1.670191408896459437e-02
-1.976428223488874841e-02
2.078445241300344928e-02
5.355536514289418494e-04
-4.238083201589470939e-02
6.600238298061367193e-02
1.868580348740072825e-02
-2.650857939449733150e-02
5.961904854070132487e-02
-1.749729077081668520e-03
-2.993605113879408211e-02
3.619772655282019191e-02
-1.117482961794267517e-02
2.981820387596872263e-02
8.735033772419787540e-03
-3.604300669587830880e-02
-9.542821707138059856e-03
-1.732467187154840965e-02
4.279051166082759039e-02
4.015166613439860588e-02
-1.102678843510808068e-02
-2.332057085202084157e-02
3.120238130458848069e-02
-6.334064999243028959e-04
7.390863428598684441e-04
6.502441599640273497e-03
2.019945799700281763e-02
-2.489776129182871139e-02
2.843318725219396922e-02
-1.156291294250593338e-03
4.544047100165320846e-02
-2.794231772930830596e-02
-1.631623174482276645e-02
1.511019146028946998e-02
2.785982619194435350e-02
-1.346155408555181274e-02
1.535752592622808242e-02
2.616184126744544244e-04
1.881291081903132753e-02
-2.376191011239683903e-02
-5.789665793228477436e-02
7.321316899614940810e-02
-3.142765154731132909e-02
3.987990149511112109e-02
4.001723269711311010e-02
-5.858339190692910849e-03
9.177873784921119008e-03
8.118172053797084731e-03
8.356782937839189740e-02
1.518334329912432445e-02
-6.143571993842537188e-02
7.469677353355158589e-02
-2.051766670907256840e-03
-1.195802821391346235e-02
-3.229203165449115280e-03
-8.480177691486082137e-03
2.924147135698447475e-02
1.550791472108293233e-02
-6.125004735550377416e-02
-7.150676852766924690e-03
1.001230344829242142e-01
-7.996907923881965002e-03
-1.866380955572528866e-02
5.424662969768623971e-02
-2.015266686157205639e-02
-2.083964095163590158e-02
6.430853881008035886e-03
-1.917941856516692037e-02
-1.421681194873057087e-03
3.578988371713533179e-02
2.035668544280561619e-03
-3.897994324864983984e-03
-8.589278475712171582e-03
5.194805717815873664e-02
-1.649371569347359706e-02
-1.309994105765837150e-04
5.462716897214259931e-02
-2.628599726942201786e-02
-3.761972480294945020e-03
4.098253983738109341e-02
9.088431081373648385e-03
3.936741046058503044e-03
-6.281462495562509241e-02
5.929013856703559560e-04
3.618033962889476846e-02
5.103313441814577925e-04
-3.643366630281153623e-02
1.869013593368597931e-02
-5.090600041722254110e-02
1.228911451381003300e-02
3.403632998701226070e-02
-4.833338855180758370e-02
8.472563418037277333e-03
2.282351196767267582e-02
-3.680732871482536583e-02
3.028026459414018962e-02
4.509535303555791894e-03
2.625473997827478673e-02
-7.181571226611567493e-03
-4.727499180594140621e-02
3.385380656450463072e-02
-1.298037825203783233e-02
2.361060633812800749e-02
-2.097438651717405816e-02
1.553405115020007124e-02
-1.383264237734333629e-02
2.489241716215720782e-02
-1.133841880669492208e-02
1.424490535876537199e-03
-1.917474483273919755e-02
-2.557562917689348847e-02
-6.715978974114192313e-02
8.748668235653558542e-03
-8.226695965102177877e-02
-4.000301663038335204e-02
-1.382293359269505806e-01
-1.115139790535872311e-01
-1.148812112487409831e-01
-6.284176997992084457e-02
-2.283918636825648107e-01
-7.004358037947115700e-02
-1.769912214331568201e-01
-1.796893646502260578e-01
-1.542470878944804946e-01
-1.421648637952248051e-01
-1.825780285846395068e-01
-2.403359177425186122e-01
-1.868050311565934707e-01
-2.138305730140295791e-01
-2.114494565802198522e-01
-1.907166391257502924e-01
-1.336997394272832762e-01
1.737665478560566357e-01
-2.466852634958631094e-02
-1.237132791333339782e-01
4.758016560674725032e-02
-2.781338217206138358e-02
-2.392693517325114594e-02
-2.488140072982906320e-02
-1.073323167428157261e-02
-1.344278805084871565e-03
-3.192309635218045210e-03
-1.673634637420973528e-02
-8.569334770443541929e-03
2.856137524342114778e-02
2.781274935821749159e-02
9.243596820965004068e-03
6.001697615135364802e-03
-3.083134398830211786e-02
-5.245302559076644652e-03
2.172899378074270513e-03
-5.966518112007203507e-03
-8.938428165305406514e-03
-3.763414474093212947e-02
1.631398015871522722e-02
2.069951396547374881e-02
3.553178782512773914e-02
-6.025640012137803425e-03
3.068915645633051373e-02
-4.707112602411261254e-02
-2.152094903005337401e-04
2.485366701758308719e-02
-2.135787186694537536e-03
2.909341001123610178e-04
6.465267182918281452e-02
-4.030859377158976103e-02
8.474613697487299452e-03
-5.805511206185162698e-02
6.798240092976168270e-02
2.270697050105741077e-02
-2.382488617139816647e-02
1.520363422001254697e-02
-2.542565000888071663e-02
-3.768099092583852144e-02
6.173512314175126636e-02
1.407767398080460308e-02
-1.341259940182177278e-02
4.516335522727966175e-04
3.258469148258098802e-02
-2.279188267645464172e-02
2.216219047967972477e-02
-1.706914030314744465e-02
7.207189620156371698e-03
2.505913121812606767e-02
5.379953030180574525e-02
-7.827582341702075952e-02
2.936164349756563430e-02
-2.310060538844333280e-02
6.664246297305678746e-03
-1.798131914430039406e-03
-8.054254211783405670e-02
3.810794331872031926e-02
7.129940933549944355e-03
-2.327888454997060694e-02
-5.969297293735804921e-02
-2.609770032079004182e-02
1.634086606490329011e-02
-4.436587372141561139e-03
-7.111814026637536257e-02
9.497662621345236145e-03
-4.049572056931351194e-02
-5.992235990518396394e-02
-6.164974238471375434e-02
-1.069998219600289263e-01
-3.545914014629893141e-02
-1.678653235488212769e-01
-2.731539557482874636e-02
-1.568870770189673136e-01
-9.169485368079441368e-02
-2.672707202010390914e-01
-6.416240962169521278e-02
-5.606451641379112116e-02
-8.442188642192466341e-02
-1.059198994362415824e-01
-1.057997281024595088e-01
-9.553566670115727633e-02
-4.434682544708546531e-02
-7.979420522913899250e-02
-9.816287850739177645e-02
-6.524953823585712132e-02
-1.172212724883791302e-01
-5.456710239612014984e-02
-8.246946920305417428e-02
7.296427957390511088e-02
-8.130759314172868180e-02
2.353835495117796370e-02
1.469060383390077308e-02
-5.789220548452989751e-02
6.737371476965987871e-02
3.476170517661837222e-04
-2.128096441608837500e-02
6.033197349849331315e-02
1.178144440002430217e-02
2.604517550167228385e-02
3.221425528356149093e-02
-1.230854811314221510e-02
-2.834953802725648838e-03
2.617460825774460889e-02
2.074096667835899355e-02
1.143746395093380407e-02
-2.129953697724239203e-02
8.836564929350417680e-03
-9.857330006225732688e-03
3.146948306372220061e-02
2.831447068314254037e-02
-2.396939261267952773e-02
8.370207361066094726e-03
-1.709730173599458697e-02
2.582892922204768973e-02
2.077856282835099239e-02
3.399340071548103553e-02
6.446569786766132015e-02
2.858176580271490352e-02
3.440111447830320607e-02
6.710993522293781655e-02
1.049418990304838706e-02
6.220670319056315414e-03
3.591533694386288278e-02
7.123717422764591634e-02
1.136957827040261174e-02
4.818065345461286508e-02
4.621920175603432684e-03
5.501029384166916669e-02
-2.630367138132646415e-02
6.009861835532077923e-02
6.652819555039457544e-02
5.168609164971892794e-02
1.451560648396316849e-03
1.628973391527902687e-02
1.049256473605483103e-03
6.175392178142442845e-02
3.206769398010154981e-02
1.547165223623372596e-02
2.662490523736102399e-02
1.638757112741592858e-02
5.795948085349591355e-02
2.691533938496580222e-03
-1.228643512335062318e-02
4.404328117649662644e-02
1.987434452859106887e-02
4.887247592067776869e-02
-1.468297689019938332e-02
-1.960741783561018373e-02
-1.080164907533760765e-02
5.259442457088335521e-02
1.686696401400033726e-02
1.697940427076328682e-02
3.852771247382287545e-02
-1.858326698494670512e-02
-3.063163975319291299e-02
2.352437132632664851e-02
4.756786080502280190e-02
-1.577107682539481345e-02
2.467160493884652805e-02
1.058650868580108539e-01
3.418795938763757782e-03
5.869526984200389153e-02
-1.511759678786314398e-01
9.299920536815529937e-02
-5.704847538933990186e-02
1.550851715291692162e-02
7.263511759314140483e-03
4.934332819632903516e-02
-1.051671315853408561e-02
1.017379591408718725e-01
2.610052640031924540e-02
-3.889325895801146182e-02
-1.190855070848949315e-02
-2.305000252370542277e-02
-3.119279813271867360e-02
-1.189870559443769425e-02
3.565534395059865441e-02
1.346035674931101919e-02
2.496303316775782752e-03
1.063736510549523513e-02
-3.241921786969707842e-02
1.334757997880249569e-02
6.199793917662379562e-03
-2.026609236066496955e-02
7.502745643674683940e-02
5.574832198135809547e-02
1.189308045585414642e-01
-2.837335381770586529e-02
6.233378581851769379e-03
9.584487927598377491e-03
-9.687915619247502996e-02
4.903543427868159443e-02
-1.073759871378192343e-03
1.049117340114475924e-02
1.382760439010266296e-01
1.373826280588931296e-02
2.794428171691990329e-03
-6.656736330331913809e-02
2.026160461612980593e-02
-2.349925768297290649e-02
1.132498672734564282e-01
9.528591460988685910e-04
2.153537731433779676e-02
-1.817900776442324395e-02
3.234171360974708725e-02
6.576848363975840162e-02
9.216455220672893286e-03
-8.172295434312615292e-02
1.133176023174754660e-01
2.500025340417310823e-02
1.517204554262491234e-01
3.267956320727887637e-02
-5.666377803589434103e-02
-5.330211530665665554e-03
6.313955700044081298e-02
1.838602128205989172e-01
-3.288170451042508186e-02
2.882222074932407063e-02
-6.364811799192306163e-02
1.690232197486447874e-01
-3.329593359481014536e-02
2.700797291891632833e-03
1.799372226349452153e-02
3.206909796346531921e-02
2.684186200660172716e-02
-3.873111468993484935e-02
-3.862083526648817100e-02
3.879689375532667517e-02
-2.122353558846825500e-02
-5.222857111256854618e-02
1.282296504778037555e-03
-6.342858393695825769e-04
-1.664732654619316410e-02
-6.105066046272220048e-02
1.838343594089623251e-02
-5.174060472204023570e-02
1.559726220972399574e-02
-1.608830826723230134e-01
-7.332159122312290056e-03
-7.264541908727623065e-02
-1.061660169877104432e-01
-8.999543841448218173e-02
-6.642378836123050134e-02
-3.727195491884230383e-02
-1.277920797782643170e-01
-4.214794109627592600e-04
-9.397975592772067621e-02
-5.921042055799560777e-02
-9.541233120915160182e-02
-1.101196672355681666e-01
-1.067689598523442196e-01
-1.351885568294629580e-01
-4.961409260797011028e-02
-1.535324040868086826e-01
-1.104367557965233171e-01
-6.548483048248268656e-02
-1.358513700025264920e-02
-1.325275297794012985e-01
-4.582263525533619708e-02
3.277799352126609111e-02
-1.191561184619750052e-02
-3.251590511680167717e-02
-2.901879170468514915e-02
-3.976152258810917300e-02
4.067146989197304580e-02
6.292323690617501394e-03
1.428099000765618637e-03
1.609528235421120793e-02
3.062754507626522238e-02
-1.228867148034976618e-02
6.532696446894928344e-02
1.452298363574966965e-02
-3.634529387378598875e-02
2.201297862490362786e-02
-3.668376605332893114e-02
8.576524324509926522e-02
-7.645342304084524337e-03
-2.655944238063962307e-02
4.429996974360938394e-02
2.612427019707760120e-04
3.420312451201691899e-03
-1.330163244115055085e-02
4.501671244789909321e-02
8.054079879329267833e-03
5.123030807946191145e-02
-5.532102489448443433e-02
3.985867769234753555e-02
-1.437953053962024753e-02
-2.626304814531362983e-02
-3.861824453617691139e-02
7.876557240409180760e-02
-8.653151419587556958e-02
-1.646284440052862841e-02
-1.221731291514986401e-03
2.423077376916674130e-02
3.699889359773281088e-03
1.463639377682115009e-02
-1.415319468692726596e-02
1.648343761455460781e-03
-1.427567508286201395e-02
5.117029499741021503e-02
-4.584397451342383384e-02
4.964103919605441367e-02
1.373907735512755815e-02
-1.925023867752201009e-02
2.808359075861226010e-03
7.215883993156345377e-02
-1.649548231273064922e-02
-3.170394877656699389e-02
3.789232520258773579e-02
4.116134740611494119e-02
-1.515688804877467905e-02
4.624526481397730343e-02
-1.054018837253864298e-02
9.240087463955539912e-03
-2.256083787484233077e-02
5.738129669240762953e-02
-4.021339189851009382e-02
2.714539381734108747e-02
-2.137641566207498789e-02
-1.381228463411812149e-03
6.070401745750180628e-02
-3.366289750900219174e-02
2.805190802670332051e-02
1.870140663157488642e-02
1.649492682594639117e-02
8.698357326569775005e-03
1.478925000804906346e-02
4.248573938687628948e-02
-1.118616161531211552e-02
1.489836226365952310e-02
1.445797412507316727e-02
1.024362737815109024e-02
-2.882495382010660454e-02
4.753803221511659904e-02
2.648943920336421787e-02
5.351137647230352901e-02
-3.230840617936531212e-02
-2.102873203187725915e-02
4.013100629161686639e-02
5.505121221950121796e-02
-4.375394844343110518e-02
-1.734718632052056550e-02
-7.348446236333831209e-04
3.184271780430898702e-02
-2.635063392607861488e-02
-1.341628731455890393e-02
8.173567248291821203e-04
-7.280175421502967353e-05
5.335087954980521213e-02
-7.249106579657178112e-03
-7.069684236515880356e-03
-1.376191329487704701e-02
6.286429664445655763e-02
-4.852273172407612495e-02
-3.324788145206275525e-02
5.168499946304429965e-02
7.753484821345740276e-03
-4.660587004772386716e-02
3.234360816038789332e-02
-4.811353523190385617e-02
5.271449341245807579e-02
-2.210073568060104410e-02
7.408771126692409448e-02
-2.030318145004747499e-02
2.978488695792866001e-02
2.406500965056651564e-03
-3.317577816156626336e-02
-6.175870336822897322e-02
4.648428376291515113e-04
3.277544765029502538e-02
1.865961947714209201e-02
-4.541495831157398022e-02
-1.052241110860223199e-02
3.862932812182066217e-02
2.775170828157641142e-02
-7.976029612819861628e-03
-3.435686841440852013e-02
-3.669113953992431815e-02
4.375302425728218314e-02
-5.388391160556752629e-02
-2.569852678019063710e-03
-1.083394728766725462e-02
2.330997302970870197e-02
-4.102007079654085980e-02
1.776597330567203717e-02
-5.207420783308936568e-02
1.034360616385115485e-02
4.202665049913020812e-02
-2.999143180256608546e-02
3.997877243062566976e-02
-7.153752594978551871e-03
-1.076258785569225544e-02
5.728466966524487815e-03
-3.725554913241910931e-02
-8.168479861805341691e-02
8.735807798580959294e-02
-8.096578424139391772e-02
-6.340729732684041720e-02
2.125791254786847315e-02
4.436154554718894916e-02
-6.027581097850039094e-02
-3.364012291623313250e-02
1.959946186734877818e-02
-9.021824426547944697e-02
6.860989631090841367e-02
-1.025948038848198407e-01
9.168942743387878402e-03
-5.380617483329162842e-02
-8.012001114094571830e-02
1.581338211924090964e-03
-8.204005576047865289e-02
-7.791278685722355379e-02
-1.251474608227147456e-02
-3.877012843078923854e-02
-1.297265676914569066e-01
1.439337205346629539e-02
-5.356877045610002053e-02
-7.913896306051701468e-03
-1.719927762575771193e-02
-6.975420341472041152e-02
-7.006636010367275902e-02
7.902357736744504424e-03
-6.940913207083840297e-02
7.274611894361092401e-03
-9.401083473612682762e-02
3.989966846316301413e-02
-1.152269579517478659e-01
-4.192447390147312908e-02
8.586566316383513475e-03
-6.011201189746050860e-02
-6.061616336156443186e-02
-9.836043618494737240e-03
-6.511524951815460260e-02
-2.168185700083225323e-02
-1.053693031953077675e-01
-6.493638663367658215e-02
7.716631218733997766e-03
-3.825935178574055989e-02
-1.021691783042865398e-01
-8.264404237341874127e-02
-3.866270131873805749e-02
-4.827644671136493981e-02
-2.716372797214719470e-03
-1.230524309334707633e-01
-3.533176118064521032e-02
1.353691553517147317e-02
2.088350281939310021e-02
-9.373614596149223988e-02
-2.778796620058197886e-02
-5.108245909372816085e-02
-6.211768874583437072e-02
-4.309511423366424454e-02
-2.511262374875591202e-02
-1.731704846980518242e-02
-1.888793218664278073e-02
-5.692723214310957403e-02
3.800748501870732099e-02
-2.056660215214242693e-02
1.352923223125987104e-02
3.795404600717386390e-02
-1.285578277946632444e-02
3.126045774613874645e-02
-8.103245895206520263e-03
3.655642140122757761e-02
-3.820725356642559745e-02
5.839479616688404012e-02
-3.065020664860033592e-02
1.009984827205512477e-02
5.842551309065255327e-02
4.041640272828807279e-02
-2.856540889952983130e-03
-2.227136985757310894e-02
7.427839716435929562e-04
6.595219078941579050e-02
-5.232021824006631051e-04
-2.006112454754220564e-02
3.088282614487686262e-02
4.858194580794547579e-02
-3.869251080588485305e-04
-4.270782863202204904e-02
2.898479181679163019e-02
-1.412800842920948832e-02
2.986316042865742783e-04
3.579227196586178689e-02
-2.758010495072196321e-03
-1.162349956090963712e-02
-1.509307029516554141e-02
2.792697854974311722e-02
-3.545676681119776241e-02
2.831797780128839093e-02
4.050145559053212191e-02
-2.640886640170988370e-02
1.323981244114209865e-02
4.601414280564056908e-02
-6.513489162057821934e-04
2.647089301791337099e-02
-1.713919648735727410e-03
-8.638586466032762475e-04
-3.372772391516060120e-02
3.592938656390680385e-02
-8.354245072532417993e-02
2.591302798378882985e-02
3.683056429299817747e-02
-1.365474079869704802e-02
-8.065189289665344874e-02
-5.042127034389740775e-02
1.522068869854773798e-01
1.069206899377653057e-02
-8.957584581548201641e-02
5.387343091659943517e-02
-5.756838556978245008e-02
-1.105995644748848927e-01
-9.616749526438325701e-02
-7.401455798979794665e-02
-6.159469295870690503e-02
-1.108895692093354590e-01
-3.943762111388973007e-02
-1.394439641149411435e-01
-9.457762074242943851e-02
-1.595917785762782926e-01
-1.003161582487579750e-01
-1.448337357476949527e-01
-1.806575008051265474e-01
-1.441645841802336458e-01
-1.885785360919686182e-01
-2.013378364869239101e-01
-1.810989092739020700e-01
-2.194907486795656115e-01
-4.572100968556819245e-02
5.805136584630810753e-02
-3.486216418513130022e-02
-1.003347443116770626e-01
3.554346190751042633e-02
-8.305738846274238196e-02
1.095135615923501921e-01
-3.913667653992013336e-03
-2.570775793848163737e-02
1.476325786416573388e-02
-1.871095476504199689e-02
2.836419005622107734e-02
1.602582505116518369e-02
3.837350563316782766e-03
-2.584099722335355190e-02
2.758352887394686925e-02
-5.486425477788645089e-03
3.504805446906335969e-02
-5.949556026661362729e-04
1.203475041501382917e-02
1.880523808003989328e-02
1.959654432102560240e-02
3.392205745417835230e-03
2.650250806361804240e-02
3.444479222197581458e-02
-2.321589254430497101e-02
-2.453985218775467728e-02
3.401241976849796178e-02
6.044131008018877559e-03
-2.111500030566748967e-02
2.823462627833975974e-02
1.176625261514063379e-03
2.309049811612024980e-02
1.967289641810929593e-02
-1.037192292529912768e-03
-4.005823083645293492e-02
1.111678964622407444e-02
-2.303817820903186764e-02
-1.727622719061886955e-02
1.184346557037013921e-02
1.152088349743222648e-02
-1.879349226347552457e-02
5.705396361532180660e-03
1.160368686383321654e-03
5.730509113800032889e-02
3.770905415979304565e-02
-7.046990874757159441e-03
-1.573625998389632796e-02
4.986727077556774024e-02
-3.617609714496915208e-02
1.048963903685077963e-02
-9.520743452458523687e-03
1.145495684712845817e-02
-5.028927613400816996e-03
3.373810754894229769e-02
1.189130403096214875e-03
2.353557687444056065e-02
-2.317967458067498460e-02
7.985044706597696496e-02
-5.014169831748106765e-02
4.082950380911574279e-02
3.378928060211110196e-02
1.084401209124616523e-02
-4.938747543007587087e-02
4.950615934799263394e-03
3.395422590008155550e-02
1.039419013127537532e-02
1.596121765565225838e-03
1.677734353877316509e-02
1.705352220439441610e-02
-2.334042458903562434e-02
-1.154578089188395933e-02
-6.777160851682761597e-03
-8.500973232019419512e-03
-5.063435205539312811e-02
4.112888033820549100e-02
4.115842421164103704e-02
-3.268438164299658499e-02
2.779809381968709539e-03
2.556744017614707119e-03
4.559439341234174103e-02
2.013594632391913289e-02
-3.629795647753686350e-02
2.239544747662564061e-02
-2.734248259988751595e-02
-2.318409880546636395e-02
6.959933756088165779e-03
5.284372512743507055e-02
-8.109689358316773955e-02
-1.654981050098678907e-01
-1.932399623352217821e-01
-1.624637187486222267e-01
-9.583319100716085337e-02
-1.981971507045847403e-01
-8.462430565026897444e-02
-1.770987586634068522e-01
-1.202943177703432731e-01
-1.530910917767930590e-01
-1.337737403014180315e-01
-1.019217225938854610e-01
-9.478806633321899822e-02
-1.534509312670646053e-01
-5.924197265890670389e-02
-1.559404969727448131e-01
-8.595307786925560078e-02
-3.036079627980634715e-02
-5.190325166147084779e-02
-2.856829569819367004e-03
-2.944432026619642206e-02
-9.468414307567134605e-03
1.167751346836725518e-02
-1.368398989108028478e-02
5.818155847193662647e-03
-6.487152055151335257e-03
6.786512305968453451e-03
2.398033790235000462e-02
-3.521685348015123063e-02
7.277645512874488659e-03
-3.968579144574787415e-02
5.680580980201861696e-02
-2.953136311193527846e-03
6.115902778558290204e-04
6.456978149455902538e-02
5.143002207166143258e-02
3.040252722133413021e-02
3.288470490926947293e-02
1.728043679271139971e-02
6.854612864817294371e-02
1.425725838659117339e-01
3.048374407135102243e-02
1.533564506339795130e-01
1.704067225366333038e-01
1.974775571185802270e-01
1.536792895687226213e-01
2.218616707735274196e-01
1.526357174505533765e-01
2.783641667818448906e-01
2.572544331417987440e-01
1.736079385234233219e-01
2.320809642067506728e-01
2.733908422057088616e-01
1.588025214648860484e-01
1.575025718449724887e-01
1.830184827125030389e-01
1.482131187737517064e-01
1.736412183496434114e-01
8.394004633860696618e-03
9.739316267127719196e-02
4.422201690982073552e-02
4.831675267586914291e-02
8.118261938947292367e-02
3.947853213920673315e-02
-5.765858936804662410e-02
1.270568953725459763e-02
3.694938906927819344e-02
-1.952809748953577770e-02
-2.265822766398822505e-02
9.200012685042679994e-02
1.001578773841378250e-01
-1.220129643746171999e-01
8.154294480954574209e-02
-1.476838441973339806e-02
-3.197297829385280926e-03
3.550509460485708896e-02
-3.475865938006355172e-03
-2.373603821117224039e-02
3.712448440538487771e-02
1.996587316985286645e-02
-3.596177142603121379e-02
1.915668184879491809e-02
-1.028587427767619633e-01
-1.039264691838678034e-01
-8.075148125217893047e-02
-7.498936883237575235e-02
-6.665047185384360973e-02
-7.955178783278198107e-02
-8.007200408704967520e-02
2.357061118821372064e-02
-1.698560489729680767e-01
-2.026311065617958374e-03
-3.810041836927605119e-02
-9.020503597198668844e-02
-5.235627894598346432e-02
-5.413836736509317071e-02
3.511990691814029231e-02
-7.266298759192278689e-02
3.733668544976195131e-02
-9.141898921591455618e-02
-2.360014242880078064e-02
8.560700205278685970e-02
-4.099373740017313306e-02
-7.688857011432929933e-02
6.549517733369994432e-02
3.955293203886207920e-02
2.734077589242045903e-03
-4.737355172609657855e-02
3.429534493997733052e-02
1.098650592154344977e-02
6.939811626861118292e-03
1.701160779460646590e-03
4.546978444466161923e-02
3.901099582937161969e-02
-1.412996797874862577e-02
7.777926110004872509e-03
2.648867620837840400e-03
1.115098164265425872e-02
-3.025125149281315470e-02
4.890392524917367562e-02
-1.996154304403676208e-02
-4.677325082858380112e-02
2.075527328483276618e-02
-9.651306489829404589e-03
3.401207010009714427e-02
-4.463737404113496746e-03
-4.910374784013967625e-02
3.835640705386589994e-02
-2.232776415021909405e-02
5.897352290759197424e-02
1.608819722622507192e-02
-2.503645220407709968e-02
1.155438582387744856e-01
6.166120010139494734e-02
-5.400095608653181223e-02
6.436159006214003941e-02
7.261835565961037922e-03
1.579739400166748492e-02
1.942854807704382306e-02
1.001297008509752749e-03
1.007766747718219849e-02
4.447389053818161242e-02
3.390839850428280233e-02
-2.560392532093508366e-02
2.003284326755841102e-02
1.783553450181059666e-02
1.572843641547882511e-03
3.457143355761939374e-02
3.657576508466482690e-02
1.716466073620220856e-03
-4.307180116008953868e-02
4.696488305190895524e-03
-4.400103919792170554e-02
-9.635915157532445874e-02
-8.441251217066914059e-02
9.117937283634920675e-03
-1.434621258977926972e-01
-1.097719354628077376e-01
-5.444959536533028333e-02
-9.638389852605097619e-02
-5.679984040725338107e-02
-1.304893356365471879e-02
-1.515134138146882400e-02
-6.165880994242246144e-02
4.853923032310310248e-02
-1.619726414315159069e-02
2.069102688728575307e-02
-2.244770489178051463e-03
-1.749839295986926543e-02
4.704524426281126576e-02
2.364642103327838432e-02
-2.584577242595182192e-02
1.160353905516166122e-02
-2.030758129672305141e-03
-3.622663039992155345e-04
-1.787843669574958397e-02
-1.649082817192504269e-03
-8.876519702449101046e-02
-4.253687910821668527e-02
-3.605266700954859460e-02
-2.691523650726058287e-02
6.460198084346530090e-03
-6.605910820026028585e-02
-6.816775567948064884e-02
-4.227114671500472546e-04
-5.450900502815955034e-02
1.246149327831925883e-04
5.963141212815781245e-02
8.656485904570538487e-03
2.139648579824048741e-02
6.654684447843714490e-02
2.224167918564799035e-02
-4.115643472799593305e-02
1.574374169679447835e-02
1.637537700802208299e-02
-4.693869919321073947e-02
3.198094458453078909e-02
-1.395172946050817625e-02
1.133142555076752621e-02
8.208968819734601893e-03
7.715057802917622137e-03
-9.383911100752428958e-03
-3.060999903691594658e-03
-1.020936419075871467e-02
-1.686286677314759565e-03
-1.568837980331088018e-03
1.100878201980705871e-02
-1.091759568136376098e-02
1.491277541693824746e-02
-5.612872627347307219e-05
-2.851028678521237356e-02
2.571282469342483709e-02
-6.949163917450742502e-03
-5.863653568464606038e-03
4.665179616770135165e-03
1.902079660269328371e-02
5.249265806879508008e-03
-7.810502996714676488e-03
-1.531406899062459116e-02
3.715055774948958223e-02
-1.932668623045668069e-02
4.322369481098884553e-02
-1.291168853971172079e-02
7.457913324974746461e-02
1.044778660393518369e-02
-1.186777555591631266e-03
2.776411978798349126e-02
5.405820938013923549e-02
9.430798023702755689e-03
5.747830243583921389e-02
1.401803992116236186e-01
5.583635068303344912e-02
1.183487890826940558e-01
1.052760622711321065e-01
1.978679605619285409e-01
6.428178188903466150e-02
1.441585837316967100e-01
1.097631404803217220e-01
1.057617783845867104e-01
1.036218086380506220e-01
1.048845608750641478e-01
2.989692440331798706e-01
-1.844888272153783620e-02
-6.239615954767102624e-03
1.085976632287188742e-01
-1.234789253083857542e-02
6.971658484823667346e-02
3.708245433643776040e-02
-5.524160658800666285e-02
1.041289472565527924e-01
-3.615326746612252534e-02
-4.234162774102983619e-03
-3.276360562650030162e-03
4.971122197715908270e-02
-4.978106719124517771e-02
-3.237103600689078542e-02
-7.196420783309669111e-03
1.312096518930598935e-02
-2.122381105514615021e-02
-3.999909986722265803e-02
5.571661802871714919e-02
-4.345508444502944184e-02
-4.266100284346025645e-02
-1.230873840833171876e-02
3.035291618271104830e-02
-2.319400003316642381e-02
-3.945970752538741425e-03
-5.327781838085016153e-02
5.056318961812074353e-02
-3.123273039167520984e-02
1.078167336078219088e-02
-3.673461558611458566e-02
2.441302183988039790e-02
-3.946890766900219838e-02
-4.509318448256401102e-02
-3.975032633075986643e-02
8.665038612418744790e-02
-2.153327961748019784e-02
-4.277875225631729006e-02
3.699795864644134930e-02
-5.658014027532747188e-03
-4.606960238036598987e-02
2.878647993622045209e-02
-1.713653227643805593e-02
3.342042862562583788e-03
-4.644381619726350996e-02
1.731233407898959131e-02
-3.754733587540580453e-02
-2.290947593577061410e-03
-2.731257936490183100e-02
-3.914375217024107512e-02
-2.963330906754010896e-02
-2.978190037962459569e-02
9.865878979700962517e-03
-1.204876678651339503e-02
-5.013628840109886353e-02
-2.633099095662580491e-02
-2.591933993093290672e-02
-2.241372672837830399e-02
-2.094030152372673703e-02
-1.084396326427156804e-02
5.237920879209018166e-03
-3.965920364481906844e-03
1.210368323571074656e-02
-5.405390902743736903e-02
-4.566306234392981597e-03
-4.572853064696113037e-03
3.618152724392795228e-02
-2.652689612405935426e-02
1.454506186937197521e-02
-3.169934216708451651e-04
1.521073342056460977e-02
-1.091564238553340525e-02
-8.289122504487227497e-03
1.280379423885280935e-02
2.557422716752911357e-02
-1.100295005999194289e-02
5.133994610593194292e-03
-4.896864572163211679e-03
6.136751331239884838e-02
-1.752554976069353732e-02
7.078786556512804695e-02
-2.956818420343843706e-02
-2.868433579220931035e-02
5.091584552807620206e-02
-1.701716816860144796e-02
2.359538645492523581e-02
-1.546144017184230939e-02
-1.981507416930848586e-02
7.224112415953685973e-02
7.847207348985142661e-02
-6.211322535529816002e-02
-6.277809376152408347e-03
3.735170285205336588e-02
-2.883279029005848121e-02
6.374477805441508549e-02
8.887294336760338809e-03
4.599265979134682138e-03
-2.941869445881591452e-02
4.092497360608888732e-05
-3.682406522467850107e-02
-1.724931265112043463e-02
7.414996277092230324e-03
-5.033557933925513622e-02
2.570405819183688156e-02
-4.184490884491191831e-02
1.290787784560867846e-01
-8.927893534657636854e-02
8.849820743830145997e-02
-2.311423134638524585e-02
-3.059401989451904572e-02
4.089748507374078856e-02
9.273935574421557360e-02
-2.266819209987113587e-02
1.013873180975167765e-01
1.218374554360502626e-01
9.729328115670038413e-02
4.511087077786801736e-02
1.522632575659340071e-01
8.382757070525923004e-02
1.265683744318782389e-02
1.657887610200945161e-01
1.199985140843335130e-01
1.516408522100304301e-01
1.724252609752858212e-01
6.657288736374905591e-02
2.029290741437946022e-02
6.087872746613818414e-02
1.072193880089588186e-01
1.450165779345716222e-01
6.744994449079749765e-02
2.762518901361783741e-02
7.678187469307637403e-02
7.530976795951754843e-02
-2.391564675475765268e-03
3.966948238362816292e-02
-5.838487499850112533e-02
4.352714849025827309e-02
3.024792282200032545e-04
-4.598912473371759291e-02
4.841877341623611331e-02
-3.920344764423529249e-02
1.300774554141030659e-01
-1.071811344600519939e-01
-3.462867393556790657e-02
1.017872651935438216e-01
-5.208462052892131461e-02
-1.454250575982730075e-02
2.084181251502078072e-02
-3.682672031413483042e-03
-2.434062020798496290e-02
1.033420002041430391e-02
-3.465622533926638466e-02
4.796118901017157321e-02
9.743923464075319660e-03
1.584277608434104742e-02
3.377133922194969912e-02
-4.467703200038389971e-02
-6.313956310376686587e-02
5.344637512684855679e-02
3.070222797783737217e-02
5.569862931431467795e-02
-1.518193958760353200e-02
1.378317072916319767e-02
1.781033663531747177e-02
1.560702126832656279e-02
2.011910425876674291e-02
2.109121134076308995e-02
2.841877174520536509e-02
1.398483437945078831e-02
2.188734816850870443e-02
9.304334562379681928e-03
-2.110481715603449923e-02
2.456936072693811576e-02
1.945585317411343412e-02
-5.202448509340957573e-04
4.223842056060797719e-03
8.898401609334381790e-03
-6.995195503528849057e-02
1.280781197794333796e-02
-3.252424076195548769e-02
5.317792360307911116e-03
5.907573020447761530e-02
4.695973985948435903e-02
-9.493237875774473977e-02
4.465188648268231947e-02
1.270564071347063742e-02
1.851675593472860634e-02
2.356057110189630974e-02
-2.408175287044639692e-02
3.302268739336987335e-02
9.513695332518832745e-06
1.848534165698963866e-02
2.222850240086326687e-02
-4.646253071271189833e-02
2.974113135842892941e-02
-8.640000373018973459e-03
5.854482150974697069e-02
6.514497542546953930e-04
2.370093336002464246e-02
-4.949914826730440059e-02
4.992079478282888949e-02
2.524419799839898448e-02
1.100070560810844159e-02
5.541028124518181802e-02
4.163460120154294231e-02
-3.534757033161248924e-02
2.950784745520663999e-02
-1.892899359142078894e-02
2.939466144429138394e-02
2.011871982981026236e-02
2.996054304082150857e-02
1.010882899575708468e-03
-2.754884750059045581e-02
2.286967842580791156e-03
3.915011972679701552e-02
3.749937246752010206e-02
-4.119673337435595002e-03
2.641494885503394702e-02
-6.471662522557911079e-02
1.151551310918588235e-02
1.115575995597672086e-02
-6.609998196677882923e-03
-5.230277734404732530e-03
4.836533665867796816e-02
-9.089332027879945541e-02
7.692739825625657946e-02
-7.585234762574904858e-03
-3.672018738522492970e-02
2.518934207322616470e-02
-8.532924854983758162e-03
-2.322792046781181965e-02
2.791228326589767147e-02
-3.055715323187273291e-02
-3.728015585019470168e-02
6.514834390565825417e-02
-1.314768167292013935e-02
2.376004071770760478e-03
-1.532616883966481623e-02
-5.555150841017884172e-02
2.230371648397252299e-02
-7.903792094322271977e-02
1.280988950184187292e-01
2.710851565764643006e-02
-6.338991300613228130e-02
6.666374648699813221e-02
-4.480086444154544878e-02
-1.956170057909588020e-02
3.445202613055727697e-02
4.409488261222534178e-02
-1.278111630843014115e-02
1.508081309575182508e-02
1.625069296151665510e-02
-3.130918842043806105e-02
-2.672954548677111686e-02
4.484440313253058169e-02
3.532344894891119302e-02
6.544958807478698515e-03
8.974802454570873778e-02
7.359026993471827482e-02
8.718778028500880073e-02
9.245151741499886555e-02
8.648941892396784514e-02
1.229961410330277782e-01
9.634829975413122805e-02
1.434819295229425307e-01
1.815632095624488684e-01
6.704383818761758262e-02
1.266745060578004511e-01
1.335747293218583487e-01
1.359855308542808061e-01
1.480219060272361664e-01
1.162474886346333419e-01
1.525024449588379960e-01
8.758120465906180097e-02
5.185846479526495106e-02
1.835555483561353007e-01
8.579381164413701910e-02
5.201460371532725530e-02
3.558195333297507063e-02
5.199806126830736758e-02
9.174297182999290728e-03
4.069946952248163635e-02
9.683554552910432489e-02
-1.079823314834717218e-02
1.214372185194285275e-02
1.876482464963967478e-02
2.867703762786541488e-02
-1.235944783991543144e-02
8.012204127486502458e-03
2.489150481336689646e-02
9.626689218460948716e-02
-6.120354466247490861e-03
-6.411484998107341848e-02
8.735288457890827418e-02
-3.094508811790003602e-02
2.816043145185567753e-02
-5.953693087698332803e-02
3.221393069861007430e-02
1.452182659363522241e-02
-7.418893222363967706e-03
1.625341661790725284e-02
5.564030351228493182e-02
-1.317497765105276469e-02
1.004523197971092172e-02
-1.444882556983271941e-02
1.127149746760165022e-02
1.759135482660209755e-03
-1.822358973475649360e-02
4.168431639526855997e-02
1.293964622741928042e-02
-2.794181334484632795e-02
-3.251872083514548845e-03
1.302879682254274446e-02
-5.590587734385334823e-03
-1.349278989898466778e-02
-2.593687596515912783e-02
3.596577659367969360e-02
-3.697509797079088362e-02
3.584519335726330663e-02
-1.915197979492380687e-02
1.217192437192804108e-02
3.546121245207158740e-02
-5.623275903172784973e-02
3.356254564954837261e-02
1.014048636691411778e-02
-9.893244332757233916e-03
-2.064442226071686037e-02
5.910697437514896013e-02
7.748322107668553956e-03
-2.172098469710247517e-02
-1.353551633191070122e-02
2.020705342187010742e-02
-3.009435559661350484e-02
3.623627865425660399e-02
-4.576465664147447154e-02
-3.012762162131261273e-02
3.947771771306405469e-02
-3.605347205370960234e-02
2.153665059977216689e-02
-1.372086466470531091e-02
-7.056518947059148283e-02
9.922475924521115959e-04
-5.026606503441072120e-03
-8.979752627397270121e-03
-1.569935626445607621e-02
5.255694859874773806e-02
1.256490414556580421e-02
4.622613701065699660e-03
-1.902099558039763855e-02
-1.253771674520269032e-02
4.102618500843613347e-02
-2.138635754731493723e-03
-2.219885202607100108e-02
-6.801639973132425285e-03
5.699397702682216377e-03
8.317420422835303945e-03
-4.381028645629909957e-02
-2.763680386403925132e-02
5.128609706450067834e-03
-4.193207699290425750e-02
1.590651749628765529e-03
6.350030574012063833e-02
1.443042313743424232e-02
-3.106167272454148781e-02
4.362631026152390123e-02
1.364848012882657544e-02
9.131658076987571662e-03
1.852452433989791591e-02
-7.283623668956785285e-05
3.893806135199879420e-02
-3.977710460244958390e-02
1.812869631743519588e-02
1.313662915285263716e-02
9.577736008012580071e-04
-2.667445376305332613e-02
5.918596312784615843e-02
-3.484560289900535957e-02
5.288294756886858378e-02
3.820827146878007924e-02
-3.347672781849996958e-03
-4.408425941478080930e-03
3.033474771123572875e-02
1.917911403174245646e-02
5.387010860352709450e-03
1.254131580608187045e-02
6.690155919464752313e-03
-3.589486900044190458e-03
1.439617057077434772e-02
-1.653032860440434987e-02
-1.372258700382959426e-02
2.038361513160144578e-02
3.016542151980376382e-02
3.232130418304799552e-02
-1.695461880388647591e-02
5.476504279135956631e-03
-2.219640501608684952e-02
2.975283825720027170e-02
-8.650006242081673125e-02
3.369267832014608693e-02
8.593093819272909495e-03
-8.058922778891681668e-03
9.863321107588529646e-03
-9.856769079235987163e-03
5.054316731488351332e-03
-2.243366352933240729e-02
1.591585489544826426e-02
2.121127203910863276e-02
-1.254732144242548617e-03
-7.789217611638799693e-03
2.179435113893972431e-02
2.678810997002748807e-03
-2.409352054520083608e-02
3.375744585324618602e-03
1.479488334224208015e-02
2.269370285448110355e-02
-1.027468034650426236e-02
6.169237294224578366e-02
-4.506157500253488157e-02
1.133052419971352677e-02
2.503446797273014418e-02
-6.227290294807122199e-03
2.661915362899203857e-02
-1.205484172323467371e-02
-1.508247323920961988e-03
-2.688530934283698756e-03
-7.049382474993502734e-03
-5.499488663979146957e-02
5.809288595467792388e-03
-2.259033245038643417e-02
-4.017442964756652579e-03
-5.044843264789719908e-03
5.786196583810370234e-03
-1.213009853130334395e-02
4.345452118418025034e-04
1.642747877071717710e-01
-9.780881229069189609e-02
5.365365937160173661e-03
-1.549605895492153426e-02
1.490988152164277047e-02
2.824458615731747016e-02
4.567892756432540002e-02
-3.878615145544331982e-02
2.658047756469231193e-03
2.222115740975312212e-02
5.177662017128972088e-02
3.848310485254523988e-02
-2.489932062179670003e-02
7.563441217703532893e-04
-9.303672971039461323e-03
-2.401711889187299262e-03
4.627103674983366888e-02
-2.148495126777976404e-03
-3.413140321927615739e-02
3.054182609251986091e-02
3.919166306975555014e-02
2.630032970767673048e-02
-1.205529551831418557e-03
2.852928803787925169e-02
2.837012386176918088e-02
3.907024703004446237e-02
-4.996403016783969135e-03
-1.627417516055779199e-03
-9.719158259049382950e-03
7.709368288187077797e-03
2.521471516573962207e-02
1.490079503347077096e-02
1.058924389564153308e-02
3.396414503596741075e-02
-8.764185651144932102e-03
7.270954241002922092e-03
1.068840774084641940e-02
1.608406332718251633e-02
9.382676071162119116e-03
-1.254463042209812661e-02
3.294394775987845303e-02
3.854236426579806668e-02
-1.880655204144199635e-02
-2.718277282728372504e-02
-3.007044267763289008e-02
4.957078598416485293e-02
-2.211782292854734544e-02
-2.378984643529251375e-03
-1.010876011021808255e-02
-2.256357339106263016e-02
9.853597334514428707e-03
-3.235684209319295013e-02
5.095898674248745819e-02
1.894100870102784565e-02
-6.118948628085256469e-02
4.256629353834048834e-02
-4.482436726050293904e-03
3.444672092683667003e-02
-3.091880462747643304e-02
5.001401111595805971e-02
-1.986689496052133561e-02
3.416862886165449292e-03
3.604646496161060393e-02
7.788701416331470471e-03
-3.865062235836403542e-02
5.032413942100355531e-02
-2.888047531678870211e-02
3.801337204365150269e-02
-1.825359995838385721e-02
3.643451316523427241e-02
4.263599679936360548e-02
5.613224550319990958e-03
3.202883852123609293e-02
5.648366617530051204e-02
4.312184765555873711e-02
2.863322822841780566e-02
1.288656406047719062e-02
2.642239452427277632e-02
1.080137359074290811e-03
1.518870830474982822e-02
-5.707570348048213865e-03
4.905448167357451261e-02
1.046331209662505410e-02
2.144197562080532582e-02
-4.513044867428156991e-03
4.057401862835105857e-03
1.436918017047271803e-02
3.342046963936881609e-02
1.220757819442030642e-02
1.863271153687259124e-02
3.871143297947068906e-02
3.408555868165437375e-02
4.181371604330345187e-02
5.686553562097825323e-03
3.838261547575393812e-03
4.981976404640518774e-02
-1.157644696624038176e-02
1.463155758198916162e-02
-1.458252133755979889e-02
1.646021636925994874e-02
-2.274854579007502126e-02
-9.259700839498879316e-03
-1.509140104841354135e-02
-2.318498625716959582e-02
-1.095999444905900420e-02
-9.542435857911738331e-03
-3.605841894519651314e-02
-1.136027278807205318e-02
-1.158120223444344607e-02
-2.025020563141846988e-02
-3.745119197022692310e-03
7.695928663139568748e-03
1.241959389846608933e-02
4.113597867760773741e-02
1.193876706923563402e-02
3.605111939930898124e-04
7.606796947857087654e-02
8.310310533890535867e-02
1.464152742592503831e-01
1.677225720025799227e-01
1.963376060846166449e-01
1.673981072991892471e-01
2.733093038613642611e-01
3.056869730929803186e-01
1.874231037595495142e-01
2.816321302872700216e-01
1.791892252129423380e-01
2.601399309460140086e-01
2.671583679430393765e-01
2.259471161748053403e-01
2.584095165475506217e-01
2.544437645144699833e-01
1.838674519734211921e-01
8.038357357167214001e-02
2.483673024730985168e-01
1.097992467208527001e-01
2.380196935287415272e-01
5.680291263871572321e-02
1.816708528182675586e-01
3.239095842773898060e-02
1.044779856140394536e-01
3.600033380656614268e-02
9.005976856342591541e-02
-1.474145845251584840e-02
-1.486043254722901538e-02
-1.332109634769420951e-02
-1.375456804753251439e-02
2.138905136229242096e-02
-7.511730123869982297e-03
3.708611972024609786e-03
2.515955245174693322e-02
-6.998048222261158899e-03
3.622060473278811837e-02
3.962583132447362530e-03
-5.742383269809213375e-02
5.190796562572079498e-02
1.151199782042453511e-02
-2.880881139239736995e-04
-1.671612406299790785e-02
2.103241294144281986e-02
5.603029711036208727e-02
-1.989898291689241178e-02
3.989424525754422732e-03
-8.643812857730989816e-04
1.782869994115304432e-02
-2.120822409132477881e-02
3.130624666025472180e-02
4.948665626678372051e-03
-1.824547185593674431e-02
2.505715787194019370e-02
-9.177851544818163565e-03
2.805777249299295367e-02
1.232058206693502009e-02
-3.640183796916887649e-02
2.380675894912870696e-02
-5.534431495226914410e-03
1.328304351432892973e-02
-1.469198534033815985e-02
2.627184454669206568e-02
-3.362495705442521132e-02
3.471061554231246599e-02
-1.137225904034096235e-02
8.835050200318638955e-03
-2.953331384123637077e-02
2.774513769810383473e-02
2.777201795745653026e-02
2.531052613350576880e-02
-3.192437384341385333e-03
2.902069061427240641e-03
-1.257944624328166498e-02
2.210876661452863129e-02
1.052381477702856935e-02
-2.459120515158661965e-02
2.734753858877640026e-02
-1.833077534158221791e-02
2.356673520359973961e-02
8.656130977823233569e-03
-5.175320098053234549e-03
-5.356564923891210528e-02
2.286719237423793377e-02
7.457208986709788420e-04
-9.147041397832686785e-03
1.136505568692767684e-02
4.531907557589838400e-04
-2.613406210595081366e-02
6.613910146146376873e-03
-1.776420775303618263e-02
-3.922280154085491105e-03
5.029989268897399474e-02
-1.750769959247381463e-02
-8.293197881409098901e-03
-4.619302757920694565e-03
-2.509754117920457578e-02
1.710571229374013846e-02
-6.598987402204222787e-03
-4.343111364423361820e-02
-8.330868811044290709e-03
1.860226983211775778e-02
-2.547821587530429283e-02
-1.585459558269491920e-02
3.050001403982337614e-02
-4.091501991787773601e-02
2.466424462973239654e-02
-4.174069666222669783e-03
5.650750575843765944e-02
-4.435460999560737749e-02
4.583323683359822112e-03
3.882394206331556824e-02
2.687664342465240219e-02
-2.257756033997868061e-02
-2.297912565656091977e-02
2.192761239741019413e-02
2.098988466716462595e-02
2.155513270340359694e-02
-3.406216708955588091e-02
4.350530132397514155e-02
-2.729183255494449858e-02
1.117867679967762123e-02
-2.708168859404319270e-02
3.465684639102562664e-02
-1.520125126420221288e-03
-2.337458274710024764e-02
2.120178780256941342e-02
-2.307145674309030170e-02
-3.426949689176146674e-02
9.381590362378498804e-02
-6.312286108477747903e-02
-1.670315055782380445e-02
2.950639891465248882e-02
-2.361432204066673743e-02
-1.632843410692781314e-02
-7.622893294512618489e-02
-4.014379336743515228e-03
1.024029824350128348e-01
-6.260023473808376537e-02
2.568704399947594266e-02
2.999103531679854148e-03
-2.309170357455703204e-02
1.227193455215189709e-02
-2.661239214497699082e-02
5.716632222861939110e-03
3.496372265129291113e-03
-2.521216989301407543e-02
6.190719531840724321e-02
-7.305166178225343428e-03
-8.597858024425961143e-03
2.153406746558115051e-02
4.264090464511129108e-03
2.496158120846048850e-02
3.874836402861690787e-02
-1.896893610265267677e-02
-7.142614486808844358e-03
-4.676206667118539689e-03
-6.951942964588249396e-02
5.043299012982423168e-02
1.103328840032848090e-02
-4.985626972192516715e-02
2.829419297947574630e-02
9.104681685516922626e-03
-4.471780123864432105e-02
4.334632187721045721e-02
-6.590714805346935268e-02
-2.274206062240671095e-02
-7.361029914204067492e-02
1.216773287702840323e-01
-6.496618330828803078e-02
7.015624473329153468e-03
2.430635966135651430e-02
4.636554236404285406e-02
-5.196225900158772670e-04
-1.823204751120115902e-03
2.378538645387230990e-02
-2.417265903386748779e-02
2.687046517911936133e-02
2.600682740240625040e-02
-6.422703548177578076e-03
2.123357677655889064e-02
3.244936695010890767e-03
3.608907196473424422e-02
-6.492973682939495728e-03
7.238959277758152955e-03
2.473464240881089599e-02
-1.420866779510287711e-03
3.919472706343618551e-02
-3.851863605033417973e-03
2.093301584233259746e-05
3.719192691131541391e-03
-6.424527795433149224e-03
-2.403257214774878747e-02
3.273675045069600331e-02
-1.717001211171560737e-02
-6.048391816695283807e-02
3.064623815774245030e-02
7.018824800431121280e-02
-1.283372548490591125e-02
4.447804411473114949e-02
-1.542022050954733325e-02
9.514334033285104866e-03
1.676500248236805976e-02
2.783004867103198651e-03
2.019876921951962306e-02
4.157181902256462669e-02
1.432241857951678131e-03
1.512299831481721604e-02
-1.546861831111397828e-02
2.683633896657032503e-02
-8.121312040731821016e-03
1.390790267607393965e-02
-1.919370757093250002e-02
1.717355656213596232e-02
9.797021989411730872e-03
-1.022797585113137224e-02
2.572550027574098744e-02
7.585270048627767471e-03
1.471191924871175687e-03
1.435487054375335879e-02
1.242895996473318554e-02
-2.587180005094047441e-02
-1.106778626343125557e-02
-6.406475795214153224e-03
4.256573900190159521e-02
5.949786453462173330e-02
-2.577026567160349557e-02
3.476329472437472701e-02
1.878747633318891136e-02
-3.078337735724685775e-02
4.052067122225502110e-02
-5.442134993303955962e-03
1.465459488378267200e-03
4.483471474972477305e-02
2.081480920419683314e-03
-1.050003685940207460e-02
1.188625183956088134e-02
-1.213738817863427993e-02
4.315733783003113111e-02
-2.342591004346048292e-02
7.617124491340707126e-03
3.794417909457837440e-02
-3.886819222162286869e-02
8.374162309255357706e-02
-1.748127395086925343e-02
-2.373212629494785009e-02
5.668975426367348081e-02
4.838978609462808722e-02
-4.784373789366597185e-02
7.011170019975491996e-02
-1.541790887462282829e-03
-1.038292054059489732e-02
2.083512840131545793e-02
1.542822731390688408e-02
2.489518036078142843e-02
-9.592375249272231535e-04
3.897920811274699793e-03
7.248385658022892669e-03
3.010253501419421496e-02
-1.578257147802995114e-02
5.475888616718769392e-02
4.113353282702717287e-03
-5.012420570351695803e-02
8.033744729888693537e-02
-7.767022105349033478e-02
5.902872882227923335e-02
-7.711601871383971275e-03
2.335783099429426454e-02
-2.475490381930588180e-03
4.468658747486006777e-02
5.155473072389796935e-02
2.450872617671720401e-03
-4.620458151230218136e-02
2.181747751730005180e-02
5.695255873307923655e-02
-4.797333687736489438e-02
1.729409097224269762e-02
2.656787035431913344e-03
-6.129430362896205048e-02
1.734921240847888887e-02
8.468316327554217815e-02
-3.552453154049160094e-02
-1.946032826331042104e-02
-1.594399794192097319e-05
2.465498818499581649e-02
-1.408377608241771772e-02
-1.230754977985104928e-02
7.814573502050059517e-02
-3.329375407519158392e-02
-7.343599815863140201e-03
3.641717508273140634e-03
2.149207358711768129e-02
-3.083697314255622740e-02
-1.519223298191858459e-02
8.514479904091640239e-02
-1.166376024574198970e-02
1.962387724752578250e-02
-7.289022064858347028e-03
1.953100991741726911e-02
-4.617398940741142960e-03
1.563378762145531745e-02
2.286646482773439099e-03
-2.268151772913763048e-02
3.965331041558424127e-03
-3.402463928730940779e-02
-1.259140083329154947e-01
-2.691086259006404691e-02
-1.014267882983374974e-01
-1.535882897739681285e-01
-1.689773789503672685e-01
-1.979864374043462660e-01
-1.651706199998183855e-01
-1.906260869944378378e-01
-2.139065879679112325e-01
-1.630069048980917479e-01
-1.880153706494577803e-01
-1.950395236673025112e-01
-2.245698839119268098e-01
-2.164266144250047430e-01
-2.168992486832047872e-01
-7.835043068611351191e-02
8.972094818146009176e-03
7.079397485762126130e-03
-6.465060673208596065e-02
-2.500709180569246626e-02
2.162011081737773982e-02
-3.263410873538065415e-02
-5.671131051303147930e-02
-2.587988015236112466e-02
3.572701035234271405e-02
-5.616796727260599253e-02
3.482881018482483770e-02
-5.795851341951434310e-02
2.098780533705527779e-02
-2.557163235074402796e-02
-6.451503410546102681e-04
2.548330316538815338e-02
1.073136645617835984e-02
3.896210540582010357e-02
1.721415435723190612e-02
4.947053891921102814e-02
6.079246061605408924e-02
-7.093616592705302704e-02
4.486555097239391943e-02
-2.817692514817830840e-02
3.695674190620721819e-03
8.507794507388722130e-03
-1.243897914870328511e-02
-1.415851551903842161e-02
1.014164796365161873e-02
3.688122553631405232e-02
3.817099973057692247e-02
-1.430773678499383875e-02
-3.502520984407084953e-02
6.105342789731110081e-03
-1.020501095267999959e-02
-2.550775288695878319e-03
4.936229141931376685e-03
4.191410966105805352e-02
-3.611121623971416672e-02
1.021559893013507594e-02
-1.734260937436246999e-02
7.349326568024790391e-04
1.657656945773624407e-02
-5.648679947808437490e-02
4.024363793906788472e-02
-6.872753244354871949e-02
-2.314732830920472519e-04
5.219283576274533210e-02
-3.876342364101758795e-03
-1.182281390639558158e-02
4.659716789099106748e-02
-1.370831766117812031e-02
3.096880243335530664e-02
1.094231949764719498e-02
-1.605641029419944271e-02
-5.523897051584125001e-02
3.899478500744441717e-02
-8.601412470528499096e-03
1.739191594957330278e-02
7.013839195999596599e-02
6.024261966355411169e-02
7.601065021489548934e-02
1.031027866871810084e-01
1.572064612319165333e-01
1.182012882391083597e-01
8.928404762885686075e-02
2.182377885555594477e-01
1.190620333236361850e-01
1.893341295345160324e-01
1.936323734769913041e-01
1.441591786661080288e-01
1.575170538338214743e-01
1.975884255078378948e-01
1.136686104686101401e-01
1.434954956063539677e-01
1.125799255423188677e-01
9.990740895044707137e-02
5.727352346304146608e-02
5.289949755175760854e-02
4.068538416060447221e-02
-1.956114295633161297e-03
-3.946246584372897770e-02
1.368114632793956953e-02
3.715086868275841239e-03
-2.025514230183072042e-02
5.436498461095554124e-02
3.636306203620731127e-03
-4.321589838348453838e-02
-1.168111720111336682e-02
6.833906279386428974e-04
2.027949136463626234e-02
2.157323672708419404e-03
-2.913407606821097687e-02
1.411266952236067164e-02
5.248884781682918582e-03
-1.319611788454587778e-02
1.002569163960235175e-02
-9.803034954119570210e-03
2.153969240712108948e-02
-1.558335880133289095e-02
-1.364453209662078170e-02
1.121960568159672276e-03
-4.090819239610965496e-03
2.368071456090632080e-03
4.241422005167153932e-03
