-1.263132598495001924e+00
-1.186624291921202889e+00
-1.185622592835406719e+00
-1.185040370366490681e+00
-6.630990200980216853e-01
-6.736765272318671061e-01
-8.666133366742022337e-02
2.647226924184811758e-01
1.845743805255343484e-01
2.429441865149095936e-01
2.067728677096577206e-01
1.761865773665817481e-01
1.034252631684359353e-01
-3.491000442072040855e-01
-6.873199976204096007e-02
7.932584813868591711e-01
6.732637987006129254e-01
9.310512460996126505e-01
4.709633813932982971e-01
-2.801202412811556464e-01
-1.930149621990034092e-01
2.266288427902544700e-01
9.169446177614573035e-01
8.642873455642822167e-01
8.092831212216139436e-01
7.569237982263627984e-01
8.572692797058220071e-01
1.010469974451418285e+00
1.087328026885530763e+00
1.142242659434105967e+00
1.229365022430152221e+00
1.006399285467466820e+00
9.481639353463595654e-01
5.386387264551334431e-01
4.962529840621202060e-01
4.689851466209927211e-01
4.780957731987073855e-01
8.177538038355500749e-01
6.753863122907043381e-01
8.622997199460147311e-01
1.108507865368615564e+00
9.359026608718031826e-01
9.781714111483587049e-01
9.513642534477655399e-01
8.682210257354490146e-01
7.330717785529730079e-01
6.291987984963393066e-01
-3.562646636575925174e-02
3.903497640178127948e-01
8.445755867749208390e-01
7.684040879480854569e-01
7.303376480595720199e-01
6.450973252798554158e-01
6.553002218173820115e-01
1.995956396685122092e-01
-3.967246622930111211e-01
-3.916716329629145732e-01
-4.251274055018015030e-01
-4.494915413342203125e-01
-5.021422464319766910e-01
-1.404934818325701829e-01
-1.175904729346974320e-01
-1.735042458733744297e-01
-7.473100488610223691e-02
-1.123697144806345104e-02
1.327070382390137804e-01
5.787909093694199036e-01
5.914664301908463262e-01
8.405032802861059915e-01
4.808339016955457401e-01
7.177021798763191240e-01
7.726185762159035741e-01
7.984439351730096002e-01
1.071079640605371752e+00
1.045809881665386465e+00
1.029288314859980291e+00
9.179547564643913971e-01
6.060669073206529367e-01
5.124488196583434352e-01
6.892612793498353874e-01
1.201778234676775359e+00
1.084722432959126515e+00
7.532845122780084113e-01
1.365816099132558525e+00
7.164315753493036842e-01
1.055870676379723205e+00
7.654806711193404833e-01
9.025266092127272044e-01
8.443939731513285807e-01
1.039865020789064065e+00
1.370874908067102771e+00
1.326114088800285140e+00
1.341151056148741638e+00
1.192062025939633729e+00
1.265605259440747865e+00
1.176243432098996289e+00
1.161475019311197121e+00
1.002708526305635006e+00
1.433459026423440585e+00
1.171829325650220355e+00
9.642324549254406296e-01
5.998328276844487883e-01
8.094906233495268166e-01
4.438083584500028822e-01
6.270239131353830819e-01
5.701957843407063908e-01
6.148785601527609890e-01
8.633956738047063872e-01
9.091519264417298185e-01
9.657195095000381535e-01
1.245269061158091661e+00
8.532455727117528310e-01
1.301529078728084432e+00
8.536833398794483330e-01
1.167350292113489951e+00
1.173218946903733517e+00
1.110366784052341682e+00
1.047753416345328814e+00
1.114992964879925053e+00
1.056881761200886727e+00
5.138919591557690181e-01
6.325376781248321922e-01
7.081215892040660931e-01
7.831843157336439987e-01
6.723147045240684960e-01
5.597562858842217715e-01
5.893830498700448617e-01
5.591541026474465825e-01
5.435563715619307068e-01
4.569878327112451011e-01
6.187992335924769050e-01
7.685596732713759760e-01
7.001996963539396379e-01
8.546469850614668573e-01
8.347241986890862053e-01
1.157745209856602564e+00
1.422758547425501119e+00
1.512642973532500212e+00
1.682415375133830437e+00
1.347319927922155935e+00
1.331224777118298341e+00
1.358302119482074799e+00
8.650068992494874820e-01
4.582769946422881047e-01
2.493469318932063361e-01
-8.150970090345556196e-01
-2.459007797902349690e+00
-4.182702793977433942e+00
-6.617702111751198046e+00
-1.059488059671594229e+01
-1.467504440096718099e+01
-1.803629140639086614e+01
-1.894789865521966732e+01
-2.236466239314763982e+01
-2.524770275591754043e+01
-2.766031975207707205e+01
-3.014581495620305418e+01
-3.288518038773656826e+01
-3.310785903055381141e+01
-3.380972942017207572e+01
-3.414291135116007325e+01
-3.192015857966521963e+01
-2.933572618045642599e+01
-2.295519739238195811e+01
-1.400911298643670477e+01
-8.399553178020891409e+00
-5.066932139846214156e+00
-3.240286339807461946e+00
-2.347178152028079001e+00
-1.397850862604882005e+00
3.839581680574183364e-01
1.064974516232553903e+00
6.100617889561936735e-01
-2.087600480380723961e-02
1.636088794410711297e-02
-5.289089236640523439e-02
-1.976080835670216695e-01
-2.540146841497263885e-01
-3.241742988652782098e-01
-2.266935913695873883e-01
-2.616327054087205783e-01
-2.749967008683771308e-01
-3.109800845708779460e-02
5.818725529832282639e-01
5.963526155460046052e-01
2.138714322129543766e-01
-9.234604500867306387e-02
-1.486208711764858970e-01
7.325191206048335679e-02
2.331536129458250395e-01
1.948873262518491245e-01
2.469602446349020430e-01
-4.077390515491412931e-02
-1.219117594195188170e-01
-1.282033244579528775e-01
-1.643736946803021348e-01
-4.696461055272813101e-02
-7.790890659166702092e-02
-2.873974639292885547e-01
-2.150172412069841499e-01
-2.078740122186784334e-01
8.921249636278058004e-01
6.971035817948423308e-01
4.710012567501319913e-01
3.068908260273739419e-01
1.349393348355635847e-01
4.296117259256376081e-02
-5.991882661579586711e-02
-2.855256028240236131e-03
-2.714756781112163952e-02
-2.877572368344786732e-02
2.699873480585863322e-02
-3.460042457264832921e-02
-1.754872591925378256e-01
-7.193141564859485693e-02
-9.507555001437729969e-02
-2.995245869347814074e-02
-1.395556935901809681e-01
-3.390695190694237304e-01
-4.534052686505365415e-01
-3.324554703984496373e-01
-2.995399948777346943e-01
-6.715320007781817591e-01
-4.334452181078006228e-01
-4.808439362017312702e-01
-1.754511132707532034e-02
2.406511494030497134e-01
-2.857660406814357956e-02
-8.453268227852298033e-02
-7.776746232607481546e-02
-2.067358984128287933e-02
2.952021084073871548e-03
1.122119705075815405e-01
-9.618462023511241063e-03
-6.849007204595500276e-02
-1.710931643427764104e-02
3.398420501625429996e-02
1.657299513095644161e-01
1.321538075120211875e-01
8.197673802015731370e-02
1.455400646947296039e-01
1.219784775795581949e-01
1.211423155216092146e-01
1.993669033397349466e-01
1.531020000420644511e-01
2.263620236976705558e-01
3.562487774599147339e-01
3.583487784019546152e-01
4.151469003179392159e-01
1.985443183354194119e-01
1.981866896263588529e-01
5.753300772771045013e-01
8.147779783413670041e-01
2.832240696848450368e-01
-2.822302023621338640e-01
-5.747316303486851297e-01
-6.106670556814097761e-01
-1.420589343725527920e+00
-3.393266724782812105e+00
-5.362158497843942051e+00
-7.334225032656125798e+00
-9.207323775685070544e+00
-1.127387902721606139e+01
-1.349303611368281253e+01
-1.426718550856529788e+01
-1.438663516551363664e+01
-1.488602148524971192e+01
-1.516072830529621740e+01
-1.412503507865838515e+01
-1.307054788871560724e+01
-1.349637412537749093e+01
-1.282986109305038092e+01
-1.169442099533102386e+01
-1.051801244647983147e+01
-1.012739085510113135e+01
-9.972765339398744544e+00
-9.674654017413669038e+00
-9.510232021220755172e+00
-9.216336727169228027e+00
-8.734429544893959729e+00
-8.930461688389458530e+00
-8.944249861025237891e+00
-9.279507431838855069e+00
-8.071887158303999499e+00
-6.757688007676319053e+00
-5.381773971599453255e+00
-3.586691345398205666e+00
-1.270645510807798306e+00
-6.086500762480745452e-01
-5.082527969617908203e-01
5.678542638829602029e-02
-4.201606199533577946e-02
-1.532288690463671499e-01
2.576903164730690587e-01
5.078097140736219650e-01
5.721883729694150489e-01
5.901484850512415115e-01
2.996789112410324085e-01
2.491501443795898080e-02
-1.891386712665608233e-02
8.086530243492939807e-02
-1.435110304386552904e-01
-3.961268359562680752e-01
-1.850065437937021273e-01
-9.511390547306901311e-02
6.780705807784924433e-02
1.044140979156951282e-01
5.562770847993474543e-01
9.049768075836287506e-01
9.281478102422499044e-01
1.225810043324555121e+00
1.678417612604420350e+00
1.921882611183652001e+00
1.964594551989805593e+00
2.184476298998203170e+00
2.385816118120213325e+00
2.321831943160285849e+00
2.023337522356037255e+00
1.984637420154809151e+00
2.334979706986359371e+00
2.689421633250680177e+00
2.647351136804158234e+00
2.974332674302246904e+00
3.386247832330445018e+00
3.533625294680454942e+00
3.456713346552742205e+00
3.407515731862211350e+00
3.260487137789256806e+00
3.066706343624798770e+00
2.820617453447290757e+00
2.637147606420800372e+00
2.616370112676042581e+00
2.575871939928861654e+00
2.559894833397534430e+00
2.569120735130256072e+00
2.734433561419857828e+00
3.315253260596359386e+00
3.211422214504175532e+00
3.126190018016359762e+00
3.119436480308334314e+00
3.109007520901323929e+00
2.434557436048194745e+00
2.113308106288871890e+00
2.266665287999169998e+00
2.387397796217580304e+00
2.423219870492196559e+00
2.790661072883016125e+00
3.080356359770612951e+00
3.631752789161840411e+00
3.672686521068744270e+00
3.604363181050342035e+00
2.870789814033190002e+00
2.244503517040385532e+00
1.996238690119972903e+00
1.519262013429335534e+00
1.312080886246635991e+00
1.463184720013376960e+00
2.590768055144496262e+00
1.915972482909165553e+00
2.231935955296090679e+00
2.994303959845634910e+00
3.038390847494766955e+00
3.925407925642133478e+00
3.744157300582358072e+00
2.543458594418225527e+00
1.995811802990992145e+00
1.488295579922963130e+00
1.044974975099103309e+00
1.002150657864901317e+00
5.836929101509040763e-01
2.163511171974836778e-01
3.035168994869336667e-01
4.626420718376172969e-01
1.257426991642453418e+00
1.279473566691536224e+00
9.242711844085343964e-01
8.644804563197562297e-01
1.098285795733730863e+00
2.063075608368913905e+00
3.078185031933962090e+00
3.351320545564237197e+00
3.445199230749593777e+00
3.566591549189998656e+00
3.444635827965876640e+00
3.488289733723836328e+00
3.312537419646167436e+00
3.263257514452178931e+00
2.971766783295215486e+00
2.605845801811326190e+00
2.513695357385526741e+00
2.441345884359051865e+00
2.967515548327091413e+00
3.036696092657163337e+00
2.749715226565511816e+00
2.895966065856846239e+00
3.252709016434761402e+00
3.118215903375246789e+00
3.268165899181740830e+00
3.331563396995704807e+00
3.678012981438282480e+00
3.933561873536914444e+00
3.808155630396696800e+00
3.884513528537750116e+00
4.096041377270251971e+00
4.547146546850295401e+00
4.516017712204464907e+00
5.193703616682291191e+00
5.091749254041868511e+00
4.749154869543653845e+00
4.688866042187921579e+00
3.832134886845124822e+00
3.653649310673977357e+00
3.804929863036624837e+00
3.396868880248566036e+00
2.094630654489035404e+00
1.410483408330625910e+00
9.634958424666316412e-02
-1.226824424184321527e-01
-4.010760418280336914e-01
-5.999606687907906855e-01
-1.393636491130350485e+00
-2.470023069714003316e+00
-4.387134144184570594e+00
-6.090439820630819234e+00
-6.173329709307833646e+00
-6.132976012246960984e+00
-6.329318466529290532e+00
-6.827254632783984256e+00
-7.572797918993357413e+00
-9.055953178656499958e+00
-9.317496799850207623e+00
-1.002763789280693807e+01
-1.137102487308013465e+01
-1.322504834818251318e+01
-1.456347284879352344e+01
-1.502534055020878334e+01
-1.365233530491278024e+01
-1.199353986987910936e+01
-1.173400833595864867e+01
-1.294716619642668398e+01
-1.488422487411421891e+01
-1.421900154779469894e+01
-1.443173815488498057e+01
-1.308513043252495578e+01
-1.392691911636399205e+01
-1.397257489118249119e+01
-1.402052422141098376e+01
-1.412854727794883303e+01
-1.372888210075213600e+01
-1.233611879054433125e+01
-1.070506100032464403e+01
-7.703503873854225859e+00
-4.006667814697208563e+00
-2.107242220749380390e+00
-9.665242860192352348e-01
-8.881954617317078249e-01
-5.246504190858859440e-01
-4.395498365050059530e-01
-2.534178225761700709e-01
3.262587918964787725e-01
4.451120088466511415e-01
-7.947159535864946334e-02
1.213041250024316127e-03
-4.517734600866057937e-01
-1.343062960202948464e+00
-2.445069139761425259e+00
-3.021412572645030714e+00
-3.060248577293114280e+00
-2.822539291041674225e+00
-2.222779861820347591e+00
-1.655036302703552176e+00
-4.826585176850760051e-01
-3.407759785079712556e-01
4.484235446440217321e-01
5.622124088814396403e-01
9.221285555757371410e-01
9.263526713214350616e-01
8.460693353577521947e-01
6.827846850616801078e-01
6.267198122120993808e-01
5.330321903893383562e-01
8.559084581164850825e-01
9.581585754554041712e-01
9.096319700757339310e-01
5.166694017025010854e-01
4.504830691267372456e-01
2.442700706854042114e-01
9.764757372708983418e-02
7.707998816061421843e-02
7.467165587731003362e-02
1.565392448414747173e-01
1.436234050363388026e-01
1.705002280511933865e-01
1.243793993873155285e-01
-2.595054564349382198e-01
-2.833248060247303690e-01
-1.152722045903576270e-01
5.686067352582411250e-01
4.988173697445429378e-01
3.132759144813212493e-01
-1.383850446742890816e-01
-3.550970708708185986e-01
-3.819607251867989106e-01
-3.093865781438282503e-01
-6.152373632452814295e-02
8.888925980719890318e-02
-1.036535889683268818e-01
-4.889396962024802895e-01
-5.702112769985455687e-01
-4.973694278859744355e-01
-4.142116004375620553e-01
-4.617722693798834710e-01
1.009907445621175126e-01
2.861572933849884093e-01
1.690230904573105208e+00
6.828854554767589846e+00
1.139850769146764797e+01
1.608812537728817915e+01
1.895348273779723058e+01
2.171462891540332052e+01
2.283541764699335985e+01
2.454647252871693297e+01
2.431147207330707616e+01
2.545346642488254219e+01
2.545032450984176364e+01
2.516252478340782162e+01
2.467515879467465112e+01
2.313102168009205784e+01
2.089192565610375141e+01
1.813400096018984797e+01
1.312909474853030112e+01
8.730987083884766520e+00
7.625249996146078679e+00
7.168582870983927435e+00
6.832903867827771371e+00
4.764753125405753131e+00
3.390876138116013294e+00
2.681964963211525887e+00
1.502759042729099104e+00
-7.064776101879515213e-01
-1.001940202821226755e+00
-9.361205823463950582e-01
-5.249017568637800446e-01
-4.950322987670134900e-01
-2.676496316580336265e-01
-2.262426356737366751e-01
-2.286213724541294179e-01
7.973373910439980616e-02
2.120135528402738445e-01
1.431574904526414782e-01
3.047047449212555645e-02
3.851595385315891799e-03
-1.551614614445263052e-01
-1.068597342395581802e-02
-6.466881632351881293e-02
-3.437644934733073698e-02
-6.193898824350326654e-02
-1.964508942021880519e-02
-8.722522154451746446e-02
-2.710732203510638882e-03
1.876583526619741288e-02
-5.491751798551284397e-02
-1.636420671998327081e-01
-3.195253453134996868e-01
-2.179067725090220176e-01
-2.264540171779527988e-01
-2.358219902022615500e-01
-9.661607653306021615e-02
5.851952660222821401e-02
1.035227702866011318e-01
2.758711802839617366e-01
5.462364687444014599e-01
2.647220337217817687e-01
3.927502168303953489e-01
5.232786635611180737e-01
9.645362084050477236e-01
9.420111860620518085e-01
8.623820793961811670e-01
6.484474533248740791e-01
-1.858072500471692756e-01
-4.962187003731292900e-02
2.095403887077388130e-02
-6.720200994753733337e-03
-2.841819487909710146e-02
9.436545840191422688e-03
1.587021387558603114e-01
-6.767339342781221456e-02
-2.083367483655147734e-01
-3.655616738193323556e-01
-6.513144460408324399e-01
-6.998183461781527503e-01
-5.603227344215667705e-01
-5.072349817620702694e-01
-5.587790598086247451e-01
-4.491455969323647213e-01
-5.422663640106070160e-01
-1.012259035546353214e+00
-7.815495607355454899e-01
-5.187399306179965586e-02
-2.419441161396071460e-02
-8.487240149390398170e-01
-3.770849579615200398e+00
-7.209739755557848184e+00
-9.719596856824244568e+00
-1.361477309470240371e+01
-1.651840130249484773e+01
-1.866857004385139618e+01
-2.111205838273064117e+01
-2.343659814890893145e+01
-2.344671448247683543e+01
-2.415403319718986808e+01
-2.444910947237909227e+01
-2.355295617357763760e+01
-1.964551717308631851e+01
-1.588376417500674265e+01
-1.095708699279855303e+01
-8.768429744539664838e+00
-6.735917175047176464e+00
-4.366107725617672131e+00
-2.882684978665621678e+00
-1.781968390177363970e+00
-6.398058559264152567e-01
1.329682127741399315e-02
1.359898830634423961e-01
4.861781347569772010e-02
-3.531094860196978269e-01
-3.413178438181715402e-01
-1.981753213168977457e-01
-3.125598972754753402e-01
2.831796152674637482e-02
-1.136219904764289024e-01
-4.703872193618786612e-01
-1.540715599063443297e-01
-1.040524337179084824e-01
-2.138928928901515369e-01
-1.548043702720300618e-01
9.554005460742540090e-02
1.870113082914066083e-01
1.860873040564324510e-01
-2.307160931515647717e-01
1.073229398277245061e-01
1.784618605939291558e-01
3.928905327974915873e-01
2.251573511187982823e-01
7.153482823630386012e-02
-1.812314508331556440e-01
5.146281988755078973e-02
1.553822193567262755e-02
-2.437511675120044088e-02
-7.657635078450422683e-02
-5.174260802547938493e-02
-1.737489256110211211e-01
-4.695750335244413404e-02
-2.032757219031326376e-02
-5.918400559618659795e-02
-1.107009216944358498e-01
-6.859685962469219689e-01
-1.287602969166506295e+00
-1.489155157632725102e+00
-2.502273341540344198e+00
-4.055433936663048300e+00
-5.402876594406254895e+00
-6.609252884402907924e+00
-7.095988153531203935e+00
-7.943552163242301845e+00
-8.715572457765571102e+00
-8.497779683807909379e+00
-8.014461805638541492e+00
-7.216255970408627540e+00
-5.319839580230122600e+00
-2.721739714185012371e+00
-7.166003060332778452e-01
3.315668609782111420e-01
3.527147901349412806e-01
3.972350451513126934e-01
3.280618187229097371e-01
2.418784168075906460e-01
8.011827700599270796e-02
-1.943409818541772804e-01
-6.738553521249066036e-02
-1.212725699340145014e-01
-5.188751435236804710e-02
-2.158485609732026800e-01
-5.946905522561223290e-01
-1.988273857555764801e+00
-3.724994198301176951e+00
-6.006966208056758738e+00
-6.830054658180952920e+00
-7.744575165028673602e+00
-8.575236489769938686e+00
-8.527859934891699467e+00
-9.003752487817857642e+00
-7.480190415497708578e+00
-5.652880650967567533e+00
-4.969065414000272796e+00
-5.107391428977711811e+00
-5.264334299764398928e+00
-6.360478740731466019e+00
-7.452255500996741944e+00
-7.801648453298528629e+00
-8.183488784230052104e+00
-8.202661080115605685e+00
-8.457052927053060998e+00
-8.262095148575815173e+00
-8.105110910932131318e+00
-6.943833607244911832e+00
-5.614311705858377799e+00
-5.305712531119133324e+00
-4.868867679347952837e+00
-4.912110725331809924e+00
-5.715567543436676168e+00
-6.485497022597960459e+00
-7.666512335304949133e+00
-7.882503870240607391e+00
-7.749711133711863376e+00
-7.759571412723317962e+00
-8.420185057260813011e+00
-8.385502282364678095e+00
-8.129522676807479087e+00
-7.171540851977991515e+00
-5.299331046854345750e+00
-4.086433634435693740e+00
-3.639821995302578106e+00
-3.808732642934207657e+00
-4.419060945842320898e+00
-4.699661619729363693e+00
-4.732569434925220975e+00
-4.659860453558492210e+00
-5.370842044945153049e+00
-6.378365087271900435e+00
-6.907795500078973028e+00
-6.994989347521722856e+00
-7.127041391085084499e+00
-7.852165985304337070e+00
-8.316329702138958169e+00
-7.949258302476195581e+00
-6.533553600482569834e+00
-6.481403849174753873e+00
-6.837985584353945434e+00
-6.041568771493090573e+00
-4.242846743168519730e+00
-3.429245643549728495e+00
-3.364042528664256793e+00
-3.223039873933617905e+00
-2.925577201100499014e+00
-2.752728490218830260e+00
-2.697246932572642031e+00
-2.847322740518473783e+00
-3.725270186342807932e+00
-4.241529165950429281e+00
-5.249763400716530803e+00
-8.788202110313021009e+00
-1.136905117981329205e+01
-1.364492208006654472e+01
-1.417583156041625969e+01
-1.491409843246085387e+01
-1.222046222540185667e+01
-1.011079366636443488e+01
-9.030242257326959177e+00
-7.456680016091195462e+00
-5.234921859865867333e+00
-3.524877892998174556e+00
-2.860103240224733945e+00
-2.730120966485134915e+00
-2.910672584765944038e+00
-2.471312338250962970e+00
-2.581041687272205731e+00
-3.456341255836828275e+00
-4.479692621517417095e+00
-4.733015258553346705e+00
-4.826987420484581293e+00
-5.826084933612680317e+00
-6.553477481936844207e+00
-6.965503459002434283e+00
-6.228265586459299286e+00
-6.702448011513812531e+00
-7.480580887047365124e+00
-9.606748421682931749e+00
-1.034830642120288324e+01
-1.244024637904669106e+01
-1.422023435825652626e+01
-1.538922822919529310e+01
-1.557771980482292840e+01
-1.534209438439937223e+01
-1.416923038802463175e+01
-1.240687980755695463e+01
-9.525654491460301188e+00
-6.315046388628601903e+00
-2.823073206812364955e+00
-1.258799483667098595e+00
-6.443483153918840023e-02
4.566464796665291592e-01
6.845400898991611527e-01
9.702535014747353248e-01
1.290933135457587255e+00
1.291176670565931328e+00
1.807096291529137755e+00
3.389581473673289658e+00
5.422087211403968432e+00
9.112803711780268046e+00
1.270962712598233502e+01
1.609145999997587850e+01
1.883986315741525530e+01
2.151749722441166313e+01
2.365772642105466161e+01
2.365261156164093137e+01
2.507273100439055469e+01
2.598855978217885365e+01
2.646596667354307897e+01
2.617421935009534550e+01
2.493368764395519221e+01
2.227741248953531539e+01
1.804643320136496953e+01
1.462520664180443219e+01
1.218778081540984637e+01
8.755151051228443393e+00
5.846402994657216468e+00
4.362045761587227233e+00
4.025526319067197711e+00
2.847624157653877663e+00
1.089838711416347250e+00
-3.775457399606368947e-01
-3.017341985153282335e-02
1.250651970238794597e+00
1.345522561172329823e+00
1.388119165160621060e+00
1.018730037377644670e+00
-1.559106031833635934e-02
-6.637160460341757773e-01
-5.504932178553199051e-01
-5.426337196527029061e-01
-3.394248730926806012e-01
-1.773004682415059707e-01
4.696576853139153296e-01
1.186767852803219503e+00
5.864451143784306097e-01
5.364396216888243085e-01
3.953312681360127701e-01
4.513240544515094710e-01
2.569878401540507395e-01
2.164064815389170615e-01
2.734488931168083115e-01
9.393350576116200890e-02
7.502780574850765639e-03
6.458217156154967900e-03
4.967037428877395938e-03
2.096072725522745220e-03
1.906496895381609279e-03
2.097548333555698113e-03
1.907032342851034366e-03
2.535819253996001929e-02
3.452491669743608382e-02
7.897703952004071770e-02
2.968104242353477029e-01
6.711861442375246511e-01
1.207227176525070611e+00
2.037547002583738998e+00
3.248890099596260406e+00
4.976741881591979499e+00
6.880833014766644773e+00
9.964825575982739991e+00
1.204615473578292928e+01
1.373664480448683989e+01
1.568712916044929528e+01
1.744454054910716323e+01
1.871438522346850419e+01
1.946484012401587549e+01
1.984332703147402555e+01
2.025318872917705093e+01
2.066358378768715198e+01
2.097732729810743280e+01
2.138493229105703719e+01
2.127513680883670233e+01
2.172237932981600395e+01
2.079392416186456671e+01
1.844552123247095565e+01
1.205534068125233560e+01
6.180692686992814266e+00
4.216518310337578512e+00
1.798242130189606103e+00
-9.715857610431196667e-01
-1.894758497169374722e+00
-1.992878960972778613e+00
-2.143932009152574203e+00
-2.312858025991497257e+00
-2.824390357705544918e+00
-3.681691505064922154e+00
-4.535533302334535222e+00
-5.618997969600806996e+00
-5.362876490851610001e+00
-5.750661957433787386e+00
-6.615931636942739225e+00
-6.800412734228066469e+00
-7.123142214929327309e+00
-7.148617073328314753e+00
-5.952897400943540696e+00
-5.132940582747123059e+00
-5.102937035383949826e+00
-5.444586238792503252e+00
-6.578821017712022545e+00
-6.560630084845439747e+00
-6.555826833332829118e+00
-6.396528322449647419e+00
-6.125008362505523607e+00
-6.151013979520536523e+00
-6.261045692196850254e+00
-6.511579463155515946e+00
-5.729069710967732654e+00
-5.125373933058128273e+00
-4.537184692045634904e+00
-5.461871056380530831e+00
-5.120816727914614397e+00
-5.253439717230861561e+00
-4.938624557318226138e+00
-4.874082500660717798e+00
-4.913228178944041957e+00
-4.985351545904065595e+00
-5.370871381708722581e+00
-6.624784366427205917e+00
-6.512353657511327221e+00
-5.457399884251559641e+00
-5.550815122000919644e+00
-5.542366998445194426e+00
-5.469605732119647179e+00
-5.256175265302013955e+00
-5.819836360160442368e+00
-6.231139125791002265e+00
-6.282438570161708036e+00
-6.780728925411639629e+00
-6.923765177623574019e+00
-7.136988300085487680e+00
-6.923087154045109770e+00
-7.257122740526302351e+00
-7.728400581587131057e+00
-7.557977888390902343e+00
-6.567489859951671782e+00
-6.434172920035662990e+00
-6.460155135986870079e+00
-5.826741024452934070e+00
-4.885982200225216232e+00
-3.609796785232544991e+00
-2.497764813373773762e+00
-1.257892315853026410e+00
-1.009491409152499575e+00
-6.995199617729683794e-01
-8.578720026765415674e-02
1.099425400536970798e+00
1.296875863693688125e+00
5.677891282411328122e-01
2.730115807519520876e-01
2.999164080598469284e-01
4.289444850389741853e-02
-6.662691013413657437e-01
-1.315007211812677657e+00
-1.408194064924343847e+00
-1.248905309193959701e+00
3.066563423198144234e-01
7.850227991282405782e-01
7.159621125735170510e-01
4.557699580653219451e-01
3.757522745466521652e-01
1.749347835611299029e-01
1.267854970591824060e-01
5.309101611261652504e-02
5.105185340435925041e-03
-1.318071926297434415e-01
-7.717693864844755725e-01
-7.215406270585082993e-01
-3.732902468768496962e-01
-9.072021614833351844e-02
-1.072176161596596344e-01
-2.609330348065287963e-01
-7.900765204289953436e-01
-4.642189059252737060e-01
5.438875534003071444e-01
2.532189100956446226e-01
1.211205726702568874e-01
6.938860194882595644e-02
9.137955490147026127e-02
8.096186752774800488e-02
5.371203610066768025e-02
6.433718645601289865e-02
6.816713343010583070e-02
-9.309315352516301170e-03
3.843133617988680334e-02
1.007290770289800963e-02
3.500092161192749907e-02
-4.282941557722744902e-03
-3.121246594184567610e-02
-1.508528642288160249e-01
-1.530332929186426771e-01
-3.580483082389477323e-01
-3.146610279818849443e-01
-3.232190382861800382e-01
-4.498549651380507886e-01
-2.789949127534235851e-01
1.927718868199326252e-01
5.861045736116867744e-01
8.438359388705894970e-01
9.593327593262505060e-01
1.245802087261018709e+00
1.072376876628319931e+00
1.049248636513442579e+00
6.908616458523899606e-01
1.347413190913864800e-01
4.398819715640504141e-02
2.366893692325884591e-01
1.768359761759170645e-01
-2.174805547023004326e-01
-1.377342553623122356e-01
-5.734821784735772976e-01
-2.376898122056387563e-01
9.027019088284946036e-03
-1.984427991003709091e-01
2.051173227447918024e-01
1.681416141570717115e-01
-2.694573226593847959e-02
-4.635317905759953061e-02
-1.403179968927106662e-02
-4.582522365592971159e-03
-1.145644173259786069e-01
-3.793088722961777126e-01
-5.297884423509759966e-01
-2.155641877753773084e-01
2.839134415296336034e-01
9.940497459614240638e-02
-2.049131543199581018e-01
-2.002043270102610295e-01
-1.640553449846212930e-01
-1.552389007294985024e-01
-2.658547091237315474e-01
-9.677522731557373914e-02
-2.000658889581673483e-01
-2.640455087606987106e-01
-4.314893111047780616e-01
-7.858719457209339954e-02
-2.773791011871151180e-01
-1.979549930312473061e-01
-1.856879660961073264e-01
-4.646997292530549023e-02
-1.893970273338185517e-01
-2.806272968631285392e-01
-2.815822893686000250e-01
-3.905809556031392682e-01
-7.353145143456465416e-01
-1.185937732246133525e+00
-1.464820662314080257e+00
-1.619117331598844745e+00
-1.931786110352790908e+00
-2.954477165824223039e+00
-4.665547863641940296e+00
-6.274632928435520896e+00
-7.365003373981718227e+00
-7.503049274092068899e+00
-7.426651604885920577e+00
-7.364706536234831624e+00
-7.601209183354291632e+00
-7.841828837796262164e+00
-8.014201122489328810e+00
-7.140237947619207048e+00
-5.894252761829032572e+00
-5.760353977323949159e+00
-4.647448792665350936e+00
-4.344234851459958691e+00
-3.514527473174810179e+00
-2.503785821507372944e+00
-2.208638817235642371e+00
-2.113725637151664838e+00
-2.009394668060182187e+00
-1.162729877052872451e+00
4.952762600613933031e-01
5.689553060881116231e-01
5.428489476115043733e-01
4.566419730173053582e-01
4.962593917290500922e-01
5.412949469370099687e-01
1.049592575259927330e+00
1.996381773447309049e+00
2.572979470217902964e+00
3.696055706235512606e+00
5.173483163051312950e+00
5.408600613045229544e+00
5.646987948273068270e+00
5.725326958338484040e+00
5.993919409721362612e+00
6.175564086786391904e+00
5.962437764626939085e+00
5.359537700459404697e+00
4.756006229399685203e+00
4.460776013619420333e+00
4.683335847566930887e+00
4.622990536256882166e+00
4.317058294117576800e+00
4.124324410700272558e+00
3.056235323713105689e+00
2.066982685713814494e+00
1.929880288163498880e+00
1.617981162373084869e+00
9.038344470418707699e-01
-4.450220610703736202e-01
-3.497997385436049989e+00
-7.897037380584125188e+00
-1.089162016331594174e+01
-1.322997744776456130e+01
-1.440920547803855456e+01
-1.520726303664087098e+01
-1.670104595240101730e+01
-1.927380261917359405e+01
-2.043544580089822560e+01
-2.270013857096029142e+01
-2.397859936796199776e+01
-2.462545921627285495e+01
-2.484955028876585104e+01
-2.551431382932408098e+01
-2.377931989131264601e+01
-2.066402646319247083e+01
-1.652614910666960313e+01
-1.128808361351722844e+01
-7.225009706975248136e+00
-4.508088609894284282e+00
-3.967122578923323761e+00
-2.989994263020229415e+00
-2.417080364106124701e+00
-1.609059007655092577e+00
-6.060419123318226964e-01
-2.178241653981788650e-01
-9.267302394178195124e-02
2.705152718984332391e-02
1.406021456774662615e-01
1.469312321265348331e-01
3.912778641025366211e-01
5.227878507138642439e-01
5.779808646527949678e-01
5.907453920102955225e-01
3.552724629097692710e-01
2.195204723847025974e-01
1.819727171753308670e-01
1.408244755048901897e-01
2.185193037926941584e-01
1.392619721374482034e-01
1.566798141879330863e-01
9.553427154519836262e-02
-1.742762970865332495e-01
-4.962481460847286696e-01
-4.339140181201792124e-01
-3.997703964358397255e-01
-1.651801694162855494e-01
-1.478604302101179935e-01
-8.233972361227677450e-02
-6.150391677930115014e-02
-1.328170331826327433e-01
-5.938221427706967537e-02
-5.213793034443887919e-02
-1.288515405245901635e-01
-7.959159527399423117e-02
7.743287465619749094e-03
-1.169463656504948941e-02
-1.054726284072132897e-01
-3.388206116843092697e-02
-6.634814421445249522e-02
-6.966594779942987536e-02
4.811307668285961375e-02
-1.119832066608960897e-01
-2.861713935105552123e-02
-4.853699147603338093e-01
-4.605642851053821096e-01
-4.312376052799365422e-01
-4.694034967366132460e-01
-8.685548511189832288e-01
-4.896224978317286203e-01
-7.871018365774119507e-01
-8.401227553963618311e-01
-1.088846440013063521e+00
-1.725650741331231863e+00
-1.842839653857167859e+00
-2.141193248907690805e+00
-2.087843858044779566e+00
-2.142905378301564134e+00
-1.726589546024127175e+00
-1.739102344545474299e+00
-1.711261713702765253e+00
-1.544372527320075239e+00
-1.587685093992710961e+00
-1.106950616427390122e+00
-1.051174616568547160e+00
-4.703221119000471351e-01
-8.142560986029688530e-02
-3.660122290428910550e-03
1.258666885165029836e-01
1.606304058615308505e-01
4.349246839463253855e-01
4.851855564441189261e-01
4.793635849723451581e-02
-3.474129055968589452e-01
-3.272850390039966917e-01
-3.269959627575089178e-01
-3.098923440103764637e-01
-1.675022946175337701e-01
-1.397789174918081523e-01
-1.727490484747817301e-01
-1.605748392821932380e-01
-1.290726051400377661e-01
-1.879403839985332170e-01
-2.754805217859539884e-02
4.352169652442263725e-01
5.782167195485816702e-01
6.253160343229102747e-01
1.479519153492556693e-01
4.333726542637058587e-01
4.764233380445065391e-01
4.036482968273281680e-01
-1.540707191816108046e-01
-4.846412616479672808e-01
-8.554562451250098398e-01
-5.586481578234563372e-01
-5.768864546771215185e-01
-4.162456763318033159e-01
9.015374317590237052e-02
9.753839602269634423e-02
1.977820384120870523e-01
2.329551009143284168e-01
2.084208897528784521e-01
1.933228738334888952e-01
2.387664270950541068e-01
6.577406995194033934e-01
4.825485272079679810e-01
2.874331454696916199e-01
1.198503252322860244e-02
-1.641501399384300286e-01
-1.923338357453872605e-01
-4.360815431872727133e-01
-2.916779675706445141e-01
-3.720581371617853739e-01
-2.648542481160394702e-01
-4.001206860823708911e-01
-4.914647822171853142e-01
-4.750268850984023516e-01
-4.620061718944882823e-01
-3.358010215334385484e-01
-1.906558032025028604e-01
-7.601962028515575620e-02
-6.608447407034905019e-02
-2.313329006946424418e-02
-9.871724874414673778e-02
3.434182751724416671e-01
9.956942778765192070e-01
9.384641964307368633e-01
1.322419908244179432e+00
1.301169515343287175e+00
1.068140432183514177e+00
1.086080410253596362e+00
9.541822096853793678e-01
7.940316678649399496e-01
6.821566136827218463e-01
7.614152449688541546e-01
6.578924744280195691e-01
6.872109720938093247e-01
7.397069504131947859e-01
8.273837042966708522e-01
7.657320165984270455e-01
9.589571535884248155e-01
9.683940528772653211e-01
9.139950231113335155e-01
9.230095786844674244e-01
7.992579249844447009e-01
5.470704751960799861e-01
3.194650703601521480e-01
2.747655100848526710e-01
5.275982074589319337e-01
3.371203692266884766e-01
9.964847783278586446e-01
1.093606112256475749e+00
9.874910598971310405e-01
9.656675730880499575e-01
8.830768200520948685e-01
8.124976382189170732e-01
6.690037821792662598e-01
5.307821677287578588e-01
3.198374000213880519e-01
3.653337597654750524e-01
5.141840388076628354e-01
5.379872291822588304e-01
5.142767781406079042e-01
4.537683463364258762e-01
1.425855206290787824e-01
-2.584581592066534927e-01
-3.232558819877556222e-01
-5.014805746350154553e-02
2.491212099390412438e-01
2.305010267461800877e-01
2.218594899501266093e-01
2.610740906909311473e-02
4.695785382856269841e-02
-4.746355587040271967e-02
1.315577671128493886e-01
5.383241785488137587e-01
5.032669655430873634e-01
5.292756207516833289e-01
7.023506287294570827e-01
5.234964692682074761e-01
4.401398597238339594e-01
5.089745466053096079e-01
6.131317816245243080e-01
4.285839978972554309e-01
5.448302157636846221e-01
5.257376523694411441e-01
4.799932944577583460e-01
6.865720979339767771e-01
9.181017377883907704e-01
9.737575132372058295e-01
9.454857330882244781e-01
1.125441756281881034e+00
1.252856973635069648e+00
1.292017423472712201e+00
8.943497506415044596e-01
1.327738236962021645e+00
9.961032177616871985e-01
1.190213773623687077e+00
1.341185799990193495e+00
9.579459255574737098e-01
9.099057169859028349e-01
8.096302092372963388e-01
8.140961717955363941e-01
7.333224949605362530e-01
-1.326124849489244417e-01
-7.698719873647816847e-01
-8.990759196903357342e-01
-8.095210235515036823e-01
-9.005339652740695922e-01
-3.056616807474101319e-03
1.155197963418443718e+00
9.330909732725453098e-01
1.189571407466052166e+00
1.906201734049147056e+00
1.257030642073984072e+00
1.134570042692080394e+00
1.076735817783953220e+00
1.034651064889940075e+00
8.138144973196751453e-01
8.495121379645025339e-01
7.463906255214710628e-01
9.534672317601746716e-01
8.753730531636914058e-01
7.655033704994466115e-01
4.665284649638890557e-01
4.039808340382857743e-01
3.140206658133817830e-01
3.557789175642723234e-01
4.514539573604041123e-01
6.929580824222374147e-02
5.206682894548525509e-01
3.400172375578938699e-01
6.344126785363560783e-01
8.558826060547913839e-01
8.716741842249142724e-01
8.926613998556776064e-01
1.170737447733144476e+00
1.145992114592565558e+00
1.099437542825232761e+00
9.988339402978833048e-01
8.959002746903972358e-01
8.835794737642740371e-01
1.015883691032261948e+00
8.258731697212833289e-01
8.916194473129794851e-01
9.173045407654818462e-01
8.783700401533930391e-01
9.323615527858870600e-01
1.043352001689384911e+00
1.022037082433526090e+00
9.994673546247856422e-01
9.401445457379747905e-01
9.044664365187696786e-01
7.376809333262834834e-01
3.790128081713445285e-01
1.256273822531932260e-01
3.450442717360280853e-01
3.767911575963928117e-01
1.118768233527202671e+00
1.014023251775059586e+00
5.048927160483945853e-01
3.869625298895908450e-01
3.957297488723399842e-02
2.283989497298825888e-01
2.844815471134452545e-01
3.581545462802811497e-01
5.622893724179814923e-01
3.714386536168617359e-01
5.363976131962369109e-01
4.613626032121772580e-01
4.380034256971168660e-01
5.542605171810633946e-01
4.596839602170376127e-01
5.875677818571372057e-01
4.383398854357242747e-01
4.626739123673826448e-01
2.498994039367700981e-01
1.003709809057904967e-01
-3.403946262640789588e-01
-3.480402886215330782e-01
-5.352603942670097759e-01
-1.216443314482269722e+00
-2.326505278002779065e+00
-3.816444685737226727e+00
-5.172627778655180641e+00
-6.524739298153293454e+00
-8.297796112932386947e+00
-1.083828715857896796e+01
-1.268365978452679066e+01
-1.462807888415129121e+01
-1.686660566896648916e+01
-1.869945119746149231e+01
-2.057917870859664689e+01
-2.154034395659261847e+01
-2.289890523924014332e+01
-2.503783666206002678e+01
-2.649012318478668959e+01
-2.788672456965588964e+01
-2.887439045115571190e+01
-2.930979616251244124e+01
-2.869855622692972119e+01
-2.729353744484084388e+01
-2.269000192174631536e+01
-1.535132407142751632e+01
-1.047263202076849531e+01
-8.943164502170404262e+00
-6.677078369351780118e+00
-3.857204610881395990e+00
-2.532188198118107803e+00
-2.043909858946177494e+00
-1.903703395655968800e+00
-1.223178378474982786e+00
-6.658052048582560056e-01
-4.682750430548829335e-01
-8.367657587530169527e-02
4.943179687808770262e-01
6.755141266578147397e-01
1.134040756940211336e+00
1.389614225620593002e+00
1.372793264080325537e+00
1.383174137208656340e+00
1.074667061515326205e+00
7.098186376528052843e-01
3.368972015223767880e-01
1.745135351213040198e-01
-1.436427353684834873e-01
-1.474998329414155540e-01
-1.685235268199782310e-01
-2.578966118558683740e-01
-2.697037060827813248e-01
-2.614595206537232985e-01
-1.425949833844259163e-01
2.409780196816420916e-01
4.306880283307559232e-01
5.115041102034604270e-01
3.299388201817744087e-02
-9.394590006417552486e-02
-3.591000761787864759e-01
4.222221870591723047e-01
3.269427199923503613e-01
6.037224697947747576e-02
-7.232586428459933381e-02
-2.076910158305588505e-01
-2.895716667401714850e-01
-3.703520156094733395e-01
-2.374759895964888845e-01
7.287851650435824002e-02
1.661675662926838659e-01
1.585053741395303362e-01
-2.239459396087395762e-02
-8.096059312522611157e-03
7.103350195554977708e-02
7.672133447420421970e-02
1.164628475300460847e-01
4.078271782717108468e-02
-3.736394288731636482e-01
-2.461617820110363619e-01
-2.931175853392014100e-02
-2.644461504315084172e-02
-2.719637555424957998e-01
2.925035528303221097e-02
3.364630909369407674e-01
2.652665091495229333e-01
2.710020373052036691e-01
4.043591547634217687e-02
-9.056425704357903839e-02
7.626074029332692295e-01
2.215919636243305069e-01
-6.610193526972290012e-01
-8.613375841863556426e-01
-1.362749617416402881e+00
-2.873484409326528155e+00
-4.582315025089330973e+00
-5.376353261317287746e+00
-7.560815200639053657e+00
-1.150183102815687519e+01
-1.393232077353558118e+01
-1.534654053126649309e+01
-1.618952013213074892e+01
-1.663071334059085871e+01
-1.782730982964382349e+01
-1.686012122380103051e+01
-1.559094071713800034e+01
-1.412926404880950848e+01
-1.351521892375480327e+01
-1.338733670118980257e+01
-1.250983017566405486e+01
-1.127555161282938556e+01
-1.032229074972933525e+01
-1.018961396482582238e+01
-1.050187986739482504e+01
-1.101068399039027490e+01
-1.099408478756027030e+01
-1.059207617742527674e+01
-8.864460111530174657e+00
-5.208610985567059259e+00
-3.288574250429894263e+00
-2.505382098722248596e+00
-2.000192798145278950e+00
-1.264576661357792453e+00
-1.012802820371632162e+00
-6.238500751694705526e-01
4.710880019195398671e-01
5.625571027793324630e-01
5.836259946194418680e-01
5.224424023542626472e-01
3.981347829777789338e-01
3.417034231542497302e-01
2.746258230595517991e-01
2.797522560912253375e-01
3.268452021666050089e-01
4.682345290237419771e-02
6.985111341439022292e-02
1.897066726396149094e-01
1.290591996918253048e-01
1.466600775244368549e-01
1.504811960484875033e-01
3.032316965199753356e-01
2.543940917631219989e-01
7.942222745827159924e-01
1.725672707436859854e+00
1.901080472043841452e+00
2.365455445600562534e+00
2.964807290296055609e+00
2.968451370144371104e+00
2.944510726378635201e+00
2.596738673412166243e+00
2.236184440188858868e+00
2.865707716034823882e+00
3.086635967345790377e+00
3.307616270903864564e+00
3.151010255762557222e+00
3.030183329464957609e+00
2.921915561712796094e+00
2.995238544020343063e+00
2.978500531097122206e+00
3.003337098516949855e+00
3.317469338916158694e+00
3.095885491971487546e+00
2.814160044359948376e+00
2.074141194046495329e+00
1.618383615562633215e+00
2.214019978073849426e+00
2.839650999095385764e+00
2.738388430160437981e+00
2.789321542539257237e+00
2.487385838980120223e+00
1.850888547383244154e+00
1.826016568399869699e+00
2.092345291444972499e+00
2.396715124052773316e+00
2.321624438391126866e+00
2.484294113639557544e+00
3.685847282060345176e+00
4.066207840000926055e+00
4.584249045645134579e+00
4.278647313926178697e+00
4.291745282312700027e+00
4.072451830371285553e+00
3.783259796377864248e+00
2.906043548421196387e+00
2.129195477684437510e+00
1.606525567469875737e+00
1.574977710148653509e+00
1.620558903837827636e+00
1.562727308557853245e+00
1.283379346068080018e+00
1.607042951459626279e+00
1.315882028148711802e+00
2.205870302297742391e+00
2.841544455807886393e+00
3.212045969383289457e+00
3.572058944553928139e+00
3.575489052100647935e+00
3.239825278834094213e+00
2.659065818690748095e+00
7.330959751788997947e-01
-2.871816668198965417e-01
-7.744844136627417885e-01
-6.326786023176032003e-01
-5.687839645200354344e-01
-6.869979022106745825e-01
-1.274513248560603107e-01
1.160106053785680880e+00
2.285953804639120346e+00
2.169956068092954382e+00
2.070237252918544879e+00
2.343458348639765543e+00
2.769460789742495432e+00
2.446970209517010719e+00
2.233680675289216655e+00
2.411044418954647828e+00
2.665200310095930281e+00
2.915371605717613779e+00
3.016183044399852964e+00
3.084331323476571018e+00
3.165317909219037773e+00
3.205431508434173793e+00
3.488906013050391941e+00
3.366445156628718571e+00
2.700263838756690848e+00
2.764100580039768662e+00
2.856774422487044163e+00
3.264100041932586294e+00
2.962273305470548124e+00
2.756787173233198551e+00
3.049496705387327644e+00
3.413839562794134697e+00
2.358940081885694262e+00
1.794365505621167589e+00
1.665402088684886150e+00
2.030865674290678324e+00
2.235533316869235065e+00
2.696025912782018974e+00
3.206166398697205544e+00
3.093152027815378791e+00
3.858839072870972053e+00
4.245758663910233821e+00
5.882186802707623841e+00
6.055932439575530957e+00
5.494313078843426013e+00
5.385305076928847967e+00
5.821257462264965987e+00
5.561124896646166604e+00
4.421324879518056861e+00
3.425279518467440720e+00
2.209010759405898749e+00
1.362141106149320491e+00
9.634968355618914737e-01
-3.727500078122683146e-03
-6.401474204240745758e-01
-9.741717299105319139e-01
-1.687718850930805647e+00
-1.650366603095140272e+00
-1.658507967380769221e+00
-1.825509111209896451e+00
-2.759068524427510383e+00
-4.747743989266782094e+00
-5.403718794670032466e+00
-5.534020573303792823e+00
-5.255769552445975101e+00
-5.724876018323461935e+00
-6.234549953246578902e+00
-7.596348191523417448e+00
-1.015475253277330658e+01
-1.095999680144366906e+01
-1.208900679300533554e+01
-1.144289961971100666e+01
-1.108833551612810453e+01
-1.112769089593361471e+01
-1.037860246229320538e+01
-1.093981163939059087e+01
-1.170305781738229101e+01
-1.222884151237516193e+01
-1.276464516791706316e+01
-1.395376621517973348e+01
-1.383707947815485362e+01
-1.454638256410580155e+01
-1.486493649184313348e+01
-1.545975314692822522e+01
-1.820983079061091203e+01
-1.736167964534113750e+01
-1.750504110160595417e+01
-1.577470323141264608e+01
-1.234074253798281262e+01
-9.972967205430213866e+00
-7.449740723497438211e+00
-4.172193126588330081e+00
-1.964753035974199147e+00
-6.700150408438241278e-01
-4.756590055728046051e-01
-3.103666570831643545e-01
2.333250526477305686e-01
5.104290473211885865e-02
-4.211628010171188374e-01
-6.094700231242934363e-01
-3.653492313140888070e-01
4.852047258662334217e-01
5.888730844600842396e-01
1.725071920194636288e-01
4.912661416900017397e-02
7.956032710910309821e-03
6.232877578211758890e-02
4.693595142600187620e-01
3.509383135840976053e-01
2.437082597504869885e-01
-1.995998891733698211e-01
2.947581400843187274e-02
-1.690264629021564768e-01
-6.477759050940052887e-01
-6.797702961903900887e-01
-4.289103915041332926e-01
-2.024827057235221994e-01
-1.052554186405134512e-01
-1.494188838738919334e-01
5.383221440345682673e-02
3.093958986049645254e-01
8.947008074122300147e-01
2.566182396820622102e-01
-4.164488796374634649e-01
-2.928123745006247503e-01
3.697475077761387396e-01
4.117588268028348208e-01
3.254604824817335373e-01
9.500318216179504116e-02
-5.635376589870387809e-01
-5.535308741297384483e-01
-5.303176103750404380e-01
-5.272523745853301413e-01
-3.036263317817061713e-01
-1.222130260946252961e-01
-3.558062832677930110e-01
-1.000862626191837274e-01
5.024173308536067362e-02
-6.890078859956482761e-03
4.055283655207498478e-02
4.460113848275635423e-02
3.414759762976219554e-02
-6.592977693866759747e-02
-3.051685069980099030e-01
-4.425339918645267434e-01
-4.370535717846804058e-01
-5.725468281723645747e-01
-4.760170185068972604e-01
-4.687133832397878952e-01
-2.377527982332064971e-01
1.620688132195782227e-01
2.794340938696641685e-01
4.292654590924319669e-01
5.223459684121701807e-01
4.594962775110096320e-01
4.251502965002222356e-01
3.864726426957993399e-01
3.036120998134619886e-01
2.230907967948877468e-01
1.827730363032903371e-01
3.047023077178832584e-01
2.108533138720032063e-01
7.308029849976260817e-01
3.957939684719313789e-01
4.734672490801142830e-01
1.848542985415289330e-01
-1.140747550983535336e-01
6.613836129332741065e-02
5.539878337291099381e-02
-7.537324909355869185e-02
-5.079161244715165724e-01
-6.965207165967497449e-01
-5.989311588017406374e-01
-7.577990339074254234e-01
-6.457571690170089695e-01
2.645719100356992357e-02
1.497379763209551462e-01
6.206204223168760442e-02
1.158299492832504107e-01
1.007401911694959379e-01
1.625733326949344026e-01
4.632024772898380056e-03
1.059124157076538481e-01
7.716094670477005590e-02
-3.346256701155157498e-01
-7.337781410387583803e-01
-7.567305697846368195e-01
-4.174794314738611289e-01
8.695057506070839881e-02
2.760992629560590772e-01
2.542350444915607577e-01
1.442748588750483729e-01
2.547880310908633428e-01
4.096854229346422183e-01
-4.317502264712640148e-02
-2.269617264845842364e-01
-1.303098742433387580e-01
-2.822264595275796872e-01
-1.739519979344589240e-01
-2.308784974624861208e-01
-1.703545755801312012e-01
-1.317857241880354136e-01
-1.500153816049016597e-01
-1.329390444208612687e-01
-1.528327793553661551e-01
-1.569863171352662290e-01
-1.407234583975642273e-01
-3.626595124816877486e-02
6.764032278361852002e-02
4.396685136786216558e-02
-6.259075344628066417e-02
3.073375781168431464e-01
1.971598132544296611e-01
3.713177088080931720e-01
9.694704626866927633e-02
2.137789035935038773e-01
-4.649872473140072293e-02
-3.757989036809593342e-02
1.335873513917575084e-01
3.694286230383357628e-02
1.481195109665106244e-02
-1.785141202625282197e-01
-6.458772744261769283e-01
-5.133824799594889354e-01
-6.587916821185983984e-01
-7.930849609328711747e-01
-1.053354577708847550e+00
-1.378561123667517707e+00
-1.871263187257343308e+00
-2.545939712017443401e+00
-3.596153158779690440e+00
-4.190049695743633507e+00
-4.745205969274372215e+00
-4.840712218922074150e+00
-5.183689609972057966e+00
-5.234584624773521710e+00
-5.438108951254700507e+00
-5.168885802968668841e+00
-5.386977886731499687e+00
-5.207450336936341628e+00
-6.119324093488313743e+00
-7.013391250307925873e+00
-7.210116136465389403e+00
-7.230408286070965751e+00
-7.018995026659514025e+00
-5.803613892332686319e+00
-5.810445522036493671e+00
-6.681986836415251041e+00
-7.054047443638844506e+00
-6.738019046565886683e+00
-6.349079306991887606e+00
-6.345586374725245449e+00
-6.524379574339171484e+00
-6.647336580714390486e+00
-7.176872284916732347e+00
-6.989054171301183338e+00
-6.626604427066118852e+00
-7.320218506007148740e+00
-7.064309056309679313e+00
-6.119196679809841832e+00
-4.694220421734179638e+00
-4.689880942518374063e+00
-4.841579101783890948e+00
-5.103968556275351176e+00
-5.129207380071239442e+00
-5.159557141074692765e+00
-5.957543961972985969e+00
-6.172550142714141153e+00
-6.248234422556230072e+00
-6.424086388297859607e+00
-6.965964918789794069e+00
-7.330476606680253582e+00
-7.291059105826241726e+00
-7.171290804325281876e+00
-6.883236552011346987e+00
-6.982973602450492479e+00
-6.798090790135774775e+00
-6.957153570311765733e+00
-6.801919284277859745e+00
-6.347739475695235001e+00
-6.292852221918241007e+00
-6.364582482613839964e+00
-6.383347342176835859e+00
-6.418237987664099364e+00
-5.714718819858485510e+00
-4.158823525959098433e+00
-2.691106471090810803e+00
-2.249098674032733225e+00
-6.239082928647878834e-01
-6.082007658274095618e-01
-5.274917437634372153e-01
-7.033889650025384466e-01
-3.099035390449706440e-01
-1.583303933031944902e-02
-8.393672251613766566e-02
-4.782837753908706496e-02
2.943671340594609942e-03
1.239239286172276328e-01
2.087167914927208212e-01
3.533897621466184358e-01
1.172420385814280375e-01
-2.811901380293068686e-01
-4.290413579770053221e-01
-4.864022621691148629e-01
-4.001524367399860727e-01
-2.807022391385504134e-01
1.082890003068858326e-01
2.289913232184693781e-01
5.570841591693967976e-01
4.620494438060787634e-01
2.655334059479814712e-01
-7.950072749679092110e-02
4.211143253223827154e-02
3.324417049665735757e-02
4.954703168070182656e-02
2.438745431511153694e-02
-7.090099788317762511e-03
-2.745495631634085609e-01
-2.975842710838808580e-01
-2.761313637958270895e-01
9.448960095825063854e-02
9.758397979623041618e-02
4.119749344594141743e-02
-1.881916920498809265e-01
-2.045255975574671869e-01
2.170101751113496791e-01
2.073193166086512995e-01
1.354056856181962143e-01
1.092004623669904223e-01
1.599856869627047373e-01
2.453700692060928334e-01
3.527748808161054739e-01
1.961632064207739501e-01
4.716887706098051025e-02
-2.268381256160842963e-01
-3.727055024337662115e-01
-3.289665406088118083e-01
-8.678094164430122381e-02
-4.073942004847893039e-01
-3.548666294882406036e-01
-9.030993494833834401e-01
-3.023793101029681019e+00
-6.747054846481272961e+00
-9.183098984366520057e+00
-1.124861690977717110e+01
-1.212881330428066029e+01
-1.257022155184634649e+01
-1.352339344673818999e+01
-1.420327228071970005e+01
-1.448924876500832504e+01
-1.566012799171108760e+01
-1.735655631674755028e+01
-1.942989378232469377e+01
-2.182024200055057150e+01
-2.140030562650915513e+01
-2.352212546090727585e+01
-2.439384887180982631e+01
-2.428651325499892266e+01
-2.282998514963822245e+01
-1.879240931429149697e+01
-1.389783741284297491e+01
-1.059588903264661930e+01
-9.561498802708767286e+00
-7.289093916439309595e+00
-5.090133020530897667e+00
-3.037217188545163538e+00
-1.879753988603262815e+00
-1.035219272269633617e+00
-4.532366365868059077e-01
-3.425037274296942047e-01
-3.587018723813811816e-01
-3.506604424193008884e-01
-3.282714109325915453e-01
-2.244273761844922110e-01
1.263568698100767107e-01
1.705264484646798751e-01
6.389352849943978618e-02
1.620719525645659964e-01
3.865252083548678663e-02
1.430271628225089631e-01
6.091664742268830812e-01
6.031911414095710855e-01
5.884713238194959617e-01
3.804312245310518814e-01
2.039043074249785314e-01
1.387514534330231142e-01
2.192398646246066646e-02
1.275256680729854597e-01
1.809000031082708473e-02
5.308761045300364884e-02
-2.846526650051409701e-01
-3.084143847932612759e-01
-3.014148092292557868e-01
-2.883491257531513585e-01
-3.356972872732659208e-01
-3.392942546178870367e-01
-2.308165748346212576e-01
-1.450522986616899768e-01
-1.613405553322657671e-01
-1.862538069020283626e-01
-1.739185327493382449e-01
-9.877794293414014770e-02
-1.071202920922188426e-02
1.635260079582211978e-01
1.471189979001781001e-01
1.124830305965276861e-01
2.685567277082254178e-01
1.124155149890415928e-01
1.754657018899005161e-01
9.757090089949885248e-02
9.393333325513436582e-02
8.645629637488687347e-02
7.415187145093504739e-02
9.434564563569627915e-02
-5.332537671038826282e-02
2.253817192517011125e-01
1.039059342540526731e-01
2.458322471237814610e-01
8.005414082939960041e-02
1.098376447606764367e-01
8.239231471899406342e-03
1.251390357983758750e-01
8.336880798243695434e-02
1.778563268377411632e-01
3.624129764283354205e-01
5.159670712003907589e-01
5.703888445791118755e-01
4.362146324129538844e-01
3.779213977748472897e-01
2.273918032402729994e-01
-7.845489335993847957e-02
-8.300921230438725040e-02
-1.077341008578001635e-01
6.421215274647466831e-02
-1.376500568247820133e-01
4.394900765469508808e-02
-1.067805500253915796e-01
-5.128546585260889135e-01
-7.874488650593706174e-01
-6.561972022409642280e-01
-1.007588290781463725e-02
5.082569126423576167e-01
5.022560297201733581e-01
4.790912711800782153e-02
-5.203461325367811918e-01
-1.982232774594283597e+00
-4.243997170704734145e+00
-7.703533546588920089e+00
-1.160160844428870242e+01
-1.487102175976231955e+01
-1.844937328593990600e+01
-1.990489826492592584e+01
-2.132035327529066038e+01
-2.166605579446942542e+01
-2.110511165373639386e+01
-2.249117144960196768e+01
-2.224162561834486596e+01
-2.228922216967775682e+01
-2.208236745013040192e+01
-2.277469136906007918e+01
-2.058187181972431290e+01
-2.129856085258837339e+01
-1.874544594532889974e+01
-1.696349997398366583e+01
-1.134942821164950644e+01
-6.637777254055387210e+00
-4.382186354423510011e+00
-3.112519787563384099e+00
-2.564018114587323538e+00
-1.743179148967745284e+00
-9.716492657668955868e-01
-2.408175876177462704e-01
-3.262994907214569751e-01
6.484370481165041555e-02
-2.119162992203518087e-02
-1.507210935647785854e-01
-5.929598148321950368e-02
2.479236074862674333e-02
7.828413849575098504e-02
6.741885956622879483e-01
9.795212062917530993e-01
1.840144224108154036e+00
1.884346801932187399e+00
2.857555589547605468e+00
4.281885946648683827e+00
6.218410183553855219e+00
8.086587648437975062e+00
1.118995856162975855e+01
1.428004938644402699e+01
1.707386964976097232e+01
2.036077028411454393e+01
2.299347221903271787e+01
2.430101813425590862e+01
2.651874417077888779e+01
2.805568788717701167e+01
2.998651392903419577e+01
3.187174953220981877e+01
3.105691085297325671e+01
3.182443262090282587e+01
3.162399024168387385e+01
3.117127942568169985e+01
2.848839550004300492e+01
2.588502529425535670e+01
2.181260193719317186e+01
1.968888464994409304e+01
1.711519118245941584e+01
1.112023181185124088e+01
7.419709204307543438e+00
5.461745964630584815e+00
4.418357770776926152e+00
3.805679041898795134e+00
3.129872326405809702e+00
2.717759832970948697e+00
2.703498955977779783e+00
2.501427672373754518e+00
2.376485106026959393e+00
1.895992480573592598e+00
1.858847402538547078e+00
1.083289290371169056e+00
1.088248294735590260e+00
9.216054201894422482e-01
4.356021087541251946e-01
-2.149188336035559935e-02
-4.488539183841204760e-01
-1.172613054569527913e+00
-1.409147343422726406e+00
-2.137075959914688461e+00
-3.392676750829849652e+00
-4.688194269621419608e+00
-6.089203395430367927e+00
-8.278515707955481417e+00
-9.363859448250755335e+00
-9.965215340871937499e+00
-1.021843053888750497e+01
-9.885262577665960393e+00
-1.067112645374556834e+01
-1.033324379723024578e+01
-1.106161288114237351e+01
-1.119692520604331953e+01
-1.197322305795377062e+01
-1.094538276472341387e+01
-1.137994670678429721e+01
-1.109409909786043436e+01
-9.718565299849004191e+00
-6.364818434855218143e+00
-4.221888650918154795e+00
-2.527119679969394017e+00
-2.231945050067865033e+00
-1.755965433119885288e+00
-1.648329616382983032e+00
-1.154951776611574887e+00
4.592813022321417527e-01
9.032818601603027631e-01
1.135033862554220452e+00
9.581018892779519236e-01
8.179809132874995559e-01
6.628036884451622424e-01
2.588452705551406163e-01
3.267664233207516200e-01
1.879508385656812330e-01
-8.962915946654483046e-02
7.624311928574410875e-03
4.763956807239642932e-03
-1.102187652459534900e-01
-1.252717083727979408e-01
-5.915877108406883411e-02
3.259611011555126753e-02
-1.066605094260594938e-01
-2.984544701146167878e-01
-4.535217662879300060e-01
-4.586720165402452531e-01
-4.698498755989841680e-01
-3.606038776874034291e-01
-1.610053459787942273e-02
5.408278287513932359e-01
5.018118958351660552e-01
5.646851587901302594e-01
3.339825024651595919e-01
4.638489725481426823e-02
-1.621242296182824338e-01
-3.473226891071367617e-01
-3.953595999063911348e-01
-3.314997978488679053e-01
1.213403458188894307e-01
2.259138540786659044e-01
2.566417412641924800e-01
1.651651835705900406e-01
2.714364708123001013e-01
2.722839072676247474e-01
2.620630020117505343e-01
2.409489606881999868e-01
1.890722379920663498e-01
1.990477542319507853e-01
1.716902601996026789e-01
2.452245340715686339e-02
-9.089146033408952718e-02
-3.807066181588660836e-01
-1.084378059140134631e+00
-2.592956173424220356e+00
-3.757622115829576614e+00
-5.816914320722464282e+00
-8.291985256402021776e+00
-9.446356638331215194e+00
-9.815774664156942109e+00
-1.142986598860402303e+01
-1.191049272162011619e+01
-1.107635620069159366e+01
-9.647422056833216075e+00
-8.462553613325061619e+00
-6.927918987068220069e+00
-4.903773515594004984e+00
-3.148035934207993769e+00
-1.797290384118997997e+00
-5.577941477407615256e-01
3.108880836658042823e-01
3.380731929589919638e-01
1.398289429721409072e-01
-4.515968607649536448e-01
-3.795482254297965485e-01
-3.964018861889870848e-01
-4.133894972437200943e-01
-4.103567444500176853e-01
-6.101652147159331019e-01
-9.051678663960663895e-01
-2.328404217206791138e+00
-3.457686818446981114e+00
-4.763695038598540599e+00
-4.754717624657672559e+00
-4.732496045298566045e+00
-4.885822279416604630e+00
-4.767582690669025958e+00
-4.503750785838867010e+00
-3.526072049928790086e+00
-1.257656773718002441e+00
5.450718478598508554e-01
1.979697302271386183e+00
2.938494752105343277e+00
3.280962149115180360e+00
2.756131463060754960e+00
2.133232675049026028e+00
1.430991858696411434e+00
7.673157301885792370e-01
1.307588492309607331e-01
2.913257264824693077e-02
7.975175067063235146e-02
1.096201232542407394e-01
1.117890915621482795e-01
7.857140057702623193e-02
3.829733114627244944e-02
1.771227959671520594e-02
1.405199282975685827e-05
2.375100994463172778e-04
2.432007168026680054e-04
2.432034176285570849e-04
1.406963137378107378e-05
2.418059543627295704e-04
2.432183640402704912e-04
2.432233545906404724e-04
2.418173386648954902e-04
1.409227055595932640e-05
2.432360202560191116e-04
2.418307904017481282e-04
2.432460009789783138e-04
1.411219881799798566e-05
2.389762116180827139e-04
7.245942630828988706e-02
2.137337898216646881e-01
4.495362403559038933e-01
7.851931049125535633e-01
1.170672374618199285e+00
1.513321018846843335e+00
1.834359708154640556e+00
2.188700800224237852e+00
2.754012538854674119e+00
3.942243078397843270e+00
5.804437754051329001e+00
8.345693823256794985e+00
1.118878753366890599e+01
1.263685568817743210e+01
1.481131356183643710e+01
1.629091214259053189e+01
1.756246653424404158e+01
1.902801727859063874e+01
1.960745660851099359e+01
2.044389572606857186e+01
2.099308066917152615e+01
2.051341281710127262e+01
1.924867489810669952e+01
1.831375262895451428e+01
1.662624925581644675e+01
1.389432107371464831e+01
1.145042221455268638e+01
7.800366651082206282e+00
5.355847253236167838e+00
4.113253738391356329e+00
2.991133561783422046e+00
2.044816595546532056e+00
1.622277770008291098e+00
1.153703062006051550e+00
8.283892381869615296e-01
-7.942013722298194578e-01
-1.297867840163902109e+00
-1.252294862111180906e+00
-1.256658221569601608e+00
-1.496913599196693534e+00
-1.415142341810809112e+00
-1.396788735309541174e+00
-1.319287784984756629e+00
-1.342330292453630003e+00
-1.350058903631243146e+00
-1.334607678351333870e+00
-1.384949114375984225e+00
-1.380852523884819716e+00
-1.443264752687152264e+00
-8.898747048538891979e-01
-1.009537851223566651e+00
-1.204653150257019689e+00
-5.674725388400158055e-01
-1.075822566508120248e+00
-1.660138137031692773e+00
-1.487621549000652577e+00
-1.128114867823615475e+00
-1.625830696369148232e+00
-1.930216454704379414e+00
-2.331787341431851068e+00
-2.621290802256531549e+00
-2.848128309496432031e+00
-2.876259198482468804e+00
-2.941280368071424789e+00
-2.847225869611143434e+00
-2.595149443673669065e+00
-2.189040032084021536e+00
-2.212021371804822056e+00
-2.272321494356761118e+00
-2.342243560764660337e+00
-2.299674219718153001e+00
-2.272117116390336644e+00
-2.242235633496159064e+00
-2.470532631871233065e+00
-2.858550379695979249e+00
-3.401225981858279734e+00
-3.276041186511025050e+00
-3.294410774183830881e+00
-3.360992431436872874e+00
-3.476762927926736690e+00
-3.415315921791971299e+00
-2.359883856696428417e+00
-2.306293034316184265e+00
-2.149602794369406045e+00
-1.707760368944245988e+00
-1.311908507349179853e+00
-1.329476503533592258e+00
-1.524598330644994837e+00
-1.941702196105290490e+00
-1.948267095654181214e+00
-1.757705419360100718e+00
-1.613507614318260730e+00
-1.223950179869396138e+00
-8.204000116432978995e-01
-4.161022886490002293e-01
-3.549689793763909917e-01
-8.227790173285326469e-02
-1.704706823562422147e-01
-1.797008701559027130e-02
2.048288977293926949e-01
5.116506632426144341e-01
5.250129275612839264e-01
5.765720324880998504e-01
5.777120378567632830e-01
3.542172802770819362e-01
4.597082973957045682e-01
1.815715998191461122e-01
2.612437696214715225e-03
8.273410504744402316e-02
-1.484018723676565898e-01
-1.352783627315085890e-01
-1.290992504347189263e-01
-2.516605867966888177e-02
-1.095994814494122005e-01
-7.222974818328081748e-02
-4.534499008246132418e-02
9.718224132396856632e-03
1.350655939206638068e-01
1.959283602173072375e-02
1.950867227470743370e-01
1.673454525965885897e-01
1.291716175843171666e-01
1.739258436688796150e-01
1.482970643957551848e-01
4.116008987764987470e-01
4.166057178334384714e-01
8.203715366780056639e-01
1.393888828751186360e+00
2.234250072020538269e+00
3.214411052620554266e+00
3.722030642716540161e+00
3.871217488112792982e+00
4.251936733583806749e+00
4.534995261979910097e+00
5.305503820816234395e+00
6.334461572446069333e+00
8.147466827353090579e+00
9.856588847284230681e+00
1.161477730016511067e+01
1.382959864514594450e+01
1.456769661996702148e+01
1.489231458671968689e+01
1.496964063512418086e+01
1.635952412523400312e+01
1.646532275599029305e+01
1.668355722702190747e+01
1.669237245288613636e+01
1.663402732180131949e+01
1.581585546088985339e+01
1.427709056342462191e+01
1.069774940403188346e+01
8.731016068212035464e+00
8.050250994633440627e+00
7.286322837941158426e+00
6.756448324925775850e+00
6.015457634230000572e+00
5.346803275450803916e+00
4.238594887800400279e+00
3.988051630499458433e-01
-6.796460970317068639e-01
-1.489064244266063708e-01
4.884567324960298329e-01
6.991814276982952769e-01
6.466219684052322281e-01
6.893979790803440588e-01
7.494652210363265121e-01
6.358294084772684318e-01
1.426537158808912631e-01
-5.835669298584349463e-01
-6.369134667985260068e-01
-6.603807363850633383e-01
-1.011818385637407225e+00
-1.452800513887401168e+00
-1.378474567190591138e+00
-9.975411071862805290e-01
-6.569042290884352653e-01
-7.400106267588571485e-02
2.520903197641203852e-01
3.910253102688997506e-01
2.695846983789333962e-01
3.626781412020069206e-01
5.772007764659072837e-01
6.433473077609078161e-02
6.863066074251118476e-01
3.111481981015938314e-01
3.543898691216484376e-01
3.358026686464919974e-01
2.260678667678724663e-01
3.189755776830903167e-01
1.910631691152084588e-01
2.787165808235964048e-01
4.653408572165105839e-01
4.280522576253770750e-01
4.979134845652088415e-01
1.350509291213179419e-01
-3.947858656759716256e-01
-5.118713499397097300e-01
-3.546098860645569562e-01
-2.855651921615534605e-01
-1.486580845844754084e-01
9.723624013984132064e-02
2.340082799989638696e-01
4.069879441758699756e-01
4.370382498917252390e-01
1.496704572862248839e-01
3.086711185661353829e-01
1.947200907815320736e-01
2.814090294152393756e-01
-1.353630083393657368e-01
-2.876399234879232214e-01
-2.773882355753832241e-01
-2.946836089770416556e-01
-2.742079506467599570e-01
-9.168402763503842590e-03
3.853382687544747165e-02
8.138033945532247015e-02
-1.606066904839698051e-02
-1.644344654147108500e-03
-3.385805384829727593e-01
-4.482729593843895466e-01
-4.818773537310639954e-01
-4.588783483292297460e-01
-2.611064357305329375e-01
1.983406606853288789e-01
3.395430287616728604e-01
2.365833231952221838e-01
1.778964745297977046e-01
4.671205059500270484e-02
-4.604461788103705877e-02
-5.322733249246519582e-02
3.081715533156112463e-02
4.120863554754645719e-01
3.836674162117350573e-01
3.775948820318202337e-01
1.662606060658058382e-01
1.192804978089519463e-01
1.127493470289839261e-01
1.199545988436198779e-01
5.091617563413462083e-02
-4.589351869515978510e-01
-6.144493815208854626e-01
-7.919665500601775765e-01
-7.631619518781903588e-01
-6.437632682090195235e-01
-3.293665837832137067e-01
-2.119591376133066474e-01
-3.639799363505481500e-01
-2.927485571057196201e-01
-3.037846510075378759e-01
-3.307998049111910421e-01
-3.343814241923310782e-01
-2.234093988866013014e-01
2.390745576941751549e-01
3.091025718194045369e-01
3.472902291651618900e-01
2.396051967855618303e-01
4.769253355035054653e-01
4.817292898873973273e-01
5.075760779713056614e-01
2.117263247549898142e-01
1.097527184698708913e-01
8.839745596758764867e-02
7.615266226764619284e-02
1.191058519996807119e-01
1.018307346873911362e-01
7.919552214416047953e-02
-5.780518560297057823e-02
1.109016140824244656e-01
1.237470206424859109e-01
1.121297359609184086e-01
1.356054823687491140e-01
2.030164333720788084e-02
9.519041041618898913e-02
2.631428458784855762e-01
4.482542589694342161e-01
5.736262230022975972e-01
1.050613338220791837e+00
1.937291065649727972e+00
3.228152346398055705e+00
4.339219626271900054e+00
5.997245888540054359e+00
7.928357335999285382e+00
9.860118774499163408e+00
1.140623784513416972e+01
1.295605629065911302e+01
1.363423982073455676e+01
1.513854068561699862e+01
1.622117722114229821e+01
1.719488715908461529e+01
1.775439543584665714e+01
1.870290709618451430e+01
1.942532755219519913e+01
1.985379895546914142e+01
2.038954231664937211e+01
2.077175906373852854e+01
2.144849588887627334e+01
2.156329514228572108e+01
2.157449913340836645e+01
1.895639115407547948e+01
1.432936976830800901e+01
1.049341676433774140e+01
7.872245183924357903e+00
7.545863425590447982e+00
7.783369437049368678e+00
7.921404937975664140e+00
8.178914454588241512e+00
7.661677322718045247e+00
4.862162218123358137e+00
4.333852070579186311e+00
3.538362816192011984e+00
3.353890689730993468e+00
3.344952682170498459e+00
2.709071779747443731e+00
2.158759524619073389e+00
1.829616376832176927e+00
1.153647118506654801e+00
2.569426129253454261e-01
-2.230476128372070044e-01
-6.387192163111489185e-01
-6.321939428187282051e-01
-6.126988151702053020e-01
-6.493111080556964732e-01
-5.975038243813420857e-01
-2.145722475391076967e-01
-5.895001024242556287e-02
-1.163385269885709311e-01
-8.337915857798092190e-02
-1.811353002207633511e-01
-1.937200417477835390e-01
-4.048397563245582087e-01
-1.123758305540476288e+00
-1.267947436272385486e+00
-1.200113141540218198e+00
-1.195112088346674151e+00
-1.257848965611109815e+00
-1.169628656789726273e+00
-1.261869558396931046e+00
-1.195170608991088290e+00
-1.206642241408156124e+00
-1.028239078804534135e+00
-5.807708879089185094e-01
-4.900499875251632664e-01
-4.899217675876983424e-01
-4.239442164576042726e-01
-2.318719634033583887e-01
6.083383935063738090e-02
-1.165969936947330449e-01
-5.495488653093978382e-01
-3.590835541926514218e-01
-6.927561082210156318e-01
-7.797608976728317431e-01
-7.507810176909350819e-01
-6.607959675342715000e-01
-5.925637337262708026e-01
-7.089460245458110155e-01
-6.935854836300806570e-01
-6.640411933552317070e-01
-4.842388008537257815e-01
-6.701765686508889264e-01
-3.877597029495105097e-01
-3.994332995652202234e-01
-5.053610664324660329e-01
-3.970855150232016073e-01
-9.371123358923977298e-01
-9.856661611274901702e-01
-1.139703607194795687e+00
-1.276443200798639488e+00
-1.512465448853703931e+00
-1.338530242593120034e+00
-9.208768189785278002e-01
-5.613173672432038019e-01
-3.328242476891464241e-01
-3.214859657875450138e-01
-4.372780620563490039e-01
-5.964149610017787095e-01
-6.845965987519331275e-01
-8.661817061233249015e-01
-8.032498185983404371e-01
-9.442983764712372663e-01
-7.946631369875084561e-01
-1.406757219115677859e+00
-1.609282366474327652e+00
-1.383090587948950123e+00
-1.384185982116741487e+00
-1.124022523656160955e+00
-9.506274164846167940e-01
-7.308607861602581801e-01
-6.642346834955860091e-01
-8.453892905309510208e-01
-7.402368663293770190e-01
-6.825402987717478220e-01
-7.529630483145969277e-01
-4.571569105559577517e-01
-4.669831177653984144e-01
-4.588083391050113424e-01
-4.769683107760300800e-01
-8.040683717427028476e-01
-8.549354687468043723e-01
-8.927984963428120535e-01
-3.720526340749403804e-01
2.414160846039551181e-02
-3.155498165322447313e-01
-4.204508145858684709e-01
-6.359398724191737129e-01
-6.890217691221215413e-01
-6.718618570045605809e-01
-2.419727126224512914e-01
-1.254563122896692196e-01
-2.835687137728826884e-02
-1.720666864593395073e-01
1.291425385255810798e-01
2.371679756657486537e-01
1.607955001589657096e-01
3.640894287541088931e-02
-1.852263646445965750e-01
-2.456327840163671783e-01
-4.448331125073430869e-01
-4.823823910169414142e-01
-5.621930348225956386e-01
-6.623532880896264574e-01
-6.855396823357049474e-01
-1.051405455495756369e+00
-8.257122715700784266e-01
-1.511056639212356556e+00
-1.429347278769029783e+00
-1.204042046248726683e+00
-4.187905996247470730e-01
-7.933945807540983275e-02
1.679412699530351966e-02
8.006966706072770473e-03
1.280525070690289591e-01
1.729788882782344328e-01
1.304519254845642739e-01
2.109361786303989295e-01
1.769292723234397458e-01
1.470003598060738992e-01
6.822310699242212229e-02
-3.698920269040460035e-02
-1.940652360620625516e-01
-2.798019262231981608e-01
-3.071815704801689750e-01
-2.074922360373128161e-01
-2.332498538831500046e-01
-3.571833097125590162e-01
-2.866193083116595486e-01
-4.410884047880687664e-01
-2.425083880842771877e-01
-7.872487016178220109e-01
-1.996058086567144008e+00
-2.159070382276627065e+00
-2.392950858674717463e+00
-2.559146716025244128e+00
-2.507901426043817050e+00
-2.169114813674857256e+00
-1.853792854532206880e+00
-1.073262027936882079e+00
-1.962270989989016168e-01
7.751781333490702364e-02
1.260972938914533270e-01
1.137807935166324919e-01
1.660958462979287564e-01
3.393616339118844805e-02
6.813624272739549070e-01
9.073647294942176478e-01
5.306150131800723146e-01
4.179799854360319311e-01
-1.604685042261176919e-01
-1.721291412661331011e-01
-2.166708676781713139e-01
-7.298096264868354499e-01
-1.850066445328924836e+00
-2.076912944191244836e+00
-2.231323276727929183e+00
-2.005486365742905175e+00
-1.152099990654065764e-01
1.152926490603879861e+00
1.511007115423529834e+00
1.451386288221345966e+00
1.402416801557849535e+00
1.628561426509859578e+00
1.544886124962929763e+00
1.362722354549174453e+00
1.081495159236596226e+00
4.136134658507784057e-01
-8.362467612267276973e-02
-2.281426434759576960e-01
-1.869974315458843850e-01
-1.466243482620933070e-01
-6.353817194500960275e-02
-3.284207512606980572e-02
1.310971711007292810e-02
-2.427746085727829073e-02
-4.575767201392530459e-02
3.569761729926988064e-02
-7.939429749201684650e-02
2.037916555065711136e-02
7.882900450727504948e-02
3.751315098825964284e-02
8.363874939422394350e-02
2.479428483039132769e-01
1.049874792235001991e-01
-3.425235678550402341e-01
-3.074049493889306484e-01
-5.384856929822918747e-01
-8.336196748718193161e-01
-8.657365708138243798e-01
-8.441507996716433038e-01
-7.828249726276316212e-01
-2.746527244299843407e-01
1.871875912957949029e-01
2.313558574011393421e-01
1.390962126514694308e-01
2.543981531437536914e-01
3.726148515449956844e-01
2.605762898715609510e-01
-2.520456725843623902e-01
-7.358625861902613474e-01
-6.235918988523231343e-01
-9.473374236246292490e-01
-6.940070094855211869e-01
-1.178098543222731026e-01
1.838627000730024275e-01
2.746496648607468227e-01
4.304031817571016827e-01
7.941717121268081492e-01
1.870026510411379572e+00
2.491417457514743639e+00
2.685684256762423061e+00
3.083599244433764319e+00
3.121286691159451454e+00
2.963369713962026530e+00
2.988196785682665890e+00
2.851197939367224876e+00
2.420691854848881608e+00
1.714836672604202805e+00
1.484307868705982969e+00
9.016505242240183682e-01
4.112525868942201179e-01
4.884941967688664066e-01
3.973772868211754572e-01
5.048359866606805246e-01
4.310417231342873468e-01
4.156611354673021008e-01
4.503100141803914047e-01
5.519268308937852474e-01
1.811017430011801377e+00
2.567312438767142879e+00
2.866037061795575713e+00
2.883646967119769755e+00
3.017000651445782999e+00
2.901975847423932553e+00
2.766070106624998193e+00
2.418520786840977710e+00
2.026414908934340176e+00
1.400080314464031250e+00
1.066389129677661085e+00
5.206358975035643710e-02
-6.178706064226863193e-01
-2.396162480072211665e+00
-4.491535523257640605e+00
-5.201495516334227354e+00
-4.701821352124826880e+00
-3.607706679189005339e+00
-2.948714125656424656e+00
-2.452878661343700806e+00
-1.982783795065375054e+00
-1.230259009418368521e+00
-9.550034798638686873e-01
-1.077925971015791795e+00
-1.070877588644827405e+00
-9.264501879925435279e-01
-4.611365601584858642e-01
1.528201446608473235e+00
5.805035883138728536e+00
1.087164950681324349e+01
1.632835403665723106e+01
2.059811142061598943e+01
2.530139569841009717e+01
2.916288471726116427e+01
3.378137247087519768e+01
3.614374297211611520e+01
3.728226076704403624e+01
3.646572039201793558e+01
3.702616989182876495e+01
3.730396706905262505e+01
3.807268251187362296e+01
3.771990984881586684e+01
3.764208344568188380e+01
3.682685710256964740e+01
3.638173884958420246e+01
3.598522349528142428e+01
3.626692815933772351e+01
3.123968146930500112e+01
2.869073458544600541e+01
2.381708534022789792e+01
2.000530594842323495e+01
1.563964894444862708e+01
1.026315318207079130e+01
6.613904452301063941e+00
3.526470371483424682e+00
7.639302896664987852e-01
-7.663271627929985064e-01
-8.744421802529377397e-01
-8.024559429627909912e-01
-9.116862063401577343e-01
-8.960225188017171272e-01
-7.352882059764773715e-01
-1.356146199878291436e-01
4.829655128447572499e-01
3.523542775559221352e-01
2.766857521010509524e-01
3.597999064799272673e-01
4.012942390352283173e-01
5.367862354955378335e-01
6.355597838140880640e-01
5.942473464657502813e-01
6.078666278964468539e-01
3.915108460299789317e-01
1.830610997659680439e-01
1.103205643327173080e-01
1.725892335626194041e-01
-1.075304537298186341e-01
-7.648349245711005828e-02
-9.411482139916697853e-02
5.834870689639735930e-02
7.934847403795232401e-02
-8.097943421039434028e-03
3.358519821958332735e-02
7.299887140042962685e-02
4.832467374403563720e-02
8.835541557972234616e-02
-4.366211836332460627e-02
3.032972200547778135e-02
6.974390450016704213e-02
-1.102504151743080758e-02
-2.714451256287991367e-03
-5.232809128571043189e-01
-5.291169239354083231e-01
-5.325438436135097042e-01
-2.615707312785738869e-01
2.512968354203731214e-01
2.002213695199601962e-01
1.857563172208856750e-01
-1.213292710324622020e-01
-1.263087390706800206e-01
-4.491671158312635082e-02
-1.563324296024927174e-01
-1.812757657999164718e-01
-4.205763608983059676e-01
-4.374739989999116285e-01
-4.269858971499295164e-01
-3.971845529178554268e-01
-4.660222530524802398e-01
-4.186156610484190188e-01
-3.143613541630229657e-01
-4.936490358457922834e-01
-4.305003511048808296e-01
-7.591552136990256106e-01
-2.785318546763338454e-01
-4.757018753482699092e-01
-8.049716675901479324e-01
-5.784396413606005538e-01
-5.760717077112184059e-01
-7.701095600414664677e-01
-5.914722837706876124e-01
-1.119441216566628983e+00
-1.153293803909584136e+00
-1.196812871868847106e+00
-1.333565598209196956e+00
-1.282996484850710939e+00
-1.554262003678054338e+00
-1.648740732638008355e+00
-1.604176728039402366e+00
-1.532375075903620987e+00
-1.806930438179103815e+00
-1.514149437034956414e+00
-1.691730614612680705e+00
-1.543907319645528853e+00
-5.451327564471410980e-01
2.632263158397507574e-01
1.420249890635478796e-01
1.780914240376104130e-01
1.120766688954589890e-01
1.602949389401363556e-01
1.547479774137215658e-01
1.784041610317697868e-01
2.892871694708769037e-01
1.603562777123932748e-01
2.029863439562301919e-01
1.261070505276457587e-01
7.191843175887042972e-02
-1.363214344374583664e-01
-1.979851113983145117e-01
-1.672268495728323201e-01
-1.683853028524462947e-01
-1.741177719196079776e-01
-1.658198092276348679e-01
-1.074032752445002320e-01
1.052128375985097036e-01
4.120540480760503388e-01
3.195364510111698420e-01
1.934720236698004858e-01
2.070738932989886483e-01
-4.253249482695842243e-02
2.783767755806956790e-01
-2.491926812673632158e-03
-1.419013474648539996e-01
-5.421026838098609302e-01
-4.693360978479463319e-01
-8.320909744501745475e-01
-5.233485373466777446e-01
-5.997124106275670830e-01
-4.164133842103939775e-01
4.036726605982608740e-02
2.705775363740153261e-01
1.922498439311770002e-01
2.248818628478568560e-01
2.400197224951980124e-01
1.840151527888624905e-01
1.352556080996287768e-01
4.388613431943632487e-02
-5.459897822523846617e-02
6.871652049180176913e-02
9.630555584548233794e-02
6.245958983265061104e-02
1.551624704111330688e-01
1.325696201488258952e-01
1.782670279742584740e-01
1.304930894340443626e-01
1.870121806604404247e-01
1.341511810584700426e-01
1.210543189227487326e-01
1.626598555916499711e-01
1.850236286147735609e-01
1.709751628911095611e-01
-7.706980456391809842e-02
-2.699597819355183947e-01
-2.172926861911020358e-01
-1.851794326667272339e-01
-3.263719327580464347e-01
-2.790012849837845144e-01
-6.148306302197716899e-01
-4.578064956748917336e-01
5.586915832117963499e-01
9.771012164309665904e-01
1.312663385827202767e+00
1.091598469375250957e+00
1.009024430722855747e+00
9.899258503286149091e-01
1.039149746702750621e+00
1.101077161688444495e+00
9.390754269380695574e-01
8.923083865748249188e-01
8.414303175476213204e-01
8.258446866393860386e-01
8.392861578124048982e-01
7.799682049241906112e-01
7.567028819972679843e-01
7.442472263967574442e-01
5.695992550572794855e-01
2.901252624927879720e-01
1.342655006371048509e-01
2.432193324827310738e-02
1.064989456983471972e-01
4.661819613408377944e-02
9.194922349040628162e-02
4.347321722766355201e-01
6.196782186675514614e-01
6.218357015877568061e-01
8.961291614021406060e-01
1.038890039230263795e+00
1.183550057800828004e+00
1.326834432778723816e+00
1.412700106023287105e+00
1.417446951473779526e+00
1.345654157501095405e+00
1.348421247248355881e+00
1.117323233939795379e+00
8.923891230096844263e-01
8.810448627248255171e-01
3.353156602965166599e-01
2.509393823425594763e-02
-5.816884022910658036e-02
-1.320839909850304861e-01
-8.290624964535020514e-02
-8.224074702235958934e-02
-1.548216876672653675e-01
-1.002981140712710800e-01
-7.105239431748250345e-02
-1.171247286816591293e-01
-9.901289548207881097e-02
-1.116196141929648583e-01
-4.405524112885195881e-02
-7.685649993566569249e-02
-1.463085727490400223e-01
-8.845708454338897797e-02
-7.313900959029914772e-02
-1.638844403926606463e-01
-1.588066004039968560e-01
-4.957942611471372052e-02
-8.990696140918388868e-02
9.080002912648148239e-02
6.820437376062262747e-01
9.199992425259515549e-01
1.039229373763166597e+00
8.723785464541125023e-01
9.443298096457100055e-01
9.291832258807104505e-01
8.831919850886739143e-01
7.061931887181140954e-01
6.171528237134739081e-01
4.251767746865418030e-01
1.958707483495710777e-01
4.250089183795606740e-01
8.285999863319841729e-01
7.895064753902409915e-01
8.806584323082189414e-01
8.784960553123187799e-01
1.100222400973576375e+00
1.438777654074839374e+00
8.664720958340896839e-01
9.537209061060339943e-01
8.548838635384174989e-01
6.972602618946273090e-01
7.151413586957576785e-01
6.334214253862079369e-01
6.440454465917999638e-01
7.502566045525046468e-01
7.388236570552970672e-01
7.799014485801408769e-01
7.784210723821752831e-01
8.357991417477373952e-01
7.234890254852670566e-01
8.949423983395458082e-01
7.772247114483504804e-01
9.301200893419819815e-01
1.051472297542310530e+00
1.119495567552334814e+00
1.482791048365210029e+00
1.253698886033700166e+00
1.237790203231607045e+00
1.162379520356042972e+00
1.186757826125211190e+00
1.170576300760086452e+00
6.026362735937702553e-01
7.370177537268024492e-01
5.017512960751991935e-01
4.199263770596258216e-01
2.425389923975492523e-01
-6.027908231014393881e-01
-6.622936669418222344e-01
-7.276187810076866214e-01
-4.535336699811132743e-01
2.356381003684507314e-01
5.358822891153233181e-01
1.016071839725095849e+00
1.244659716908783409e+00
1.310006726959280554e+00
1.344901131251018178e+00
6.172269790889702845e-01
4.845287871979210848e-01
1.188773300230839602e+00
1.297511087655590645e+00
1.204537324805341258e+00
1.302787184999184111e+00
1.230949033122740399e+00
1.185836417798882714e+00
1.170024513908615615e+00
1.191229423966994272e+00
1.087229714551513293e+00
1.173596333058729124e+00
1.124475185544844491e+00
9.871809982958178464e-01
6.636765678509224387e-01
4.010932436286408498e-01
1.371160851789109680e-01
-2.861673415755734418e-01
-4.524508507370583188e-01
-1.658356621878120274e+00
-4.639927348256727591e+00
-8.962663206588304732e+00
-1.353885064119271142e+01
-1.739678597593707465e+01
-2.062950655404930700e+01
-2.534363200274009742e+01
-2.868728522154421157e+01
-2.973684866894001644e+01
-2.966812220120736754e+01
-2.992631462924955699e+01
-2.966459180513893656e+01
-2.990771026147630707e+01
-3.008184564121712512e+01
-2.809255730512866833e+01
-2.391518979720909499e+01
-1.836591690355218986e+01
-1.388840296434507593e+01
-1.078308587989905476e+01
-8.354681881964157952e+00
-5.727548209542889346e+00
-4.322923485970465052e+00
-4.555261588633709557e+00
-4.566010821383376772e+00
-3.714122389710753147e+00
-2.847209842217285569e+00
-2.423939236809734776e+00
-1.928939057574809768e+00
-1.548341884784467659e+00
-9.028971577527376002e-01
-5.529386803928599825e-01
5.037811259589915214e-02
6.320669737743844774e-01
5.938888424121220311e-01
1.261371419727365328e+00
1.938691727398982989e+00
1.502030992609608928e+00
1.737703265497644534e+00
1.575055098529974495e+00
1.310664300842111274e+00
1.408247402707256013e+00
9.543177925983472587e-01
7.368114845759806686e-01
5.401591270570403891e-01
3.440217638454287075e-01
5.326523648167477143e-01
2.656519118409457758e-01
6.083291708959523980e-01
2.897984602459237613e-01
2.969455449090513954e-01
3.949737437069263946e-01
-4.753763880540316789e-02
-9.604280095306269582e-02
-3.200909747278795625e-01
-2.262008354333751858e-01
-6.661327150050057322e-02
-3.621539654878605519e-01
-6.707319996794856853e-02
-2.075003992961549915e-01
-3.118661599141386298e-01
-1.252736609798101031e-01
-4.384823562575436151e-01
-1.727371168545920321e-01
-4.132051963355389268e-01
-2.584234819947399120e-01
2.052360336605692226e-01
9.444787215126253521e-01
1.418109994994085632e+00
2.363551174261043997e+00
1.212301476726764360e+00
-3.788565248527405172e-01
-1.456096954065974280e+00
-1.384463473640778819e+00
-4.301716693946459058e-01
1.308461405913591280e+00
2.990540745070574324e+00
5.335793945898864798e+00
8.701191638950922069e+00
1.190082847928419163e+01
1.491495309748667175e+01
1.733624034288088112e+01
1.921276652047392730e+01
2.138114680425798753e+01
2.188477018236836713e+01
2.334673882568098691e+01
2.500024258782439546e+01
2.594120547395390730e+01
2.592337266611562185e+01
2.532049115535300743e+01
2.430159913926931381e+01
2.368708812800783647e+01
2.087020033149819298e+01
1.754859689389759936e+01
1.259235905381480336e+01
8.840925112514133488e+00
5.267276417289688872e+00
3.879235372048467134e+00
2.231287293223884749e+00
8.307917472894696953e-01
-1.011980378901372046e-01
-1.205438143833915121e-01
-1.292888783370953476e-01
-1.226270130873395314e-01
-1.562691267329890110e-01
-8.887865886963650097e-02
-8.165170881022174726e-03
2.003814528538016421e-02
-1.076557073069797079e-03
-4.003847542900926086e-03
1.020146905669042786e-03
1.209219425371969078e-03
1.309059017015272788e-02
3.832399808711955697e-03
-1.132386272461369855e-03
-1.801546283909126901e-03
2.763565385415459475e-03
3.530512608662301956e-03
2.067108999572013061e-03
3.585673563515732500e-03
3.602754483840563647e-03
2.776623903891021691e-03
2.647104834524168036e-03
1.940280716517879056e-03
