3.686533021489887041e+00
3.888779740999251722e+00
4.089587726838625592e+00
4.284105095818139475e+00
4.476721477606079524e+00
4.656167564930651537e+00
4.875879255808675872e+00
5.075998135412317147e+00
5.253303573736778809e+00
5.459850286310659939e+00
5.567130006127213093e+00
5.860256108262692720e+00
6.017093254205617470e+00
6.145280949426752848e+00
6.170200616830380014e+00
6.515119784237881184e+00
6.823967178175670334e+00
7.121658142291578564e+00
7.343989115733687179e+00
7.566314656920888559e+00
7.737551743679007998e+00
8.006218352004930594e+00
8.192739444287559181e+00
8.377153100870501135e+00
8.581953395918553440e+00
8.741892218100300482e+00
8.878564749129573386e+00
8.866850891420520853e+00
8.885809654546356740e+00
8.755450580951288586e+00
8.565498582623911616e+00
8.590836037718533547e+00
8.551009969676028888e+00
8.517985885638070798e+00
8.481905619093460302e+00
8.448591811384673633e+00
8.402305498724443211e+00
8.341627203180022931e+00
8.361434735471746649e+00
8.114164040992902116e+00
8.194605078131662168e+00
8.343584887222743163e+00
8.381543833797152843e+00
8.426077916789981970e+00
8.450603816841329774e+00
8.575322257613636978e+00
8.635401471006899143e+00
8.689550976820559214e+00
8.811878583262824804e+00
8.828000854880773574e+00
8.899874873266890418e+00
8.911107143506132644e+00
8.971084663633517309e+00
9.130205878027382482e+00
9.205283034729774272e+00
9.019089079441281243e+00
9.245190601049390722e+00
9.222856784515819584e+00
9.323643054564696442e+00
9.136337401215492093e+00
9.080876447070428625e+00
8.989033318435092568e+00
8.854284552037256617e+00
8.803287822032592302e+00
8.753630050361152826e+00
8.572061012285306703e+00
8.539280048154836322e+00
8.587889698952203332e+00
8.858047913408055862e+00
8.901223958877693576e+00
8.895601059901254715e+00
8.980052759259084638e+00
9.006197551716056182e+00
9.000698020516480824e+00
9.094981129211284099e+00
9.118809696635391759e+00
9.149422865008018491e+00
9.228820917030224891e+00
9.313044188474073337e+00
9.204442845732787148e+00
9.321231555007090108e+00
9.373528572360548594e+00
9.364321783698008161e+00
9.367910772494418836e+00
9.461366485425219963e+00
9.506571200119491749e+00
9.573727771336175252e+00
9.582805522133449827e+00
9.738206183834208218e+00
9.767379100522720847e+00
9.647955554462903649e+00
9.505000153141823560e+00
9.394131735064775057e+00
9.346831210996121797e+00
9.199319985312961023e+00
9.067735687093838592e+00
9.006697939958328902e+00
8.862720381999919184e+00
8.854111375622206737e+00
8.888995364186575543e+00
9.060616168408083482e+00
9.141222562497237192e+00
9.066943319870665263e+00
9.224381300192305844e+00
9.238888167504237359e+00
9.296292702393214924e+00
9.300736921960243819e+00
9.344560418927045475e+00
9.361250594385907675e+00
9.424772738113688320e+00
9.452394759939322100e+00
9.279989921831655053e+00
9.473532730366059695e+00
9.399432180805208148e+00
9.715640233746382748e+00
9.758332574277044813e+00
9.641930382003145894e+00
9.832052112679960487e+00
9.843834906685735575e+00
9.846970943765052553e+00
9.946991088799602920e+00
1.000998392259555558e+01
9.873977232961939521e+00
9.762208870484561984e+00
9.747078572620845094e+00
9.661533427385878170e+00
9.613390326265500718e+00
9.376571896776805914e+00
9.421439552742194579e+00
9.299870339947954534e+00
9.159568940047952523e+00
9.003035987910230631e+00
8.672421609659416220e+00
8.449691148067397961e+00
8.176306190858488421e+00
8.060029125015077511e+00
7.886434384205637471e+00
7.615167016538443967e+00
7.497475502230169120e+00
7.457030782140773084e+00
7.396256026946560702e+00
7.343521054100743406e+00
7.157141286201130548e+00
7.060750796213448588e+00
6.818018416554934014e+00
6.572888866891260840e+00
6.263275579760697376e+00
6.014340857664918438e+00
5.682444152362031708e+00
5.403858851008213726e+00
5.048611524527342631e+00
4.759310260251991664e+00
4.440898145149033027e+00
4.500922078418127192e+00
4.322610901697053976e+00
4.257321032939407779e+00
4.209591625744693921e+00
4.212927008620119373e+00
4.194230043754696879e+00
4.312721660428857184e+00
4.407400340004126171e+00
4.571573468535740759e+00
4.735325201702727860e+00
4.928261158987058188e+00
5.135851358792180577e+00
5.233960533410622062e+00
5.356662197488047283e+00
5.536699776359604641e+00
5.822189341259679018e+00
5.987444707687909151e+00
6.163334806592288828e+00
6.334813578445641191e+00
6.566109743796118892e+00
6.684821420281642723e+00
6.889126344906345345e+00
7.056478161959254258e+00
7.241825288480771228e+00
7.413692884004615458e+00
7.603953425375308939e+00
7.780991072636442851e+00
7.933453839718793255e+00
8.086298666104875466e+00
8.252141439685331648e+00
8.356880312508685904e+00
8.557895153963290369e+00
8.690631862161355414e+00
8.801565384025270333e+00
8.935616791384214608e+00
9.053528825092572063e+00
8.951285996300823555e+00
8.877548973382102915e+00
8.821311240975107992e+00
8.782677432974642429e+00
8.683394686105355476e+00
8.607654493589860678e+00
8.472447675433420144e+00
8.194002182297220216e+00
7.912794425340911708e+00
7.679413139262080357e+00
7.351752220443573016e+00
7.303927468838512738e+00
7.185097917498360687e+00
7.093996252786541667e+00
7.097374810434170733e+00
6.869851101878841959e+00
7.006829635718621496e+00
7.011978018400581547e+00
7.118477323441366522e+00
7.079946334444671585e+00
7.106856149733861372e+00
7.175789679198886439e+00
7.173249280972205710e+00
7.179051788653326049e+00
7.064391923595790601e+00
6.992557204337413346e+00
6.939267555973414048e+00
6.854631202257658984e+00
6.780802976106555136e+00
6.802807702227338993e+00
6.670641255290139959e+00
6.441939381394167441e+00
6.426027604099554758e+00
6.560597555258150138e+00
6.372731314196969699e+00
6.469881000616197753e+00
6.340449708905135928e+00
6.264075819002687950e+00
6.200374447507219777e+00
6.038537327199914984e+00
5.706359272210956846e+00
5.376415497127142729e+00
5.010065848049685577e+00
4.633213893108251824e+00
4.217113830670185415e+00
4.089996898085262345e+00
3.752882037660765668e+00
3.565561995505846848e+00
3.334287440845429273e+00
3.046080374819200021e+00
2.865690085373810536e+00
2.660987881053758386e+00
2.580098482667950499e+00
2.559976149783332655e+00
2.535257897817996042e+00
2.504215339803078866e+00
2.490458266760044115e+00
2.453721184898666863e+00
2.392864217337099753e+00
2.344960308187945763e+00
2.338511550000121897e+00
2.272813999622712799e+00
2.223874447284612810e+00
2.116113012263222348e+00
2.135305942432122794e+00
2.223793055004859909e+00
2.354324017948685288e+00
2.473612602102461810e+00
2.621499826234501729e+00
2.777001441934441761e+00
2.968837540980190592e+00
3.129671120176431121e+00
3.340575885157601732e+00
3.519269203051700323e+00
3.730083911012884723e+00
3.952106635720215699e+00
4.207638911538861493e+00
4.396503523286114934e+00
4.367141289568007068e+00
4.321042032753943829e+00
4.319963241991300329e+00
4.481453644532590985e+00
4.701455164910580464e+00
4.859108274199184230e+00
5.039825742001349695e+00
5.236893023258059721e+00
5.416205373674480406e+00
5.654407173234811346e+00
5.843009442200403747e+00
6.036929234176702685e+00
6.251403650736349071e+00
6.410920979662753538e+00
6.570419846897038951e+00
6.603254114246807305e+00
6.725860712110327100e+00
6.753296816019375370e+00
6.810833986788877858e+00
6.927790440672561445e+00
7.000257986346190009e+00
7.082708397127882805e+00
7.117638960608501542e+00
7.218612834471319850e+00
7.392064715045044032e+00
7.572096919090369305e+00
7.721534565100969694e+00
7.868005781487693362e+00
8.015447137115780052e+00
8.106253623677730502e+00
8.243054592411008130e+00
8.379803494601452130e+00
8.493606972787183906e+00
8.615912184326225187e+00
8.782758609143341388e+00
8.887223041724906736e+00
9.030783774099964134e+00
9.173783910916410989e+00
9.274678108500884477e+00
9.315117557811161575e+00
9.357308805096851145e+00
9.410081458379410790e+00
9.456683777888432729e+00
9.514967729448601474e+00
9.535089830720268722e+00
9.624131438658963589e+00
9.622551952421245502e+00
9.636931197770957525e+00
9.690515951772820102e+00
9.691996760305599423e+00
9.893416755625658254e+00
9.607118247440517678e+00
9.772713760118991289e+00
9.831740445121740279e+00
9.862934700327182114e+00
9.823307480634161593e+00
9.844359374535649465e+00
9.870278841868691089e+00
9.920112605700998287e+00
9.958930694948188389e+00
9.976766333402892428e+00
9.990914731845577990e+00
1.001536779849563885e+01
1.005630070024460387e+01
1.010654689227881775e+01
1.011267477208070886e+01
1.003104493198152802e+01
9.957172555429512073e+00
9.905992966373899478e+00
9.826926111169726141e+00
9.817600271922472643e+00
9.781015510523436873e+00
9.781951171446353399e+00
9.768304454481739896e+00
9.750730002008221931e+00
9.734067997289438168e+00
9.737144449348610564e+00
9.721094418927908265e+00
9.643346885155645865e+00
9.633367912778311393e+00
9.566363584373691609e+00
9.390877829648864861e+00
9.150874122052076842e+00
8.889111983992201260e+00
8.610832288307461724e+00
8.298263147264158590e+00
7.995544022593860767e+00
7.664754245777794850e+00
7.332987652998047778e+00
7.339187157774286874e+00
7.320757665260151370e+00
7.143233218718469502e+00
7.374797384643702713e+00
7.528334112190508520e+00
7.655231769594299074e+00
7.739332700471095450e+00
7.885692439924360642e+00
7.984040041645664054e+00
8.083635567316196813e+00
8.251684304048513496e+00
8.321637780084016001e+00
8.454284266228270894e+00
8.584805922149287838e+00
8.700539518114792870e+00
8.801138526166745635e+00
8.956777603607138261e+00
9.064043066030277984e+00
9.190804730047988258e+00
9.338654180192131449e+00
9.453760660902084112e+00
9.628550903531600369e+00
9.748653087577448417e+00
9.821729668619553877e+00
9.940063177058688026e+00
1.006408870840197523e+01
1.021100001718598449e+01
1.029055013100309957e+01
1.039108999292987612e+01
1.047035551090763761e+01
1.058280119328088453e+01
1.069697872855893728e+01
1.073044784408251040e+01
1.072607807265958968e+01
1.069104667961088495e+01
1.063094217771851824e+01
1.060299038938351757e+01
1.059261209718243180e+01
1.054412927338246497e+01
1.061545090939307023e+01
1.059195129483076236e+01
1.068418924693370542e+01
1.066449707218090914e+01
1.065792208179739831e+01
1.066424616783361223e+01
1.071213036200488133e+01
1.070022563437453478e+01
1.076564806720810985e+01
1.080559978823297129e+01
1.090457697691465988e+01
1.098670307234240795e+01
1.106792087768952371e+01
1.114354122590998664e+01
1.124716610839790576e+01
1.127617119550341584e+01
1.138067143342644982e+01
1.132946887990146223e+01
1.142764629860105607e+01
1.151057621871423109e+01
1.146380097713018387e+01
1.147741567186628586e+01
1.150315177555753543e+01
1.137581099733971435e+01
1.126922153387283920e+01
1.099700663279363688e+01
1.076768995952403962e+01
1.047543263710786476e+01
1.016185322604025387e+01
9.881111956794331519e+00
9.562055146505510805e+00
9.307851760833372623e+00
9.030619022650231642e+00
8.833825343574044808e+00
8.566095119307830075e+00
8.393998051902835655e+00
8.270044315128778578e+00
8.227488730894256364e+00
8.163015796595423978e+00
8.058177198894346915e+00
7.982512667059005196e+00
7.884517537512204299e+00
7.824063974753480366e+00
7.684978870183868160e+00
7.384693562998138283e+00
7.180449816582712863e+00
7.097652840068584545e+00
6.966652020095625453e+00
7.002147474954355744e+00
7.170532098996926784e+00
7.214157712805525868e+00
7.276204595431504885e+00
7.351116515696430653e+00
7.418042352809605333e+00
7.564102934704469483e+00
7.671443664522820782e+00
7.822852394011643895e+00
7.975578703986528240e+00
8.151577461229754462e+00
8.284371288255064414e+00
8.445422046265514737e+00
8.587907512484303396e+00
8.757995550733648216e+00
8.839010978656945738e+00
8.982638881943133313e+00
9.105801750065330324e+00
9.182871414875320326e+00
9.357804166937068402e+00
9.480282897890056404e+00
9.639036925399695477e+00
9.732774081891705009e+00
9.872918266044900193e+00
1.010009571842476106e+01
1.009719777874033397e+01
1.029651656500620938e+01
1.045211351307152725e+01
1.066629388689396407e+01
1.067551263081301016e+01
1.086973165651516737e+01
1.098015184045720538e+01
1.107616553413620331e+01
1.092042703217931532e+01
1.086996904331302005e+01
1.078762982927294090e+01
1.065227694067336728e+01
1.068480195262597121e+01
1.066097551726211456e+01
1.060877707922391622e+01
1.054163551869037185e+01
1.054748555432622759e+01
1.044618381552188602e+01
1.043945191766255221e+01
1.032183426744284915e+01
1.014305752772670033e+01
9.792853767138939958e+00
9.508962790032244428e+00
9.088210199463421901e+00
8.703186441399386908e+00
8.181385816109019160e+00
7.772329907494731849e+00
7.568031706175817774e+00
7.493649101115257061e+00
7.292702962368839970e+00
7.390774762530451625e+00
7.138214018952157680e+00
7.120524927031445905e+00
6.979103687399811129e+00
6.931762470392887288e+00
6.867884407788850787e+00
6.753375643514177185e+00
6.673101769446303067e+00
6.545443551718530095e+00
6.388120007287455770e+00
6.117276166131549786e+00
5.718357955312040275e+00
5.345778434674393509e+00
4.912841928167490657e+00
4.531298267426411286e+00
4.056497367694808176e+00
3.771037568498206038e+00
3.731084572821754541e+00
3.674668168191099760e+00
3.654775034577668169e+00
3.732267805563510343e+00
3.738759047985104278e+00
3.789533508230006564e+00
3.819168505202370945e+00
3.948694740810449577e+00
3.992997399494473409e+00
4.146156522303657610e+00
4.290359471869758856e+00
4.376704085775813269e+00
4.530574717662624984e+00
4.690422869164975417e+00
4.841721558641685519e+00
5.016963738992072486e+00
5.192627640719066129e+00
5.373731971063508084e+00
5.519024025205051309e+00
5.729421562043938820e+00
5.896611596449340631e+00
6.104666493410197958e+00
6.307851609964570727e+00
6.518106790335666645e+00
6.699421134185439719e+00
6.903379859455440304e+00
7.090243862707931832e+00
7.249944792175161190e+00
7.444737690072707359e+00
7.583407008534627458e+00
7.777930070548466190e+00
7.945616448218197014e+00
8.099157219263066310e+00
8.314970508324368126e+00
8.455583119574964002e+00
8.632822633380499155e+00
8.768437496232195372e+00
8.944304908312959768e+00
9.144958674974651203e+00
9.274132999080055839e+00
9.403620370002068185e+00
9.559489832920514019e+00
9.706237034010744225e+00
9.740025834358210233e+00
9.629001905446623155e+00
9.609802649185787971e+00
9.625336464414830928e+00
9.600778355721564239e+00
9.646225478307973944e+00
9.653162756031569813e+00
9.699181538128110347e+00
9.737133039329316730e+00
9.828294652710416912e+00
9.865383094302805134e+00
9.966690961614311561e+00
1.004121462806774723e+01
1.010933846462489605e+01
1.025316397446947825e+01
1.019984029448124119e+01
1.036188989801819282e+01
1.039246207344599426e+01
1.046377460663077841e+01
1.051222567942549979e+01
1.046708832465255945e+01
1.050489027421492594e+01
1.043516555566036708e+01
1.036257388785822897e+01
1.027031146301628439e+01
1.019726253183945275e+01
1.008308044450236807e+01
9.838774118487499720e+00
9.560289772639890771e+00
9.389811828168744157e+00
9.290466425206014733e+00
9.204157675051810372e+00
9.070727912263361503e+00
8.952573307163433469e+00
8.818604267437242683e+00
8.672707917223611673e+00
8.575015487973292494e+00
8.434184032387051388e+00
8.297257463701823710e+00
8.138483158249139038e+00
7.893163325101633987e+00
7.699660564106029170e+00
7.394072158544791940e+00
7.085038604509580118e+00
6.748917132696000465e+00
6.454771853000052850e+00
6.109338969613149040e+00
5.894626815313694479e+00
5.788018638462657961e+00
5.742139032643046370e+00
5.679763778476588421e+00
5.702699644460511585e+00
5.832831315851295884e+00
5.926039205703747648e+00
5.964396088473594482e+00
6.095436048687660424e+00
6.182524735508869718e+00
6.338935135413323430e+00
6.527659992515442156e+00
6.611898087469678664e+00
6.761828321701495170e+00
6.857027735520275336e+00
7.001070180348364147e+00
7.167115807771329727e+00
7.315999848309393983e+00
7.477802748751085637e+00
7.538233529103864683e+00
7.566308298762675300e+00
7.610537559298511390e+00
7.678754291875032223e+00
7.809049011076601765e+00
7.938254316965850599e+00
8.070597660040695231e+00
8.175484092817125514e+00
8.317320447641996850e+00
8.425876554146322306e+00
8.602628458141101220e+00
8.709322207268344940e+00
8.890029184111318372e+00
9.043048221751146087e+00
9.178931214681254502e+00
9.284972031109790080e+00
9.464766890773500307e+00
9.583506179349456033e+00
9.780250432343876810e+00
9.856536803174476447e+00
9.981433382042029123e+00
1.015165280937847392e+01
1.032414313105003778e+01
1.047204923415992539e+01
1.062636797746637463e+01
1.074186912147535722e+01
1.083902173062710617e+01
1.096547293542086621e+01
1.102113658303559873e+01
1.098653937000391956e+01
1.093347270002650440e+01
1.082852540861149926e+01
1.071470027472365238e+01
1.074878783908537194e+01
1.043626473992018155e+01
1.047960111196666766e+01
1.040182128756892155e+01
1.031293216228290710e+01
1.024927927516399073e+01
1.017492740009927310e+01
1.018547768408304499e+01
1.013181724334163114e+01
1.008320315954829560e+01
1.008422881639208590e+01
1.010064657739736838e+01
1.012249335148963070e+01
1.010488909041338879e+01
1.012952475697850829e+01
1.015847890389195740e+01
1.019011946634386057e+01
1.019760583365828488e+01
1.024213632036945043e+01
1.027270115332976985e+01
1.018779245436101988e+01
1.017518771425457658e+01
1.014886692261963574e+01
1.005426964429365100e+01
1.006893859379917089e+01
9.988586925140308992e+00
9.900308916568610229e+00
9.760301407406283047e+00
9.711916509545599041e+00
9.667245286698257445e+00
9.597864876405468593e+00
9.487229327784509891e+00
9.442244031658622916e+00
9.363538053447580722e+00
9.270177259465796737e+00
9.251905543479182370e+00
9.107798985916888412e+00
8.997241386617897518e+00
8.838412658765649965e+00
8.727043382123673254e+00
8.641041130275823434e+00
8.578527736606289977e+00
8.495609655214307665e+00
8.348590253467417455e+00
8.237352615509857756e+00
8.179898878688895536e+00
8.062072178398647537e+00
7.970924251197515353e+00
7.916968346930794986e+00
7.886514637067356226e+00
7.957302173159907177e+00
7.872515993756608488e+00
8.015166072173894207e+00
7.979994672856270732e+00
8.067300744126143286e+00
8.085871758851219226e+00
8.150907741475435841e+00
8.253535913672145341e+00
8.407003566167354336e+00
8.491727343870595135e+00
8.591150771542286790e+00
8.648111387242730430e+00
8.766363624851603475e+00
8.832187272171939441e+00
8.939112096467631829e+00
9.021476421824278447e+00
9.000501975153726519e+00
9.087788189556260221e+00
9.127834060062047783e+00
9.164703668031142669e+00
9.164495001017325393e+00
9.194673056063297878e+00
9.228412744705805082e+00
9.236870922949780294e+00
9.315728106662339414e+00
9.381022633224651130e+00
9.406450382278352507e+00
9.461553302933156218e+00
9.472179936420488389e+00
9.541246958035106474e+00
9.573722428554088282e+00
9.578604969593493834e+00
9.563215864944183409e+00
9.525155354644775585e+00
9.453363407679281849e+00
9.369549442820307661e+00
9.259346020918879816e+00
8.996022426633810909e+00
8.715173908563409455e+00
8.440434470014205104e+00
8.256923649308332003e+00
7.966817589213074591e+00
7.685953372988293175e+00
7.331881472885037887e+00
7.232536970019456390e+00
7.072211222125581287e+00
6.983853193088114253e+00
7.031007408299403849e+00
7.107750115559136717e+00
7.286201913632701199e+00
7.572161903129385863e+00
7.808777246468007860e+00
8.016591619280854175e+00
8.167338842277933608e+00
8.340891738824776525e+00
8.457548053866975835e+00
8.533775315789183580e+00
8.517163591267451039e+00
8.482059339345962456e+00
8.432399189255404437e+00
8.317333257878816610e+00
8.305163803849561432e+00
8.311340125878931673e+00
8.158416382173177439e+00
8.152791326552875972e+00
8.141458913076178305e+00
8.114511716271843866e+00
8.134232565465280729e+00
8.095223555458023412e+00
8.119928390858023093e+00
8.128333415681648688e+00
8.233026493937401824e+00
7.953629947035574688e+00
8.051826067104309814e+00
8.018652610878561404e+00
8.178604306168214322e+00
8.161711910209232812e+00
8.253039109315141175e+00
8.345032141027118655e+00
8.409184150595528706e+00
8.500049943311212886e+00
8.554650313787677263e+00
8.594070309942539510e+00
8.586654418655498944e+00
8.515971424638808074e+00
8.431835636351966201e+00
8.312137937209371330e+00
7.962178059156813426e+00
7.672901123936560985e+00
7.364206622870104191e+00
7.366132048781633301e+00
7.260407592426322054e+00
7.156446989496730637e+00
7.110859382822024344e+00
6.978021415037460429e+00
6.950338659953311904e+00
6.869828259014910898e+00
6.850755783075966221e+00
6.866824611784378085e+00
6.867462249096922378e+00
6.912242972938176244e+00
6.886401117477415568e+00
6.945633093316627260e+00
6.970045807838613605e+00
7.084248713708782397e+00
7.197569452300611736e+00
7.295404152243350815e+00
7.467938958023181861e+00
7.511974898302258730e+00
7.686375643207181696e+00
7.828814160707307401e+00
7.940040954571373710e+00
8.085877662788847786e+00
8.223079969676144074e+00
8.401998686219997126e+00
8.510730800304305177e+00
8.623141460876922793e+00
8.663420487114006363e+00
8.620225019751957873e+00
8.561276709851773248e+00
8.356000138907583974e+00
8.020843078201734144e+00
7.606962438145312255e+00
7.183270807456686669e+00
6.730052469189714337e+00
6.247692594159589774e+00
5.755761586008586228e+00
5.253625310456493835e+00
4.597091607464026453e+00
3.880280767976650669e+00
3.159497867072460053e+00
2.472544860619618756e+00
1.805873090321164387e+00
1.252682724160829597e+00
8.854484924039559557e-01
5.300123024310200437e-01
1.531883546470595436e-01
9.445688035766749632e-03
3.279518786090811515e-04
4.839335324698174003e-04
4.839351520621971514e-04
4.839328757108686888e-04
4.799333723398093625e-04
1.399805250714452243e-04
3.215549355384371541e-13
7.279501989215363122e-03
8.904990225753356414e-02
2.149373546123482526e-01
3.369529451399518871e-01
5.023442188854664314e-01
6.959161256193886480e-01
9.299204500273550167e-01
1.186654998965134711e+00
1.431698791455749520e+00
1.666139585346478880e+00
1.937619992962492876e+00
2.186165992280822312e+00
2.429333014305429472e+00
2.694994987220599825e+00
2.932446499046368338e+00
3.249498175829441671e+00
3.494110329987815344e+00
3.767108600628676029e+00
4.048199647652345412e+00
4.329607594216660971e+00
4.586406564548520137e+00
4.859622543708248976e+00
5.069522512547275817e+00
5.423365113223032274e+00
5.566277236158395425e+00
5.868170906795810104e+00
6.115449511640912661e+00
6.212016198538450773e+00
6.492649122079511947e+00
6.777391389151625312e+00
6.944355124222674647e+00
7.121120510597726216e+00
7.312456059331343461e+00
7.555166686651135777e+00
7.953395056114345607e+00
8.103388941353394159e+00
8.383418486563405381e+00
8.526881579192339800e+00
8.618632480476474456e+00
8.663646977039631381e+00
8.802477171423486624e+00
8.889892060173149702e+00
8.998896169445229631e+00
8.899057796108342799e+00
8.829948672458444392e+00
8.792446466502244817e+00
8.786561469283789449e+00
8.768822549082363693e+00
8.780100270917637673e+00
8.765910560552171660e+00
8.768502108202969936e+00
8.753314745395131879e+00
8.733697612505316954e+00
8.730329293386217770e+00
8.732485727225180128e+00
8.764767174639034764e+00
8.761392923117401921e+00
8.753639105643570062e+00
8.709782126446587114e+00
8.692785389534947171e+00
8.702638555216728022e+00
8.749184205703599559e+00
8.758927391293841680e+00
8.758759223441167308e+00
8.750821675208040773e+00
8.779213442702623382e+00
8.784381290350204097e+00
8.789354002731007753e+00
8.791495344064225392e+00
8.831506704348912606e+00
8.853889345503642261e+00
8.879144759443722279e+00
8.945982759367918646e+00
9.040793100372646052e+00
8.948067544539647145e+00
9.038785397882417527e+00
9.083371712084636229e+00
9.120153413135401621e+00
9.155458489214597151e+00
9.159598286626582819e+00
9.207083284366689213e+00
9.270546714302216884e+00
9.294480250018100520e+00
9.384595791585713442e+00
9.436845147470171113e+00
9.500692665434971929e+00
9.546934417263958750e+00
9.674308798915516761e+00
9.735966020108730135e+00
9.842871540510088835e+00
9.914610930094374552e+00
1.004652805607791421e+01
1.008506369564747018e+01
1.017196984181307506e+01
1.024606054686280210e+01
1.032292302658837002e+01
1.040916821364646339e+01
1.049448657245260641e+01
1.054934574762796196e+01
1.065620610041846561e+01
1.072601934311558303e+01
1.089590625384064460e+01
1.083561760328377233e+01
1.098706986432705079e+01
1.107228935076103227e+01
1.115511697381024270e+01
1.120108215950210528e+01
1.127330593513701373e+01
1.134262075283466586e+01
1.139799318745689938e+01
1.145880342592776024e+01
1.152095834727990820e+01
1.162861530615527350e+01
1.167481874224589866e+01
1.168096411727135120e+01
1.162035664436422877e+01
1.158737351429102880e+01
1.151937161612711868e+01
1.140607505671474264e+01
1.136605180434506757e+01
1.119920902651230499e+01
1.096590655571185557e+01
1.068696943735771043e+01
1.047273795819177167e+01
1.042429024111038061e+01
1.024015273626661227e+01
1.017482752722219708e+01
9.957798284038313241e+00
9.611138984219174120e+00
9.164718424280481557e+00
8.673732966867600425e+00
8.105407919498787805e+00
7.509008944570118693e+00
6.888040605019608797e+00
6.648078031849999014e+00
6.567751831649168537e+00
6.533276820502128324e+00
6.396777191637656124e+00
6.436552654892945036e+00
6.732475176054399491e+00
6.666000566623970336e+00
6.941493782423444614e+00
6.976354955629728849e+00
7.148979187349742581e+00
7.241048025801893218e+00
7.329845430840806308e+00
7.494468292363039907e+00
7.587850932173080487e+00
7.653865376274548993e+00
7.666673195566970023e+00
7.583997421181547516e+00
7.494847780474958476e+00
7.252940259557725255e+00
6.946496602368000595e+00
6.728339708782193007e+00
6.655014288293955360e+00
6.656751333020457295e+00
6.566508068635366513e+00
6.547460942775757076e+00
6.850395140125187687e+00
6.860807199579578075e+00
7.143862447446332808e+00
7.143927835580131891e+00
7.323413931604291882e+00
7.466010129689261809e+00
7.568163675059494722e+00
7.705619412997588569e+00
7.827934566855948795e+00
7.964304988938848417e+00
8.076656579151338278e+00
8.060692365170002205e+00
8.008673845630008614e+00
7.945894083880041592e+00
7.829677581650319240e+00
7.522587584960931828e+00
7.146000582905149834e+00
6.728769163995382385e+00
6.308815251803258306e+00
6.147791265302994468e+00
6.082381038054363920e+00
6.032260312877712138e+00
5.779506775462223800e+00
5.999661167971254372e+00
6.206271873100471126e+00
6.223689719764227135e+00
6.476148182797889952e+00
6.525978928246792599e+00
6.732452023591629420e+00
6.793091961855477479e+00
6.908435132799932710e+00
7.058210183947514871e+00
7.173299883903351493e+00
7.320236373243466765e+00
7.465549972010621538e+00
7.665162110053406863e+00
7.794059277166008215e+00
8.001583494789118234e+00
8.055400094765269969e+00
8.252781173236245493e+00
8.360214005273601146e+00
8.468775703148695655e+00
8.610450176001075206e+00
8.798476656446352351e+00
8.897208247309228213e+00
9.045638361020079898e+00
9.147651554590455092e+00
9.245951714849955039e+00
9.361514665869410834e+00
9.500608014760322462e+00
9.635873650833159942e+00
9.721067520326020173e+00
9.869000763047409919e+00
9.933413510938919444e+00
9.910449544604910344e+00
9.910960312349450518e+00
9.890088272473006370e+00
9.864171607582537860e+00
9.851771907506634562e+00
9.768038329249808527e+00
9.675683477678637345e+00
9.659713651742057650e+00
9.508936114094563408e+00
9.424396172629917245e+00
9.389293617576289108e+00
9.326430698207753167e+00
9.240544880366911684e+00
9.149186111731600235e+00
9.071024482985137638e+00
8.991912521143273551e+00
8.773535225511018609e+00
8.554869753542400090e+00
8.267043301422296153e+00
8.052823820236746144e+00
7.753400708716795542e+00
7.462858954344168794e+00
7.180938932978037315e+00
6.914118981208568826e+00
6.567686060161073591e+00
6.345331289827005783e+00
6.219238460795637913e+00
6.182097637549129665e+00
6.063264461254290083e+00
5.960678644888345090e+00
5.951663060984504483e+00
5.858745075929927104e+00
5.819471605570285533e+00
5.660720488612539292e+00
5.399552717312998240e+00
5.164589005980801950e+00
5.024598828361900082e+00
4.961506362704040107e+00
4.899030621281213804e+00
4.808280731224613191e+00
4.772980009062868234e+00
4.740470646548897271e+00
4.715878637330807699e+00
4.650496930408781537e+00
4.670212729222076753e+00
4.682890601687735632e+00
4.752992187868037455e+00
4.792177427413084168e+00
4.954729006167180927e+00
5.042669603981006610e+00
5.204512947303778780e+00
5.410357020332587474e+00
5.610955802458137853e+00
5.824558593523574856e+00
6.027216806914353242e+00
6.257523088934954458e+00
6.473332942230110909e+00
6.666649105027069311e+00
6.906696752490826263e+00
7.054693044926422907e+00
7.284162940642564088e+00
7.485795520763876887e+00
7.669856744337082866e+00
7.870135323106367764e+00
8.078620420182417661e+00
8.215658973715791902e+00
8.420052463209913185e+00
8.610833919452316465e+00
8.814144969234007476e+00
8.950988177642489774e+00
9.085194821188517622e+00
9.230823378519319888e+00
9.246143139787763587e+00
9.258308537707929275e+00
9.318020422956962534e+00
9.319714742972900368e+00
9.369810042944493489e+00
9.358431271693854470e+00
9.398120730248818333e+00
9.417704241943733123e+00
9.488807017183946257e+00
9.440987175587064684e+00
9.529930686853353095e+00
9.532361297649844190e+00
9.584458412278010542e+00
9.567924695538755131e+00
9.667385850162245831e+00
9.583555658652358034e+00
9.657875981862513726e+00
9.663947720980717193e+00
9.677638908679638163e+00
9.670801591639410333e+00
9.650414940060604962e+00
9.529286988873025166e+00
9.436759533213679774e+00
9.371751729434583567e+00
9.275266290717672391e+00
9.221727862900232608e+00
9.159031414525085069e+00
9.124553414274565455e+00
9.143987294216060491e+00
9.186782595227247938e+00
9.123242672988187252e+00
9.133422857664506012e+00
9.189858368414435930e+00
9.188314076472707370e+00
9.430432839315724181e+00
9.449080456247717308e+00
9.542772955820209901e+00
9.599331053875078013e+00
9.757026006551363650e+00
9.827066173920117720e+00
9.948330190690114705e+00
9.998296630938707352e+00
1.012375692626117285e+01
1.017384362342932747e+01
1.027901061417818873e+01
1.042408910919541931e+01
1.035637312898511553e+01
1.047370210955402037e+01
1.055675497943002661e+01
1.064470262439996340e+01
1.077004084557648866e+01
1.079371665301315808e+01
1.076918265803762687e+01
1.071790245542000442e+01
1.067245602767591706e+01
1.058541414187382301e+01
1.051851685745453935e+01
1.042987331130886552e+01
1.030026256521287209e+01
1.019017877016902673e+01
1.010037632129462359e+01
9.978738840510930075e+00
9.946431608685093906e+00
9.768435329385377841e+00
9.781997728826118177e+00
9.684429106197191217e+00
9.635643300147675561e+00
9.561050678579924522e+00
9.529076896756182080e+00
9.480359465520734830e+00
9.459641207246674455e+00
9.393543917223013295e+00
9.481146928689318187e+00
9.463757089204010597e+00
9.503374520752304377e+00
9.411088772481129183e+00
9.517423701867476993e+00
9.483653456232479684e+00
9.483757538634565165e+00
9.431640022079173846e+00
9.404486947198025248e+00
9.353786646022495432e+00
9.313221733942285141e+00
9.243879389108291988e+00
9.173220816625201834e+00
9.122622927316630381e+00
9.095032369975681874e+00
8.919450194552254629e+00
9.009370938013962160e+00
9.006467977628448196e+00
9.167728370909937752e+00
9.088475741991963730e+00
9.194587539624818007e+00
9.180190284466220874e+00
9.192280543800901427e+00
9.181162317864846045e+00
9.080860319748394360e+00
8.995432284607405293e+00
8.882362441156075761e+00
8.683161523713964769e+00
8.405947836851668242e+00
8.156865163223601556e+00
7.861434522752711374e+00
7.548881504609471271e+00
7.289788614266210942e+00
7.236684335832180182e+00
7.158267396848208008e+00
6.925272806860528263e+00
6.972990965021682364e+00
7.082477631023500031e+00
7.214178236286245216e+00
7.268099631662011006e+00
7.334818434273969956e+00
7.433850003570066534e+00
7.518455791081742667e+00
7.659136194997782532e+00
7.698329329072158167e+00
7.836236948852576489e+00
7.882960222044363086e+00
8.030147744481180183e+00
8.130041133411808119e+00
8.200388878704751860e+00
8.320048687030984880e+00
8.399868974924210363e+00
8.406143668468645913e+00
8.484707530539029818e+00
8.463906721556092805e+00
8.492998887498117710e+00
8.497590860502436172e+00
8.376641977754180957e+00
8.368029203607820321e+00
8.202607400576463093e+00
8.115965612705791088e+00
7.845506371636267851e+00
7.910674545793916934e+00
8.032104407652841616e+00
8.066578555179264143e+00
8.205922824203920385e+00
8.186665639820605023e+00
8.315653208345430869e+00
8.359959946064501324e+00
8.437786418297468671e+00
8.530484015852337620e+00
8.609810332343784012e+00
8.634293839510892354e+00
8.688837828602206770e+00
8.749899273945281664e+00
8.842434453568714048e+00
8.873862911222337502e+00
8.913806490393845650e+00
8.957887345943390756e+00
8.966348045297843683e+00
8.945550003343560874e+00
8.880049300389954325e+00
8.854995949180244352e+00
8.813373251704085476e+00
8.796960954167968083e+00
8.818448498692596615e+00
8.720885549134944625e+00
8.751753832834390678e+00
8.458541497450395852e+00
8.558808626850119339e+00
8.761216940260213804e+00
8.825089704409627700e+00
8.808756692184010362e+00
8.850072757014860514e+00
8.947778131173565797e+00
8.926092024248319490e+00
8.970877846273126011e+00
9.003888135397799530e+00
9.131003343861294752e+00
8.576523441590662600e+00
8.718186261877811205e+00
8.595669728822517897e+00
8.474992616944252433e+00
8.358476430104158084e+00
8.222165535312933926e+00
8.112348503492585294e+00
8.005302043784322308e+00
7.993250483756694891e+00
7.999481939779181872e+00
8.018508273721712598e+00
7.974057537486527458e+00
7.899763957054280361e+00
7.907748701017324855e+00
7.816232263267767877e+00
7.673311949010519051e+00
7.595667584168823261e+00
7.524268613692514762e+00
7.446290238487032198e+00
7.350818990810489062e+00
7.257636250260515176e+00
7.162929198401444708e+00
7.054994576887152036e+00
6.939881364230704008e+00
6.861708620831007188e+00
6.691306877066169001e+00
6.677000376752658006e+00
6.723020783793603350e+00
6.826836001700846701e+00
6.843692735299598873e+00
6.807382999581076177e+00
6.825370363998455758e+00
6.823379960143229006e+00
6.847351460723229977e+00
6.825831114461903937e+00
6.828535673337754908e+00
6.835163140807679838e+00
6.810290167237935677e+00
6.861944408317366850e+00
6.870570609900679138e+00
6.885893004810830220e+00
6.888531658409968728e+00
6.878701599574139181e+00
6.890677714958249211e+00
6.740496811975271285e+00
6.871814510232561624e+00
7.005851428281693494e+00
7.146201003637418836e+00
7.217997364619006539e+00
7.264412678675906676e+00
7.304051935287355413e+00
7.357771829827739474e+00
7.408183182810363476e+00
7.472441461277372632e+00
7.520363786534003836e+00
7.628169644952952133e+00
7.683885696024434608e+00
7.764555835458698319e+00
7.802476788100030980e+00
7.869016150703170176e+00
7.875013917483609127e+00
7.913535042747574799e+00
7.794114662703260699e+00
7.712612705726620277e+00
7.617673691201736652e+00
7.489238566252129026e+00
7.379926444806100605e+00
7.179422929245382612e+00
6.977116017004735049e+00
6.896668227454213707e+00
6.800018553852830827e+00
6.604889665209817906e+00
6.406448819577271969e+00
6.210807501931111752e+00
6.171940768476116723e+00
6.118177941405085640e+00
5.988197457218078057e+00
5.755196057303748169e+00
5.526755510733839749e+00
5.408856430304650686e+00
5.275960506233998260e+00
5.021966833557701904e+00
4.724605486343646632e+00
4.433861852828579586e+00
4.248037627643715730e+00
4.137802668642324377e+00
3.953985561869521881e+00
3.777190905188484660e+00
3.675209269380665056e+00
3.629793356915381963e+00
3.551922505673204888e+00
3.483492817559992627e+00
3.423015902093664575e+00
3.361009268472855638e+00
3.314822564420800255e+00
3.305778672380946137e+00
3.340575341733881043e+00
3.362850450524763612e+00
3.411925906216644044e+00
3.451914457673594061e+00
3.490966773869405237e+00
3.572304497939843060e+00
3.564920331274915366e+00
3.660644400207161642e+00
3.681229600880441044e+00
3.795192628710091221e+00
3.862663857352534702e+00
3.958627977565892131e+00
4.084539173431575243e+00
4.197585160327844456e+00
4.337539722354810223e+00
4.507306749327797846e+00
4.724556345588534434e+00
4.866754366547128896e+00
5.134949660358279822e+00
5.321064886118319848e+00
5.450503193250884948e+00
5.650260932947702486e+00
5.912161132405081787e+00
6.217417852574664394e+00
6.399648737936391107e+00
6.621984251908925145e+00
6.782415942582812995e+00
7.010760260451924353e+00
7.210297869498558221e+00
7.406150109286516958e+00
7.599819832654958418e+00
7.755936939861713952e+00
7.942369224082625578e+00
8.145147803569924960e+00
8.310501617755907233e+00
8.532448702278935926e+00
8.667562022935921817e+00
8.833856585258732963e+00
8.946227271180100971e+00
9.092989612417245127e+00
9.238955870179932361e+00
9.269581224795448549e+00
9.340496244519643554e+00
9.291457752515267288e+00
9.226465241207995049e+00
9.185105469715862725e+00
9.047166684835538319e+00
8.824940128217974689e+00
8.570488384739270771e+00
8.316883550422105031e+00
8.091842644495130799e+00
7.911544230254820675e+00
7.637669406733814448e+00
7.525821501400051794e+00
7.433450191355162495e+00
7.338009686230493323e+00
7.348385529092761992e+00
7.150803727772255591e+00
7.341548235106783338e+00
7.359818109087367333e+00
7.512513093915735851e+00
7.533405420919961237e+00
7.514534527110076745e+00
7.618191702956947253e+00
7.657087274027471580e+00
7.749296135753105830e+00
7.805285056206884065e+00
7.872140220382859432e+00
7.963121238482734121e+00
8.043533701193821273e+00
8.125178035751668304e+00
8.219188276708560892e+00
8.081815342541643687e+00
8.316509296261410000e+00
8.209874460601739088e+00
8.353039724826595958e+00
8.112662528060633704e+00
8.081351668861689319e+00
7.890068488401775326e+00
7.501634318420015823e+00
7.142085853929088124e+00
6.706654983005142512e+00
6.822864803676072398e+00
6.600601668859914284e+00
6.714182276218535250e+00
6.663696511270363665e+00
6.684584909748322090e+00
6.676128570041085730e+00
6.679490917821228280e+00
6.594463778001443011e+00
6.647263793103803664e+00
6.645992458800723313e+00
6.655860919747778048e+00
6.634238658262575861e+00
6.542843979006450539e+00
6.507628900175959075e+00
6.544867436283229090e+00
6.582941408228104585e+00
6.657479772968295073e+00
6.773176401009837200e+00
6.789740016038323667e+00
6.938095410993668111e+00
6.990668797105804799e+00
7.150083359378217374e+00
7.268823851410092907e+00
7.360804211735916702e+00
7.506482634009126187e+00
7.527624056899020033e+00
7.565218581892988681e+00
7.456352659996208665e+00
7.289077072823861414e+00
6.960789471831229314e+00
6.852275916661917599e+00
6.845597595647028299e+00
6.774990310230772472e+00
6.778136818385259943e+00
6.958334081873044141e+00
7.002766046592223681e+00
7.147723602324223435e+00
7.238364701515698663e+00
7.445711186243977764e+00
7.559265321358372702e+00
7.753933852478848365e+00
7.907103943832241022e+00
8.063041703631450119e+00
8.193962575348720634e+00
8.453697988541373221e+00
8.499719754107857739e+00
8.788301219055924207e+00
8.900017675132849249e+00
9.084727876459362861e+00
9.260103200445923832e+00
9.413913522854830518e+00
9.578006466542994701e+00
9.719148891847048333e+00
9.829390691683416392e+00
9.932248084709652147e+00
9.978190515980459807e+00
1.001494096208687878e+01
9.938143112454058681e+00
9.898254810665065406e+00
9.864953347395958971e+00
9.846300571566683146e+00
9.855105299787446427e+00
9.846261225019416585e+00
9.842835073364961218e+00
9.889197097272981907e+00
9.892953328767703169e+00
9.914743512172535134e+00
9.957913119234474308e+00
1.001723041767363576e+01
1.006622507573198533e+01
1.007261987169092698e+01
1.010678404960208709e+01
1.016513407538511160e+01
1.016776069226555279e+01
1.017111833027849599e+01
1.012623458744664973e+01
1.007452032521295671e+01
1.007401627836300051e+01
1.005867940974841090e+01
1.003152823586356490e+01
9.991080286247223441e+00
9.980264402884861497e+00
9.958473331626992220e+00
9.920858098948137638e+00
9.895616012268726891e+00
9.801596349397719621e+00
9.781431308005842595e+00
9.702997714917595218e+00
9.661434517312224912e+00
9.595273540346500596e+00
9.470376428176924932e+00
9.200630174535911365e+00
8.904248142360716045e+00
8.571556197018642465e+00
8.279157670206963360e+00
7.871823767805372185e+00
7.458631455282525913e+00
7.030103964188266552e+00
6.769198288418905918e+00
6.736476140929851475e+00
6.698352852803547641e+00
6.687472239555875220e+00
6.481107847063292127e+00
6.700997168183182140e+00
6.864375335208726447e+00
6.961075554202464488e+00
7.119926476408073412e+00
7.185715910644637106e+00
7.373384341319593638e+00
7.479949104281152117e+00
7.610654863044456597e+00
7.719748797090544734e+00
7.861529653032013343e+00
7.999454854935598824e+00
8.118466303410599494e+00
8.251970448161710436e+00
8.414411472736253117e+00
8.573236379721720368e+00
8.735803691808563087e+00
8.856502775633801505e+00
9.041724403148471367e+00
9.180048227200428457e+00
9.331154692478294876e+00
9.460616653438462365e+00
9.708593692637496275e+00
9.572481222286613800e+00
9.845454802967193331e+00
9.974461848664569530e+00
1.012837499368493965e+01
1.016003771367151032e+01
1.011761433819104283e+01
1.015618212820610289e+01
1.008876890133790027e+01
1.007042777934929312e+01
1.004619724026867367e+01
1.004369453714535609e+01
1.003858774652527153e+01
1.005607379013775571e+01
1.002379578286132578e+01
1.006509751099912187e+01
1.006065268007995606e+01
1.011000975622410536e+01
1.011198161417720875e+01
1.017612837603669007e+01
1.010633753721872807e+01
1.013862806003441897e+01
1.015493272900139488e+01
1.013534700628033214e+01
1.013944488974134472e+01
1.021247241036481412e+01
1.015618625908631678e+01
1.015597302443912398e+01
1.016903234859842442e+01
1.021127672282880994e+01
1.018399815986560064e+01
1.025874834833562765e+01
1.036559482981912517e+01
1.029461530794311486e+01
1.032949223601357858e+01
1.029174369501126485e+01
1.032295599015778365e+01
1.032540978978165214e+01
1.024645250338267033e+01
1.018570565088785074e+01
1.015061396559180018e+01
1.007140643918923573e+01
9.992601794084576383e+00
9.853474981208018235e+00
9.708752115642365510e+00
9.531686269220600138e+00
9.400054419514617621e+00
9.329504279589283300e+00
9.202584663777644280e+00
9.086987141679072622e+00
9.021777189396571472e+00
8.976616024810754269e+00
8.891822663886493672e+00
8.810947044980677489e+00
8.722736421890330050e+00
8.661962099815088578e+00
8.592408593611311929e+00
8.527664207140148278e+00
8.369969104411403293e+00
8.157980363630800369e+00
7.536528371887086131e+00
7.236438681173427589e+00
7.013117181349532103e+00
6.942549987685215918e+00
6.765021832445539118e+00
6.668464740700856375e+00
6.599835710331131367e+00
6.531217342474139542e+00
6.375576003462182229e+00
6.639048071423045094e+00
6.530818765354553967e+00
6.694225402638639189e+00
6.751292603504071899e+00
6.894900388694756188e+00
7.038483787587654916e+00
7.233045771306268357e+00
7.402513071107414966e+00
7.545478701542204014e+00
7.748667258269913205e+00
7.902700935442264374e+00
8.104769805447439524e+00
8.305097182136998768e+00
8.528191949345970357e+00
8.710761268354110243e+00
8.880272607959442510e+00
9.076300414630791735e+00
9.177380908127675596e+00
9.364548063309488413e+00
9.526131204743924386e+00
9.717641274420198982e+00
9.889165541135964688e+00
1.000700685582489058e+01
1.013898538557049989e+01
1.028396673797387351e+01
1.040944900359846415e+01
1.052130845199784837e+01
1.069276204037596933e+01
1.078679817958959397e+01
1.083912284815215443e+01
1.085982003093263870e+01
1.083099850727429647e+01
1.074292147494776373e+01
1.068315498171282663e+01
1.059759481364048206e+01
1.051098490525265561e+01
1.045721440230179944e+01
1.043415291540961221e+01
1.042747844728629225e+01
1.037274117441520715e+01
1.031361698255073556e+01
1.024119987741570981e+01
1.016704902220748963e+01
1.007653402167020573e+01
9.973929135625088094e+00
9.762691476042752114e+00
9.409128986838000586e+00
9.102846744964336878e+00
8.819787866738540316e+00
8.317034703735984635e+00
7.987519613215473768e+00
7.734442931949441657e+00
7.634026019351571435e+00
7.535383937886394712e+00
7.449244648699271387e+00
7.543545688188412868e+00
7.400614440399911231e+00
7.453713178088691826e+00
7.420441451040943548e+00
7.457024145139893534e+00
7.555987268703406201e+00
7.543896716637119582e+00
7.640913615172062023e+00
7.724463572218556173e+00
7.786961710866675546e+00
7.813718928957453791e+00
7.893932470100009979e+00
7.914890129657725204e+00
7.960029776672292279e+00
7.974197867606024559e+00
7.960669696504048432e+00
7.967851632320030575e+00
7.957079321368255798e+00
7.925443206371485694e+00
7.879223516138142536e+00
7.819101085525987038e+00
7.852258193965813149e+00
7.868972734779234202e+00
7.714109292641150972e+00
7.833806934242226738e+00
7.967199830421604290e+00
8.104105697296207111e+00
8.270450366993731706e+00
8.269187441198166511e+00
8.442125908128012668e+00
8.540215837351421868e+00
8.643944856847264546e+00
8.792636944668569043e+00
8.907765467693460337e+00
9.034895389369035357e+00
9.167970727101158346e+00
9.284651840044006121e+00
9.443608696716058404e+00
9.496883714576004110e+00
9.652226477787692716e+00
9.730153912028862706e+00
9.880166432485339101e+00
9.964562199551055599e+00
1.007095058515796282e+01
1.015715401585400812e+01
1.029722205410760871e+01
1.034962987687162617e+01
1.038871140727604825e+01
1.045174444663020630e+01
1.062225298292132258e+01
1.050110151308726358e+01
1.056303185895275298e+01
1.064156305033631966e+01
1.073060402180978556e+01
1.075490361891818125e+01
1.079630839294807032e+01
1.081523799469322888e+01
1.084717065426658600e+01
1.081273919712412557e+01
1.078542174430975109e+01
1.067315245366443577e+01
1.052917955022585872e+01
1.022573236283267839e+01
9.852830139402410481e+00
9.501195361349346058e+00
9.009554383653071596e+00
8.670124340597935131e+00
8.330474629656185570e+00
8.008754894086299814e+00
7.712442614025278864e+00
7.424342108023775033e+00
7.272372850649081677e+00
7.164892363855723367e+00
7.158273146466827441e+00
7.071687035242852026e+00
6.937742803591651075e+00
6.848558124341368014e+00
7.038724896854274604e+00
7.084653535621919573e+00
7.251778542854117937e+00
7.222077238458658677e+00
7.374985400491928189e+00
7.337272105084717388e+00
7.401745316042283029e+00
7.328193534181248303e+00
7.531692185412334872e+00
7.339351939529908719e+00
7.502299051607118408e+00
7.474153915157568662e+00
7.587266368774165493e+00
7.426896465753412890e+00
7.574173141891996863e+00
7.631244207259496370e+00
7.775602443985873080e+00
7.763172888223264678e+00
7.882567360787909649e+00
8.012818847722028792e+00
8.120973403495373333e+00
8.241559131784782721e+00
8.354083983609585928e+00
8.461620835104307403e+00
8.584931392829311392e+00
8.650908644681003068e+00
8.745811185165901946e+00
8.861752091507757001e+00
8.937115266978443273e+00
9.025563563294332070e+00
9.080992955477695361e+00
9.170438922870637555e+00
9.257655560511816262e+00
9.415690647518429657e+00
9.341118981209421079e+00
9.509671537189314350e+00
9.574641182901238778e+00
9.646811174442131431e+00
9.744134039409260595e+00
9.799109416842220810e+00
9.925640343097061447e+00
1.003008051153375391e+01
1.005560641441890368e+01
1.005224505596962814e+01
1.008803092009452662e+01
1.010353315420900167e+01
1.006555538351781998e+01
9.992927316782891367e+00
9.944155809072089625e+00
9.880782961960203892e+00
9.817536864216473091e+00
9.771568454772184609e+00
9.693960605823843224e+00
9.637062999599843138e+00
9.582383915210707315e+00
9.545465537885064577e+00
9.514968643363735268e+00
9.514794391257344941e+00
9.475628730094854291e+00
9.519211610592092754e+00
9.529294255644030542e+00
9.557369286194433045e+00
9.595767373257061195e+00
9.632461426491099488e+00
9.707791502137903095e+00
9.759550377195603588e+00
9.888156323792344438e+00
9.853958100615958671e+00
9.963596272183595559e+00
1.005987630601632965e+01
1.008575987996935552e+01
1.021120128389219062e+01
1.025953681874513101e+01
1.032279066263989264e+01
1.040465746660037283e+01
1.043514958580767349e+01
1.054500670266780205e+01
1.062445246554390899e+01
1.070576423379932152e+01
1.073255306719867264e+01
1.086003540913356247e+01
1.091229402614677468e+01
1.107982446545796940e+01
1.101202882629804769e+01
1.117625269641844632e+01
1.123949305582766378e+01
1.119905944458504088e+01
1.112368731080382744e+01
1.102859354614222731e+01
1.095181728059895221e+01
1.088252439944540662e+01
1.080895903368632283e+01
1.071685303018188051e+01
1.064246374937622797e+01
1.059075613553993200e+01
1.049295173866744335e+01
1.040437916490535919e+01
1.034805917892900240e+01
1.026053467431486155e+01
1.017753054967166015e+01
1.011344914389949778e+01
1.002482153223674644e+01
9.976214065217464011e+00
9.819979475364856825e+00
9.805548929997071284e+00
9.739497038482083369e+00
9.642407525892611631e+00
9.566954165338994898e+00
9.493795006428754846e+00
9.409577125651384932e+00
9.303898104219170406e+00
9.124826234639348499e+00
8.835062234746224874e+00
8.583843093770889610e+00
8.333666631424971882e+00
7.995002758574460522e+00
7.577738073009069097e+00
7.168223815739292348e+00
6.706628933118642166e+00
6.178306318727494251e+00
5.865419285419165796e+00
5.496263025087895215e+00
5.429255486886916948e+00
5.493630979278770532e+00
5.345938460179025853e+00
5.382711445008181883e+00
5.319495861216463339e+00
5.273184468079179510e+00
5.274056567372967130e+00
5.220451647555259811e+00
5.222741609949590469e+00
5.164269512081880009e+00
5.169197614291995535e+00
5.042611704713272580e+00
5.024554344598347377e+00
4.955320573373033000e+00
4.844210816939041209e+00
4.775853511782381489e+00
4.680667349214616024e+00
4.601642492503001947e+00
4.596023332782301019e+00
4.589454951211282108e+00
4.644730572054857731e+00
4.720247775476758889e+00
4.858164262234518027e+00
4.951825838785316236e+00
5.084805312243224407e+00
5.247877354587610732e+00
5.341223390342437760e+00
5.331518614282518165e+00
5.573325535179378676e+00
5.876859334212984010e+00
6.089439440785924695e+00
6.320411160055363631e+00
6.429586659653983460e+00
6.664832073300707371e+00
6.803122251479743809e+00
6.999150825858368563e+00
7.205254206234345205e+00
7.376959411870950056e+00
7.573898830607693533e+00
7.757099084364898367e+00
8.032582828555417720e+00
7.996429854064646570e+00
8.352607717608265148e+00
8.438262174253035042e+00
8.661988144060938311e+00
8.793077709957559662e+00
9.006663886417095810e+00
9.138511132640125822e+00
9.319411149959238472e+00
9.455558765030927404e+00
9.648087073797443125e+00
9.797462168815931349e+00
9.913184385107928875e+00
1.007424512647061121e+01
9.995132315380089949e+00
9.903291175009352187e+00
9.879345542842163042e+00
9.851690901424488445e+00
9.861571070651136139e+00
9.856592210120023623e+00
9.897401942637298333e+00
9.929223628358625930e+00
9.987863420245879809e+00
1.009508524066384005e+01
1.016483583419709014e+01
1.022712720503314898e+01
1.032309512130760254e+01
1.037533504505111459e+01
1.048198303187871794e+01
1.052149641598653496e+01
1.062135348471500684e+01
1.067651996949825843e+01
1.075410175814346481e+01
1.087991942544518054e+01
1.083948231791513450e+01
1.100475786782421750e+01
1.104855131103440335e+01
1.117209288583513782e+01
1.112910751209435212e+01
1.128141792102120178e+01
1.132937219368103499e+01
1.141916830858909648e+01
1.145341863549460548e+01
1.153025683532887413e+01
1.161373592229896090e+01
1.167499015455620714e+01
1.159506318238931755e+01
1.155462867717555220e+01
1.144615167180365312e+01
1.137084275126898625e+01
1.128387857741642719e+01
1.109535729825759454e+01
1.089439907952670872e+01
1.068857027170626672e+01
1.042013518711230446e+01
1.024136680514121522e+01
9.925386669899646463e+00
9.582007689394833605e+00
9.297816140487332959e+00
9.154505325441380847e+00
8.966470562367684138e+00
8.748870147371913930e+00
8.475842398151863577e+00
8.390284003837011895e+00
8.337918429722765978e+00
8.231269455643516864e+00
8.217467482928503486e+00
7.993223037462165337e+00
7.858934957650207664e+00
7.577191064272303933e+00
7.301132156897931047e+00
6.976558862712519016e+00
6.765314850690218762e+00
6.678483975181375598e+00
6.574134118888922629e+00
6.479962391087214613e+00
6.394894592729521321e+00
6.272585880312768758e+00
6.220553119366443617e+00
6.152120822812141121e+00
6.130653606292531421e+00
6.111108122749098648e+00
6.218833448449626822e+00
6.011306697902614182e+00
6.117537455130054980e+00
6.137462639945630016e+00
6.286424525573833577e+00
6.370959625760646894e+00
6.517339742339003372e+00
6.550500073983410054e+00
6.696209204341259102e+00
6.880643983135297681e+00
6.927259852109817651e+00
7.135728075064981191e+00
7.204259548126210611e+00
7.324576675703459827e+00
7.441186301438551531e+00
7.547082659256002302e+00
7.657282860029168248e+00
7.767019774501615181e+00
7.840836948615228508e+00
7.802629247450477479e+00
7.718947298400951063e+00
7.653771241766829547e+00
7.599312330117141023e+00
7.471721366078446280e+00
7.311199474707706258e+00
7.117951098060999016e+00
6.843880956487836009e+00
6.590174561818986199e+00
6.285765471778232083e+00
6.022470701643463542e+00
5.716188886174514927e+00
5.453084973981063399e+00
5.178463764385941914e+00
4.959101366450785697e+00
4.716490695310833203e+00
4.600966491555237070e+00
4.563220868962673649e+00
4.427558143559032544e+00
4.404189359438875684e+00
4.391903813804927559e+00
4.351000162612871591e+00
4.422874152159489647e+00
4.448770808659405773e+00
4.604584478054558616e+00
4.687734667758828522e+00
4.824056009906739106e+00
5.011618259100011130e+00
5.186196561924596438e+00
5.321364421533562705e+00
5.463128701869748305e+00
5.617463668374632846e+00
5.759275568241268850e+00
5.943861761157256396e+00
6.119864312047071486e+00
6.299809719077114067e+00
6.467092590150484099e+00
6.612032430291188589e+00
6.769609071359124819e+00
6.791218251433368991e+00
6.912856570317822857e+00
7.117527866273020365e+00
7.273978129447985275e+00
7.450275583193624485e+00
7.514277384461640175e+00
7.633555416338259292e+00
7.635663156968729659e+00
7.602253801731204241e+00
7.556457863418954979e+00
7.509834304798841842e+00
7.480428304468693668e+00
7.429505151375755290e+00
7.362870584528478979e+00
7.355736754628509289e+00
7.319553155844631398e+00
7.214403602106400193e+00
7.216239917442131002e+00
7.082222170224378388e+00
6.962091085017285685e+00
7.128750358375903318e+00
7.012418696410801289e+00
7.124126527991654356e+00
7.106089365956337112e+00
7.325757380043804723e+00
7.316710858035664344e+00
7.455538185669499995e+00
7.603311714558744328e+00
7.714218602542430858e+00
7.842894984282120063e+00
7.974689597975118005e+00
8.069815728126375376e+00
8.248006272432871100e+00
8.228058504763531289e+00
8.484412521262438389e+00
8.532926134395840023e+00
8.597751769106606545e+00
8.725742164969897630e+00
8.828724964356753802e+00
8.861701434667619282e+00
9.050861744865725811e+00
9.118043039342776268e+00
9.254024941655915271e+00
9.251634515624241217e+00
9.268900735007445491e+00
9.330911079526154950e+00
9.359666675584074724e+00
9.416729909579885316e+00
9.416382299115436894e+00
9.392400446004776526e+00
9.330013844132363232e+00
9.220084718878453600e+00
9.119448469054313833e+00
9.023921537479663968e+00
8.939660822495847370e+00
8.852253430255268896e+00
8.808232200867989192e+00
8.786476759217359600e+00
8.690573501910206389e+00
8.633060985683073341e+00
8.577839235296091047e+00
8.549021126765477874e+00
8.795623983658931166e+00
8.288270991074732308e+00
8.626642783735452014e+00
8.513784931026021852e+00
8.533458247668029628e+00
8.529382320807284756e+00
8.489588551276249007e+00
8.473491401917092603e+00
8.441977276348866965e+00
8.431320461791706578e+00
8.402852469004345792e+00
8.359026117201524997e+00
8.304862818316813389e+00
8.224114039989704139e+00
8.129248031648474537e+00
8.031703398201880617e+00
7.891102776611815806e+00
7.812605390967419794e+00
7.712291197187624903e+00
7.592788899393145385e+00
7.476867381643721444e+00
7.372202018125517675e+00
7.221202763749783315e+00
7.143299322957212816e+00
7.055084811519190424e+00
6.999678271023044296e+00
6.944416026160776134e+00
6.958093259474533276e+00
6.928572822216941596e+00
6.910654175631045781e+00
6.922070612176235649e+00
6.900614483958853462e+00
6.827718208246071896e+00
6.770810209714237082e+00
6.671049142633003193e+00
6.612277242947383726e+00
6.468512184142238830e+00
6.179131834864065809e+00
5.894232319131360143e+00
5.567133137185313885e+00
5.315731404947413807e+00
4.996849558249887302e+00
4.676294163968631068e+00
4.269287113827446412e+00
3.942841361448321980e+00
3.846922326761144539e+00
3.777791205223741233e+00
3.681776293405011558e+00
3.528807050951049629e+00
3.386649424600348013e+00
3.395077732022009798e+00
3.266989735460929634e+00
3.212992011782817681e+00
3.027778392372892480e+00
2.809646436437549966e+00
2.618229945989273055e+00
2.172959321333600702e+00
1.794128250790661072e+00
1.393811323767867538e+00
1.017671451566862117e+00
7.502087664133446632e-01
5.089362264033833183e-01
2.515551533662376826e-01
3.234990217625032666e-02
4.888292154283836385e-03
1.752371087628281504e-02
4.235979946254887774e-02
3.951019364995037725e-02
2.789763118500886846e-02
1.434365723095947648e-02
3.206697385190997261e-03
2.519897998638307031e-04
2.559890864179736663e-04
2.519874587903437810e-04
2.559884106899862127e-04
2.559892150912619992e-04
2.559883221546443944e-04
2.519872903215038284e-04
2.559890876527842057e-04
2.519897046796790185e-04
2.559881483451992594e-04
2.519871161667498966e-04
2.559880616301436046e-04
2.559888685660897814e-04
2.519894938229866690e-04
2.559879287722463407e-04
1.610725893715196991e-02
7.822072567417052980e-02
1.496760551402380179e-01
2.650736714013692263e-01
4.052002441245707853e-01
5.589841852163313085e-01
7.306389944402420511e-01
9.128276408802524777e-01
1.078970890097133095e+00
1.272769509148038436e+00
1.427125546872376471e+00
1.615597068084864363e+00
1.775117799485731451e+00
1.948205371864930813e+00
2.084776593655337074e+00
2.222542136516984623e+00
2.360055741028753040e+00
2.494781499452646489e+00
2.639598103476665791e+00
2.789408779693608675e+00
2.921473029303383484e+00
3.085770192402163659e+00
3.228075927173491788e+00
3.399379687663116822e+00
3.525101374431015344e+00
3.633220593645216212e+00
3.752942817432011413e+00
3.893986689018756220e+00
4.140576825474719946e+00
4.420515990446803656e+00
4.631761520189064285e+00
4.788765468611724252e+00
5.011795710032849627e+00
5.127237959036187398e+00
5.326968625959906944e+00
5.490736513482316283e+00
5.684930770955199719e+00
5.821287121716415491e+00
5.974533804612360832e+00
6.159003028600724683e+00
6.319052652838397677e+00
6.473917708705170249e+00
6.624657057313499742e+00
6.836604239902519531e+00
6.959387315744937297e+00
7.112648907103545248e+00
7.159474554112756906e+00
7.270528379661945984e+00
7.330646416115880193e+00
7.249526630556014872e+00
7.278292301009402721e+00
7.341966299987752187e+00
7.310599301814168172e+00
7.347634811391505316e+00
7.366217514098629238e+00
7.451585289483842800e+00
7.471668417730709777e+00
7.497937858645514986e+00
7.583846923246591487e+00
7.636065219943835913e+00
7.661130632452771927e+00
7.702374269418162278e+00
7.722383723809876699e+00
7.775470899292281857e+00
7.797512585522915707e+00
7.902771904991126917e+00
7.918910927585489645e+00
7.954250436210377195e+00
8.020670838995691554e+00
8.042940995916971758e+00
8.094384078163429308e+00
8.200374776095481266e+00
8.159713038725357137e+00
8.297651753507333083e+00
8.317355917115087038e+00
8.367607670515370799e+00
8.416511030810555738e+00
8.477695160995756041e+00
8.520505973779844311e+00
8.598055005314892085e+00
8.681723970683835390e+00
8.673932888646763928e+00
8.695932282086509701e+00
8.763443151375163609e+00
8.868035658819213296e+00
8.965420627913204044e+00
8.995587208237381560e+00
8.958813710152407239e+00
8.860415404216622548e+00
8.731140808411872456e+00
8.624817299680348270e+00
8.489664249025297593e+00
8.346277789552640769e+00
8.187851457433522384e+00
8.082378704068981179e+00
7.891452258280345688e+00
7.798734340543164834e+00
7.660960850637205333e+00
7.539288129513359138e+00
7.446027529466703321e+00
7.379913502173089945e+00
7.159734172015414622e+00
7.093087418419957046e+00
6.988974348660933700e+00
6.890937087298618202e+00
6.762403358580307611e+00
6.542776970452471197e+00
6.233966907741848473e+00
5.928786203016271017e+00
5.737439856171809183e+00
5.622800985347415015e+00
5.495405661702886135e+00
5.343399801201987209e+00
5.040152621216680728e+00
5.121277279803997828e+00
4.942402918224235719e+00
4.795267989292878674e+00
4.740241401342595751e+00
4.563961608152607319e+00
4.473531233288191800e+00
4.354425581110335841e+00
4.240445567673622129e+00
4.170823690280817786e+00
4.020178198376733292e+00
3.937806737144082803e+00
3.879253750595045513e+00
3.853493968591146679e+00
3.867936105229450749e+00
3.869733045822261186e+00
3.926192033751524590e+00
4.004971874703339374e+00
4.102458623524082526e+00
4.189303905645251902e+00
4.274472560671206622e+00
4.385056784651744977e+00
4.453038461357821554e+00
4.538159585787697736e+00
4.621487066054053905e+00
4.691897237508074525e+00
4.793978576171500805e+00
4.885999234301767302e+00
4.962745601280832197e+00
5.066388980588974356e+00
5.163092733384044841e+00
5.230199678123741869e+00
5.340092594874305654e+00
5.422474489025818301e+00
5.490288742458240279e+00
5.646882482363337452e+00
5.768896172163302083e+00
5.893301292770570576e+00
6.083640474251813757e+00
6.082806817880136663e+00
6.181087262842892116e+00
6.176696958523176129e+00
6.174217535035823268e+00
6.142316915782462416e+00
6.090508415483963489e+00
6.108049323417558796e+00
5.933207952252116613e+00
5.740715933965466533e+00
5.485102136509546256e+00
5.223929451683281933e+00
5.263879311747115430e+00
5.367154023109195649e+00
4.897876933706884373e+00
4.950438732651482709e+00
5.217467788753370250e+00
4.954084254468878790e+00
5.060653820226998612e+00
5.001417729793828038e+00
4.923291075494899083e+00
4.896851971690924010e+00
4.749534633849976650e+00
4.503848592216597169e+00
4.311584044634656721e+00
4.254409515680430687e+00
4.303311095678377995e+00
4.127041918231212136e+00
4.165511008744649857e+00
4.069056309438795260e+00
3.974706985369193202e+00
4.177852008268354567e+00
4.256319575994704785e+00
4.418605053000497662e+00
4.449222193208870024e+00
4.589311262260069135e+00
4.629431182251787291e+00
4.731880476765331522e+00
4.832551660009399619e+00
4.908253916826803120e+00
4.983261920220970254e+00
5.064531702789899725e+00
5.026342504656557075e+00
5.000064354670358924e+00
4.934122638681494699e+00
4.885280168443137505e+00
4.845604824635161734e+00
4.796973756753443396e+00
4.757687200606353528e+00
4.733620198927681599e+00
4.679778201409102500e+00
4.676413499518527139e+00
4.622463649421077569e+00
4.591917303657278460e+00
4.461305602376574697e+00
4.529185147869714712e+00
4.690667005631328657e+00
4.835175857925325893e+00
4.791878398511744130e+00
4.981443838858973905e+00
4.985316137063176001e+00
5.097009053651181176e+00
5.204632786656851806e+00
5.244233595342432608e+00
5.338090842385505574e+00
5.371778224936022639e+00
5.478680610606717849e+00
5.529416304036216978e+00
5.589882630217461568e+00
5.630570478003305901e+00
5.598417607384287287e+00
5.623926039707741076e+00
5.601936365462934830e+00
5.610670058378752323e+00
5.612278327617999274e+00
5.609895128870880932e+00
5.642516400967474866e+00
5.675479123492121580e+00
5.731472622867677558e+00
5.745692029574918536e+00
5.812995534367982664e+00
5.862199135719093235e+00
5.872221272767176536e+00
5.833337981906709935e+00
5.795455927465193113e+00
5.752328259865224780e+00
5.704784479970223643e+00
5.651985047306349763e+00
5.543671386240777821e+00
5.465631757549180847e+00
5.344289404794317910e+00
5.270603658235864408e+00
5.128258334181307276e+00
4.921301643836149431e+00
4.667356700038773454e+00
4.461633145790779409e+00
4.410264812624575370e+00
4.345089234020162117e+00
4.286350037342889330e+00
4.208822196163936269e+00
4.116530608959348747e+00
4.008049836957059853e+00
3.853976249106522811e+00
3.657321495199191030e+00
3.451248362049377238e+00
3.245058922282864966e+00
3.192317536823075397e+00
3.267284784502463069e+00
3.035287380797095480e+00
3.110252777020513282e+00
3.100855248339397185e+00
3.055858337778115441e+00
2.947094222438926714e+00
2.907208472735401283e+00
2.834245175666629812e+00
2.834598334288539245e+00
2.796450138205524016e+00
2.745205319559837598e+00
2.756379018269853542e+00
2.737423982853102622e+00
2.703863605364545286e+00
2.673195797127701390e+00
2.618040632577898652e+00
2.564442436929441627e+00
2.514078326603689018e+00
2.485920734555881584e+00
2.455652011584066763e+00
2.490269632904884123e+00
2.511852016433066215e+00
2.563668477802091950e+00
2.613014120556560904e+00
2.633871246972033564e+00
2.717440833862386107e+00
2.784047891526299168e+00
2.885210293537876947e+00
2.984456727225578199e+00
3.091783309081504338e+00
3.217928655598032872e+00
3.351781621317534654e+00
3.519656577059760760e+00
3.655191206937376869e+00
3.830418246274980287e+00
4.048000454979937324e+00
4.170373779947738946e+00
4.402189339557776471e+00
4.624726280804818401e+00
4.896238485650861172e+00
5.097024671956387643e+00
5.298753018726192643e+00
5.567226011170181899e+00
5.785245239619881019e+00
5.959515227696604356e+00
6.191106676892029093e+00
6.425719306709327228e+00
6.621855928480211873e+00
6.845578627045039610e+00
6.988757158127311797e+00
7.174519222745223246e+00
7.248599846228339416e+00
7.235535315915756271e+00
7.230300230384054672e+00
7.145362313506481655e+00
7.147938759292071786e+00
7.126218250657489151e+00
6.937039645105773644e+00
6.946490334814898304e+00
7.098656050027950748e+00
7.231426421497377355e+00
7.369026239713368120e+00
7.386677032989208413e+00
7.507630876029893763e+00
7.635741749686803637e+00
7.739594050069050546e+00
7.843804672906024678e+00
7.952599117758960112e+00
8.005227903378814958e+00
8.130844035683898241e+00
8.219838804516465203e+00
8.286440644057591953e+00
8.317305484087999190e+00
8.341989332408653368e+00
8.356403975252524319e+00
8.351698009116462984e+00
8.289817170770595212e+00
8.254607992975149244e+00
8.225065171461926283e+00
8.212976183246109230e+00
8.162752848179236409e+00
8.233485721091245324e+00
8.084633431024265349e+00
8.118439777616638153e+00
8.085205032831394689e+00
8.025112268748504363e+00
8.004857232527355038e+00
7.796199433901064957e+00
7.824955938564897018e+00
7.835807803629811552e+00
7.790493997441672036e+00
7.783117859441085251e+00
7.654842982507553906e+00
7.517769752195685662e+00
7.249582210638136459e+00
6.986102019742517655e+00
6.844837654563799667e+00
6.801094188424383624e+00
6.736831977607729449e+00
6.655203945567314427e+00
6.499494165164916737e+00
6.282749760829970498e+00
6.035649098804590551e+00
5.852397207011616587e+00
5.775989663122380158e+00
5.718815250519087456e+00
5.814875007284654451e+00
6.012284774510286312e+00
6.169731022935335929e+00
6.316412319729025171e+00
6.408633212862191009e+00
6.529767051999957772e+00
6.660447618055557406e+00
6.841387543372299263e+00
6.990572336972685541e+00
7.147678743033811344e+00
7.317116025134791535e+00
7.471245577684485717e+00
7.672989229936303168e+00
7.802584655514960055e+00
7.950155557273655305e+00
8.110158595195597897e+00
8.269192911731751749e+00
8.439565632664894679e+00
8.577329653755425554e+00
8.605146266926935184e+00
8.838923496562131277e+00
9.023398096782756284e+00
9.244262790138904506e+00
9.278060014195016691e+00
9.385499386630151264e+00
9.424582923263251644e+00
9.343518352359962975e+00
9.320468738733710623e+00
9.332763875404889831e+00
9.335408757920278688e+00
9.381102886953504694e+00
9.458696962284914633e+00
9.484237461256363133e+00
9.511027019611113076e+00
9.619714518661101721e+00
9.679243993618607433e+00
9.688200879625126660e+00
9.764086877185867763e+00
9.962910551755456368e+00
9.995365390502467307e+00
1.010143174498315588e+01
1.017980939774733962e+01
1.028788324424351330e+01
1.037314026330510686e+01
1.047992606845185470e+01
1.053617705034036334e+01
1.056948847211296183e+01
1.052811339027779169e+01
1.048942909097915965e+01
1.045994859204903271e+01
1.042897038979737090e+01
1.040979599839834790e+01
1.035293843925491863e+01
1.038499991346945883e+01
1.039831325535263495e+01
1.044936478782851097e+01
1.034222614887083935e+01
1.036515237556736757e+01
1.040631785549844679e+01
1.042922649979393235e+01
1.067355676060722303e+01
1.060151209190923538e+01
1.063213165524941317e+01
1.073151044375734564e+01
1.071997804436726653e+01
1.082443717670525274e+01
1.080420923781117892e+01
1.077670807237059414e+01
1.070152622804856790e+01
1.064556985732942529e+01
1.061230093389971962e+01
1.056461937854955124e+01
1.050174823056665829e+01
1.037075114966449263e+01
1.038442620670902272e+01
1.031806481439315881e+01
1.017401015213950366e+01
1.014022033588722849e+01
1.001835517714295953e+01
1.028980294564093256e+01
1.008016738348655039e+01
1.002909771847591536e+01
1.003446339731388548e+01
1.001515533575662431e+01
9.923931802896523990e+00
9.898413022404362493e+00
9.872662465593979420e+00
9.815912135626566837e+00
9.764618169637703460e+00
9.705796156662540142e+00
9.653385849446314282e+00
9.601542464282349698e+00
9.492433904848065040e+00
9.503879442198396532e+00
9.373752757484805187e+00
9.316046327187988751e+00
9.227510918091985204e+00
9.367804381687363957e+00
9.255258077740757372e+00
9.269263960798392432e+00
9.200062714144046083e+00
9.196520282924740997e+00
9.203525724083220894e+00
9.209419201396011445e+00
9.214680112251452115e+00
9.247719862333735108e+00
9.219670767803503253e+00
9.279583631147071188e+00
9.314576334553381187e+00
9.357235359508480954e+00
9.297567750354236438e+00
9.320701038391463911e+00
9.280060670176652593e+00
9.389220161935071474e+00
9.441829944164174648e+00
9.466157501720545042e+00
9.481022157613985257e+00
9.601613854413823645e+00
9.658261203634845415e+00
9.708241679032648008e+00
9.780874345042262163e+00
9.863995885713334744e+00
9.914731997744642200e+00
9.935225875371447302e+00
1.000005049183882022e+01
1.006346132287315243e+01
1.009970784855612713e+01
1.019855560157249919e+01
1.019730712898178382e+01
1.027757147454509479e+01
1.029149127482596349e+01
1.030618315454916534e+01
1.028287189848598615e+01
1.012399493651528815e+01
1.001854761986463416e+01
1.000845208302859035e+01
9.878717142485083258e+00
9.779487634685326114e+00
9.609997818738122533e+00
9.395804119226715656e+00
9.113722771003990530e+00
8.909536021208163348e+00
8.722699225916208832e+00
8.541393082596556496e+00
8.338428236354639367e+00
8.204918283095452125e+00
8.169782243305135694e+00
8.043795323748806680e+00
8.004298637193537402e+00
7.972068846540888210e+00
7.963116577430801257e+00
7.950295781084994573e+00
7.986831921817006297e+00
7.915372789507729046e+00
8.011590063540932505e+00
8.043494285121612464e+00
8.192772748429502983e+00
8.226051174172798852e+00
8.232950357197136526e+00
8.337880035740457885e+00
8.362507476126406658e+00
8.441641758729232947e+00
8.480700297625498152e+00
8.520602104479824135e+00
8.629122596964551306e+00
8.690773121005722857e+00
8.730496703441355422e+00
8.770144001772596454e+00
8.836996928894766512e+00
8.905601016401877956e+00
8.942563796944451582e+00
8.966016503461251119e+00
8.974197751824666724e+00
8.994437025919047812e+00
9.003807788435029380e+00
8.938373994519547949e+00
8.876064070359277025e+00
8.809317785622051034e+00
8.742680031400096752e+00
8.713803431795922094e+00
8.653342146409659819e+00
8.602204382171604991e+00
8.602133188272199860e+00
8.613023576536326331e+00
8.481670022284408361e+00
8.557426733943279018e+00
8.478091551860444497e+00
8.451687367390228189e+00
8.338583751157811363e+00
8.347548746724269719e+00
8.185597748112618532e+00
8.161864674326231750e+00
8.073743697788925644e+00
7.939072101999106401e+00
7.628922406249960098e+00
7.411910107923338487e+00
7.275052470477322508e+00
7.201797240098109398e+00
6.978401143199534751e+00
6.737615645893294314e+00
6.487126259351374991e+00
6.232723477946213286e+00
5.917754036049974964e+00
5.501394599689914067e+00
5.113752382554405784e+00
4.723118049452425637e+00
4.473530837798083581e+00
4.450777643506088843e+00
4.382862479521683063e+00
4.262569563413373785e+00
4.067304935959238144e+00
3.817772170203078907e+00
3.505714208304667956e+00
3.192283189161074564e+00
2.950502653999938385e+00
2.803429545242008381e+00
2.654260711807274742e+00
2.574167835940321947e+00
2.608782764660338760e+00
2.606380938449972096e+00
2.639341629044085202e+00
2.715371996538210375e+00
2.671563037276092789e+00
2.678386959334008832e+00
2.613401923315502806e+00
2.561387722644626219e+00
2.555254462093667911e+00
2.633322054101048248e+00
2.865567186105367536e+00
3.052921842747755132e+00
3.245646246998744822e+00
3.470679551085241954e+00
3.663125399047991948e+00
3.879379025459407160e+00
4.084736618567541555e+00
4.308049421628836306e+00
4.542466095062037468e+00
4.753315615177314157e+00
5.148869017463226783e+00
5.050807127584242551e+00
5.408430332948893415e+00
5.604393207201737503e+00
5.793273856766632868e+00
6.015081119518703723e+00
6.179512089438591538e+00
6.400439319562760687e+00
6.517910835234735245e+00
6.721854242210125285e+00
6.878059598301012656e+00
7.061481286988288808e+00
7.241040572806597631e+00
7.368444323188253264e+00
7.498373321161512450e+00
7.644864056843952760e+00
7.744303995989479716e+00
7.847779915150881358e+00
7.840211861270911520e+00
7.842373153434050614e+00
7.853889440431935931e+00
7.831850158785836236e+00
7.827781229537064789e+00
7.825929459322210846e+00
7.799899630606762280e+00
7.796460136965816190e+00
7.776057305929288788e+00
7.751394393881016143e+00
7.738418760457117962e+00
7.733464919517010649e+00
7.717387279436035641e+00
7.736775955828882445e+00
7.712210141647735995e+00
7.703689807059249439e+00
7.697580615602209519e+00
7.707794227022164435e+00
7.713355554318446217e+00
7.715519821635858477e+00
7.698135944065172431e+00
7.712048897708975836e+00
7.703986763344707001e+00
7.680318327802112321e+00
7.672483149346719600e+00
7.709530163871824548e+00
7.670122302766727351e+00
7.676134505020065113e+00
7.647510544176030933e+00
7.575985512738852456e+00
7.489513397895042779e+00
7.442178029955202945e+00
7.394158616262708428e+00
7.385144095884887960e+00
7.207105752059423054e+00
7.233985944951475844e+00
7.178424174983536687e+00
7.044755567510065930e+00
7.126304293254728250e+00
7.294360183955562071e+00
7.377044531919395354e+00
7.513991123177902409e+00
7.528899381205243380e+00
7.658225421829317980e+00
7.758974996036020144e+00
7.821169012664888065e+00
7.889690761973016109e+00
7.986202189013785535e+00
8.061457600725876915e+00
8.149812908929161992e+00
8.251357568599923198e+00
8.360132821793097690e+00
8.430469161877768514e+00
8.521441833653591758e+00
8.621749676380231264e+00
8.659003533885961446e+00
8.708843650741902920e+00
8.792864243168885707e+00
8.907406265420283020e+00
9.012977370235331520e+00
9.112227825837662110e+00
9.176385346814958766e+00
9.274859375458497368e+00
9.328475225367316881e+00
9.379190702684594427e+00
9.453973291662128631e+00
9.525989132705284135e+00
9.568374514954641086e+00
9.577327009328367780e+00
9.529280196672223369e+00
9.386311906728888488e+00
9.408591219765398250e+00
9.222305007090001894e+00
9.153910814700005005e+00
9.128081399863379630e+00
9.079825238389346964e+00
9.031910360669368032e+00
8.944164473161810847e+00
8.859998336818739162e+00
8.856689030637600268e+00
8.679273722015379278e+00
8.622072028775885855e+00
8.553992670181633784e+00
8.431611507501610703e+00
8.420115774652916940e+00
8.486727258215827518e+00
8.562625831640556129e+00
8.499915438671147072e+00
8.494604256163444944e+00
8.610317636274643860e+00
8.593600271657509282e+00
8.591113083017392071e+00
8.519118494885159265e+00
8.498143656545899205e+00
8.484875139869204830e+00
8.438203452143012484e+00
8.436063325476711228e+00
8.408845651825318512e+00
8.393480837619691215e+00
8.432082130807675213e+00
8.458182058835546968e+00
8.338133479514198143e+00
8.466500078810518914e+00
8.429390360609351873e+00
8.584563276306109714e+00
8.488659189849112607e+00
8.596812018525918475e+00
8.613592901632234344e+00
8.594636408054295629e+00
8.612132806086229664e+00
8.657334828846598995e+00
8.582358512495702030e+00
8.541205233348218684e+00
8.456655400706859282e+00
8.402543376793440544e+00
8.263985642482351679e+00
8.178430811674887835e+00
7.901382689011585470e+00
7.627993901331055149e+00
7.498897256582235826e+00
7.437205553035140859e+00
7.386009806728711879e+00
7.112715612323586178e+00
7.200201934524024239e+00
7.397265819014854138e+00
7.485896267749211574e+00
7.552691656124000730e+00
7.561087774070948342e+00
7.660170754082600730e+00
7.703870029186838941e+00
7.701523506581219536e+00
7.773327240182255515e+00
7.806128011925840937e+00
7.849153034261973083e+00
7.885307686627698764e+00
7.957157217835697516e+00
7.988686662266380800e+00
7.961152871282836330e+00
7.911122808607535362e+00
7.805486646967172426e+00
7.740718150088395255e+00
7.571610535576837719e+00
7.531951998431877904e+00
7.527189809673738630e+00
7.485336676340101469e+00
7.450772646764953322e+00
7.458975142332834096e+00
7.419684245088972396e+00
7.430897922478319373e+00
7.285154665647165295e+00
7.344366569799598565e+00
7.533810617298358103e+00
7.670213798071792155e+00
7.630295787145576547e+00
7.600224748780572526e+00
7.703201527441446927e+00
7.706823997217331801e+00
7.739130856438645623e+00
7.845480894763079860e+00
7.884751177130589816e+00
7.983011279713069897e+00
7.970847547456835436e+00
7.974101006440274197e+00
8.049557359906479803e+00
8.101092632906542690e+00
8.093996872097788398e+00
8.137562133035284972e+00
8.166740947073849455e+00
8.206010872498683995e+00
8.266617510198837948e+00
8.235520137162021470e+00
8.280961587227265497e+00
8.289712804868432983e+00
8.272331442946843083e+00
8.128600316368498113e+00
8.065449180650748673e+00
7.999920237283043356e+00
7.825062608902625172e+00
7.562287317825211019e+00
7.594582208462910877e+00
7.610530947557733406e+00
7.724356753933267150e+00
7.661929609283648190e+00
7.644412849167369295e+00
7.674767533261403152e+00
7.646238650479402210e+00
7.624748079476987073e+00
7.633299088350621986e+00
7.604369916436140464e+00
7.593750042378474063e+00
7.593199871593827588e+00
7.592603457790262134e+00
7.550458870832577496e+00
7.541846191921869114e+00
7.516489104787662079e+00
7.523440897263822258e+00
7.524298550259436169e+00
7.515569141237451234e+00
7.408318354004747697e+00
7.375270412195991554e+00
7.494620756466535916e+00
7.402007958752687244e+00
7.478076412292844921e+00
7.452720039810349917e+00
7.461096307037751174e+00
7.473984919213899403e+00
7.496006166232568546e+00
7.526153782708414397e+00
7.484012393434880117e+00
7.461056373378908368e+00
7.454294129237488242e+00
7.496638080585288577e+00
7.476812913242975256e+00
7.490507831304843656e+00
7.456300692284456133e+00
7.456248443829173844e+00
7.468292364573706266e+00
7.298285228801114854e+00
7.340883157380791779e+00
7.429027600173569112e+00
7.571140541533043944e+00
7.570039572889160517e+00
7.554291682305549926e+00
7.605086093163112793e+00
7.658990704155484330e+00
7.575215611764356538e+00
7.474895536983542144e+00
7.396647497274575933e+00
7.276178058922124769e+00
7.213313717332444419e+00
7.091944127751653504e+00
6.997846783638664192e+00
6.942118343195605057e+00
6.884487101507439810e+00
6.755691201624540732e+00
6.726909554221561116e+00
6.847130437210904752e+00
6.931434482821510201e+00
7.073356574120266416e+00
7.071101557678487914e+00
7.070060623590571858e+00
7.146691147561319291e+00
7.144575204613114572e+00
7.198027347284844168e+00
7.226860241228147075e+00
7.201481774531826474e+00
7.140638939773926275e+00
7.043603906662072589e+00
6.970393552293045580e+00
6.872038433859319895e+00
6.801889992889917913e+00
6.709877910349132613e+00
6.644843705805207890e+00
6.543824872529246051e+00
6.350071568091014917e+00
6.059471946007910503e+00
5.789488035859773341e+00
5.590876563506363084e+00
5.342503957105916967e+00
5.024396534115785684e+00
4.743840941627005314e+00
4.429338829885396400e+00
4.111473538359481594e+00
3.782502976866725763e+00
3.512367016276200182e+00
3.448445206217881420e+00
3.361277633514551333e+00
3.322184295010730981e+00
3.331322889857092129e+00
3.322133045945423024e+00
3.379718299389858238e+00
3.445917165095258472e+00
3.564603784643972428e+00
3.730832653316370706e+00
3.855582257826291048e+00
4.049985748691227627e+00
4.227890520678927011e+00
4.400389313317099038e+00
4.576616416848760416e+00
4.741443201347244063e+00
4.908833076527776562e+00
5.072857891636349592e+00
5.236534354753926479e+00
5.435735329681429917e+00
5.556733822741479756e+00
5.738831781903899198e+00
5.828534200258064679e+00
5.883313116806322185e+00
5.955008480987298292e+00
6.034643444569943505e+00
6.020832724359889809e+00
6.133098253089835694e+00
6.055479515793270373e+00
6.151942830559861797e+00
6.166564745610577880e+00
6.192096483253118677e+00
6.268070301891142115e+00
6.259289647856659755e+00
6.239919649937411883e+00
6.170939857981864840e+00
6.097539032355809852e+00
6.024012482268563673e+00
5.944555503301705457e+00
5.905169790055197154e+00
5.911691340489038105e+00
5.793464078014928020e+00
5.756686531049036937e+00
5.676007294553278015e+00
5.646499540451652699e+00
5.576375587820610491e+00
5.494118268144327466e+00
5.540098963706666879e+00
5.473336034445633658e+00
5.476790806036126114e+00
5.473905157805634580e+00
5.498089441925022136e+00
5.433637530401429494e+00
5.405400861367104071e+00
5.330810788885935736e+00
5.279665272882286153e+00
5.210217017562549735e+00
5.188216894564783743e+00
5.057459423418181998e+00
4.844426761463659581e+00
4.601134638151736844e+00
4.276305076418131179e+00
4.002536714943405016e+00
3.658194700280243961e+00
3.402767998059723631e+00
3.153971232156125293e+00
3.002134478707480625e+00
2.985071471364531437e+00
2.942885756533140551e+00
2.939385186237449155e+00
2.912982714949737151e+00
2.944776112197482920e+00
2.990083821966875277e+00
2.993807056537004740e+00
3.045007204928178890e+00
3.012517063131315620e+00
3.043489198804034235e+00
3.038082989936832679e+00
3.037367489994128977e+00
2.988067050076407494e+00
2.911936046978595094e+00
2.849911284441811521e+00
2.795068215087422647e+00
2.712663555068356658e+00
2.635102258486413884e+00
2.554869933896753764e+00
2.423131716994704199e+00
2.288500958721955580e+00
2.172664979005501262e+00
2.003233023656842082e+00
1.893176724615089901e+00
1.768868964794250820e+00
1.656021883614217094e+00
1.569653874851943076e+00
1.502961386649938724e+00
1.403309673335864538e+00
1.186588468061629431e+00
8.821598530661846072e-01
5.976907880835743425e-01
3.372277444309569328e-01
8.406570391334948489e-02
4.885615706689619420e-03
3.659155778839723924e-03
3.762175577936296023e-03
3.778777587022770761e-03
2.252251310102257667e-02
4.654814009885678561e-02
3.229576669546352363e-02
1.876441246306094143e-02
1.934472142618179347e-02
6.561274539560578043e-04
6.510190357928315359e-03
3.669111957390967793e-03
7.439745453948653402e-04
2.273736754432320595e-13
0.000000000000000000e+00
5.684341886080801487e-14
